Latitude (decimal degrees):	45.885
Longitude (decimal degrees):	8.709
Elevation (m):	389
Radiation database:	PVGIS-SARAH3


Slope: 22 deg. 
Azimuth: 140 deg. 
Nominal power of the PV system (c-Si) (kWp):	1.0
System losses (%):	0.0
time,P,G(i),H_sun,T2m,WS10m,Int
20230101:0010,0.0,0.0,0.0,7.26,1.24,0.0
20230101:0110,0.0,0.0,0.0,7.26,1.17,0.0
20230101:0210,0.0,0.0,0.0,7.27,1.1,0.0
20230101:0310,0.0,0.0,0.0,7.27,1.1,0.0
20230101:0410,0.0,0.0,0.0,7.25,1.17,0.0
20230101:0510,0.0,0.0,0.0,7.34,1.24,0.0
20230101:0610,0.0,0.0,0.0,7.35,1.31,0.0
20230101:0710,0.0,0.0,0.0,7.09,1.03,0.0
20230101:0810,34.56,49.23,7.79,7.26,0.97,0.0
20230101:0910,30.96,45.44,14.33,7.84,0.76,0.0
20230101:1010,43.18,58.7,18.87,8.57,0.76,0.0
20230101:1110,50.92,66.97,20.99,9.21,0.76,0.0
20230101:1210,128.27,146.99,20.45,9.47,0.83,0.0
20230101:1310,108.57,128.56,17.31,9.88,0.83,0.0
20230101:1410,59.25,77.06,11.92,9.86,0.83,0.0
20230101:1510,12.69,24.61,4.71,9.63,0.9,0.0
20230101:1610,0.0,0.0,0.0,9.08,0.97,0.0
20230101:1710,0.0,0.0,0.0,8.49,0.9,0.0
20230101:1810,0.0,0.0,0.0,8.34,0.69,0.0
20230101:1910,0.0,0.0,0.0,8.0,0.76,0.0
20230101:2010,0.0,0.0,0.0,8.08,0.69,0.0
20230101:2110,0.0,0.0,0.0,8.04,0.76,0.0
20230101:2210,0.0,0.0,0.0,7.94,0.83,0.0
20230101:2310,0.0,0.0,0.0,7.72,0.9,0.0
20230102:0010,0.0,0.0,0.0,7.82,0.97,0.0
20230102:0110,0.0,0.0,0.0,7.87,0.9,0.0
20230102:0210,0.0,0.0,0.0,8.02,0.83,0.0
20230102:0310,0.0,0.0,0.0,8.12,0.76,0.0
20230102:0410,0.0,0.0,0.0,7.93,0.83,0.0
20230102:0510,0.0,0.0,0.0,7.98,0.83,0.0
20230102:0610,0.0,0.0,0.0,8.14,0.69,0.0
20230102:0710,0.0,0.0,0.0,7.64,0.69,0.0
20230102:0810,1.41,8.52,7.81,7.99,0.48,0.0
20230102:0910,14.31,26.51,14.37,8.39,0.34,0.0
20230102:1010,55.73,71.95,18.93,8.98,0.28,0.0
20230102:1110,85.02,101.92,21.07,9.3,0.41,0.0
20230102:1210,105.26,122.72,20.55,9.55,0.62,0.0
20230102:1310,86.22,103.78,17.43,9.67,0.55,0.0
20230102:1410,54.16,71.31,12.04,9.83,0.34,0.0
20230102:1510,9.72,20.83,4.84,9.5,0.34,0.0
20230102:1610,0.0,0.0,0.0,9.09,0.55,0.0
20230102:1710,0.0,0.0,0.0,8.73,0.83,0.0
20230102:1810,0.0,0.0,0.0,8.61,0.9,0.0
20230102:1910,0.0,0.0,0.0,8.49,0.62,0.0
20230102:2010,0.0,0.0,0.0,8.57,0.55,0.0
20230102:2110,0.0,0.0,0.0,8.48,0.62,0.0
20230102:2210,0.0,0.0,0.0,8.28,0.69,0.0
20230102:2310,0.0,0.0,0.0,8.09,0.76,0.0
20230103:0010,0.0,0.0,0.0,7.96,0.9,0.0
20230103:0110,0.0,0.0,0.0,7.9,0.9,0.0
20230103:0210,0.0,0.0,0.0,7.87,0.83,0.0
20230103:0310,0.0,0.0,0.0,7.86,0.76,0.0
20230103:0410,0.0,0.0,0.0,7.8,0.62,0.0
20230103:0510,0.0,0.0,0.0,7.88,0.48,0.0
20230103:0610,0.0,0.0,0.0,7.86,0.41,0.0
20230103:0710,0.0,0.0,0.0,7.77,0.55,0.0
20230103:0810,24.11,37.87,7.84,7.86,0.55,0.0
20230103:0910,85.79,102.24,14.41,8.2,0.34,0.0
20230103:1010,45.78,61.54,18.99,8.83,0.21,0.0
20230103:1110,41.7,57.27,21.15,9.0,0.07,0.0
20230103:1210,69.62,86.39,20.65,9.33,0.0,0.0
20230103:1310,87.18,104.76,17.55,9.44,0.07,0.0
20230103:1410,62.51,80.93,12.17,9.65,0.07,0.0
20230103:1510,0.0,4.73,4.98,9.72,0.14,0.0
20230103:1610,0.0,0.0,0.0,9.16,0.41,0.0
20230103:1710,0.0,0.0,0.0,8.57,0.62,0.0
20230103:1810,0.0,0.0,0.0,7.03,0.97,0.0
20230103:1910,0.0,0.0,0.0,6.75,1.1,0.0
20230103:2010,0.0,0.0,0.0,5.73,1.24,0.0
20230103:2110,0.0,0.0,0.0,5.23,1.31,0.0
20230103:2210,0.0,0.0,0.0,4.87,1.24,0.0
20230103:2310,0.0,0.0,0.0,4.19,1.31,0.0
20230104:0010,0.0,0.0,0.0,3.29,1.38,0.0
20230104:0110,0.0,0.0,0.0,2.36,1.52,0.0
20230104:0210,0.0,0.0,0.0,2.26,1.59,0.0
20230104:0310,0.0,0.0,0.0,2.09,1.66,0.0
20230104:0410,0.0,0.0,0.0,2.24,1.66,0.0
20230104:0510,0.0,0.0,0.0,1.79,1.66,0.0
20230104:0610,0.0,0.0,0.0,1.54,1.72,0.0
20230104:0710,0.0,0.0,0.0,2.47,1.72,0.0
20230104:0810,36.31,50.18,7.87,2.59,1.66,0.0
20230104:0910,81.02,95.62,14.46,3.95,1.38,0.0
20230104:1010,120.63,135.38,19.06,5.86,1.03,0.0
20230104:1110,64.43,102.38,21.25,8.13,0.69,0.0
20230104:1210,118.91,156.36,20.77,9.71,0.28,0.0
20230104:1310,116.89,151.55,17.68,10.29,0.14,0.0
20230104:1410,73.49,94.29,12.31,10.28,0.55,0.0
20230104:1510,16.56,29.35,5.12,9.76,0.83,0.0
20230104:1610,0.0,0.0,0.0,8.25,0.83,0.0
20230104:1710,0.0,0.0,0.0,8.08,0.69,0.0
20230104:1810,0.0,0.0,0.0,7.48,0.76,0.0
20230104:1910,0.0,0.0,0.0,6.39,1.17,0.0
20230104:2010,0.0,0.0,0.0,5.0,1.31,0.0
20230104:2110,0.0,0.0,0.0,3.75,1.45,0.0
20230104:2210,0.0,0.0,0.0,3.2,1.45,0.0
20230104:2310,0.0,0.0,0.0,3.0,1.38,0.0
20230105:0010,0.0,0.0,0.0,2.88,1.38,0.0
20230105:0110,0.0,0.0,0.0,2.67,1.38,0.0
20230105:0210,0.0,0.0,0.0,2.62,1.45,0.0
20230105:0310,0.0,0.0,0.0,2.71,1.45,0.0
20230105:0410,0.0,0.0,0.0,2.68,1.52,0.0
20230105:0510,0.0,0.0,0.0,2.26,1.59,0.0
20230105:0610,0.0,0.0,0.0,2.17,1.59,0.0
20230105:0710,0.0,0.0,0.0,3.06,1.38,0.0
20230105:0810,32.52,46.39,7.9,3.68,1.24,0.0
20230105:0910,89.9,105.08,14.52,5.52,0.9,0.0
20230105:1010,81.09,97.51,19.14,8.39,0.83,0.0
20230105:1110,60.47,99.99,21.35,9.8,0.97,0.0
20230105:1210,77.79,131.12,20.89,10.94,1.03,0.0
20230105:1310,115.92,152.01,17.81,11.8,1.1,0.0
20230105:1410,65.63,116.68,12.45,12.16,1.03,0.0
20230105:1510,9.6,20.83,5.26,11.56,0.9,0.0
20230105:1610,0.0,0.0,0.0,9.43,1.31,0.0
20230105:1710,0.0,0.0,0.0,7.25,1.59,0.0
20230105:1810,0.0,0.0,0.0,5.52,1.93,0.0
20230105:1910,0.0,0.0,0.0,4.93,1.93,0.0
20230105:2010,0.0,0.0,0.0,4.05,1.93,0.0
20230105:2110,0.0,0.0,0.0,3.3,1.93,0.0
20230105:2210,0.0,0.0,0.0,2.71,1.86,0.0
20230105:2310,0.0,0.0,0.0,2.03,1.86,0.0
20230106:0010,0.0,0.0,0.0,1.53,1.86,0.0
20230106:0110,0.0,0.0,0.0,1.41,1.72,0.0
20230106:0210,0.0,0.0,0.0,1.05,1.59,0.0
20230106:0310,0.0,0.0,0.0,0.97,1.52,0.0
20230106:0410,0.0,0.0,0.0,1.09,1.45,0.0
20230106:0510,0.0,0.0,0.0,1.14,1.45,0.0
20230106:0610,0.0,0.0,0.0,1.2,1.45,0.0
20230106:0710,0.0,0.0,0.0,1.39,1.59,0.0
20230106:0810,37.35,51.12,7.95,1.82,1.45,0.0
20230106:0910,81.11,95.62,14.58,3.62,1.1,0.0
20230106:1010,105.84,121.18,19.23,6.19,0.62,0.0
20230106:1110,108.24,125.14,21.46,8.55,0.07,0.0
20230106:1210,102.19,119.55,21.01,9.76,0.34,0.0
20230106:1310,84.88,102.23,17.95,10.07,0.55,0.0
20230106:1410,54.68,71.35,12.6,9.97,0.62,0.0
20230106:1510,17.39,30.29,5.41,9.37,0.62,0.0
20230106:1610,0.0,0.0,0.0,8.16,0.55,0.0
20230106:1710,0.0,0.0,0.0,7.62,0.14,0.0
20230106:1810,0.0,0.0,0.0,7.0,0.41,0.0
20230106:1910,0.0,0.0,0.0,5.33,0.9,0.0
20230106:2010,0.0,0.0,0.0,4.0,1.1,0.0
20230106:2110,0.0,0.0,0.0,3.45,1.17,0.0
20230106:2210,0.0,0.0,0.0,3.23,1.1,0.0
20230106:2310,0.0,0.0,0.0,1.9,1.24,0.0
20230107:0010,0.0,0.0,0.0,0.48,1.17,0.0
20230107:0110,0.0,0.0,0.0,0.63,1.17,0.0
20230107:0210,0.0,0.0,0.0,0.73,1.24,0.0
20230107:0310,0.0,0.0,0.0,0.59,1.24,0.0
20230107:0410,0.0,0.0,0.0,0.52,1.31,0.0
20230107:0510,0.0,0.0,0.0,0.73,1.31,0.0
20230107:0610,0.0,0.0,0.0,0.58,1.38,0.0
20230107:0710,0.0,0.0,0.0,1.47,1.38,0.0
20230107:0810,33.68,47.34,8.0,2.1,1.24,0.0
20230107:0910,77.31,91.83,14.66,3.43,0.97,0.0
20230107:1010,105.0,120.23,19.33,5.87,0.48,0.0
20230107:1110,89.81,105.8,21.58,6.98,0.14,0.0
20230107:1210,64.47,80.56,21.15,7.73,0.14,0.0
20230107:1310,65.34,81.53,18.1,8.01,0.21,0.0
20230107:1410,86.2,113.51,12.75,8.16,0.14,0.0
20230107:1510,10.54,21.77,5.57,7.87,0.28,0.0
20230107:1610,0.0,0.0,0.0,7.43,0.21,0.0
20230107:1710,0.0,0.0,0.0,7.14,0.21,0.0
20230107:1810,0.0,0.0,0.0,6.68,0.48,0.0
20230107:1910,0.0,0.0,0.0,5.78,0.83,0.0
20230107:2010,0.0,0.0,0.0,5.82,0.9,0.0
20230107:2110,0.0,0.0,0.0,5.78,0.97,0.0
20230107:2210,0.0,0.0,0.0,5.45,1.1,0.0
20230107:2310,0.0,0.0,0.0,5.39,1.17,0.0
20230108:0010,0.0,0.0,0.0,5.28,1.03,0.0
20230108:0110,0.0,0.0,0.0,5.25,1.03,0.0
20230108:0210,0.0,0.0,0.0,5.09,0.97,0.0
20230108:0310,0.0,0.0,0.0,5.19,0.9,0.0
20230108:0410,0.0,0.0,0.0,5.23,0.9,0.0
20230108:0510,0.0,0.0,0.0,5.23,0.97,0.0
20230108:0610,0.0,0.0,0.0,5.11,0.97,0.0
20230108:0710,0.0,0.0,0.0,4.97,0.83,0.0
20230108:0810,24.46,37.87,8.06,5.15,0.62,0.0
20230108:0910,72.64,88.04,14.74,5.61,0.55,0.0
20230108:1010,78.19,93.72,19.43,5.97,0.48,0.0
20230108:1110,72.7,88.33,21.7,6.22,0.48,0.0
20230108:1210,105.96,121.67,21.29,6.29,0.48,0.0
20230108:1310,82.59,98.36,18.25,6.32,0.76,0.0
20230108:1410,14.22,26.21,12.91,6.47,1.03,0.0
20230108:1510,7.73,17.99,5.73,6.3,1.1,0.0
20230108:1610,0.0,0.0,0.0,6.11,1.03,0.0
20230108:1710,0.0,0.0,0.0,5.96,0.9,0.0
20230108:1810,0.0,0.0,0.0,5.88,0.97,0.0
20230108:1910,0.0,0.0,0.0,5.36,0.9,0.0
20230108:2010,0.0,0.0,0.0,5.38,1.1,0.0
20230108:2110,0.0,0.0,0.0,5.32,1.66,0.0
20230108:2210,0.0,0.0,0.0,5.1,1.93,0.0
20230108:2310,0.0,0.0,0.0,4.99,1.93,0.0
20230109:0010,0.0,0.0,0.0,5.04,1.79,0.0
20230109:0110,0.0,0.0,0.0,5.17,1.45,0.0
20230109:0210,0.0,0.0,0.0,5.22,1.17,0.0
20230109:0310,0.0,0.0,0.0,5.31,0.69,0.0
20230109:0410,0.0,0.0,0.0,4.63,0.83,0.0
20230109:0510,0.0,0.0,0.0,3.38,1.17,0.0
20230109:0610,0.0,0.0,0.0,2.54,1.31,0.0
20230109:0710,0.0,0.0,0.0,4.28,0.97,0.0
20230109:0810,16.27,28.4,8.13,4.02,0.97,0.0
20230109:0910,63.42,78.58,14.82,5.21,1.17,0.0
20230109:1010,53.56,69.11,19.54,7.19,1.52,0.0
20230109:1110,32.57,81.51,21.83,8.69,1.66,0.0
20230109:1210,68.37,131.28,21.44,9.69,1.79,0.0
20230109:1310,87.93,149.39,18.41,10.24,1.86,0.0
20230109:1410,71.83,130.34,13.08,10.23,1.93,0.0
20230109:1510,9.0,19.88,5.9,9.44,1.79,0.0
20230109:1610,0.0,0.0,0.0,7.73,2.07,0.0
20230109:1710,0.0,0.0,0.0,6.09,2.28,0.0
20230109:1810,0.0,0.0,0.0,4.81,2.48,0.0
20230109:1910,0.0,0.0,0.0,3.44,1.93,0.0
20230109:2010,0.0,0.0,0.0,2.43,2.07,0.0
20230109:2110,0.0,0.0,0.0,1.75,2.14,0.0
20230109:2210,0.0,0.0,0.0,1.43,2.14,0.0
20230109:2310,0.0,0.0,0.0,0.98,2.14,0.0
20230110:0010,0.0,0.0,0.0,0.18,2.28,0.0
20230110:0110,0.0,0.0,0.0,0.02,2.41,0.0
20230110:0210,0.0,0.0,0.0,0.06,2.55,0.0
20230110:0310,0.0,0.0,0.0,0.0,2.62,0.0
20230110:0410,0.0,0.0,0.0,-0.02,2.69,0.0
20230110:0510,0.0,0.0,0.0,-0.06,2.76,0.0
20230110:0610,0.0,0.0,0.0,-0.09,2.76,0.0
20230110:0710,0.0,0.0,0.0,0.32,2.69,0.0
20230110:0810,14.13,25.56,8.2,0.83,2.62,0.0
20230110:0910,28.07,41.66,14.92,4.19,2.55,0.0
20230110:1010,25.98,39.76,19.66,6.85,2.41,0.0
20230110:1110,33.06,83.78,21.97,8.1,2.97,0.0
20230110:1210,73.51,136.02,21.6,8.7,3.03,0.0
20230110:1310,93.9,154.5,18.58,9.0,2.55,0.0
20230110:1410,75.88,135.09,13.25,8.86,1.93,0.0
20230110:1510,9.81,20.83,6.07,7.94,1.59,0.0
20230110:1610,0.0,0.0,0.0,5.71,1.66,0.0
20230110:1710,0.0,0.0,0.0,3.72,1.79,0.0
20230110:1810,0.0,0.0,0.0,2.72,1.93,0.0
20230110:1910,0.0,0.0,0.0,2.49,2.0,0.0
20230110:2010,0.0,0.0,0.0,1.81,2.0,0.0
20230110:2110,0.0,0.0,0.0,1.26,2.0,0.0
20230110:2210,0.0,0.0,0.0,0.91,2.0,0.0
20230110:2310,0.0,0.0,0.0,0.06,2.07,0.0
20230111:0010,0.0,0.0,0.0,-0.59,2.14,0.0
20230111:0110,0.0,0.0,0.0,-0.94,2.07,0.0
20230111:0210,0.0,0.0,0.0,-1.12,2.07,0.0
20230111:0310,0.0,0.0,0.0,-1.23,2.0,0.0
20230111:0410,0.0,0.0,0.0,-1.16,2.0,0.0
20230111:0510,0.0,0.0,0.0,-1.15,2.07,0.0
20230111:0610,0.0,0.0,0.0,-0.94,2.0,0.0
20230111:0710,0.0,0.0,0.0,-0.65,1.79,0.0
20230111:0810,41.38,54.91,8.28,0.02,1.59,0.0
20230111:0910,95.3,108.87,15.02,2.25,1.31,0.0
20230111:1010,136.75,150.53,19.78,4.94,1.03,0.0
20230111:1110,86.94,124.95,22.11,7.39,0.69,0.0
20230111:1210,147.66,178.71,21.76,8.98,0.34,0.0
20230111:1310,127.4,164.76,18.75,9.51,0.07,0.0
20230111:1410,93.76,121.2,13.42,9.45,0.14,0.0
20230111:1510,24.8,38.82,6.25,9.0,0.21,0.0
20230111:1610,0.0,0.0,0.0,8.27,0.34,0.0
20230111:1710,0.0,0.0,0.0,7.55,0.9,0.0
20230111:1810,0.0,0.0,0.0,5.88,1.17,0.0
20230111:1910,0.0,0.0,0.0,6.36,0.69,0.0
20230111:2010,0.0,0.0,0.0,5.29,0.97,0.0
20230111:2110,0.0,0.0,0.0,4.57,1.1,0.0
20230111:2210,0.0,0.0,0.0,4.65,1.03,0.0
20230111:2310,0.0,0.0,0.0,4.31,1.17,0.0
20230112:0010,0.0,0.0,0.0,2.13,1.72,0.0
20230112:0110,0.0,0.0,0.0,0.81,1.86,0.0
20230112:0210,0.0,0.0,0.0,-0.1,1.86,0.0
20230112:0310,0.0,0.0,0.0,-0.64,1.86,0.0
20230112:0410,0.0,0.0,0.0,-1.16,2.0,0.0
20230112:0510,0.0,0.0,0.0,-1.49,2.0,0.0
20230112:0610,0.0,0.0,0.0,-1.54,2.0,0.0
20230112:0710,0.0,0.0,0.0,-1.16,2.14,0.0
20230112:0810,39.63,53.02,8.36,-0.4,2.0,0.0
20230112:0910,73.86,88.04,15.12,2.62,1.72,0.0
20230112:1010,68.15,83.31,19.91,5.23,1.38,0.0
20230112:1110,50.11,97.71,22.27,6.84,0.97,0.0
20230112:1210,99.67,151.12,21.93,8.31,0.55,0.0
20230112:1310,116.92,162.9,18.93,9.09,0.55,0.0
20230112:1410,90.65,134.09,13.61,9.23,0.48,0.0
20230112:1510,21.52,35.03,6.43,8.64,0.41,0.0
20230112:1610,0.0,0.0,0.0,8.17,0.62,0.0
20230112:1710,0.0,0.0,0.0,7.3,0.83,0.0
20230112:1810,0.0,0.0,0.0,6.26,1.03,0.0
20230112:1910,0.0,0.0,0.0,3.42,1.45,0.0
20230112:2010,0.0,0.0,0.0,3.04,1.38,0.0
20230112:2110,0.0,0.0,0.0,2.77,1.38,0.0
20230112:2210,0.0,0.0,0.0,2.19,1.45,0.0
20230112:2310,0.0,0.0,0.0,1.81,1.45,0.0
20230113:0010,0.0,0.0,0.0,1.1,1.59,0.0
20230113:0110,0.0,0.0,0.0,0.57,1.66,0.0
20230113:0210,0.0,0.0,0.0,0.32,1.66,0.0
20230113:0310,0.0,0.0,0.0,0.2,1.66,0.0
20230113:0410,0.0,0.0,0.0,0.2,1.59,0.0
20230113:0510,0.0,0.0,0.0,-0.16,1.59,0.0
20230113:0610,0.0,0.0,0.0,-0.83,1.66,0.0
20230113:0710,0.0,0.0,0.0,-0.27,1.59,0.0
20230113:0810,43.15,56.8,8.45,0.39,1.45,0.0
20230113:0910,94.37,107.92,15.24,2.13,1.24,0.0
20230113:1010,110.65,124.97,20.05,4.53,0.9,0.0
20230113:1110,40.85,92.06,22.43,7.24,0.41,0.0
20230113:1210,80.96,142.31,22.1,8.51,0.07,0.0
20230113:1310,100.81,159.95,19.12,8.94,0.14,0.0
20230113:1410,83.89,140.11,13.79,8.99,0.14,0.0
20230113:1510,11.25,22.72,6.62,8.57,0.28,0.0
20230113:1610,0.0,0.0,0.0,7.44,0.69,0.0
20230113:1710,0.0,0.0,0.0,5.42,1.24,0.0
20230113:1810,0.0,0.0,0.0,3.17,1.59,0.0
20230113:1910,0.0,0.0,0.0,3.63,1.45,0.0
20230113:2010,0.0,0.0,0.0,2.34,1.66,0.0
20230113:2110,0.0,0.0,0.0,0.78,1.93,0.0
20230113:2210,0.0,0.0,0.0,0.02,2.07,0.0
20230113:2310,0.0,0.0,0.0,-0.39,2.28,0.0
20230114:0010,0.0,0.0,0.0,-0.34,2.34,0.0
20230114:0110,0.0,0.0,0.0,-0.23,2.41,0.0
20230114:0210,0.0,0.0,0.0,-0.13,2.48,0.0
20230114:0310,0.0,0.0,0.0,-0.09,2.55,0.0
20230114:0410,0.0,0.0,0.0,0.0,2.62,0.0
20230114:0510,0.0,0.0,0.0,-0.03,2.55,0.0
20230114:0610,0.0,0.0,0.0,-0.09,2.55,0.0
20230114:0710,0.0,0.0,0.0,-0.17,2.21,0.0
20230114:0810,21.69,34.08,8.55,-0.1,1.93,0.0
20230114:0910,57.54,71.95,15.36,2.85,1.38,0.0
20230114:1010,70.63,86.15,20.19,6.2,1.1,0.0
20230114:1110,55.19,103.8,22.59,7.69,1.38,0.0
20230114:1210,94.17,150.03,22.29,8.42,1.66,0.0
20230114:1310,125.74,169.15,19.31,8.33,1.38,0.0
20230114:1410,95.49,139.64,13.99,8.13,0.69,0.0
20230114:1510,15.13,27.45,6.81,7.87,0.07,0.0
20230114:1610,0.0,0.0,0.0,7.37,0.62,0.0
20230114:1710,0.0,0.0,0.0,6.11,0.97,0.0
20230114:1810,0.0,0.0,0.0,5.12,1.03,0.0
20230114:1910,0.0,0.0,0.0,3.81,1.17,0.0
20230114:2010,0.0,0.0,0.0,3.6,1.17,0.0
20230114:2110,0.0,0.0,0.0,3.19,1.17,0.0
20230114:2210,0.0,0.0,0.0,2.96,1.1,0.0
20230114:2310,0.0,0.0,0.0,2.45,1.17,0.0
20230115:0010,0.0,0.0,0.0,2.52,1.1,0.0
20230115:0110,0.0,0.0,0.0,2.66,1.1,0.0
20230115:0210,0.0,0.0,0.0,3.1,1.03,0.0
20230115:0310,0.0,0.0,0.0,3.33,1.03,0.0
20230115:0410,0.0,0.0,0.0,3.35,1.03,0.0
20230115:0510,0.0,0.0,0.0,3.46,1.03,0.0
20230115:0610,0.0,0.0,0.0,3.44,1.03,0.0
20230115:0710,0.0,0.0,0.0,2.54,1.03,0.0
20230115:0810,32.58,46.39,8.66,3.25,0.83,0.0
20230115:0910,74.23,88.99,15.49,3.93,0.83,0.0
20230115:1010,42.9,57.75,20.35,5.73,0.83,0.0
20230115:1110,79.38,95.12,22.77,6.64,0.76,0.0
20230115:1210,60.87,76.68,22.47,7.21,0.55,0.0
20230115:1310,60.76,76.68,19.5,7.59,0.55,0.0
20230115:1410,42.99,58.24,14.19,7.44,0.62,0.0
20230115:1510,14.42,26.51,7.0,7.04,0.55,0.0
20230115:1610,0.0,0.0,0.0,6.26,0.83,0.0
20230115:1710,0.0,0.0,0.0,5.35,0.97,0.0
20230115:1810,0.0,0.0,0.0,4.81,1.03,0.0
20230115:1910,0.0,0.0,0.0,2.57,1.52,0.0
20230115:2010,0.0,0.0,0.0,1.68,1.66,0.0
20230115:2110,0.0,0.0,0.0,0.83,1.66,0.0
20230115:2210,0.0,0.0,0.0,0.55,1.66,0.0
20230115:2310,0.0,0.0,0.0,0.24,1.59,0.0
20230116:0010,0.0,0.0,0.0,-0.2,1.59,0.0
20230116:0110,0.0,0.0,0.0,-1.06,1.72,0.0
20230116:0210,0.0,0.0,0.0,-1.6,1.72,0.0
20230116:0310,0.0,0.0,0.0,-2.06,1.72,0.0
20230116:0410,0.0,0.0,0.0,-2.63,1.72,0.0
20230116:0510,0.0,0.0,0.0,-2.51,1.66,0.0
20230116:0610,0.0,0.0,0.0,-1.94,1.59,0.0
20230116:0710,0.0,0.0,0.0,-1.81,1.59,0.0
20230116:0810,46.32,59.64,8.77,-1.25,1.45,0.0
20230116:0910,101.81,114.55,15.62,0.91,1.24,0.0
20230116:1010,73.69,88.04,20.5,2.82,0.97,0.0
20230116:1110,48.52,63.09,22.95,3.65,0.48,0.0
20230116:1210,20.27,33.0,22.67,3.9,0.48,0.0
20230116:1310,116.46,130.86,19.71,3.52,0.9,0.0
20230116:1410,110.08,139.02,14.39,3.22,1.38,0.0
20230116:1510,7.17,17.04,7.2,2.92,1.24,0.0
20230116:1610,0.0,0.0,0.0,2.66,1.24,0.0
20230116:1710,0.0,0.0,0.0,2.24,1.17,0.0
20230116:1810,0.0,0.0,0.0,1.92,0.97,0.0
20230116:1910,0.0,0.0,0.0,2.32,0.69,0.0
20230116:2010,0.0,0.0,0.0,2.54,0.69,0.0
20230116:2110,0.0,0.0,0.0,2.12,0.76,0.0
20230116:2210,0.0,0.0,0.0,1.84,0.76,0.0
20230116:2310,0.0,0.0,0.0,1.46,0.76,0.0
20230117:0010,0.0,0.0,0.0,0.06,0.97,0.0
20230117:0110,0.0,0.0,0.0,0.7,0.83,0.0
20230117:0210,0.0,0.0,0.0,0.12,0.9,0.0
20230117:0310,0.0,0.0,0.0,-1.31,1.03,0.0
20230117:0410,0.0,0.0,0.0,-0.79,1.17,0.0
20230117:0510,0.0,0.0,0.0,-0.74,1.17,0.0
20230117:0610,0.0,0.0,0.0,-0.73,1.79,0.0
20230117:0710,0.0,0.0,0.0,0.04,1.52,0.0
20230117:0810,36.73,50.18,8.89,0.24,1.45,0.0
20230117:0910,20.7,33.13,15.77,1.14,1.45,0.0
20230117:1010,35.52,49.23,20.67,1.86,1.17,0.0
20230117:1110,50.85,65.03,23.13,2.02,0.9,0.0
20230117:1210,46.08,60.18,22.87,2.07,1.1,0.0
20230117:1310,61.52,75.71,19.92,2.07,1.31,0.0
20230117:1410,11.33,22.32,14.6,2.32,0.83,0.0
20230117:1510,2.04,9.47,7.41,2.3,0.55,0.0
20230117:1610,0.0,0.0,0.0,1.99,0.48,0.0
20230117:1710,0.0,0.0,0.0,2.21,0.28,0.0
20230117:1810,0.0,0.0,0.0,2.12,0.28,0.0
20230117:1910,0.0,0.0,0.0,1.8,0.97,0.0
20230117:2010,0.0,0.0,0.0,2.34,0.55,0.0
20230117:2110,0.0,0.0,0.0,2.37,0.21,0.0
20230117:2210,0.0,0.0,0.0,2.08,0.48,0.0
20230117:2310,0.0,0.0,0.0,1.82,0.48,0.0
20230118:0010,0.0,0.0,0.0,0.43,0.55,0.0
20230118:0110,0.0,0.0,0.0,1.05,0.69,0.0
20230118:0210,0.0,0.0,0.0,0.08,0.62,0.0
20230118:0310,0.0,0.0,0.0,-1.05,0.9,0.0
20230118:0410,0.0,0.0,0.0,-0.69,1.03,0.0
20230118:0510,0.0,0.0,0.0,-0.5,1.1,0.0
20230118:0610,0.0,0.0,0.0,-0.6,1.38,0.0
20230118:0710,0.0,0.0,0.0,-1.7,1.24,0.0
20230118:0810,20.94,33.13,9.02,-1.16,1.31,0.0
20230118:0910,34.88,48.28,15.91,0.4,1.31,0.0
20230118:1010,34.62,48.28,20.84,1.82,1.03,0.0
20230118:1110,54.36,107.86,23.33,3.17,0.62,0.0
20230118:1210,102.93,160.59,23.08,4.36,0.55,0.0
20230118:1310,130.66,179.8,20.13,5.02,0.55,0.0
20230118:1410,110.54,133.5,14.81,5.32,0.34,0.0
20230118:1510,26.16,39.76,7.62,5.11,0.28,0.0
20230118:1610,0.0,0.0,0.0,3.85,0.9,0.0
20230118:1710,0.0,0.0,0.0,4.02,0.62,0.0
20230118:1810,0.0,0.0,0.0,3.64,0.07,0.0
20230118:1910,0.0,0.0,0.0,1.54,1.03,0.0
20230118:2010,0.0,0.0,0.0,1.26,1.38,0.0
20230118:2110,0.0,0.0,0.0,0.29,1.52,0.0
20230118:2210,0.0,0.0,0.0,-0.68,1.79,0.0
20230118:2310,0.0,0.0,0.0,-1.24,2.0,0.0
20230119:0010,0.0,0.0,0.0,-0.95,2.21,0.0
20230119:0110,0.0,0.0,0.0,-0.6,2.48,0.0
20230119:0210,0.0,0.0,0.0,-0.19,2.76,0.0
20230119:0310,0.0,0.0,0.0,0.19,3.1,0.0
20230119:0410,0.0,0.0,0.0,0.42,3.31,0.0
20230119:0510,0.0,0.0,0.0,0.7,3.31,0.0
20230119:0610,0.0,0.0,0.0,0.63,3.24,0.0
20230119:0710,0.0,0.0,0.0,0.34,3.31,0.0
20230119:0810,49.82,63.43,9.15,0.22,3.03,0.0
20230119:0910,95.22,107.92,16.07,0.86,2.97,0.0
20230119:1010,116.16,128.42,21.02,1.72,2.62,0.0
20230119:1110,138.32,150.56,23.53,2.51,2.28,0.0
20230119:1210,158.21,171.03,23.29,3.04,2.0,0.0
20230119:1310,164.28,185.52,20.35,3.31,1.66,0.0
20230119:1410,85.1,100.26,15.03,3.37,1.03,0.0
20230119:1510,34.37,48.28,7.83,3.1,0.34,0.0
20230119:1610,0.0,0.0,0.0,3.11,0.21,0.0
20230119:1710,0.0,0.0,0.0,2.55,0.55,0.0
20230119:1810,0.0,0.0,0.0,1.99,0.76,0.0
20230119:1910,0.0,0.0,0.0,1.55,1.03,0.0
20230119:2010,0.0,0.0,0.0,0.25,1.1,0.0
20230119:2110,0.0,0.0,0.0,-1.23,1.24,0.0
20230119:2210,0.0,0.0,0.0,-2.35,1.45,0.0
20230119:2310,0.0,0.0,0.0,-3.16,1.45,0.0
20230120:0010,0.0,0.0,0.0,-2.99,1.45,0.0
20230120:0110,0.0,0.0,0.0,-3.64,1.66,0.0
20230120:0210,0.0,0.0,0.0,-3.41,1.86,0.0
20230120:0310,0.0,0.0,0.0,-3.35,2.07,0.0
20230120:0410,0.0,0.0,0.0,-3.64,2.21,0.0
20230120:0510,0.0,0.0,0.0,-3.91,2.28,0.0
20230120:0610,0.0,0.0,0.0,-3.99,2.21,0.0
20230120:0710,0.0,0.0,0.0,-3.66,2.34,0.0
20230120:0810,14.42,25.56,9.29,-2.98,2.28,0.0
20230120:0910,31.52,44.5,16.23,-1.03,2.14,0.0
20230120:1010,14.84,30.6,21.21,1.02,2.14,0.0
20230120:1110,54.19,112.07,23.73,2.59,2.41,0.0
20230120:1210,106.08,167.45,23.51,3.43,2.76,0.0
20230120:1310,147.88,191.45,20.57,3.51,3.03,0.0
20230120:1410,122.69,162.75,15.25,3.37,3.17,0.0
20230120:1510,11.63,22.72,8.05,2.8,2.9,0.0
20230120:1610,0.0,0.0,0.0,1.71,3.1,0.0
20230120:1710,0.0,0.0,0.0,0.66,3.17,0.0
20230120:1810,0.0,0.0,0.0,-0.05,3.1,0.0
20230120:1910,0.0,0.0,0.0,-0.02,3.38,0.0
20230120:2010,0.0,0.0,0.0,-0.38,3.24,0.0
20230120:2110,0.0,0.0,0.0,-0.73,3.17,0.0
20230120:2210,0.0,0.0,0.0,-1.01,3.1,0.0
20230120:2310,0.0,0.0,0.0,-1.26,3.1,0.0
20230121:0010,0.0,0.0,0.0,-1.64,3.1,0.0
20230121:0110,0.0,0.0,0.0,-1.99,3.1,0.0
20230121:0210,0.0,0.0,0.0,-2.42,3.1,0.0
20230121:0310,0.0,0.0,0.0,-2.83,3.03,0.0
20230121:0410,0.0,0.0,0.0,-3.16,3.03,0.0
20230121:0510,0.0,0.0,0.0,-3.31,3.03,0.0
20230121:0610,0.0,0.0,0.0,-3.37,3.03,0.0
20230121:0710,0.0,0.0,0.0,-2.51,3.38,0.0
20230121:0810,15.98,27.45,9.43,-1.84,3.38,0.0
20230121:0910,29.62,42.6,16.4,-0.24,3.31,0.0
20230121:1010,12.65,30.68,21.4,1.48,3.45,0.0
20230121:1110,103.62,146.45,23.95,2.83,3.59,0.0
20230121:1210,115.57,173.55,23.74,3.64,3.59,0.0
20230121:1310,141.72,192.57,20.8,3.83,3.59,0.0
20230121:1410,121.22,171.14,15.48,3.74,3.31,0.0
20230121:1510,13.95,25.56,8.27,3.19,2.83,0.0
20230121:1610,0.0,0.0,0.0,2.18,2.69,0.0
20230121:1710,0.0,0.0,0.0,1.22,2.83,0.0
20230121:1810,0.0,0.0,0.0,0.69,2.97,0.0
20230121:1910,0.0,0.0,0.0,1.14,3.38,0.0
20230121:2010,0.0,0.0,0.0,0.75,3.38,0.0
20230121:2110,0.0,0.0,0.0,0.32,3.17,0.0
20230121:2210,0.0,0.0,0.0,-0.18,3.03,0.0
20230121:2310,0.0,0.0,0.0,-0.69,2.9,0.0
20230122:0010,0.0,0.0,0.0,-1.13,2.76,0.0
20230122:0110,0.0,0.0,0.0,-1.51,2.76,0.0
20230122:0210,0.0,0.0,0.0,-1.63,2.69,0.0
20230122:0310,0.0,0.0,0.0,-1.74,2.69,0.0
20230122:0410,0.0,0.0,0.0,-1.99,2.55,0.0
20230122:0510,0.0,0.0,0.0,-2.22,2.55,0.0
20230122:0610,0.0,0.0,0.0,-2.45,2.48,0.0
20230122:0710,0.0,0.0,0.0,-1.42,2.41,0.0
20230122:0810,53.86,67.22,9.58,-0.85,2.41,0.0
20230122:0910,114.99,126.86,16.57,0.69,2.14,0.0
20230122:1010,88.25,106.6,21.6,2.17,2.21,0.0
20230122:1110,92.36,139.91,24.17,3.63,2.21,0.0
20230122:1210,110.28,173.34,23.97,4.33,1.93,0.0
20230122:1310,135.89,194.93,21.04,4.89,1.72,0.0
20230122:1410,121.03,178.07,15.71,5.09,1.45,0.0
20230122:1510,13.83,25.56,8.49,4.69,1.17,0.0
20230122:1610,0.0,0.0,0.0,2.92,1.24,0.0
20230122:1710,0.0,0.0,0.0,1.53,1.45,0.0
20230122:1810,0.0,0.0,0.0,0.13,1.66,0.0
20230122:1910,0.0,0.0,0.0,3.16,0.07,0.0
20230122:2010,0.0,0.0,0.0,2.86,0.69,0.0
20230122:2110,0.0,0.0,0.0,1.88,1.03,0.0
20230122:2210,0.0,0.0,0.0,-0.23,1.52,0.0
20230122:2310,0.0,0.0,0.0,-1.27,1.79,0.0
20230123:0010,0.0,0.0,0.0,-2.02,2.28,0.0
20230123:0110,0.0,0.0,0.0,-2.29,2.34,0.0
20230123:0210,0.0,0.0,0.0,-2.46,2.41,0.0
20230123:0310,0.0,0.0,0.0,-2.4,2.48,0.0
20230123:0410,0.0,0.0,0.0,-2.5,2.48,0.0
20230123:0510,0.0,0.0,0.0,-2.4,2.34,0.0
20230123:0610,0.0,0.0,0.0,-2.29,2.34,0.0
20230123:0710,0.0,0.0,0.0,-0.71,2.41,0.0
20230123:0810,54.56,68.16,9.74,0.02,2.0,0.0
20230123:0910,95.8,108.87,16.76,1.15,1.31,0.0
20230123:1010,120.57,133.4,21.8,2.27,1.1,0.0
20230123:1110,137.64,150.65,24.39,3.18,1.03,0.0
20230123:1210,89.34,103.86,24.21,3.76,0.55,0.0
20230123:1310,148.49,163.78,21.28,3.68,0.41,0.0
20230123:1410,79.13,94.36,15.95,4.24,0.55,0.0
20230123:1510,31.53,45.44,8.72,4.14,0.34,0.0
20230123:1610,0.0,0.0,0.0,3.43,0.83,0.0
20230123:1710,0.0,0.0,0.0,1.84,1.38,0.0
20230123:1810,0.0,0.0,0.0,0.62,1.72,0.0
20230123:1910,0.0,0.0,0.0,1.57,1.66,0.0
20230123:2010,0.0,0.0,0.0,1.41,1.59,0.0
20230123:2110,0.0,0.0,0.0,1.43,1.52,0.0
20230123:2210,0.0,0.0,0.0,1.28,1.38,0.0
20230123:2310,0.0,0.0,0.0,1.07,1.31,0.0
20230124:0010,0.0,0.0,0.0,0.58,1.31,0.0
20230124:0110,0.0,0.0,0.0,0.4,1.38,0.0
20230124:0210,0.0,0.0,0.0,0.44,1.45,0.0
20230124:0310,0.0,0.0,0.0,0.12,1.59,0.0
20230124:0410,0.0,0.0,0.0,-0.61,1.72,0.0
20230124:0510,0.0,0.0,0.0,-1.06,1.86,0.0
20230124:0610,0.0,0.0,0.0,-0.9,1.93,0.0
20230124:0710,0.0,0.0,0.0,-0.27,1.79,0.0
20230124:0810,52.68,66.27,9.91,-0.13,1.72,0.0
20230124:0910,104.63,118.34,16.94,3.12,1.17,0.0
20230124:1010,34.2,60.27,22.02,6.2,0.76,0.0
20230124:1110,62.39,123.84,24.62,7.81,0.48,0.0
20230124:1210,115.83,179.16,24.45,8.35,0.62,0.0
20230124:1310,141.22,199.5,21.53,8.72,0.83,0.0
20230124:1410,125.12,182.26,16.19,8.8,0.76,0.0
20230124:1510,19.91,33.13,8.95,8.39,0.69,0.0
20230124:1610,0.0,0.0,0.0,6.96,0.83,0.0
20230124:1710,0.0,0.0,0.0,6.63,0.62,0.0
20230124:1810,0.0,0.0,0.0,5.95,0.55,0.0
20230124:1910,0.0,0.0,0.0,2.67,1.45,0.0
20230124:2010,0.0,0.0,0.0,1.49,1.52,0.0
20230124:2110,0.0,0.0,0.0,0.52,1.59,0.0
20230124:2210,0.0,0.0,0.0,0.1,1.59,0.0
20230124:2310,0.0,0.0,0.0,-0.53,1.45,0.0
20230125:0010,0.0,0.0,0.0,-0.75,1.24,0.0
20230125:0110,0.0,0.0,0.0,-0.87,1.24,0.0
20230125:0210,0.0,0.0,0.0,-0.9,1.24,0.0
20230125:0310,0.0,0.0,0.0,-1.0,1.24,0.0
20230125:0410,0.0,0.0,0.0,-1.25,1.24,0.0
20230125:0510,0.0,0.0,0.0,-1.21,1.31,0.0
20230125:0610,0.0,0.0,0.0,-1.66,1.38,0.0
20230125:0710,0.0,0.95,1.57,-0.64,1.59,0.0
20230125:0810,47.02,60.59,10.08,-0.25,1.24,0.0
20230125:0910,99.81,113.61,17.14,2.75,0.69,0.0
20230125:1010,28.4,56.72,22.23,5.55,0.28,0.0
20230125:1110,99.54,148.87,24.86,6.79,1.24,0.0
20230125:1210,184.16,213.44,24.7,7.35,1.79,0.0
20230125:1310,173.62,205.75,21.78,7.46,1.86,0.0
20230125:1410,134.88,163.02,16.43,6.93,1.52,0.0
20230125:1510,39.15,53.96,9.18,6.46,1.03,0.0
20230125:1610,0.0,0.0,0.0,5.63,0.62,0.0
20230125:1710,0.0,0.0,0.0,5.62,0.07,0.0
20230125:1810,0.0,0.0,0.0,5.3,0.34,0.0
20230125:1910,0.0,0.0,0.0,5.32,0.21,0.0
20230125:2010,0.0,0.0,0.0,4.9,0.21,0.0
20230125:2110,0.0,0.0,0.0,4.49,0.28,0.0
20230125:2210,0.0,0.0,0.0,4.12,0.48,0.0
20230125:2310,0.0,0.0,0.0,2.99,0.76,0.0
20230126:0010,0.0,0.0,0.0,2.23,0.97,0.0
20230126:0110,0.0,0.0,0.0,2.0,1.03,0.0
20230126:0210,0.0,0.0,0.0,2.12,0.97,0.0
20230126:0310,0.0,0.0,0.0,2.55,0.69,0.0
20230126:0410,0.0,0.0,0.0,2.83,0.48,0.0
20230126:0510,0.0,0.0,0.0,2.89,0.34,0.0
20230126:0610,0.0,0.0,0.0,2.83,0.34,0.0
20230126:0710,0.0,0.95,1.73,1.95,0.55,0.0
20230126:0810,50.13,64.38,10.25,2.28,0.76,0.0
20230126:0910,105.83,119.29,17.34,2.67,1.17,0.0
20230126:1010,155.8,169.22,22.46,2.82,1.1,0.0
20230126:1110,156.5,169.43,25.1,3.16,0.76,0.0
20230126:1210,129.51,142.96,24.96,3.48,0.48,0.0
20230126:1310,180.16,201.34,22.03,3.89,0.21,0.0
20230126:1410,143.13,180.32,16.68,4.19,0.07,0.0
20230126:1510,18.67,31.24,9.42,4.36,0.21,0.0
20230126:1610,0.0,0.0,0.0,4.11,0.55,0.0
20230126:1710,0.0,0.0,0.0,2.97,0.76,0.0
20230126:1810,0.0,0.0,0.0,2.92,0.69,0.0
20230126:1910,0.0,0.0,0.0,2.13,1.1,0.0
20230126:2010,0.0,0.0,0.0,0.12,1.03,0.0
20230126:2110,0.0,0.0,0.0,-0.58,1.1,0.0
20230126:2210,0.0,0.0,0.0,0.34,1.17,0.0
20230126:2310,0.0,0.0,0.0,0.93,1.1,0.0
20230127:0010,0.0,0.0,0.0,1.02,1.17,0.0
20230127:0110,0.0,0.0,0.0,0.97,1.03,0.0
20230127:0210,0.0,0.0,0.0,1.18,1.03,0.0
20230127:0310,0.0,0.0,0.0,0.88,0.9,0.0
20230127:0410,0.0,0.0,0.0,0.88,0.76,0.0
20230127:0510,0.0,0.0,0.0,0.65,0.9,0.0
20230127:0610,0.0,0.0,0.0,0.68,0.83,0.0
20230127:0710,0.0,1.89,1.89,0.82,1.31,0.0
20230127:0810,43.02,56.8,10.43,1.01,1.45,0.0
20230127:0910,44.8,58.7,17.54,1.32,1.31,0.0
20230127:1010,56.78,70.86,22.69,1.61,1.17,0.0
20230127:1110,67.42,81.53,25.35,1.94,1.1,0.0
20230127:1210,71.27,85.41,25.22,2.17,1.03,0.0
20230127:1310,46.0,60.18,22.29,2.39,0.97,0.0
20230127:1410,46.91,61.15,16.93,2.55,0.97,0.0
20230127:1510,27.4,40.71,9.66,2.55,0.9,0.0
20230127:1610,0.0,0.0,0.0,2.18,0.62,0.0
20230127:1710,0.0,0.0,0.0,1.76,0.41,0.0
20230127:1810,0.0,0.0,0.0,1.41,0.28,0.0
20230127:1910,0.0,0.0,0.0,0.88,1.1,0.0
20230127:2010,0.0,0.0,0.0,0.82,1.1,0.0
20230127:2110,0.0,0.0,0.0,0.42,1.1,0.0
20230127:2210,0.0,0.0,0.0,0.33,0.97,0.0
20230127:2310,0.0,0.0,0.0,0.26,0.97,0.0
20230128:0010,0.0,0.0,0.0,0.41,0.83,0.0
20230128:0110,0.0,0.0,0.0,0.95,0.55,0.0
20230128:0210,0.0,0.0,0.0,1.12,0.48,0.0
20230128:0310,0.0,0.0,0.0,0.99,0.55,0.0
20230128:0410,0.0,0.0,0.0,0.95,0.48,0.0
20230128:0510,0.0,0.0,0.0,1.02,0.41,0.0
20230128:0610,0.0,0.0,0.0,1.06,0.28,0.0
20230128:0710,1.01,7.57,2.06,-0.89,1.03,0.0
20230128:0810,26.83,39.76,10.62,0.31,0.69,0.0
20230128:0910,37.31,51.12,17.76,1.85,0.55,0.0
20230128:1010,18.28,54.3,22.92,3.26,0.69,0.0
20230128:1110,77.87,140.48,25.61,3.79,0.76,0.0
20230128:1210,136.92,197.73,25.48,4.83,0.76,0.0
20230128:1310,164.15,218.31,22.56,5.3,0.76,0.0
20230128:1410,147.11,200.2,17.19,5.75,0.62,0.0
20230128:1510,16.93,29.35,9.91,5.59,0.55,0.0
20230128:1610,0.0,0.0,0.0,4.56,0.9,0.0
20230128:1710,0.0,0.0,0.0,3.82,0.83,0.0
20230128:1810,0.0,0.0,0.0,3.41,0.48,0.0
20230128:1910,0.0,0.0,0.0,2.87,0.34,0.0
20230128:2010,0.0,0.0,0.0,2.7,0.34,0.0
20230128:2110,0.0,0.0,0.0,2.51,0.62,0.0
20230128:2210,0.0,0.0,0.0,2.28,0.9,0.0
20230128:2310,0.0,0.0,0.0,2.05,0.97,0.0
20230129:0010,0.0,0.0,0.0,1.88,1.03,0.0
20230129:0110,0.0,0.0,0.0,1.37,1.03,0.0
20230129:0210,0.0,0.0,0.0,0.42,1.24,0.0
20230129:0310,0.0,0.0,0.0,-0.07,1.24,0.0
20230129:0410,0.0,0.0,0.0,-0.84,1.38,0.0
20230129:0510,0.0,0.0,0.0,-0.75,1.38,0.0
20230129:0610,0.0,0.0,0.0,-0.83,1.31,0.0
20230129:0710,1.02,7.57,2.23,-1.59,1.52,0.0
20230129:0810,27.95,40.71,10.82,-1.31,1.24,0.0
20230129:0910,37.36,51.12,17.97,1.58,0.62,0.0
20230129:1010,19.64,58.18,23.17,3.61,0.07,0.0
20230129:1110,82.72,145.41,25.87,4.58,0.62,0.0
20230129:1210,142.34,202.98,25.75,5.15,0.76,0.0
20230129:1310,169.54,222.76,22.82,5.49,0.76,0.0
20230129:1410,153.04,203.76,17.45,5.48,0.69,0.0
20230129:1510,93.3,137.32,10.15,5.27,0.76,0.0
20230129:1610,0.0,0.0,0.0,4.07,0.76,0.0
20230129:1710,0.0,0.0,0.0,3.91,0.55,0.0
20230129:1810,0.0,0.0,0.0,3.43,0.48,0.0
20230129:1910,0.0,0.0,0.0,3.16,0.34,0.0
20230129:2010,0.0,0.0,0.0,2.75,0.55,0.0
20230129:2110,0.0,0.0,0.0,2.43,0.48,0.0
20230129:2210,0.0,0.0,0.0,2.19,0.55,0.0
20230129:2310,0.0,0.0,0.0,1.92,0.83,0.0
20230130:0010,0.0,0.0,0.0,-0.21,1.1,0.0
20230130:0110,0.0,0.0,0.0,-1.58,1.38,0.0
20230130:0210,0.0,0.0,0.0,-1.01,1.45,0.0
20230130:0310,0.0,0.0,0.0,-0.91,1.52,0.0
20230130:0410,0.0,0.0,0.0,-0.64,1.45,0.0
20230130:0510,0.0,0.0,0.0,-0.91,1.45,0.0
20230130:0610,0.0,0.0,0.0,-1.25,1.45,0.0
20230130:0710,2.7,10.41,2.41,-2.18,1.45,0.0
20230130:0810,62.46,75.74,11.02,-1.05,1.1,0.0
20230130:0910,55.76,70.06,18.2,2.21,0.55,0.0
20230130:1010,20.98,62.26,23.41,4.67,0.28,0.0
20230130:1110,85.95,150.14,26.14,6.25,0.55,0.0
20230130:1210,147.35,208.31,26.03,7.39,0.76,0.0
20230130:1310,174.57,229.72,23.1,8.16,0.9,0.0
20230130:1410,158.32,213.28,17.71,8.5,0.97,0.0
20230130:1510,101.46,155.64,10.4,8.33,0.9,0.0
20230130:1610,0.0,1.89,1.71,6.67,0.97,0.0
20230130:1710,0.0,0.0,0.0,4.76,1.24,0.0
20230130:1810,0.0,0.0,0.0,2.53,1.79,0.0
20230130:1910,0.0,0.0,0.0,1.72,2.0,0.0
20230130:2010,0.0,0.0,0.0,0.87,2.14,0.0
20230130:2110,0.0,0.0,0.0,0.08,2.21,0.0
20230130:2210,0.0,0.0,0.0,-0.56,2.28,0.0
20230130:2310,0.0,0.0,0.0,-1.02,2.48,0.0
20230131:0010,0.0,0.0,0.0,-0.57,2.69,0.0
20230131:0110,0.0,0.0,0.0,0.08,2.76,0.0
20230131:0210,0.0,0.0,0.0,0.14,2.62,0.0
20230131:0310,0.0,0.0,0.0,-0.45,2.28,0.0
20230131:0410,0.0,0.0,0.0,-1.04,2.14,0.0
20230131:0510,0.0,0.0,0.0,-1.58,2.14,0.0
20230131:0610,0.0,0.0,0.0,-2.04,2.14,0.0
20230131:0710,2.69,10.41,2.59,-1.57,2.07,0.0
20230131:0810,22.6,35.03,11.22,-0.52,1.79,0.0
20230131:0910,34.38,48.28,18.43,3.29,1.31,0.0
20230131:1010,23.7,67.14,23.67,5.58,1.03,0.0
20230131:1110,90.5,155.23,26.41,7.06,0.83,0.0
20230131:1210,151.49,213.36,26.31,8.14,0.62,0.0
20230131:1310,178.16,239.52,23.37,8.86,0.34,0.0
20230131:1410,162.09,217.12,17.98,9.11,0.28,0.0
20230131:1510,106.72,161.03,10.66,8.68,0.69,0.0
20230131:1610,0.0,3.79,1.94,6.57,1.1,0.0
20230131:1710,0.0,0.0,0.0,6.69,0.97,0.0
20230131:1810,0.0,0.0,0.0,5.92,0.83,0.0
20230131:1910,0.0,0.0,0.0,6.59,1.17,0.0
20230131:2010,0.0,0.0,0.0,4.09,1.45,0.0
20230131:2110,0.0,0.0,0.0,2.31,1.66,0.0
20230131:2210,0.0,0.0,0.0,1.15,1.79,0.0
20230131:2310,0.0,0.0,0.0,0.47,1.86,0.0
20230201:0010,0.0,0.0,0.0,-0.22,2.0,0.0
20230201:0110,0.0,0.0,0.0,-1.08,2.07,0.0
20230201:0210,0.0,0.0,0.0,-1.47,2.21,0.0
20230201:0310,0.0,0.0,0.0,-1.63,2.21,0.0
20230201:0410,0.0,0.0,0.0,-1.76,2.28,0.0
20230201:0510,0.0,0.0,0.0,-1.83,2.21,0.0
20230201:0610,0.0,0.0,0.0,-1.97,2.21,0.0
20230201:0710,3.95,12.31,2.79,-1.98,2.14,0.0
20230201:0810,30.5,43.55,11.44,-0.34,1.79,0.0
20230201:0910,44.23,58.7,18.66,3.92,1.38,0.0
20230201:1010,35.17,79.61,23.93,7.25,1.17,0.0
20230201:1110,99.56,163.11,26.69,9.03,1.31,0.0
20230201:1210,161.38,221.01,26.59,10.1,1.59,0.0
20230201:1310,186.49,240.86,23.66,10.68,1.72,0.0
20230201:1410,169.09,221.31,18.25,10.75,1.66,0.0
20230201:1510,111.14,161.84,10.91,10.06,1.17,0.0
20230201:1610,0.03,5.68,2.19,7.89,1.38,0.0
20230201:1710,0.0,0.0,0.0,5.5,1.66,0.0
20230201:1810,0.0,0.0,0.0,3.25,1.93,0.0
20230201:1910,0.0,0.0,0.0,2.39,2.07,0.0
20230201:2010,0.0,0.0,0.0,1.37,2.14,0.0
20230201:2110,0.0,0.0,0.0,0.27,2.34,0.0
20230201:2210,0.0,0.0,0.0,-0.34,2.48,0.0
20230201:2310,0.0,0.0,0.0,-0.41,2.55,0.0
20230202:0010,0.0,0.0,0.0,-0.3,2.62,0.0
20230202:0110,0.0,0.0,0.0,-0.11,2.62,0.0
20230202:0210,0.0,0.0,0.0,0.27,2.76,0.0
20230202:0310,0.0,0.0,0.0,0.49,2.83,0.0
20230202:0410,0.0,0.0,0.0,0.68,2.83,0.0
20230202:0510,0.0,0.0,0.0,0.81,2.9,0.0
20230202:0610,0.0,0.0,0.0,0.86,2.9,0.0
20230202:0710,5.19,14.2,2.98,0.66,2.48,0.0
20230202:0810,30.19,43.55,11.65,1.77,2.34,0.0
20230202:0910,43.93,58.7,18.91,5.43,2.0,0.0
20230202:1010,36.3,82.75,24.19,7.53,2.21,0.0
20230202:1110,103.71,167.36,26.97,9.1,2.28,0.0
20230202:1210,165.34,224.54,26.88,10.3,2.41,0.0
20230202:1310,191.45,245.25,23.94,10.87,2.48,0.0
20230202:1410,174.99,227.62,18.52,11.01,2.48,0.0
20230202:1510,115.99,166.29,11.17,10.4,2.14,0.0
20230202:1610,0.44,6.63,2.43,8.74,2.14,0.0
20230202:1710,0.0,0.0,0.0,6.22,2.21,0.0
20230202:1810,0.0,0.0,0.0,3.89,2.34,0.0
20230202:1910,0.0,0.0,0.0,3.58,2.83,0.0
20230202:2010,0.0,0.0,0.0,2.66,2.69,0.0
20230202:2110,0.0,0.0,0.0,1.68,2.48,0.0
20230202:2210,0.0,0.0,0.0,1.01,2.48,0.0
20230202:2310,0.0,0.0,0.0,0.57,2.62,0.0
20230203:0010,0.0,0.0,0.0,0.52,2.69,0.0
20230203:0110,0.0,0.0,0.0,0.56,2.83,0.0
20230203:0210,0.0,0.0,0.0,0.82,2.83,0.0
20230203:0310,0.0,0.0,0.0,0.77,2.83,0.0
20230203:0410,0.0,0.0,0.0,0.61,2.76,0.0
20230203:0510,0.0,0.0,0.0,0.34,2.62,0.0
20230203:0610,0.0,0.0,0.0,-0.04,2.48,0.0
20230203:0710,2.07,9.47,3.19,0.52,2.48,0.0
20230203:0810,44.84,58.7,11.88,1.31,2.14,0.0
20230203:0910,48.61,63.43,19.15,4.94,1.66,0.0
20230203:1010,42.54,90.13,24.46,7.75,1.45,0.0
20230203:1110,108.78,172.99,27.26,9.8,1.17,0.0
20230203:1210,171.28,230.78,27.17,11.2,0.97,0.0
20230203:1310,199.61,249.82,24.23,12.11,1.1,0.0
20230203:1410,177.64,225.22,18.8,12.44,1.24,0.0
20230203:1510,106.38,142.41,11.43,12.01,0.97,0.0
20230203:1610,1.91,9.47,2.67,10.07,1.17,0.0
20230203:1710,0.0,0.0,0.0,7.51,1.52,0.0
20230203:1810,0.0,0.0,0.0,5.53,1.79,0.0
20230203:1910,0.0,0.0,0.0,4.22,2.21,0.0
20230203:2010,0.0,0.0,0.0,2.84,2.34,0.0
20230203:2110,0.0,0.0,0.0,1.74,2.41,0.0
20230203:2210,0.0,0.0,0.0,1.07,2.48,0.0
20230203:2310,0.0,0.0,0.0,0.86,2.62,0.0
20230204:0010,0.0,0.0,0.0,1.0,2.69,0.0
20230204:0110,0.0,0.0,0.0,1.52,2.76,0.0
20230204:0210,0.0,0.0,0.0,1.76,2.69,0.0
20230204:0310,0.0,0.0,0.0,2.39,2.62,0.0
20230204:0410,0.0,0.0,0.0,2.74,2.55,0.0
20230204:0510,0.0,0.0,0.0,2.72,2.62,0.0
20230204:0610,0.0,0.0,0.0,3.24,2.69,0.0
20230204:0710,6.47,16.09,3.39,2.97,2.83,0.0
20230204:0810,35.97,50.18,12.1,4.63,2.76,0.0
20230204:0910,47.82,63.43,19.4,8.43,2.55,0.0
20230204:1010,45.69,95.02,24.74,11.59,2.69,0.0
20230204:1110,113.07,176.78,27.55,13.06,3.1,0.0
20230204:1210,173.9,232.84,27.47,13.71,3.38,0.0
20230204:1310,199.06,253.04,24.52,13.8,3.24,0.0
20230204:1410,182.22,235.29,19.07,13.63,2.97,0.0
20230204:1510,124.44,175.25,11.69,12.93,2.9,0.0
20230204:1610,2.43,10.41,2.92,11.57,2.9,0.0
20230204:1710,0.0,0.0,0.0,10.25,3.03,0.0
20230204:1810,0.0,0.0,0.0,9.11,2.83,0.0
20230204:1910,0.0,0.0,0.0,9.19,3.59,0.0
20230204:2010,0.0,0.0,0.0,8.31,3.1,0.0
20230204:2110,0.0,0.0,0.0,6.68,2.48,0.0
20230204:2210,0.0,0.0,0.0,4.68,2.0,0.0
20230204:2310,0.0,0.0,0.0,4.19,1.72,0.0
20230205:0010,0.0,0.0,0.0,3.76,1.59,0.0
20230205:0110,0.0,0.0,0.0,3.5,1.38,0.0
20230205:0210,0.0,0.0,0.0,4.71,1.03,0.0
20230205:0310,0.0,0.0,0.0,4.41,0.55,0.0
20230205:0410,0.0,0.0,0.0,4.21,0.48,0.0
20230205:0510,0.0,0.0,0.0,3.8,0.34,0.0
20230205:0610,0.0,0.0,0.0,3.48,0.48,0.0
20230205:0710,8.6,18.93,3.61,3.13,1.1,0.0
20230205:0810,32.69,46.39,12.34,2.59,0.76,0.0
20230205:0910,50.61,65.32,19.66,4.0,0.48,0.0
20230205:1010,51.94,101.31,25.02,5.31,1.24,0.0
20230205:1110,168.01,210.1,27.85,6.34,1.59,0.0
20230205:1210,189.7,240.72,27.78,6.77,1.72,0.0
20230205:1310,212.82,259.53,24.82,6.69,1.79,0.0
20230205:1410,194.13,239.23,19.36,6.65,2.0,0.0
20230205:1510,133.38,179.76,11.95,6.22,2.07,0.0
20230205:1610,5.03,14.2,3.17,5.33,1.66,0.0
20230205:1710,0.0,0.0,0.0,4.52,1.59,0.0
20230205:1810,0.0,0.0,0.0,3.74,1.52,0.0
20230205:1910,0.0,0.0,0.0,3.52,1.59,0.0
20230205:2010,0.0,0.0,0.0,3.16,1.52,0.0
20230205:2110,0.0,0.0,0.0,2.86,1.31,0.0
20230205:2210,0.0,0.0,0.0,2.66,1.1,0.0
20230205:2310,0.0,0.0,0.0,2.16,1.03,0.0
20230206:0010,0.0,0.0,0.0,1.94,0.76,0.0
20230206:0110,0.0,0.0,0.0,1.89,0.76,0.0
20230206:0210,0.0,0.0,0.0,1.35,0.9,0.0
20230206:0310,0.0,0.0,0.0,1.04,0.97,0.0
20230206:0410,0.0,0.0,0.0,1.06,0.9,0.0
20230206:0510,0.0,0.0,0.0,1.06,1.03,0.0
20230206:0610,0.0,0.0,0.0,0.93,1.1,0.0
20230206:0710,0.0,0.0,0.0,0.88,1.17,0.0
20230206:0810,69.38,83.31,12.58,1.55,1.38,0.0
20230206:0910,126.02,138.22,19.93,1.93,1.52,0.0
20230206:1010,161.78,173.35,25.3,1.96,1.45,0.0
20230206:1110,179.83,190.69,28.15,2.12,1.45,0.0
20230206:1210,189.3,199.78,28.08,1.95,1.45,0.0
20230206:1310,83.19,97.06,25.12,2.22,1.45,0.0
20230206:1410,51.86,66.0,19.64,2.02,1.52,0.0
20230206:1510,32.06,45.62,12.22,2.19,1.72,0.0
20230206:1610,0.0,2.84,3.42,1.86,1.86,0.0
20230206:1710,0.0,0.0,0.0,1.49,1.86,0.0
20230206:1810,0.0,0.0,0.0,1.16,1.72,0.0
20230206:1910,0.0,0.0,0.0,1.5,2.21,0.0
20230206:2010,0.0,0.0,0.0,1.0,2.21,0.0
20230206:2110,0.0,0.0,0.0,0.56,1.93,0.0
20230206:2210,0.0,0.0,0.0,0.25,1.72,0.0
20230206:2310,0.0,0.0,0.0,-0.02,1.24,0.0
20230207:0010,0.0,0.0,0.0,-0.19,0.48,0.0
20230207:0110,0.0,0.0,0.0,-0.49,1.59,0.0
20230207:0210,0.0,0.0,0.0,-0.64,1.79,0.0
20230207:0310,0.0,0.0,0.0,-1.09,1.66,0.0
20230207:0410,0.0,0.0,0.0,-1.96,1.52,0.0
20230207:0510,0.0,0.0,0.0,-1.84,1.38,0.0
20230207:0610,0.0,0.0,0.0,-1.7,1.24,0.0
20230207:0710,7.38,17.04,4.05,-1.77,1.17,0.0
20230207:0810,36.79,50.18,12.82,-0.25,0.62,0.0
20230207:0910,55.98,70.06,20.19,1.56,1.03,0.0
20230207:1010,57.95,110.06,25.6,2.57,1.31,0.0
20230207:1110,138.29,195.73,28.46,3.41,1.24,0.0
20230207:1210,202.0,253.57,28.39,4.07,1.17,0.0
20230207:1310,229.1,273.47,25.42,4.48,0.97,0.0
20230207:1410,211.95,256.53,19.93,4.65,0.97,0.0
20230207:1510,148.02,192.87,12.49,4.47,1.17,0.0
20230207:1610,7.13,17.04,3.67,3.83,1.24,0.0
20230207:1710,0.0,0.0,0.0,2.07,1.38,0.0
20230207:1810,0.0,0.0,0.0,0.41,1.38,0.0
20230207:1910,0.0,0.0,0.0,-0.32,1.45,0.0
20230207:2010,0.0,0.0,0.0,-0.48,1.31,0.0
20230207:2110,0.0,0.0,0.0,-0.31,1.17,0.0
20230207:2210,0.0,0.0,0.0,-0.17,1.03,0.0
20230207:2310,0.0,0.0,0.0,0.12,0.83,0.0
20230208:0010,0.0,0.0,0.0,0.06,0.76,0.0
20230208:0110,0.0,0.0,0.0,-0.75,0.9,0.0
20230208:0210,0.0,0.0,0.0,-1.26,1.03,0.0
20230208:0310,0.0,0.0,0.0,-1.32,1.03,0.0
20230208:0410,0.0,0.0,0.0,-1.13,1.03,0.0
20230208:0510,0.0,0.0,0.0,-0.71,0.97,0.0
20230208:0610,0.0,0.0,0.0,-0.3,0.83,0.0
20230208:0710,8.03,17.99,4.28,-0.19,0.28,0.0
20230208:0810,43.22,56.8,13.07,-0.18,0.48,0.0
20230208:0910,54.26,68.16,20.47,0.98,1.24,0.0
20230208:1010,105.49,146.4,25.89,1.79,1.45,0.0
20230208:1110,146.63,201.93,28.77,2.25,1.52,0.0
20230208:1210,211.74,258.9,28.71,2.46,1.45,0.0
20230208:1310,238.17,279.45,25.73,2.78,1.31,0.0
20230208:1410,218.66,258.34,20.22,2.7,1.31,0.0
20230208:1510,155.9,198.47,12.76,2.27,1.45,0.0
20230208:1610,8.68,18.93,3.92,1.65,1.38,0.0
20230208:1710,0.0,0.0,0.0,0.64,1.45,0.0
20230208:1810,0.0,0.0,0.0,-0.71,1.38,0.0
20230208:1910,0.0,0.0,0.0,-0.99,1.24,0.0
20230208:2010,0.0,0.0,0.0,-1.01,1.1,0.0
20230208:2110,0.0,0.0,0.0,-1.05,1.03,0.0
20230208:2210,0.0,0.0,0.0,-2.08,1.24,0.0
20230208:2310,0.0,0.0,0.0,-1.63,1.31,0.0
20230209:0010,0.0,0.0,0.0,-1.7,1.24,0.0
20230209:0110,0.0,0.0,0.0,-1.71,1.17,0.0
20230209:0210,0.0,0.0,0.0,-1.84,1.1,0.0
20230209:0310,0.0,0.0,0.0,-2.1,0.97,0.0
20230209:0410,0.0,0.0,0.0,-2.25,0.69,0.0
20230209:0510,0.0,0.0,0.0,-2.6,0.62,0.0
20230209:0610,0.0,0.0,0.0,-2.78,0.62,0.0
20230209:0710,12.75,23.67,4.51,-2.43,0.34,0.0
20230209:0810,77.24,89.94,13.33,-1.9,0.34,0.0
20230209:0910,125.55,136.33,20.75,-1.03,0.83,0.0
20230209:1010,69.42,122.11,26.19,-0.57,1.1,0.0
20230209:1110,152.52,206.91,29.08,-0.15,0.97,0.0
20230209:1210,220.43,264.94,29.03,-0.11,0.76,0.0
20230209:1310,246.3,286.04,26.04,0.65,0.48,0.0
20230209:1410,227.13,266.44,20.51,0.94,0.28,0.0
20230209:1510,162.46,204.11,13.03,0.92,0.21,0.0
20230209:1610,10.99,21.77,4.17,0.64,0.28,0.0
20230209:1710,0.0,0.0,0.0,0.1,0.48,0.0
20230209:1810,0.0,0.0,0.0,-0.37,0.41,0.0
20230209:1910,0.0,0.0,0.0,0.02,0.48,0.0
20230209:2010,0.0,0.0,0.0,-0.28,0.48,0.0
20230209:2110,0.0,0.0,0.0,-0.56,0.48,0.0
20230209:2210,0.0,0.0,0.0,-0.85,0.55,0.0
20230209:2310,0.0,0.0,0.0,-1.0,0.55,0.0
20230210:0010,0.0,0.0,0.0,-1.14,0.55,0.0
20230210:0110,0.0,0.0,0.0,-1.33,0.62,0.0
20230210:0210,0.0,0.0,0.0,-1.55,0.69,0.0
20230210:0310,0.0,0.0,0.0,-1.71,0.76,0.0
20230210:0410,0.0,0.0,0.0,-3.8,1.03,0.0
20230210:0510,0.0,0.0,0.0,-3.35,1.31,0.0
20230210:0610,0.0,0.0,0.0,-2.78,1.38,0.0
20230210:0710,8.92,18.93,4.75,-3.13,1.52,0.0
20230210:0810,34.33,47.34,13.59,-1.73,1.1,0.0
20230210:0910,50.47,64.38,21.03,0.83,0.55,0.0
20230210:1010,64.2,122.15,26.5,3.13,0.0,0.0
20230210:1110,151.01,211.66,29.4,4.62,0.41,0.0
20230210:1210,220.49,271.01,29.35,5.54,0.62,0.0
20230210:1310,248.76,294.28,26.35,5.8,0.69,0.0
20230210:1410,231.46,275.75,20.8,5.86,0.62,0.0
20230210:1510,167.39,212.79,13.3,5.52,0.62,0.0
20230210:1610,12.27,23.67,4.43,4.65,0.62,0.0
20230210:1710,0.0,0.0,0.0,3.86,0.21,0.0
20230210:1810,0.0,0.0,0.0,3.11,0.28,0.0
20230210:1910,0.0,0.0,0.0,2.97,0.21,0.0
20230210:2010,0.0,0.0,0.0,2.42,0.83,0.0
20230210:2110,0.0,0.0,0.0,1.38,1.1,0.0
20230210:2210,0.0,0.0,0.0,0.01,1.17,0.0
20230210:2310,0.0,0.0,0.0,-0.67,1.17,0.0
20230211:0010,0.0,0.0,0.0,-3.17,1.38,0.0
20230211:0110,0.0,0.0,0.0,-2.74,1.59,0.0
20230211:0210,0.0,0.0,0.0,-2.3,1.86,0.0
20230211:0310,0.0,0.0,0.0,-2.61,1.93,0.0
20230211:0410,0.0,0.0,0.0,-2.8,1.86,0.0
20230211:0510,0.0,0.0,0.0,-3.01,1.79,0.0
20230211:0610,0.0,0.0,0.0,-3.08,1.72,0.0
20230211:0710,10.43,20.83,5.0,-2.8,1.66,0.0
20230211:0810,36.09,49.23,13.85,-1.31,1.31,0.0
20230211:0910,142.45,154.31,21.32,2.1,0.83,0.0
20230211:1010,110.62,156.31,26.81,5.1,0.28,0.0
20230211:1110,156.13,215.56,29.73,6.73,0.14,0.0
20230211:1210,222.25,273.66,29.68,7.79,0.41,0.0
20230211:1310,247.97,294.37,26.66,8.4,0.55,0.0
20230211:1410,229.64,275.12,21.09,8.66,0.55,0.0
20230211:1510,166.73,212.43,13.57,8.44,0.62,0.0
20230211:1610,12.86,24.61,4.68,7.22,0.76,0.0
20230211:1710,0.0,0.0,0.0,6.43,0.55,0.0
20230211:1810,0.0,0.0,0.0,5.42,0.69,0.0
20230211:1910,0.0,0.0,0.0,4.99,0.97,0.0
20230211:2010,0.0,0.0,0.0,2.35,1.31,0.0
20230211:2110,0.0,0.0,0.0,0.68,1.52,0.0
20230211:2210,0.0,0.0,0.0,-0.38,1.66,0.0
20230211:2310,0.0,0.0,0.0,-1.22,1.79,0.0
20230212:0010,0.0,0.0,0.0,-1.64,1.86,0.0
20230212:0110,0.0,0.0,0.0,-1.78,1.86,0.0
20230212:0210,0.0,0.0,0.0,-1.88,1.86,0.0
20230212:0310,0.0,0.0,0.0,-1.96,1.86,0.0
20230212:0410,0.0,0.0,0.0,-2.02,1.86,0.0
20230212:0510,0.0,0.0,0.0,-2.07,1.86,0.0
20230212:0610,0.0,0.0,0.0,-2.11,1.86,0.0
20230212:0710,11.16,21.77,5.25,-2.0,1.79,0.0
20230212:0810,34.82,48.28,14.12,0.72,1.31,0.0
20230212:0910,48.35,63.43,21.61,5.83,0.9,0.0
20230212:1010,71.91,131.91,27.12,9.18,0.34,0.0
20230212:1110,157.22,219.56,30.06,11.15,0.07,0.0
20230212:1210,221.87,277.58,30.01,12.34,0.28,0.0
20230212:1310,247.62,298.4,26.98,12.94,0.69,0.0
20230212:1410,230.37,278.68,21.39,12.97,1.17,0.0
20230212:1510,167.87,215.09,13.85,12.33,1.52,0.0
20230212:1610,14.14,26.51,4.94,10.72,1.79,0.0
20230212:1710,0.0,0.0,0.0,7.85,1.66,0.0
20230212:1810,0.0,0.0,0.0,6.8,1.17,0.0
20230212:1910,0.0,0.0,0.0,8.34,0.69,0.0
20230212:2010,0.0,0.0,0.0,7.69,0.41,0.0
20230212:2110,0.0,0.0,0.0,7.09,0.55,0.0
20230212:2210,0.0,0.0,0.0,6.5,0.9,0.0
20230212:2310,0.0,0.0,0.0,3.85,1.52,0.0
20230213:0010,0.0,0.0,0.0,1.47,1.72,0.0
20230213:0110,0.0,0.0,0.0,0.2,1.72,0.0
20230213:0210,0.0,0.0,0.0,-0.55,1.72,0.0
20230213:0310,0.0,0.0,0.0,-1.03,1.72,0.0
20230213:0410,0.0,0.0,0.0,-1.31,1.66,0.0
20230213:0510,0.0,0.0,0.0,-1.57,1.66,0.0
20230213:0610,0.0,0.0,0.0,-1.84,1.66,0.0
20230213:0710,13.51,24.61,5.5,-1.68,1.72,0.0
20230213:0810,37.6,51.12,14.4,0.48,1.38,0.0
20230213:0910,53.53,68.16,21.91,3.62,0.9,0.0
20230213:1010,76.99,137.42,27.44,7.32,0.14,0.0
20230213:1110,165.23,225.54,30.39,9.1,0.55,0.0
20230213:1210,232.18,284.09,30.34,9.83,0.83,0.0
20230213:1310,258.48,305.39,27.3,10.26,0.9,0.0
20230213:1410,239.93,285.51,21.69,10.42,0.83,0.0
20230213:1510,177.01,222.87,14.13,10.18,0.69,0.0
20230213:1610,16.59,29.35,5.2,9.37,0.76,0.0
20230213:1710,0.0,0.0,0.0,8.42,0.55,0.0
20230213:1810,0.0,0.0,0.0,7.66,0.14,0.0
20230213:1910,0.0,0.0,0.0,7.23,0.21,0.0
20230213:2010,0.0,0.0,0.0,6.45,0.9,0.0
20230213:2110,0.0,0.0,0.0,3.4,1.52,0.0
20230213:2210,0.0,0.0,0.0,1.54,1.59,0.0
20230213:2310,0.0,0.0,0.0,0.48,1.59,0.0
20230214:0010,0.0,0.0,0.0,-0.12,1.59,0.0
20230214:0110,0.0,0.0,0.0,-1.38,1.66,0.0
20230214:0210,0.0,0.0,0.0,-1.54,1.66,0.0
20230214:0310,0.0,0.0,0.0,-1.54,1.59,0.0
20230214:0410,0.0,0.0,0.0,-1.75,1.66,0.0
20230214:0510,0.0,0.0,0.0,-1.83,1.66,0.0
20230214:0610,0.0,0.0,0.0,-1.94,1.66,0.0
20230214:0710,14.32,25.56,5.76,-1.71,1.59,0.0
20230214:0810,36.68,50.18,14.68,0.52,1.38,0.0
20230214:0910,20.05,36.28,22.21,3.88,1.1,0.0
20230214:1010,80.29,142.4,27.77,7.72,0.62,0.0
20230214:1110,170.04,232.37,30.73,10.78,0.21,0.0
20230214:1210,236.51,291.42,30.68,12.34,0.41,0.0
20230214:1310,262.91,313.46,27.62,13.15,0.62,0.0
20230214:1410,245.29,294.66,21.99,13.5,0.69,0.0
20230214:1510,181.63,229.66,14.4,13.33,0.76,0.0
20230214:1610,11.78,23.67,5.45,11.93,0.9,0.0
20230214:1710,0.0,0.0,0.0,10.96,0.76,0.0
20230214:1810,0.0,0.0,0.0,9.78,0.55,0.0
20230214:1910,0.0,0.0,0.0,5.25,1.79,0.0
20230214:2010,0.0,0.0,0.0,2.9,2.07,0.0
20230214:2110,0.0,0.0,0.0,1.06,2.14,0.0
20230214:2210,0.0,0.0,0.0,-0.08,2.07,0.0
20230214:2310,0.0,0.0,0.0,-0.8,2.0,0.0
20230215:0010,0.0,0.0,0.0,-1.19,2.0,0.0
20230215:0110,0.0,0.0,0.0,-1.4,2.0,0.0
20230215:0210,0.0,0.0,0.0,-1.53,2.0,0.0
20230215:0310,0.0,0.0,0.0,-1.61,1.93,0.0
20230215:0410,0.0,0.0,0.0,-1.65,2.0,0.0
20230215:0510,0.0,0.0,0.0,-1.69,1.93,0.0
20230215:0610,0.0,0.0,0.0,-1.82,1.93,0.0
20230215:0710,13.51,24.61,6.03,-1.65,1.93,0.0
20230215:0810,35.59,49.23,14.96,1.53,1.45,0.0
20230215:0910,18.1,38.61,22.52,7.19,0.97,0.0
20230215:1010,83.97,148.42,28.09,10.97,0.28,0.0
20230215:1110,175.75,239.13,31.07,13.07,0.34,0.0
20230215:1210,242.58,298.19,31.02,13.99,0.69,0.0
20230215:1310,269.98,322.03,27.95,14.43,0.76,0.0
20230215:1410,252.94,303.79,22.29,14.51,0.62,0.0
20230215:1510,189.88,239.61,14.68,14.2,0.69,0.0
20230215:1610,11.73,23.67,5.71,12.68,0.69,0.0
20230215:1710,0.0,0.0,0.0,12.06,0.28,0.0
20230215:1810,0.0,0.0,0.0,11.0,0.55,0.0
20230215:1910,0.0,0.0,0.0,7.64,1.59,0.0
20230215:2010,0.0,0.0,0.0,4.98,1.86,0.0
20230215:2110,0.0,0.0,0.0,3.12,1.86,0.0
20230215:2210,0.0,0.0,0.0,1.58,1.86,0.0
20230215:2310,0.0,0.0,0.0,0.58,1.86,0.0
20230216:0010,0.0,0.0,0.0,-0.14,1.93,0.0
20230216:0110,0.0,0.0,0.0,-0.7,1.93,0.0
20230216:0210,0.0,0.0,0.0,-1.0,1.93,0.0
20230216:0310,0.0,0.0,0.0,-1.2,1.86,0.0
20230216:0410,0.0,0.0,0.0,-1.37,1.86,0.0
20230216:0510,0.0,0.0,0.0,-1.51,1.79,0.0
20230216:0610,0.0,0.0,0.0,-1.44,1.66,0.0
20230216:0710,15.1,26.51,6.29,-1.29,1.45,0.0
20230216:0810,94.58,107.92,15.25,1.56,1.03,0.0
20230216:0910,137.41,154.71,22.83,5.08,0.55,0.0
20230216:1010,151.87,195.51,28.43,8.53,0.14,0.0
20230216:1110,184.6,243.82,31.41,10.43,0.76,0.0
20230216:1210,251.76,303.28,31.36,11.37,0.97,0.0
20230216:1310,278.78,326.07,28.27,11.92,1.03,0.0
20230216:1410,260.09,305.56,22.6,12.08,1.1,0.0
20230216:1510,194.14,239.22,14.96,11.85,1.1,0.0
20230216:1610,12.6,24.61,5.97,10.95,1.1,0.0
20230216:1710,0.0,0.0,0.0,8.84,1.03,0.0
20230216:1810,0.0,0.0,0.0,8.82,0.55,0.0
20230216:1910,0.0,0.0,0.0,6.69,1.38,0.0
20230216:2010,0.0,0.0,0.0,7.32,0.9,0.0
20230216:2110,0.0,0.0,0.0,6.47,0.41,0.0
20230216:2210,0.0,0.0,0.0,5.68,0.48,0.0
20230216:2310,0.0,0.0,0.0,4.98,0.9,0.0
20230217:0010,0.0,0.0,0.0,1.72,1.31,0.0
20230217:0110,0.0,0.0,0.0,0.88,1.38,0.0
20230217:0210,0.0,0.0,0.0,1.04,1.38,0.0
20230217:0310,0.0,0.0,0.0,1.34,1.31,0.0
20230217:0410,0.0,0.0,0.0,1.27,1.31,0.0
20230217:0510,0.0,0.0,0.0,1.03,1.31,0.0
20230217:0610,0.0,0.0,0.0,1.28,1.1,0.0
20230217:0710,15.75,27.45,6.57,0.59,1.1,0.0
20230217:0810,57.43,71.95,15.54,3.09,0.9,0.0
20230217:0910,32.85,60.59,23.14,5.8,0.48,0.0
20230217:1010,117.47,171.79,28.76,7.73,0.07,0.0
20230217:1110,200.41,252.03,31.76,9.53,0.41,0.0
20230217:1210,264.43,305.51,31.7,10.84,0.83,0.0
20230217:1310,279.06,322.12,28.6,11.74,1.03,0.0
20230217:1410,257.89,299.31,22.9,12.03,1.17,0.0
20230217:1510,191.85,233.48,15.24,11.86,1.24,0.0
20230217:1610,18.01,31.24,6.23,11.21,1.1,0.0
20230217:1710,0.0,0.0,0.0,9.56,1.17,0.0
20230217:1810,0.0,0.0,0.0,8.89,0.76,0.0
20230217:1910,0.0,0.0,0.0,9.26,0.9,0.0
20230217:2010,0.0,0.0,0.0,8.57,0.62,0.0
20230217:2110,0.0,0.0,0.0,7.82,0.34,0.0
20230217:2210,0.0,0.0,0.0,7.16,0.83,0.0
20230217:2310,0.0,0.0,0.0,5.22,1.24,0.0
20230218:0010,0.0,0.0,0.0,3.91,1.45,0.0
20230218:0110,0.0,0.0,0.0,2.96,1.45,0.0
20230218:0210,0.0,0.0,0.0,2.05,1.52,0.0
20230218:0310,0.0,0.0,0.0,1.68,1.52,0.0
20230218:0410,0.0,0.0,0.0,1.21,1.52,0.0
20230218:0510,0.0,0.0,0.0,0.87,1.52,0.0
20230218:0610,0.0,0.0,0.0,0.61,1.52,0.0
20230218:0710,25.78,38.82,6.84,1.72,1.31,0.0
20230218:0810,51.28,66.27,15.83,5.05,0.62,0.0
20230218:0910,48.3,78.67,23.46,7.83,0.0,0.0
20230218:1010,108.09,167.95,29.1,9.69,0.62,0.0
20230218:1110,212.3,261.18,32.11,10.94,0.9,0.0
20230218:1210,263.5,310.15,32.05,11.94,1.1,0.0
20230218:1310,282.38,320.27,28.93,12.59,1.31,0.0
20230218:1410,231.16,260.13,23.21,12.88,1.45,0.0
20230218:1510,128.59,151.87,15.52,12.71,1.45,0.0
20230218:1610,18.75,32.19,6.49,11.89,1.17,0.0
20230218:1710,0.0,0.0,0.0,10.27,1.17,0.0
20230218:1810,0.0,0.0,0.0,8.59,0.97,0.0
20230218:1910,0.0,0.0,0.0,7.75,0.97,0.0
20230218:2010,0.0,0.0,0.0,7.69,0.34,0.0
20230218:2110,0.0,0.0,0.0,6.94,0.34,0.0
20230218:2210,0.0,0.0,0.0,6.18,0.76,0.0
20230218:2310,0.0,0.0,0.0,5.66,0.83,0.0
20230219:0010,0.0,0.0,0.0,4.51,0.9,0.0
20230219:0110,0.0,0.0,0.0,4.36,1.03,0.0
20230219:0210,0.0,0.0,0.0,4.14,1.03,0.0
20230219:0310,0.0,0.0,0.0,3.95,1.03,0.0
20230219:0410,0.0,0.0,0.0,3.74,1.1,0.0
20230219:0510,0.0,0.0,0.0,3.79,1.1,0.0
20230219:0610,0.0,0.0,0.0,4.03,1.03,0.0
20230219:0710,27.09,40.71,7.12,4.74,0.76,0.0
20230219:0810,64.96,80.47,16.13,5.97,0.34,0.0
20230219:0910,157.08,174.03,23.78,7.4,0.41,0.0
20230219:1010,198.16,231.0,29.44,8.54,0.48,0.0
20230219:1110,226.12,270.75,32.47,9.63,0.55,0.0
20230219:1210,272.06,316.8,32.4,11.03,0.62,0.0
20230219:1310,294.58,341.15,29.27,12.66,0.76,0.0
20230219:1410,276.63,323.0,23.52,13.66,0.9,0.0
20230219:1510,212.36,259.05,15.8,13.85,1.03,0.0
20230219:1610,15.49,28.4,6.75,13.04,1.1,0.0
20230219:1710,0.0,0.0,0.0,11.04,1.1,0.0
20230219:1810,0.0,0.0,0.0,9.17,1.17,0.0
20230219:1910,0.0,0.0,0.0,10.32,0.97,0.0
20230219:2010,0.0,0.0,0.0,9.74,0.83,0.0
20230219:2110,0.0,0.0,0.0,9.08,0.69,0.0
20230219:2210,0.0,0.0,0.0,8.44,0.97,0.0
20230219:2310,0.0,0.0,0.0,7.81,1.1,0.0
20230220:0010,0.0,0.0,0.0,6.16,1.31,0.0
20230220:0110,0.0,0.0,0.0,4.7,1.45,0.0
20230220:0210,0.0,0.0,0.0,4.87,1.24,0.0
20230220:0310,0.0,0.0,0.0,4.17,1.31,0.0
20230220:0410,0.0,0.0,0.0,4.16,1.24,0.0
20230220:0510,0.0,0.0,0.0,4.63,1.1,0.0
20230220:0610,0.0,0.0,0.0,4.3,1.1,0.0
20230220:0710,32.55,46.39,7.41,3.47,1.1,0.0
20230220:0810,101.1,116.45,16.44,6.03,0.55,0.0
20230220:0910,101.07,117.45,24.11,8.17,0.55,0.0
20230220:1010,125.62,142.68,29.79,9.79,0.76,0.0
20230220:1110,210.28,229.06,32.82,10.86,0.83,0.0
20230220:1210,265.02,288.4,32.76,11.68,0.97,0.0
20230220:1310,297.15,340.14,29.6,12.28,1.03,0.0
20230220:1410,278.22,320.6,23.82,12.53,0.97,0.0
20230220:1510,207.17,247.85,16.08,12.41,0.9,0.0
20230220:1610,20.36,34.08,7.01,11.8,0.9,0.0
20230220:1710,0.0,0.0,0.0,10.48,0.9,0.0
20230220:1810,0.0,0.0,0.0,9.8,0.34,0.0
20230220:1910,0.0,0.0,0.0,8.79,0.55,0.0
20230220:2010,0.0,0.0,0.0,6.7,1.24,0.0
20230220:2110,0.0,0.0,0.0,5.27,1.31,0.0
20230220:2210,0.0,0.0,0.0,4.33,1.38,0.0
20230220:2310,0.0,0.0,0.0,3.63,1.38,0.0
20230221:0010,0.0,0.0,0.0,3.06,1.31,0.0
20230221:0110,0.0,0.0,0.0,2.52,1.31,0.0
20230221:0210,0.0,0.0,0.0,2.12,1.31,0.0
20230221:0310,0.0,0.0,0.0,1.91,1.31,0.0
20230221:0410,0.0,0.0,0.0,1.87,1.31,0.0
20230221:0510,0.0,0.0,0.0,1.09,1.31,0.0
20230221:0610,0.0,0.0,0.0,0.79,1.24,0.0
20230221:0710,28.08,41.66,7.7,3.83,0.62,0.0
20230221:0810,70.89,86.15,16.75,5.1,0.28,0.0
20230221:0910,71.08,106.31,24.44,6.63,0.14,0.0
20230221:1010,143.64,196.06,30.14,7.62,0.48,0.0
20230221:1110,241.51,282.65,33.19,8.77,0.76,0.0
20230221:1210,286.89,327.04,33.11,9.21,0.83,0.0
20230221:1310,290.89,318.17,29.94,9.75,0.76,0.0
20230221:1410,244.71,270.43,24.13,10.2,0.62,0.0
20230221:1510,190.91,221.22,16.37,10.03,0.69,0.0
20230221:1610,17.35,30.29,7.27,9.77,0.69,0.0
20230221:1710,0.0,0.0,0.0,8.94,0.34,0.0
20230221:1810,0.0,0.0,0.0,8.36,0.34,0.0
20230221:1910,0.0,0.0,0.0,8.56,0.83,0.0
20230221:2010,0.0,0.0,0.0,8.03,0.83,0.0
20230221:2110,0.0,0.0,0.0,7.74,0.83,0.0
20230221:2210,0.0,0.0,0.0,7.41,0.83,0.0
20230221:2310,0.0,0.0,0.0,7.56,0.69,0.0
20230222:0010,0.0,0.0,0.0,7.93,0.55,0.0
20230222:0110,0.0,0.0,0.0,7.79,0.55,0.0
20230222:0210,0.0,0.0,0.0,7.31,0.69,0.0
20230222:0310,0.0,0.0,0.0,7.16,0.69,0.0
20230222:0410,0.0,0.0,0.0,7.07,0.62,0.0
20230222:0510,0.0,0.0,0.0,6.58,0.76,0.0
20230222:0610,0.0,0.0,0.0,6.22,0.83,0.0
20230222:0710,12.12,23.67,7.99,6.87,0.69,0.0
20230222:0810,95.52,111.71,17.06,7.73,0.55,0.0
20230222:0910,82.48,99.0,24.77,8.51,0.55,0.0
20230222:1010,139.6,156.27,30.5,9.04,0.41,0.0
20230222:1110,259.89,282.22,33.55,9.67,0.48,0.0
20230222:1210,60.98,77.65,33.47,10.01,0.62,0.0
20230222:1310,196.43,214.04,30.28,10.15,0.83,0.0
20230222:1410,204.66,224.53,24.44,10.04,0.69,0.0
20230222:1510,145.03,166.66,16.65,10.02,0.62,0.0
20230222:1610,28.94,43.55,7.53,9.74,0.55,0.0
20230222:1710,0.0,0.0,0.0,9.25,0.62,0.0
20230222:1810,0.0,0.0,0.0,8.78,0.55,0.0
20230222:1910,0.0,0.0,0.0,8.53,0.48,0.0
20230222:2010,0.0,0.0,0.0,8.53,0.48,0.0
20230222:2110,0.0,0.0,0.0,8.36,0.48,0.0
20230222:2210,0.0,0.0,0.0,8.1,0.62,0.0
20230222:2310,0.0,0.0,0.0,8.36,0.41,0.0
20230223:0010,0.0,0.0,0.0,8.26,0.28,0.0
20230223:0110,0.0,0.0,0.0,8.04,0.28,0.0
20230223:0210,0.0,0.0,0.0,7.71,0.48,0.0
20230223:0310,0.0,0.0,0.0,7.53,0.55,0.0
20230223:0410,0.0,0.0,0.0,6.68,0.9,0.0
20230223:0510,0.0,0.0,0.0,6.18,0.9,0.0
20230223:0610,0.0,0.0,0.0,6.07,0.9,0.0
20230223:0710,34.85,49.23,8.29,5.56,0.83,0.0
20230223:0810,81.34,97.51,17.37,7.59,0.48,0.0
20230223:0910,102.52,137.7,25.11,9.54,0.21,0.0
20230223:1010,201.7,239.71,30.85,10.38,0.55,0.0
20230223:1110,272.18,302.41,33.92,10.88,0.97,0.0
20230223:1210,277.71,299.98,33.83,11.01,1.1,0.0
20230223:1310,177.32,195.28,30.62,11.14,1.03,0.0
20230223:1410,39.52,55.33,24.75,11.0,0.83,0.0
20230223:1510,77.66,95.34,16.93,11.09,0.62,0.0
20230223:1610,21.27,35.03,7.79,10.84,0.55,0.0
20230223:1710,0.0,0.0,0.0,10.23,0.55,0.0
20230223:1810,0.0,0.0,0.0,9.88,0.41,0.0
20230223:1910,0.0,0.0,0.0,8.13,0.9,0.0
20230223:2010,0.0,0.0,0.0,7.79,0.9,0.0
20230223:2110,0.0,0.0,0.0,7.8,0.76,0.0
20230223:2210,0.0,0.0,0.0,7.45,0.83,0.0
20230223:2310,0.0,0.0,0.0,7.34,0.9,0.0
20230224:0010,0.0,0.0,0.0,7.36,0.83,0.0
20230224:0110,0.0,0.0,0.0,7.15,0.76,0.0
20230224:0210,0.0,0.0,0.0,6.89,0.83,0.0
20230224:0310,0.0,0.0,0.0,6.73,0.83,0.0
20230224:0410,0.0,0.0,0.0,6.85,0.69,0.0
20230224:0510,0.0,0.0,0.0,7.03,0.55,0.0
20230224:0610,0.0,0.0,0.0,7.07,0.41,0.0
20230224:0710,25.05,38.82,8.59,7.11,0.34,0.0
20230224:0810,56.95,72.9,17.69,7.88,0.28,0.0
20230224:0910,74.85,91.24,25.45,8.36,0.62,0.0
20230224:1010,52.01,67.94,31.21,8.66,0.97,0.0
20230224:1110,51.93,67.94,34.29,8.95,0.9,0.0
20230224:1210,38.93,54.35,34.2,9.35,0.55,0.0
20230224:1310,57.25,73.77,30.96,9.82,0.28,0.0
20230224:1410,121.99,139.6,25.06,10.28,0.28,0.0
20230224:1510,42.38,58.24,17.21,10.23,0.48,0.0
20230224:1610,22.2,35.97,8.05,9.9,0.48,0.0
20230224:1710,0.0,0.0,0.0,9.04,0.28,0.0
20230224:1810,0.0,0.0,0.0,8.75,0.41,0.0
20230224:1910,0.0,0.0,0.0,8.08,0.55,0.0
20230224:2010,0.0,0.0,0.0,7.95,0.62,0.0
20230224:2110,0.0,0.0,0.0,7.87,0.55,0.0
20230224:2210,0.0,0.0,0.0,7.52,0.97,0.0
20230224:2310,0.0,0.0,0.0,7.43,0.83,0.0
20230225:0010,0.0,0.0,0.0,7.11,0.76,0.0
20230225:0110,0.0,0.0,0.0,7.02,0.9,0.0
20230225:0210,0.0,0.0,0.0,6.86,1.1,0.0
20230225:0310,0.0,0.0,0.0,6.64,1.1,0.0
20230225:0410,0.0,0.0,0.0,6.09,1.17,0.0
20230225:0510,0.0,0.0,0.0,5.09,1.24,0.0
20230225:0610,0.0,0.0,0.0,4.05,1.31,0.0
20230225:0710,42.3,56.8,8.89,4.35,1.17,0.0
20230225:0810,112.15,127.81,18.01,6.99,0.62,0.0
20230225:0910,131.67,165.12,25.79,9.74,0.76,0.0
20230225:1010,153.27,211.79,31.58,11.1,1.03,0.0
20230225:1110,243.55,297.31,34.66,12.27,1.03,0.0
20230225:1210,308.53,356.02,34.56,13.27,0.69,0.0
20230225:1310,335.65,381.84,31.3,14.08,0.62,0.0
20230225:1410,314.2,357.56,25.37,14.35,0.9,0.0
20230225:1510,253.5,297.32,17.5,14.15,1.24,0.0
20230225:1610,128.1,167.31,8.31,13.44,1.24,0.0
20230225:1710,0.0,0.0,0.0,11.77,1.31,0.0
20230225:1810,0.0,0.0,0.0,10.09,1.03,0.0
20230225:1910,0.0,0.0,0.0,8.38,1.38,0.0
20230225:2010,0.0,0.0,0.0,6.68,1.66,0.0
20230225:2110,0.0,0.0,0.0,4.98,2.0,0.0
20230225:2210,0.0,0.0,0.0,4.03,2.28,0.0
20230225:2310,0.0,0.0,0.0,3.81,2.69,0.0
20230226:0010,0.0,0.0,0.0,3.87,2.97,0.0
20230226:0110,0.0,0.0,0.0,3.88,3.03,0.0
20230226:0210,0.0,0.0,0.0,3.74,2.97,0.0
20230226:0310,0.0,0.0,0.0,3.33,2.97,0.0
20230226:0410,0.0,0.0,0.0,2.78,2.76,0.0
20230226:0510,0.0,0.0,0.0,1.91,2.0,0.0
20230226:0610,0.0,0.0,0.0,1.89,1.24,0.0
20230226:0710,30.04,43.55,9.2,2.59,1.24,0.0
20230226:0810,65.95,80.47,18.34,2.87,0.34,0.0
20230226:0910,46.72,61.15,26.14,3.22,0.48,0.0
20230226:1010,38.36,52.41,31.94,2.89,0.76,0.0
20230226:1110,62.3,76.68,35.03,2.55,0.76,0.0
20230226:1210,47.72,62.12,34.93,3.13,0.9,0.0
20230226:1310,187.78,198.62,31.64,3.51,1.59,0.0
20230226:1410,197.33,209.02,25.69,4.07,1.93,0.0
20230226:1510,150.67,166.02,17.78,4.36,1.72,0.0
20230226:1610,36.58,51.34,8.57,4.25,1.1,0.0
20230226:1710,0.0,0.0,0.0,3.71,0.34,0.0
20230226:1810,0.0,0.0,0.0,3.0,0.55,0.0
20230226:1910,0.0,0.0,0.0,2.12,0.07,0.0
20230226:2010,0.0,0.0,0.0,1.53,0.34,0.0
20230226:2110,0.0,0.0,0.0,0.98,0.76,0.0
20230226:2210,0.0,0.0,0.0,0.8,0.9,0.0
20230226:2310,0.0,0.0,0.0,0.51,0.97,0.0
20230227:0010,0.0,0.0,0.0,0.24,0.76,0.0
20230227:0110,0.0,0.0,0.0,0.03,0.62,0.0
20230227:0210,0.0,0.0,0.0,0.04,0.69,0.0
20230227:0310,0.0,0.0,0.0,-0.06,0.62,0.0
20230227:0410,0.0,0.0,0.0,-0.11,0.55,0.0
20230227:0510,0.0,0.0,0.0,-0.14,0.55,0.0
20230227:0610,0.0,0.0,0.0,-0.07,0.48,0.0
20230227:0710,39.37,53.02,9.51,0.62,0.55,0.0
20230227:0810,105.09,118.34,18.67,1.73,0.34,0.0
20230227:0910,146.5,159.16,26.49,2.4,0.0,0.0
20230227:1010,253.68,271.03,32.31,3.11,0.48,0.0
20230227:1110,211.93,223.14,35.41,3.97,0.83,0.0
20230227:1210,220.14,231.61,35.3,4.6,0.97,0.0
20230227:1310,205.01,217.37,31.98,5.17,1.03,0.0
20230227:1410,155.63,169.1,26.0,5.3,1.52,0.0
20230227:1510,100.99,116.03,18.06,5.19,1.66,0.0
20230227:1610,11.97,23.29,8.83,4.74,1.72,0.0
20230227:1710,0.0,0.0,0.0,4.03,1.31,0.0
20230227:1810,0.0,0.0,0.0,3.38,1.24,0.0
20230227:1910,0.0,0.0,0.0,2.79,0.83,0.0
20230227:2010,0.0,0.0,0.0,2.57,0.48,0.0
20230227:2110,0.0,0.0,0.0,2.49,0.34,0.0
20230227:2210,0.0,0.0,0.0,2.24,0.34,0.0
20230227:2310,0.0,0.0,0.0,2.0,0.28,0.0
20230228:0010,0.0,0.0,0.0,1.54,0.34,0.0
20230228:0110,0.0,0.0,0.0,1.21,0.41,0.0
20230228:0210,0.0,0.0,0.0,0.95,0.55,0.0
20230228:0310,0.0,0.0,0.0,0.81,0.55,0.0
20230228:0410,0.0,0.0,0.0,0.68,0.62,0.0
20230228:0510,0.0,0.0,0.0,0.7,0.62,0.0
20230228:0610,0.0,0.0,0.0,0.64,0.48,0.0
20230228:0710,51.27,65.32,9.82,1.35,0.48,0.0
20230228:0810,129.55,142.01,19.0,2.04,0.55,0.0
20230228:0910,170.43,183.25,26.84,3.13,0.62,0.0
20230228:1010,222.78,235.34,32.68,4.11,0.62,0.0
20230228:1110,305.59,324.91,35.79,5.27,0.62,0.0
20230228:1210,260.24,274.48,35.67,6.23,0.41,0.0
20230228:1310,299.68,317.65,32.33,6.73,0.21,0.0
20230228:1410,315.78,341.61,26.31,7.34,0.28,0.0
20230228:1510,270.92,303.41,18.34,7.55,0.55,0.0
20230228:1610,155.87,191.36,9.09,7.31,0.83,0.0
20230228:1710,0.0,0.0,0.0,6.22,1.24,0.0
20230228:1810,0.0,0.0,0.0,4.18,1.1,0.0
20230228:1910,0.0,0.0,0.0,4.86,0.21,0.0
20230228:2010,0.0,0.0,0.0,4.25,0.62,0.0
20230228:2110,0.0,0.0,0.0,3.7,0.62,0.0
20230228:2210,0.0,0.0,0.0,3.25,0.62,0.0
20230228:2310,0.0,0.0,0.0,2.82,0.69,0.0
20230301:0010,0.0,0.0,0.0,0.82,0.83,0.0
20230301:0110,0.0,0.0,0.0,-1.53,1.17,0.0
20230301:0210,0.0,0.0,0.0,-1.13,1.38,0.0
20230301:0310,0.0,0.0,0.0,-1.1,1.72,0.0
20230301:0410,0.0,0.0,0.0,-0.96,1.66,0.0
20230301:0510,0.0,0.0,0.0,-0.69,1.45,0.0
20230301:0610,0.0,0.0,0.0,-0.75,1.17,0.0
20230301:0710,37.74,51.12,10.14,-0.34,1.03,0.0
20230301:0810,133.06,144.85,19.33,1.29,0.76,0.0
20230301:0910,80.47,131.76,27.2,2.92,0.48,0.0
20230301:1010,260.96,281.68,33.06,4.2,0.62,0.0
20230301:1110,287.48,327.39,36.17,5.64,0.9,0.0
20230301:1210,347.63,372.73,36.04,6.96,1.1,0.0
20230301:1310,316.79,333.49,32.67,7.35,1.66,0.0
20230301:1410,270.22,286.71,26.62,6.95,1.45,0.0
20230301:1510,89.36,105.1,18.63,6.68,1.45,0.0
20230301:1610,37.14,52.2,9.35,6.12,1.38,0.0
20230301:1710,0.0,0.0,0.0,5.29,1.31,0.0
20230301:1810,0.0,0.0,0.0,4.31,1.24,0.0
20230301:1910,0.0,0.0,0.0,3.9,1.31,0.0
20230301:2010,0.0,0.0,0.0,3.65,1.03,0.0
20230301:2110,0.0,0.0,0.0,3.51,0.97,0.0
20230301:2210,0.0,0.0,0.0,3.44,0.83,0.0
20230301:2310,0.0,0.0,0.0,3.2,0.76,0.0
20230302:0010,0.0,0.0,0.0,2.9,0.55,0.0
20230302:0110,0.0,0.0,0.0,2.83,0.55,0.0
20230302:0210,0.0,0.0,0.0,2.88,0.97,0.0
20230302:0310,0.0,0.0,0.0,3.1,1.31,0.0
20230302:0410,0.0,0.0,0.0,3.19,1.17,0.0
20230302:0510,0.0,0.0,0.0,2.9,1.24,0.0
20230302:0610,0.0,0.0,0.0,2.67,1.38,0.0
20230302:0710,38.88,53.02,10.46,3.27,1.1,0.0
20230302:0810,128.87,142.95,19.67,5.11,1.1,0.0
20230302:0910,184.01,199.9,27.56,6.55,1.1,0.0
20230302:1010,102.27,118.42,33.43,7.84,0.76,0.0
20230302:1110,303.53,326.14,36.56,8.9,0.69,0.0
20230302:1210,339.16,365.55,36.41,9.78,0.76,0.0
20230302:1310,372.67,406.74,33.02,10.23,0.9,0.0
20230302:1410,252.79,273.14,26.94,10.43,0.9,0.0
20230302:1510,220.25,244.92,18.91,10.4,0.9,0.0
20230302:1610,105.45,130.34,9.61,9.93,1.24,0.0
20230302:1710,0.0,0.0,0.0,8.84,1.38,0.0
20230302:1810,0.0,0.0,0.0,7.09,1.17,0.0
20230302:1910,0.0,0.0,0.0,6.06,0.83,0.0
20230302:2010,0.0,0.0,0.0,6.07,0.28,0.0
20230302:2110,0.0,0.0,0.0,5.48,0.55,0.0
20230302:2210,0.0,0.0,0.0,4.46,0.9,0.0
20230302:2310,0.0,0.0,0.0,3.24,1.03,0.0
20230303:0010,0.0,0.0,0.0,2.56,1.17,0.0
20230303:0110,0.0,0.0,0.0,0.81,1.45,0.0
20230303:0210,0.0,0.0,0.0,1.3,1.66,0.0
20230303:0310,0.0,0.0,0.0,0.93,1.79,0.0
20230303:0410,0.0,0.0,0.0,0.97,1.93,0.0
20230303:0510,0.0,0.0,0.0,0.8,2.07,0.0
20230303:0610,0.0,0.0,0.0,0.39,2.07,0.0
20230303:0710,58.97,72.9,10.78,1.16,1.45,0.0
20230303:0810,64.78,79.52,20.01,3.81,1.03,0.0
20230303:0910,100.61,151.75,27.92,7.09,0.41,0.0
20230303:1010,196.13,251.14,33.81,9.17,0.41,0.0
20230303:1110,295.25,341.9,36.94,10.51,0.97,0.0
20230303:1210,358.21,396.68,36.78,11.33,1.17,0.0
20230303:1310,386.4,423.42,33.36,11.84,1.24,0.0
20230303:1410,365.91,401.95,27.25,12.07,1.31,0.0
20230303:1510,181.33,202.95,19.19,11.96,1.45,0.0
20230303:1610,95.7,119.17,9.86,11.39,1.38,0.0
20230303:1710,0.0,0.0,0.0,10.1,1.52,0.0
20230303:1810,0.0,0.0,0.0,8.01,1.38,0.0
20230303:1910,0.0,0.0,0.0,7.5,1.1,0.0
20230303:2010,0.0,0.0,0.0,8.05,0.83,0.0
20230303:2110,0.0,0.0,0.0,7.47,0.76,0.0
20230303:2210,0.0,0.0,0.0,6.26,1.03,0.0
20230303:2310,0.0,0.0,0.0,4.42,1.31,0.0
20230304:0010,0.0,0.0,0.0,3.51,1.31,0.0
20230304:0110,0.0,0.0,0.0,3.05,1.38,0.0
20230304:0210,0.0,0.0,0.0,2.39,1.52,0.0
20230304:0310,0.0,0.0,0.0,1.67,1.66,0.0
20230304:0410,0.0,0.0,0.0,0.88,1.72,0.0
20230304:0510,0.0,0.0,0.0,0.64,1.72,0.0
20230304:0610,0.0,0.0,0.0,0.33,1.86,0.0
20230304:0710,34.64,48.28,11.11,1.8,1.45,0.0
20230304:0810,54.78,70.06,20.35,5.95,0.97,0.0
20230304:0910,85.04,144.69,28.28,8.79,0.41,0.0
20230304:1010,199.09,257.45,34.19,10.38,0.48,0.0
20230304:1110,301.67,347.81,37.33,11.38,0.83,0.0
20230304:1210,361.88,398.48,37.16,12.05,1.1,0.0
20230304:1310,384.09,420.8,33.71,12.53,1.1,0.0
20230304:1410,366.72,403.05,27.56,12.74,1.17,0.0
20230304:1510,302.04,339.06,19.47,12.68,1.24,0.0
20230304:1610,175.79,212.41,10.12,12.21,1.24,0.0
20230304:1710,0.0,0.0,0.0,10.92,1.17,0.0
20230304:1810,0.0,0.0,0.0,9.17,0.97,0.0
20230304:1910,0.0,0.0,0.0,9.65,0.41,0.0
20230304:2010,0.0,0.0,0.0,8.85,0.62,0.0
20230304:2110,0.0,0.0,0.0,6.97,1.24,0.0
20230304:2210,0.0,0.0,0.0,4.27,1.66,0.0
20230304:2310,0.0,0.0,0.0,2.99,1.79,0.0
20230305:0010,0.0,0.0,0.0,1.93,1.86,0.0
20230305:0110,0.0,0.0,0.0,0.85,2.0,0.0
20230305:0210,0.0,0.0,0.0,0.2,2.07,0.0
20230305:0310,0.0,0.0,0.0,-0.16,2.14,0.0
20230305:0410,0.0,0.0,0.0,-0.58,2.21,0.0
20230305:0510,0.0,0.0,0.0,-0.82,2.21,0.0
20230305:0610,0.0,0.0,0.0,-1.0,2.21,0.0
20230305:0710,35.85,49.23,11.43,0.13,1.86,0.0
20230305:0810,56.99,71.95,20.7,4.82,1.45,0.0
20230305:0910,89.94,150.62,28.65,8.15,0.97,0.0
20230305:1010,207.53,265.6,34.58,10.32,0.55,0.0
20230305:1110,312.13,359.93,37.72,11.56,0.9,0.0
20230305:1210,378.43,419.09,37.54,12.24,1.17,0.0
20230305:1310,405.42,444.0,34.06,12.67,1.24,0.0
20230305:1410,380.29,417.08,27.87,12.82,1.24,0.0
20230305:1510,312.64,349.73,19.75,12.67,1.17,0.0
20230305:1610,185.02,221.83,10.38,12.09,1.03,0.0
20230305:1710,0.0,0.0,0.0,10.64,0.9,0.0
20230305:1810,0.0,0.0,0.0,10.18,0.48,0.0
20230305:1910,0.0,0.0,0.0,7.15,1.38,0.0
20230305:2010,0.0,0.0,0.0,7.27,1.03,0.0
20230305:2110,0.0,0.0,0.0,7.14,0.76,0.0
20230305:2210,0.0,0.0,0.0,6.35,0.41,0.0
20230305:2310,0.0,0.0,0.0,5.66,0.28,0.0
20230306:0010,0.0,0.0,0.0,5.12,0.41,0.0
20230306:0110,0.0,0.0,0.0,5.04,0.55,0.0
20230306:0210,0.0,0.0,0.0,5.0,0.55,0.0
20230306:0310,0.0,0.0,0.0,4.84,0.62,0.0
20230306:0410,0.0,0.0,0.0,4.67,0.62,0.0
20230306:0510,0.0,0.0,0.0,4.71,0.55,0.0
20230306:0610,0.0,0.95,1.71,4.39,0.69,0.0
20230306:0710,59.78,74.79,11.76,4.64,0.69,0.0
20230306:0810,138.01,152.42,21.04,5.8,0.76,0.0
20230306:0910,208.17,226.99,29.01,6.98,1.1,0.0
20230306:1010,259.86,276.94,34.96,7.82,1.24,0.0
20230306:1110,332.74,360.61,38.11,8.4,1.24,0.0
20230306:1210,365.11,388.25,37.91,8.8,1.31,0.0
20230306:1310,374.7,398.33,34.41,8.96,1.17,0.0
20230306:1410,343.93,368.22,28.18,9.09,0.83,0.0
20230306:1510,303.84,334.46,20.03,9.23,0.48,0.0
20230306:1610,174.63,206.32,10.63,9.01,0.07,0.0
20230306:1710,0.0,0.0,0.0,8.31,0.34,0.0
20230306:1810,0.0,0.0,0.0,6.5,0.9,0.0
20230306:1910,0.0,0.0,0.0,5.07,1.38,0.0
20230306:2010,0.0,0.0,0.0,4.7,1.31,0.0
20230306:2110,0.0,0.0,0.0,4.6,1.17,0.0
20230306:2210,0.0,0.0,0.0,4.36,1.24,0.0
20230306:2310,0.0,0.0,0.0,3.92,1.38,0.0
20230307:0010,0.0,0.0,0.0,3.63,1.45,0.0
20230307:0110,0.0,0.0,0.0,3.68,1.45,0.0
20230307:0210,0.0,0.0,0.0,3.64,1.45,0.0
20230307:0310,0.0,0.0,0.0,2.97,1.52,0.0
20230307:0410,0.0,0.0,0.0,2.51,1.52,0.0
20230307:0510,0.0,0.0,0.0,2.68,1.52,0.0
20230307:0610,0.0,2.84,2.04,3.01,1.52,0.0
20230307:0710,62.9,77.63,12.09,3.79,1.03,0.0
20230307:0810,130.44,145.85,21.39,5.6,0.76,0.0
20230307:0910,164.75,179.96,29.38,6.87,0.48,0.0
20230307:1010,265.9,284.84,35.35,8.0,0.48,0.0
20230307:1110,338.11,365.78,38.51,8.66,0.9,0.0
20230307:1210,357.54,379.27,38.29,9.1,1.17,0.0
20230307:1310,239.42,255.31,34.75,9.14,1.17,0.0
20230307:1410,109.45,126.18,28.49,9.11,0.83,0.0
20230307:1510,147.77,164.98,20.31,8.93,0.83,0.0
20230307:1610,82.17,101.15,10.89,8.69,0.97,0.0
20230307:1710,0.0,0.0,0.0,7.94,1.03,0.0
20230307:1810,0.0,0.0,0.0,6.98,1.03,0.0
20230307:1910,0.0,0.0,0.0,6.72,1.38,0.0
20230307:2010,0.0,0.0,0.0,6.26,1.45,0.0
20230307:2110,0.0,0.0,0.0,5.94,1.38,0.0
20230307:2210,0.0,0.0,0.0,5.52,1.24,0.0
20230307:2310,0.0,0.0,0.0,4.25,1.24,0.0
20230308:0010,0.0,0.0,0.0,3.38,1.31,0.0
20230308:0110,0.0,0.0,0.0,2.76,1.31,0.0
20230308:0210,0.0,0.0,0.0,2.06,1.31,0.0
20230308:0310,0.0,0.0,0.0,1.28,1.38,0.0
20230308:0410,0.0,0.0,0.0,0.15,1.66,0.0
20230308:0510,0.0,0.0,0.0,0.34,1.66,0.0
20230308:0610,0.0,3.79,2.36,1.21,1.72,0.0
20230308:0710,68.95,83.31,12.43,2.72,1.1,0.0
20230308:0810,56.69,78.27,21.74,6.15,0.69,0.0
20230308:0910,120.31,175.94,29.75,8.42,0.48,0.0
20230308:1010,256.16,297.2,35.74,9.3,0.41,0.0
20230308:1110,335.15,371.5,38.9,10.43,0.48,0.0
20230308:1210,384.76,418.2,38.67,10.79,0.69,0.0
20230308:1310,337.92,360.86,35.1,10.98,0.9,0.0
20230308:1410,262.03,281.47,28.8,10.83,1.03,0.0
20230308:1510,260.62,286.28,20.58,10.48,0.14,0.0
20230308:1610,120.86,144.03,11.14,10.16,0.41,0.0
20230308:1710,0.0,0.0,0.0,9.38,0.9,0.0
20230308:1810,0.0,0.0,0.0,8.24,1.52,0.0
20230308:1910,0.0,0.0,0.0,7.9,1.66,0.0
20230308:2010,0.0,0.0,0.0,7.67,1.52,0.0
20230308:2110,0.0,0.0,0.0,7.47,1.45,0.0
20230308:2210,0.0,0.0,0.0,7.3,1.52,0.0
20230308:2310,0.0,0.0,0.0,7.03,1.31,0.0
20230309:0010,0.0,0.0,0.0,6.83,1.38,0.0
20230309:0110,0.0,0.0,0.0,6.85,1.45,0.0
20230309:0210,0.0,0.0,0.0,6.85,1.52,0.0
20230309:0310,0.0,0.0,0.0,6.73,1.59,0.0
20230309:0410,0.0,0.0,0.0,6.34,1.38,0.0
20230309:0510,0.0,0.0,0.0,4.97,1.38,0.0
20230309:0610,2.0,9.47,2.68,4.25,1.31,0.0
20230309:0710,41.26,55.86,12.76,4.92,0.97,0.0
20230309:0810,30.98,57.36,22.1,8.14,0.41,0.0
20230309:0910,112.99,175.06,30.13,10.02,0.62,0.0
20230309:1010,235.46,288.95,36.13,11.22,0.83,0.0
20230309:1110,337.48,376.56,39.29,12.39,0.48,0.0
20230309:1210,393.71,437.62,39.05,13.53,0.21,0.0
20230309:1310,412.85,457.26,35.45,14.48,0.07,0.0
20230309:1410,346.25,381.83,29.11,15.02,0.14,0.0
20230309:1510,325.77,366.05,20.86,15.23,0.48,0.0
20230309:1610,92.48,114.89,11.4,14.91,0.55,0.0
20230309:1710,0.0,0.0,0.0,13.48,0.76,0.0
20230309:1810,0.0,0.0,0.0,12.13,0.97,0.0
20230309:1910,0.0,0.0,0.0,12.58,0.9,0.0
20230309:2010,0.0,0.0,0.0,11.76,0.97,0.0
20230309:2110,0.0,0.0,0.0,10.91,0.76,0.0
20230309:2210,0.0,0.0,0.0,9.99,0.41,0.0
20230309:2310,0.0,0.0,0.0,9.09,0.14,0.0
20230310:0010,0.0,0.0,0.0,8.28,0.14,0.0
20230310:0110,0.0,0.0,0.0,7.9,0.76,0.0
20230310:0210,0.0,0.0,0.0,6.52,1.17,0.0
20230310:0310,0.0,0.0,0.0,6.54,1.03,0.0
20230310:0410,0.0,0.0,0.0,6.33,1.03,0.0
20230310:0510,0.0,0.0,0.0,6.17,1.17,0.0
20230310:0610,0.0,1.89,3.01,6.35,1.24,0.0
20230310:0710,54.45,70.06,13.1,7.14,0.83,0.0
20230310:0810,106.41,123.01,22.45,8.5,0.62,0.0
20230310:0910,194.4,212.33,30.5,9.3,0.69,0.0
20230310:1010,291.53,319.63,36.52,9.99,1.03,0.0
20230310:1110,348.34,382.33,39.69,11.41,0.83,0.0
20230310:1210,377.77,406.42,39.43,12.45,1.38,0.0
20230310:1310,397.35,426.65,35.79,13.27,2.0,0.0
20230310:1410,391.3,422.69,29.42,13.83,2.21,0.0
20230310:1510,336.82,371.36,21.14,14.08,2.0,0.0
20230310:1610,73.92,93.65,11.65,13.99,1.45,0.0
20230310:1710,0.0,0.0,0.0,12.75,0.76,0.0
20230310:1810,0.0,0.0,0.0,10.55,1.72,0.0
20230310:1910,0.0,0.0,0.0,9.22,1.66,0.0
20230310:2010,0.0,0.0,0.0,8.58,1.86,0.0
20230310:2110,0.0,0.0,0.0,8.11,1.93,0.0
20230310:2210,0.0,0.0,0.0,7.74,1.86,0.0
20230310:2310,0.0,0.0,0.0,6.87,1.93,0.0
20230311:0010,0.0,0.0,0.0,5.96,2.0,0.0
20230311:0110,0.0,0.0,0.0,4.98,2.07,0.0
20230311:0210,0.0,0.0,0.0,4.22,2.14,0.0
20230311:0310,0.0,0.0,0.0,3.83,2.28,0.0
20230311:0410,0.0,0.0,0.0,3.86,2.48,0.0
20230311:0510,0.0,0.0,0.0,4.12,2.41,0.0
20230311:0610,3.18,11.36,3.34,3.67,2.55,0.0
20230311:0710,51.16,66.27,13.44,5.94,2.07,0.0
20230311:0810,34.73,68.6,22.8,9.33,2.14,0.0
20230311:0910,222.24,250.02,30.88,11.17,2.76,0.0
20230311:1010,251.41,303.23,36.91,12.61,3.31,0.0
20230311:1110,354.21,394.89,40.09,13.68,3.52,0.0
20230311:1210,419.04,453.97,39.81,14.45,3.72,0.0
20230311:1310,444.75,477.81,36.14,14.96,3.86,0.0
20230311:1410,414.08,446.09,29.73,15.19,3.72,0.0
20230311:1510,345.68,378.81,21.41,14.99,3.52,0.0
20230311:1610,212.23,246.17,11.9,14.3,2.9,0.0
20230311:1710,0.0,3.79,1.73,12.92,2.76,0.0
20230311:1810,0.0,0.0,0.0,11.5,2.9,0.0
20230311:1910,0.0,0.0,0.0,11.37,3.31,0.0
20230311:2010,0.0,0.0,0.0,10.5,3.17,0.0
20230311:2110,0.0,0.0,0.0,9.62,2.97,0.0
20230311:2210,0.0,0.0,0.0,8.65,2.76,0.0
20230311:2310,0.0,0.0,0.0,7.49,2.34,0.0
20230312:0010,0.0,0.0,0.0,6.1,1.79,0.0
20230312:0110,0.0,0.0,0.0,6.38,1.24,0.0
20230312:0210,0.0,0.0,0.0,7.67,0.9,0.0
20230312:0310,0.0,0.0,0.0,7.3,0.48,0.0
20230312:0410,0.0,0.0,0.0,7.07,0.34,0.0
20230312:0510,0.0,0.0,0.0,6.78,0.76,0.0
20230312:0610,7.08,17.04,3.67,5.13,1.1,0.0
20230312:0710,41.67,56.8,13.78,7.21,0.69,0.0
20230312:0810,37.11,74.5,23.16,9.14,0.97,0.0
20230312:0910,135.11,196.12,31.25,10.16,1.38,0.0
20230312:1010,259.98,310.8,37.31,10.93,1.38,0.0
20230312:1110,360.88,402.84,40.49,11.95,1.1,0.0
20230312:1210,425.87,466.73,40.19,13.17,0.9,0.0
20230312:1310,445.06,484.25,36.49,13.89,1.03,0.0
20230312:1410,422.58,459.8,30.04,14.23,1.24,0.0
20230312:1510,345.76,380.4,21.69,14.17,1.45,0.0
20230312:1610,218.58,252.34,12.15,13.61,1.52,0.0
20230312:1710,0.01,5.68,1.97,12.41,1.31,0.0
20230312:1810,0.0,0.0,0.0,10.44,1.31,0.0
20230312:1910,0.0,0.0,0.0,9.65,1.31,0.0
20230312:2010,0.0,0.0,0.0,8.94,1.24,0.0
20230312:2110,0.0,0.0,0.0,8.78,1.1,0.0
20230312:2210,0.0,0.0,0.0,7.37,1.31,0.0
20230312:2310,0.0,0.0,0.0,6.7,1.24,0.0
20230313:0010,0.0,0.0,0.0,6.35,1.17,0.0
20230313:0110,0.0,0.0,0.0,5.3,1.17,0.0
20230313:0210,0.0,0.0,0.0,4.71,1.17,0.0
20230313:0310,0.0,0.0,0.0,4.23,1.17,0.0
20230313:0410,0.0,0.0,0.0,3.6,1.31,0.0
20230313:0510,0.0,0.0,0.0,3.48,1.38,0.0
20230313:0610,7.85,17.99,4.0,3.73,1.24,0.0
20230313:0710,82.7,98.46,14.12,6.62,0.62,0.0
20230313:0810,112.14,128.95,23.52,8.84,0.62,0.0
20230313:0910,231.41,255.88,31.63,10.23,0.97,0.0
20230313:1010,302.53,330.64,37.7,11.17,0.97,0.0
20230313:1110,362.67,395.91,40.89,12.05,1.1,0.0
20230313:1210,363.3,389.86,40.57,12.66,1.03,0.0
20230313:1310,339.3,363.44,36.83,12.68,1.03,0.0
20230313:1410,217.59,237.06,30.34,12.65,1.24,0.0
20230313:1510,211.53,232.3,21.96,12.36,1.17,0.0
20230313:1610,46.27,62.88,12.4,12.0,1.1,0.0
20230313:1710,0.0,0.95,2.2,11.37,0.83,0.0
20230313:1810,0.0,0.0,0.0,10.62,0.69,0.0
20230313:1910,0.0,0.0,0.0,9.71,0.76,0.0
20230313:2010,0.0,0.0,0.0,9.4,0.83,0.0
20230313:2110,0.0,0.0,0.0,9.2,1.1,0.0
20230313:2210,0.0,0.0,0.0,8.86,1.31,0.0
20230313:2310,0.0,0.0,0.0,8.62,1.66,0.0
20230314:0010,0.0,0.0,0.0,8.23,1.86,0.0
20230314:0110,0.0,0.0,0.0,8.02,1.93,0.0
20230314:0210,0.0,0.0,0.0,7.9,1.45,0.0
20230314:0310,0.0,0.0,0.0,7.75,1.31,0.0
20230314:0410,0.0,0.0,0.0,7.64,1.17,0.0
20230314:0510,0.0,0.0,0.0,7.51,1.24,0.0
20230314:0610,1.42,8.52,4.34,7.38,1.38,0.0
20230314:0710,9.13,19.88,14.47,7.1,1.24,0.0
20230314:0810,37.5,52.41,23.88,7.56,1.31,0.0
20230314:0910,108.07,124.24,32.01,8.18,1.1,0.0
20230314:1010,250.65,267.07,38.1,9.14,1.31,0.0
20230314:1110,329.18,350.5,41.29,10.66,1.1,0.0
20230314:1210,405.24,437.01,40.95,11.98,0.62,0.0
20230314:1310,399.38,430.52,37.18,12.7,0.48,0.0
20230314:1410,367.23,399.05,30.65,13.58,0.21,0.0
20230314:1510,102.19,121.51,22.23,13.88,0.34,0.0
20230314:1610,91.56,112.07,12.65,13.93,1.03,0.0
20230314:1710,0.0,1.94,2.44,13.01,1.59,0.0
20230314:1810,0.0,0.0,0.0,11.27,2.21,0.0
20230314:1910,0.0,0.0,0.0,9.9,2.41,0.0
20230314:2010,0.0,0.0,0.0,8.74,2.69,0.0
20230314:2110,0.0,0.0,0.0,8.08,2.76,0.0
20230314:2210,0.0,0.0,0.0,6.95,2.69,0.0
20230314:2310,0.0,0.0,0.0,5.89,2.62,0.0
20230315:0010,0.0,0.0,0.0,5.12,2.69,0.0
20230315:0110,0.0,0.0,0.0,4.54,2.62,0.0
20230315:0210,0.0,0.0,0.0,3.7,2.41,0.0
20230315:0310,0.0,0.0,0.0,2.82,2.34,0.0
20230315:0410,0.0,0.0,0.0,2.4,2.55,0.0
20230315:0510,0.0,0.0,0.0,3.07,3.17,0.0
20230315:0610,14.66,26.51,4.67,4.3,3.59,0.0
20230315:0710,42.98,57.75,14.81,5.94,4.07,0.0
20230315:0810,44.08,90.83,24.24,7.21,3.79,0.0
20230315:0910,159.88,219.39,32.39,8.28,4.0,0.0
20230315:1010,294.22,338.08,38.5,9.24,3.79,0.0
20230315:1110,402.85,435.23,41.69,10.16,3.52,0.0
20230315:1210,470.8,498.71,41.34,10.85,3.17,0.0
20230315:1310,490.38,516.72,37.52,11.33,3.03,0.0
20230315:1410,454.96,480.61,30.95,11.57,2.83,0.0
20230315:1510,305.54,327.09,22.5,11.49,2.41,0.0
20230315:1610,255.93,287.03,12.9,11.11,1.59,0.0
20230315:1710,5.76,16.32,2.68,9.65,0.9,0.0
20230315:1810,0.0,0.0,0.0,8.04,1.1,0.0
20230315:1910,0.0,0.0,0.0,5.98,1.66,0.0
20230315:2010,0.0,0.0,0.0,5.04,1.66,0.0
20230315:2110,0.0,0.0,0.0,3.63,1.93,0.0
20230315:2210,0.0,0.0,0.0,2.84,2.0,0.0
20230315:2310,0.0,0.0,0.0,2.09,2.07,0.0
20230316:0010,0.0,0.0,0.0,1.5,2.14,0.0
20230316:0110,0.0,0.0,0.0,1.17,2.14,0.0
20230316:0210,0.0,0.0,0.0,0.97,2.0,0.0
20230316:0310,0.0,0.0,0.0,0.78,1.93,0.0
20230316:0410,0.0,0.0,0.0,0.77,1.79,0.0
20230316:0510,0.0,0.0,0.0,0.62,1.72,0.0
20230316:0610,13.34,24.61,5.01,0.62,1.66,0.0
20230316:0710,49.27,63.43,15.15,2.11,1.31,0.0
20230316:0810,56.1,102.33,24.6,6.96,0.97,0.0
20230316:0910,168.39,224.73,32.77,8.77,1.31,0.0
20230316:1010,293.88,337.7,38.89,9.6,1.59,0.0
20230316:1110,396.0,430.59,42.09,10.25,1.72,0.0
20230316:1210,460.89,492.17,41.72,10.71,1.59,0.0
20230316:1310,481.7,512.46,37.86,11.02,1.38,0.0
20230316:1410,455.34,485.21,31.26,10.98,1.17,0.0
20230316:1510,365.72,393.84,22.77,10.97,0.97,0.0
20230316:1610,232.69,260.95,13.15,10.56,0.83,0.0
20230316:1710,5.58,15.98,2.91,9.83,0.55,0.0
20230316:1810,0.0,0.0,0.0,9.11,0.34,0.0
20230316:1910,0.0,0.0,0.0,8.84,0.55,0.0
20230316:2010,0.0,0.0,0.0,8.07,0.69,0.0
20230316:2110,0.0,0.0,0.0,7.09,1.03,0.0
20230316:2210,0.0,0.0,0.0,5.8,1.1,0.0
20230316:2310,0.0,0.0,0.0,5.18,1.17,0.0
20230317:0010,0.0,0.0,0.0,4.42,1.24,0.0
20230317:0110,0.0,0.0,0.0,3.53,1.31,0.0
20230317:0210,0.0,0.0,0.0,2.77,1.38,0.0
20230317:0310,0.0,0.0,0.0,2.22,1.31,0.0
20230317:0410,0.0,0.0,0.0,1.8,1.31,0.0
20230317:0510,0.0,0.0,0.0,1.43,1.24,0.0
20230317:0610,14.89,26.51,5.34,1.21,1.24,0.0
20230317:0710,61.05,75.74,15.5,3.59,0.9,0.0
20230317:0810,79.61,122.9,24.96,7.01,0.55,0.0
20230317:0910,189.7,239.32,33.15,7.93,0.07,0.0
20230317:1010,318.43,353.06,39.29,8.91,0.14,0.0
20230317:1110,386.2,415.12,42.49,9.66,0.28,0.0
20230317:1210,443.23,476.64,42.1,10.37,0.28,0.0
20230317:1310,444.4,475.08,38.21,10.85,0.41,0.0
20230317:1410,394.23,420.67,31.56,11.11,0.55,0.0
20230317:1510,289.03,311.54,23.04,11.12,0.62,0.0
20230317:1610,144.73,165.97,13.39,10.81,0.69,0.0
20230317:1710,1.5,8.74,3.15,10.16,0.62,0.0
20230317:1810,0.0,0.0,0.0,9.42,0.41,0.0
20230317:1910,0.0,0.0,0.0,8.54,0.14,0.0
20230317:2010,0.0,0.0,0.0,8.0,0.55,0.0
20230317:2110,0.0,0.0,0.0,7.4,0.9,0.0
20230317:2210,0.0,0.0,0.0,6.16,1.03,0.0
20230317:2310,0.0,0.0,0.0,5.11,1.17,0.0
20230318:0010,0.0,0.0,0.0,3.8,1.38,0.0
20230318:0110,0.0,0.0,0.0,2.76,1.59,0.0
20230318:0210,0.0,0.0,0.0,2.07,1.59,0.0
20230318:0310,0.0,0.0,0.0,1.48,1.66,0.0
20230318:0410,0.0,0.0,0.0,1.13,1.45,0.0
20230318:0510,0.0,0.0,0.0,1.13,1.38,0.0
20230318:0610,17.35,29.35,5.68,1.14,1.45,0.0
20230318:0710,50.61,65.32,15.85,4.14,0.97,0.0
20230318:0810,66.6,115.87,25.32,8.36,0.41,0.0
20230318:0910,178.95,236.16,33.53,10.15,0.55,0.0
20230318:1010,305.17,350.75,39.69,11.17,1.03,0.0
20230318:1110,402.71,440.44,42.89,12.02,1.24,0.0
20230318:1210,464.71,500.65,42.48,12.64,1.24,0.0
20230318:1310,476.88,513.1,38.55,13.14,0.97,0.0
20230318:1410,449.19,484.33,31.86,13.38,0.83,0.0
20230318:1510,287.28,312.28,23.31,13.4,0.76,0.0
20230318:1610,232.29,261.94,13.64,13.06,0.76,0.0
20230318:1710,3.77,12.62,3.38,12.28,0.9,0.0
20230318:1810,0.0,0.0,0.0,10.61,0.9,0.0
20230318:1910,0.0,0.0,0.0,10.56,0.14,0.0
20230318:2010,0.0,0.0,0.0,10.05,0.41,0.0
20230318:2110,0.0,0.0,0.0,9.46,0.76,0.0
20230318:2210,0.0,0.0,0.0,7.73,1.1,0.0
20230318:2310,0.0,0.0,0.0,6.56,1.24,0.0
20230319:0010,0.0,0.0,0.0,5.73,1.38,0.0
20230319:0110,0.0,0.0,0.0,4.97,1.45,0.0
20230319:0210,0.0,0.0,0.0,4.65,1.45,0.0
20230319:0310,0.0,0.0,0.0,4.37,1.45,0.0
20230319:0410,0.0,0.0,0.0,4.27,1.38,0.0
20230319:0510,0.0,0.0,0.0,4.2,1.38,0.0
20230319:0610,20.38,33.13,6.02,4.11,1.38,0.0
20230319:0710,79.04,94.67,16.19,6.38,0.83,0.0
20230319:0810,112.91,153.5,25.68,9.7,0.28,0.0
20230319:0910,194.62,247.45,33.91,11.07,0.21,0.0
20230319:1010,320.24,359.61,40.09,11.81,0.62,0.0
20230319:1110,387.19,417.66,43.29,12.48,0.9,0.0
20230319:1210,315.54,337.54,42.86,12.89,1.31,0.0
20230319:1310,260.72,280.49,38.89,12.62,1.31,0.0
20230319:1410,136.71,155.3,32.16,12.25,0.83,0.0
20230319:1510,68.8,86.39,23.57,11.85,0.21,0.0
20230319:1610,126.28,146.61,13.88,11.65,0.62,0.0
20230319:1710,2.6,10.68,3.61,11.08,1.03,0.0
20230319:1810,0.0,0.0,0.0,9.75,1.38,0.0
20230319:1910,0.0,0.0,0.0,8.48,1.17,0.0
20230319:2010,0.0,0.0,0.0,7.47,1.17,0.0
20230319:2110,0.0,0.0,0.0,7.03,1.1,0.0
20230319:2210,0.0,0.0,0.0,6.18,1.24,0.0
20230319:2310,0.0,0.0,0.0,5.33,1.31,0.0
20230320:0010,0.0,0.0,0.0,4.64,1.38,0.0
20230320:0110,0.0,0.0,0.0,4.0,1.31,0.0
20230320:0210,0.0,0.0,0.0,3.41,1.38,0.0
20230320:0310,0.0,0.0,0.0,2.67,1.52,0.0
20230320:0410,0.0,0.0,0.0,2.04,1.59,0.0
20230320:0510,0.0,0.0,0.0,1.78,1.52,0.0
20230320:0610,21.47,34.08,6.36,1.83,1.52,0.0
20230320:0710,60.87,75.74,16.54,4.27,1.03,0.0
20230320:0810,78.45,129.26,26.05,7.64,0.55,0.0
20230320:0910,192.54,248.55,34.3,10.35,0.48,0.0
20230320:1010,316.69,362.04,40.49,12.02,0.69,0.0
20230320:1110,412.96,453.89,43.69,13.21,0.83,0.0
20230320:1210,475.55,515.93,43.24,14.14,1.03,0.0
20230320:1310,488.48,525.97,39.23,14.56,1.38,0.0
20230320:1410,464.66,499.39,32.46,14.76,1.66,0.0
20230320:1510,388.14,419.99,23.84,14.63,1.72,0.0
20230320:1610,259.83,290.89,14.12,14.22,1.59,0.0
20230320:1710,7.75,18.97,3.84,13.15,1.52,0.0
20230320:1810,0.0,0.0,0.0,11.44,1.52,0.0
20230320:1910,0.0,0.0,0.0,9.76,1.31,0.0
20230320:2010,0.0,0.0,0.0,8.8,1.31,0.0
20230320:2110,0.0,0.0,0.0,8.51,1.17,0.0
20230320:2210,0.0,0.0,0.0,9.29,0.9,0.0
20230320:2310,0.0,0.0,0.0,8.97,0.9,0.0
20230321:0010,0.0,0.0,0.0,7.03,1.17,0.0
20230321:0110,0.0,0.0,0.0,4.74,1.45,0.0
20230321:0210,0.0,0.0,0.0,4.13,1.31,0.0
20230321:0310,0.0,0.0,0.0,4.46,1.45,0.0
20230321:0410,0.0,0.0,0.0,4.5,1.66,0.0
20230321:0510,0.0,0.0,0.0,4.09,1.72,0.0
20230321:0610,24.63,37.87,6.7,3.97,1.86,0.0
20230321:0710,0.0,0.0,0.0,7.16,1.17,0.0
20230321:0810,0.0,0.0,0.0,10.61,0.69,0.0
20230321:0910,238.22,280.47,34.68,12.53,0.34,0.0
20230321:1010,337.57,373.73,40.89,13.75,0.83,0.0
20230321:1110,411.88,452.58,44.09,14.67,1.1,0.0
20230321:1210,465.4,505.41,43.61,15.34,1.24,0.0
20230321:1310,453.89,490.9,39.57,15.77,1.24,0.0
20230321:1410,412.89,446.94,32.75,15.98,1.17,0.0
20230321:1510,299.43,327.17,24.1,15.88,1.1,0.0
20230321:1610,139.64,162.59,14.36,15.42,1.03,0.0
20230321:1710,10.51,22.73,4.08,14.62,0.9,0.0
20230321:1810,0.0,0.0,0.0,13.83,0.55,0.0
20230321:1910,0.0,0.0,0.0,13.51,0.14,0.0
20230321:2010,0.0,0.0,0.0,12.94,0.48,0.0
20230321:2110,0.0,0.0,0.0,11.28,1.1,0.0
20230321:2210,0.0,0.0,0.0,9.09,1.45,0.0
20230321:2310,0.0,0.0,0.0,7.9,1.52,0.0
20230322:0010,0.0,0.0,0.0,6.86,1.59,0.0
20230322:0110,0.0,0.0,0.0,5.97,1.66,0.0
20230322:0210,0.0,0.0,0.0,5.36,1.72,0.0
20230322:0310,0.0,0.0,0.0,4.69,1.72,0.0
20230322:0410,0.0,0.0,0.0,4.17,1.72,0.0
20230322:0510,0.0,0.0,0.0,3.76,1.79,0.0
20230322:0610,24.65,37.87,7.04,3.81,1.72,0.0
20230322:0710,0.0,0.0,0.0,7.58,1.17,0.0
20230322:0810,93.68,146.18,26.77,12.38,0.55,0.0
20230322:0910,203.67,261.11,35.06,14.23,0.28,0.0
20230322:1010,324.93,373.61,41.29,15.18,0.76,0.0
20230322:1110,419.82,464.89,44.49,15.92,0.97,0.0
20230322:1210,479.13,524.85,43.99,16.66,1.03,0.0
20230322:1310,491.51,536.39,39.91,17.09,1.1,0.0
20230322:1410,455.73,496.34,33.05,17.38,1.31,0.0
20230322:1510,379.83,415.68,24.36,17.27,1.45,0.0
20230322:1610,264.29,298.04,14.6,16.83,1.38,0.0
20230322:1710,22.64,39.09,4.31,15.98,0.97,0.0
20230322:1810,0.0,0.0,0.0,14.74,0.76,0.0
20230322:1910,0.0,0.0,0.0,14.95,0.48,0.0
20230322:2010,0.0,0.0,0.0,14.02,0.9,0.0
20230322:2110,0.0,0.0,0.0,13.22,0.69,0.0
20230322:2210,0.0,0.0,0.0,12.59,0.28,0.0
20230322:2310,0.0,0.0,0.0,11.6,0.34,0.0
20230323:0010,0.0,0.0,0.0,10.73,0.62,0.0
20230323:0110,0.0,0.0,0.0,10.19,0.83,0.0
20230323:0210,0.0,0.0,0.0,8.63,1.03,0.0
20230323:0310,0.0,0.0,0.0,7.79,1.24,0.0
20230323:0410,0.0,0.0,0.0,7.3,1.38,0.0
20230323:0510,0.0,0.0,0.0,7.0,1.52,0.0
20230323:0610,30.2,44.5,7.38,7.24,1.24,0.0
20230323:0710,96.77,113.61,17.58,9.03,0.41,0.0
20230323:0810,100.88,152.85,27.13,11.86,0.28,0.0
20230323:0910,212.39,266.87,35.44,13.19,0.55,0.0
20230323:1010,337.76,380.04,41.69,14.47,0.69,0.0
20230323:1110,419.26,460.13,44.89,15.31,1.1,0.0
20230323:1210,472.01,512.52,44.37,15.92,1.31,0.0
20230323:1310,494.15,535.29,40.24,16.26,1.31,0.0
20230323:1410,453.84,491.94,33.34,16.52,1.24,0.0
20230323:1510,392.05,427.57,24.62,16.45,1.24,0.0
20230323:1610,137.27,159.97,14.84,16.03,1.31,0.0
20230323:1710,11.82,24.41,4.54,15.2,1.24,0.0
20230323:1810,0.0,0.0,0.0,13.72,1.38,0.0
20230323:1910,0.0,0.0,0.0,12.77,1.17,0.0
20230323:2010,0.0,0.0,0.0,11.74,1.24,0.0
20230323:2110,0.0,0.0,0.0,11.15,1.03,0.0
20230323:2210,0.0,0.0,0.0,10.79,0.83,0.0
20230323:2310,0.0,0.0,0.0,10.3,0.76,0.0
20230324:0010,0.0,0.0,0.0,10.11,0.62,0.0
20230324:0110,0.0,0.0,0.0,9.82,0.34,0.0
20230324:0210,0.0,0.0,0.0,9.46,0.21,0.0
20230324:0310,0.0,0.0,0.0,9.03,0.28,0.0
20230324:0410,0.0,0.0,0.0,8.89,0.28,0.0
20230324:0510,0.0,0.0,0.0,8.7,0.41,0.0
20230324:0610,9.76,20.83,7.71,8.72,0.48,0.0
20230324:0710,36.69,52.07,17.93,9.91,0.34,0.0
20230324:0810,46.86,63.09,27.5,10.62,0.41,0.0
20230324:0910,68.13,85.41,35.82,11.26,0.69,0.0
20230324:1010,61.44,78.62,42.08,11.67,0.83,0.0
20230324:1110,77.32,95.12,45.29,12.11,0.97,0.0
20230324:1210,77.24,95.12,44.75,12.29,0.9,0.0
20230324:1310,75.17,93.18,40.58,12.73,0.76,0.0
20230324:1410,61.99,79.59,33.63,12.74,0.34,0.0
20230324:1510,42.79,59.21,24.88,12.51,0.48,0.0
20230324:1610,43.72,60.18,15.08,12.45,0.69,0.0
20230324:1710,6.4,16.5,4.77,12.02,0.55,0.0
20230324:1810,0.0,0.0,0.0,11.32,0.62,0.0
20230324:1910,0.0,0.0,0.0,10.76,0.48,0.0
20230324:2010,0.0,0.0,0.0,10.69,0.28,0.0
20230324:2110,0.0,0.0,0.0,10.44,0.41,0.0
20230324:2210,0.0,0.0,0.0,9.92,0.55,0.0
20230324:2310,0.0,0.0,0.0,9.87,0.69,0.0
20230325:0010,0.0,0.0,0.0,9.5,0.83,0.0
20230325:0110,0.0,0.0,0.0,9.27,0.62,0.0
20230325:0210,0.0,0.0,0.0,9.13,0.55,0.0
20230325:0310,0.0,0.0,0.0,8.51,0.9,0.0
20230325:0410,0.0,0.0,0.0,7.97,1.17,0.0
20230325:0510,0.0,0.0,0.0,7.29,1.24,0.0
20230325:0610,36.47,51.12,8.05,6.57,1.38,0.0
20230325:0710,115.33,131.59,18.28,8.54,1.24,0.0
20230325:0810,124.29,174.24,27.86,11.32,1.03,0.0
20230325:0910,226.04,283.09,36.2,13.18,1.1,0.0
20230325:1010,352.36,397.48,42.48,14.61,1.52,0.0
20230325:1110,450.45,490.57,45.69,15.47,2.07,0.0
20230325:1210,513.7,553.83,45.12,16.28,2.28,0.0
20230325:1310,485.71,521.56,40.91,16.69,2.34,0.0
20230325:1410,391.45,421.64,33.92,16.92,2.07,0.0
20230325:1510,316.17,343.36,25.14,16.8,2.0,0.0
20230325:1610,281.19,313.19,15.32,16.3,1.52,0.0
20230325:1710,68.57,92.96,4.99,14.87,1.31,0.0
20230325:1810,0.0,0.0,0.0,12.14,1.52,0.0
20230325:1910,0.0,0.0,0.0,10.51,1.86,0.0
20230325:2010,0.0,0.0,0.0,9.61,1.72,0.0
20230325:2110,0.0,0.0,0.0,8.47,1.72,0.0
20230325:2210,0.0,0.0,0.0,7.17,1.79,0.0
20230325:2310,0.0,0.0,0.0,5.89,2.0,0.0
20230326:0010,0.0,0.0,0.0,5.25,2.14,0.0
20230326:0110,0.0,0.0,0.0,4.76,2.21,0.0
20230326:0210,0.0,0.0,0.0,5.09,2.28,0.0
20230326:0310,0.0,0.0,0.0,5.2,2.14,0.0
20230326:0410,0.0,0.0,0.0,4.3,1.86,0.0
20230326:0510,0.0,0.0,0.0,4.33,1.59,0.0
20230326:0610,36.74,51.12,8.39,5.09,1.24,0.0
20230326:0710,108.98,124.97,18.62,7.75,0.97,0.0
20230326:0810,198.8,224.4,28.22,10.64,1.72,0.0
20230326:0910,153.93,171.8,36.58,11.7,1.59,0.0
20230326:1010,88.51,106.77,42.88,12.76,1.24,0.0
20230326:1110,167.78,187.33,46.09,13.22,0.83,0.0
20230326:1210,69.38,87.36,45.5,13.07,0.62,0.0
20230326:1310,135.28,154.33,41.24,12.96,0.83,0.0
20230326:1410,97.93,116.47,34.21,12.79,0.76,0.0
20230326:1510,84.59,102.89,25.4,12.76,0.62,0.0
20230326:1610,314.66,346.86,15.55,12.51,0.0,0.0
20230326:1710,63.66,85.92,5.22,12.05,0.41,0.0
20230326:1810,0.0,0.0,0.0,10.94,0.62,0.0
20230326:1910,0.0,0.0,0.0,8.13,1.45,0.0
20230326:2010,0.0,0.0,0.0,6.55,1.66,0.0
20230326:2110,0.0,0.0,0.0,5.29,2.0,0.0
20230326:2210,0.0,0.0,0.0,4.6,2.14,0.0
20230326:2310,0.0,0.0,0.0,4.44,2.28,0.0
20230327:0010,0.0,0.0,0.0,4.39,2.48,0.0
20230327:0110,0.0,0.0,0.0,4.33,2.55,0.0
20230327:0210,0.0,0.0,0.0,4.29,2.69,0.0
20230327:0310,0.0,0.0,0.0,4.18,2.69,0.0
20230327:0410,0.0,0.0,0.0,4.02,2.69,0.0
20230327:0510,0.0,0.0,0.0,3.95,2.69,0.0
20230327:0610,24.6,37.87,8.73,4.35,2.69,0.0
20230327:0710,24.13,42.17,18.97,7.05,2.28,0.0
20230327:0810,106.17,168.58,28.58,10.47,2.62,0.0
20230327:0910,248.96,302.24,36.96,12.37,3.45,0.0
20230327:1010,384.96,422.38,43.28,13.12,4.55,0.0
20230327:1110,489.37,517.41,46.49,13.29,4.9,0.0
20230327:1210,559.65,583.67,45.87,13.25,5.03,0.0
20230327:1310,560.22,580.83,41.57,13.1,5.17,0.0
20230327:1410,550.59,569.53,34.5,12.55,5.17,0.0
20230327:1510,468.08,485.76,25.65,11.74,5.1,0.0
20230327:1610,347.34,368.49,15.79,10.56,4.69,0.0
20230327:1710,126.5,152.82,5.45,9.39,4.28,0.0
20230327:1810,0.0,0.0,0.0,8.29,4.21,0.0
20230327:1910,0.0,0.0,0.0,7.61,4.83,0.0
20230327:2010,0.0,0.0,0.0,7.13,4.97,0.0
20230327:2110,0.0,0.0,0.0,6.79,4.83,0.0
20230327:2210,0.0,0.0,0.0,6.53,4.48,0.0
20230327:2310,0.0,0.0,0.0,6.22,3.86,0.0
20230328:0010,0.0,0.0,0.0,5.81,3.1,0.0
20230328:0110,0.0,0.0,0.0,4.99,2.55,0.0
20230328:0210,0.0,0.0,0.0,3.73,2.14,0.0
20230328:0310,0.0,0.0,0.0,2.21,2.0,0.0
20230328:0410,0.0,0.0,0.0,1.09,2.0,0.0
20230328:0510,0.0,0.0,0.0,0.59,1.93,0.0
20230328:0610,30.33,43.55,9.07,0.77,1.86,0.0
20230328:0710,29.06,51.17,19.31,4.54,1.52,0.0
20230328:0810,117.73,176.77,28.94,7.32,1.79,0.0
20230328:0910,259.83,308.2,37.34,8.82,1.59,0.0
20230328:1010,388.59,427.0,43.67,10.12,0.97,0.0
20230328:1110,481.38,521.71,46.89,11.2,0.21,0.0
20230328:1210,542.9,583.02,46.24,12.04,0.62,0.0
20230328:1310,562.98,599.38,41.9,12.5,1.24,0.0
20230328:1410,528.01,557.99,34.79,12.31,1.66,0.0
20230328:1510,447.47,473.55,25.9,11.88,1.59,0.0
20230328:1610,342.49,369.91,16.02,11.38,1.24,0.0
20230328:1710,140.29,168.93,5.67,10.79,0.9,0.0
20230328:1810,0.0,0.0,0.0,10.14,0.48,0.0
20230328:1910,0.0,0.0,0.0,10.34,0.69,0.0
20230328:2010,0.0,0.0,0.0,9.61,0.55,0.0
20230328:2110,0.0,0.0,0.0,9.0,0.48,0.0
20230328:2210,0.0,0.0,0.0,8.45,0.21,0.0
20230328:2310,0.0,0.0,0.0,8.0,0.34,0.0
20230329:0010,0.0,0.0,0.0,7.49,0.69,0.0
20230329:0110,0.0,0.0,0.0,6.95,0.83,0.0
20230329:0210,0.0,0.0,0.0,6.48,0.97,0.0
20230329:0310,0.0,0.0,0.0,5.43,1.03,0.0
20230329:0410,0.0,0.0,0.0,4.34,1.17,0.0
20230329:0510,0.0,0.0,0.0,3.18,1.31,0.0
20230329:0610,46.16,60.59,9.4,3.46,1.03,0.0
20230329:0710,81.4,103.64,19.65,6.06,0.34,0.0
20230329:0810,147.51,196.59,29.29,8.77,0.21,0.0
20230329:0910,260.36,308.38,37.72,9.92,0.34,0.0
20230329:1010,383.7,423.49,44.07,10.86,0.48,0.0
20230329:1110,479.68,517.09,47.28,12.12,0.83,0.0
20230329:1210,535.7,575.89,46.61,13.2,0.83,0.0
20230329:1310,545.6,586.32,42.23,13.96,0.9,0.0
20230329:1410,520.45,558.32,35.07,14.26,1.03,0.0
20230329:1510,441.73,473.86,26.15,14.18,1.17,0.0
20230329:1610,322.13,351.75,16.25,13.98,1.24,0.0
20230329:1710,124.97,152.6,5.9,13.29,0.76,0.0
20230329:1810,0.0,0.0,0.0,12.52,0.48,0.0
20230329:1910,0.0,0.0,0.0,10.77,1.03,0.0
20230329:2010,0.0,0.0,0.0,9.58,1.17,0.0
20230329:2110,0.0,0.0,0.0,9.61,0.97,0.0
20230329:2210,0.0,0.0,0.0,9.6,0.34,0.0
20230329:2310,0.0,0.0,0.0,9.02,0.69,0.0
20230330:0010,0.0,0.0,0.0,7.75,0.97,0.0
20230330:0110,0.0,0.0,0.0,7.47,0.83,0.0
20230330:0210,0.0,0.0,0.0,6.14,1.03,0.0
20230330:0310,0.0,0.0,0.0,5.82,1.03,0.0
20230330:0410,0.0,0.0,0.0,5.44,1.1,0.0
20230330:0510,0.0,0.0,0.0,5.27,1.1,0.0
20230330:0610,9.21,19.88,9.74,5.55,1.03,0.0
20230330:0710,72.58,89.3,20.0,9.2,0.34,0.0
20230330:0810,67.6,84.44,29.65,9.88,0.34,0.0
20230330:0910,237.51,255.93,38.1,10.3,0.62,0.0
20230330:1010,111.42,129.09,44.46,10.71,0.55,0.0
20230330:1110,96.88,114.53,47.68,10.93,0.69,0.0
20230330:1210,243.35,262.19,46.98,11.24,0.55,0.0
20230330:1310,226.87,245.89,42.55,11.67,0.55,0.0
20230330:1410,84.86,102.89,35.35,11.92,0.28,0.0
20230330:1510,133.65,152.11,26.4,11.9,0.55,0.0
20230330:1610,39.38,55.33,16.48,11.68,0.76,0.0
20230330:1710,11.52,23.29,6.12,11.48,0.9,0.0
20230330:1810,0.0,0.0,0.0,10.79,1.03,0.0
20230330:1910,0.0,0.0,0.0,10.63,0.14,0.0
20230330:2010,0.0,0.0,0.0,10.34,0.0,0.0
20230330:2110,0.0,0.0,0.0,10.01,0.21,0.0
20230330:2210,0.0,0.0,0.0,9.6,0.21,0.0
20230330:2310,0.0,0.0,0.0,9.19,0.21,0.0
20230331:0010,0.0,0.0,0.0,8.84,0.07,0.0
20230331:0110,0.0,0.0,0.0,8.61,0.07,0.0
20230331:0210,0.0,0.0,0.0,8.16,0.28,0.0
20230331:0310,0.0,0.0,0.0,7.84,0.55,0.0
20230331:0410,0.0,0.0,0.0,7.47,0.55,0.0
20230331:0510,0.0,0.0,0.0,7.43,0.62,0.0
20230331:0610,30.99,45.44,10.07,7.63,0.76,0.0
20230331:0710,40.05,55.33,20.34,8.28,0.48,0.0
20230331:0810,65.15,81.53,30.01,8.8,0.69,0.0
20230331:0910,81.25,98.03,38.47,9.27,0.76,0.0
20230331:1010,61.18,77.65,44.85,9.35,0.55,0.0
20230331:1110,88.73,105.8,48.07,9.4,0.0,0.0
20230331:1210,49.86,66.0,47.35,9.78,0.83,0.0
20230331:1310,50.7,66.97,42.88,10.2,1.17,0.0
20230331:1410,34.24,49.5,35.63,10.56,1.1,0.0
20230331:1510,39.57,55.33,26.65,10.77,0.97,0.0
20230331:1610,277.86,299.32,16.71,10.7,0.9,0.0
20230331:1710,94.4,116.53,6.34,10.45,1.24,0.0
20230331:1810,0.0,0.0,0.0,9.55,1.31,0.0
20230331:1910,0.0,0.0,0.0,8.24,1.59,0.0
20230331:2010,0.0,0.0,0.0,7.37,1.45,0.0
20230331:2110,0.0,0.0,0.0,6.83,0.62,0.0
20230331:2210,0.0,0.0,0.0,5.25,1.31,0.0
20230331:2310,0.0,0.0,0.0,4.32,1.66,0.0
20230401:0010,0.0,0.0,0.0,3.87,1.79,0.0
20230401:0110,0.0,0.0,0.0,2.92,1.86,0.0
20230401:0210,0.0,0.0,0.0,2.52,1.93,0.0
20230401:0310,0.0,0.0,0.0,2.44,2.0,0.0
20230401:0410,0.0,0.0,0.0,2.33,2.07,0.0
20230401:0510,0.0,0.0,0.0,2.3,2.07,0.0
20230401:0610,38.87,53.02,10.4,3.5,1.93,0.0
20230401:0710,40.4,76.37,20.68,6.58,1.38,0.0
20230401:0810,143.1,202.83,30.36,10.29,1.03,0.0
20230401:0910,282.85,333.99,38.84,12.77,0.97,0.0
20230401:1010,401.52,442.8,45.24,14.35,0.76,0.0
20230401:1110,405.51,438.01,48.46,15.46,1.24,0.0
20230401:1210,520.36,561.36,47.71,16.08,1.59,0.0
20230401:1310,558.37,602.68,43.2,16.3,1.45,0.0
20230401:1410,508.11,547.71,35.91,16.42,1.38,0.0
20230401:1510,465.38,502.83,26.9,16.29,1.31,0.0
20230401:1610,349.1,381.96,16.94,15.8,1.31,0.0
20230401:1710,153.25,182.41,6.57,14.78,1.24,0.0
20230401:1810,0.0,0.0,0.0,12.19,1.66,0.0
20230401:1910,0.0,0.0,0.0,9.54,1.93,0.0
20230401:2010,0.0,0.0,0.0,7.84,2.14,0.0
20230401:2110,0.0,0.0,0.0,6.58,2.34,0.0
20230401:2210,0.0,0.0,0.0,6.02,2.48,0.0
20230401:2310,0.0,0.0,0.0,5.52,2.55,0.0
20230402:0010,0.0,0.0,0.0,5.4,2.62,0.0
20230402:0110,0.0,0.0,0.0,5.23,2.62,0.0
20230402:0210,0.0,0.0,0.0,4.85,2.41,0.0
20230402:0310,0.0,0.0,0.0,4.28,2.21,0.0
20230402:0410,0.0,0.0,0.0,3.51,2.14,0.0
20230402:0510,0.0,0.0,0.0,2.83,2.0,0.0
20230402:0610,36.18,50.18,10.73,3.34,1.72,0.0
20230402:0710,57.7,93.85,21.01,8.1,1.59,0.0
20230402:0810,149.57,209.36,30.71,11.13,0.41,0.0
20230402:0910,289.86,339.9,39.21,12.54,0.62,0.0
20230402:1010,412.35,456.54,45.63,13.56,0.48,0.0
20230402:1110,496.2,544.35,48.85,14.62,0.14,0.0
20230402:1210,506.65,553.52,48.08,15.49,0.28,0.0
20230402:1310,357.34,388.55,43.52,16.1,0.48,0.0
20230402:1410,34.94,51.44,36.19,16.37,0.62,0.0
20230402:1510,270.04,295.54,27.14,16.49,0.76,0.0
20230402:1610,263.61,290.65,17.17,16.1,0.97,0.0
20230402:1710,82.37,104.9,6.79,15.04,1.1,0.0
20230402:1810,0.0,0.0,0.0,12.81,1.31,0.0
20230402:1910,0.0,0.0,0.0,13.45,0.34,0.0
20230402:2010,0.0,0.0,0.0,12.73,0.28,0.0
20230402:2110,0.0,0.0,0.0,11.86,0.69,0.0
20230402:2210,0.0,0.0,0.0,10.77,1.03,0.0
20230402:2310,0.0,0.0,0.0,6.7,1.72,0.0
20230403:0010,0.0,0.0,0.0,5.15,2.0,0.0
20230403:0110,0.0,0.0,0.0,4.66,2.21,0.0
20230403:0210,0.0,0.0,0.0,4.5,2.41,0.0
20230403:0310,0.0,0.0,0.0,4.55,2.62,0.0
20230403:0410,0.0,0.0,0.0,4.72,2.69,0.0
20230403:0510,0.0,0.0,0.0,4.43,2.55,0.0
20230403:0610,37.73,52.07,11.06,4.78,2.21,0.0
20230403:0710,46.97,88.52,21.35,9.24,1.66,0.0
20230403:0810,156.9,216.08,31.06,12.25,1.59,0.0
20230403:0910,298.42,346.01,39.58,13.09,1.86,0.0
20230403:1010,423.88,462.26,46.02,13.39,1.79,0.0
20230403:1110,507.6,544.14,49.24,14.12,1.79,0.0
20230403:1210,551.44,588.61,48.44,14.55,1.86,0.0
20230403:1310,574.98,612.46,43.84,14.57,1.86,0.0
20230403:1410,557.47,589.69,36.46,13.82,2.07,0.0
20230403:1510,483.65,509.62,27.39,13.32,2.41,0.0
20230403:1610,238.36,258.02,17.39,12.88,2.69,0.0
20230403:1710,142.97,167.7,7.01,12.13,2.07,0.0
20230403:1810,0.0,0.0,0.0,10.8,1.59,0.0
20230403:1910,0.0,0.0,0.0,9.21,1.52,0.0
20230403:2010,0.0,0.0,0.0,7.68,1.38,0.0
20230403:2110,0.0,0.0,0.0,6.69,1.45,0.0
20230403:2210,0.0,0.0,0.0,5.95,1.38,0.0
20230403:2310,0.0,0.0,0.0,5.55,1.24,0.0
20230404:0010,0.0,0.0,0.0,5.5,0.97,0.0
20230404:0110,0.0,0.0,0.0,5.25,0.97,0.0
20230404:0210,0.0,0.0,0.0,4.65,0.97,0.0
20230404:0310,0.0,0.0,0.0,3.74,1.1,0.0
20230404:0410,0.0,0.0,0.0,2.81,1.38,0.0
20230404:0510,0.0,0.0,0.0,2.42,1.38,0.0
20230404:0610,61.44,75.74,11.39,2.42,1.24,0.0
20230404:0710,117.79,145.17,21.68,5.5,1.66,0.0
20230404:0810,181.43,229.57,31.41,6.21,2.34,0.0
20230404:0910,324.88,356.5,39.95,6.67,2.28,0.0
20230404:1010,442.65,467.27,46.41,7.6,2.0,0.0
20230404:1110,536.72,558.88,49.63,8.21,1.86,0.0
20230404:1210,602.0,624.73,48.8,8.95,2.07,0.0
20230404:1310,608.72,633.45,44.15,9.71,1.93,0.0
20230404:1410,580.68,602.7,36.74,9.67,2.0,0.0
20230404:1510,495.42,516.04,27.63,10.09,1.86,0.0
20230404:1610,350.92,370.24,17.62,9.78,1.79,0.0
20230404:1710,168.11,191.75,7.23,9.22,1.52,0.0
20230404:1810,0.0,0.0,0.0,8.01,1.03,0.0
20230404:1910,0.0,0.0,0.0,6.73,1.52,0.0
20230404:2010,0.0,0.0,0.0,5.5,1.66,0.0
20230404:2110,0.0,0.0,0.0,4.64,1.72,0.0
20230404:2210,0.0,0.0,0.0,3.9,1.72,0.0
20230404:2310,0.0,0.0,0.0,3.77,1.66,0.0
20230405:0010,0.0,0.0,0.0,4.03,1.52,0.0
20230405:0110,0.0,0.0,0.0,3.59,1.38,0.0
20230405:0210,0.0,0.0,0.0,3.79,1.45,0.0
20230405:0310,0.0,0.0,0.0,3.5,1.45,0.0
20230405:0410,0.0,0.0,0.0,3.51,1.38,0.0
20230405:0510,0.0,0.0,0.0,3.27,1.24,0.0
20230405:0610,63.03,77.63,11.72,3.35,1.03,0.0
20230405:0710,62.29,104.88,22.01,4.75,1.59,0.0
20230405:0810,178.1,229.93,31.75,5.35,1.79,0.0
20230405:0910,324.68,360.78,40.32,6.22,1.66,0.0
20230405:1010,446.04,472.01,46.79,7.09,1.1,0.0
20230405:1110,538.89,566.7,50.02,8.08,0.83,0.0
20230405:1210,567.09,596.31,49.16,8.98,0.83,0.0
20230405:1310,602.89,630.15,44.47,9.63,1.45,0.0
20230405:1410,583.42,605.33,37.01,9.94,2.14,0.0
20230405:1510,502.93,521.45,27.87,10.06,2.34,0.0
20230405:1610,360.64,378.61,17.84,9.67,2.28,0.0
20230405:1710,172.03,194.81,7.45,9.02,2.0,0.0
20230405:1810,0.0,0.0,0.0,7.82,1.66,0.0
20230405:1910,0.0,0.0,0.0,6.72,1.45,0.0
20230405:2010,0.0,0.0,0.0,5.32,1.38,0.0
20230405:2110,0.0,0.0,0.0,4.63,1.31,0.0
20230405:2210,0.0,0.0,0.0,4.34,1.24,0.0
20230405:2310,0.0,0.0,0.0,4.04,1.24,0.0
20230406:0010,0.0,0.0,0.0,3.93,1.1,0.0
20230406:0110,0.0,0.0,0.0,3.95,1.03,0.0
20230406:0210,0.0,0.0,0.0,3.7,0.97,0.0
20230406:0310,0.0,0.0,0.0,3.12,1.03,0.0
20230406:0410,0.0,0.0,0.0,2.71,1.03,0.0
20230406:0510,0.0,0.0,0.0,2.2,1.03,0.0
20230406:0610,48.09,62.48,12.04,3.01,0.69,0.0
20230406:0710,66.01,110.38,22.34,5.25,0.34,0.0
20230406:0810,183.57,236.18,32.1,7.24,0.41,0.0
20230406:0910,325.88,365.74,40.68,8.55,0.97,0.0
20230406:1010,451.41,482.87,47.17,9.68,1.31,0.0
20230406:1110,545.85,575.84,50.4,10.62,1.59,0.0
20230406:1210,504.67,530.59,49.52,11.4,1.79,0.0
20230406:1310,462.34,485.17,44.78,11.88,2.0,0.0
20230406:1410,508.92,533.73,37.27,12.17,1.93,0.0
20230406:1510,381.64,401.61,28.11,12.31,1.86,0.0
20230406:1610,162.67,180.99,18.06,12.0,1.66,0.0
20230406:1710,39.2,55.62,7.66,11.43,1.1,0.0
20230406:1810,0.0,0.0,0.0,10.24,0.76,0.0
20230406:1910,0.0,0.0,0.0,10.26,0.48,0.0
20230406:2010,0.0,0.0,0.0,9.54,0.69,0.0
20230406:2110,0.0,0.0,0.0,8.24,1.03,0.0
20230406:2210,0.0,0.0,0.0,8.19,0.97,0.0
20230406:2310,0.0,0.0,0.0,7.79,0.76,0.0
20230407:0010,0.0,0.0,0.0,7.22,0.69,0.0
20230407:0110,0.0,0.0,0.0,6.64,0.9,0.0
20230407:0210,0.0,0.0,0.0,5.39,1.17,0.0
20230407:0310,0.0,0.0,0.0,4.0,1.38,0.0
20230407:0410,0.0,0.0,0.0,3.14,1.45,0.0
20230407:0510,0.0,4.73,1.94,2.54,1.45,0.0
20230407:0610,44.25,58.7,12.36,3.76,1.1,0.0
20230407:0710,129.58,145.66,22.67,6.57,0.62,0.0
20230407:0810,234.0,268.62,32.44,8.52,0.48,0.0
20230407:0910,279.95,297.71,41.04,9.04,0.55,0.0
20230407:1010,126.35,143.65,47.55,9.84,0.28,0.0
20230407:1110,127.38,144.62,50.78,10.01,0.62,0.0
20230407:1210,250.74,267.4,49.87,10.08,1.17,0.0
20230407:1310,324.9,341.7,45.09,10.17,1.52,0.0
20230407:1410,317.52,334.39,37.54,10.25,1.24,0.0
20230407:1510,214.52,231.13,28.35,10.23,0.97,0.0
20230407:1610,111.31,128.28,18.28,9.84,1.52,0.0
20230407:1710,56.09,73.29,7.88,9.1,1.66,0.0
20230407:1810,0.0,0.0,0.0,7.97,1.59,0.0
20230407:1910,0.0,0.0,0.0,8.16,0.76,0.0
20230407:2010,0.0,0.0,0.0,7.63,0.76,0.0
20230407:2110,0.0,0.0,0.0,6.62,0.9,0.0
20230407:2210,0.0,0.0,0.0,5.98,0.97,0.0
20230407:2310,0.0,0.0,0.0,4.71,1.17,0.0
20230408:0010,0.0,0.0,0.0,3.59,1.38,0.0
20230408:0110,0.0,0.0,0.0,2.64,1.52,0.0
20230408:0210,0.0,0.0,0.0,1.84,1.59,0.0
20230408:0310,0.0,0.0,0.0,1.34,1.72,0.0
20230408:0410,0.0,0.0,0.0,0.91,1.86,0.0
20230408:0510,0.07,5.68,2.27,0.62,1.93,0.0
20230408:0610,47.44,61.54,12.68,2.07,1.72,0.0
20230408:0710,69.37,117.97,23.0,6.62,1.45,0.0
20230408:0810,192.49,246.17,32.78,9.33,1.1,0.0
20230408:0910,332.3,376.51,41.4,11.59,0.69,0.0
20230408:1010,451.5,494.08,47.93,13.24,0.48,0.0
20230408:1110,538.66,585.09,51.16,14.35,0.55,0.0
20230408:1210,543.46,589.23,50.22,15.15,0.69,0.0
20230408:1310,552.73,601.92,45.39,15.6,0.41,0.0
20230408:1410,494.72,537.77,37.81,16.05,0.34,0.0
20230408:1510,404.21,438.67,28.58,16.14,0.28,0.0
20230408:1610,169.86,191.61,18.5,15.83,1.03,0.0
20230408:1710,0.94,7.76,8.1,14.8,1.45,0.0
20230408:1810,0.0,0.0,0.0,12.83,1.52,0.0
20230408:1910,0.0,0.0,0.0,10.3,1.79,0.0
20230408:2010,0.0,0.0,0.0,8.41,1.93,0.0
20230408:2110,0.0,0.0,0.0,7.12,1.79,0.0
20230408:2210,0.0,0.0,0.0,6.77,1.45,0.0
20230408:2310,0.0,0.0,0.0,6.98,1.17,0.0
20230409:0010,0.0,0.0,0.0,7.65,0.9,0.0
20230409:0110,0.0,0.0,0.0,7.67,0.69,0.0
20230409:0210,0.0,0.0,0.0,7.34,0.69,0.0
20230409:0310,0.0,0.0,0.0,7.02,0.83,0.0
20230409:0410,0.0,0.0,0.0,6.75,0.97,0.0
20230409:0510,0.93,7.57,2.58,6.52,0.9,0.0
20230409:0610,50.01,65.32,13.0,6.49,0.69,0.0
20230409:0710,112.94,151.38,23.32,8.43,0.69,0.0
20230409:0810,209.45,257.29,33.11,9.97,1.52,0.0
20230409:0910,352.86,384.5,41.76,11.13,1.79,0.0
20230409:1010,452.54,483.73,48.31,12.13,1.72,0.0
20230409:1110,529.89,562.51,51.54,12.44,1.59,0.0
20230409:1210,592.51,629.95,50.57,13.02,1.45,0.0
20230409:1310,589.23,626.82,45.7,13.87,1.59,0.0
20230409:1410,567.43,602.87,38.07,14.08,1.59,0.0
20230409:1510,491.19,521.24,28.82,14.37,1.72,0.0
20230409:1610,332.55,355.99,18.72,14.14,2.0,0.0
20230409:1710,155.15,179.06,8.31,13.38,1.52,0.0
20230409:1810,0.0,0.0,0.0,12.05,1.45,0.0
20230409:1910,0.0,0.0,0.0,10.55,1.79,0.0
20230409:2010,0.0,0.0,0.0,8.96,2.0,0.0
20230409:2110,0.0,0.0,0.0,7.94,2.0,0.0
20230409:2210,0.0,0.0,0.0,7.31,1.79,0.0
20230409:2310,0.0,0.0,0.0,6.82,1.59,0.0
20230410:0010,0.0,0.0,0.0,6.88,1.38,0.0
20230410:0110,0.0,0.0,0.0,6.91,1.1,0.0
20230410:0210,0.0,0.0,0.0,6.89,0.97,0.0
20230410:0310,0.0,0.0,0.0,7.49,0.69,0.0
20230410:0410,0.0,0.0,0.0,6.72,0.76,0.0
20230410:0510,0.0,1.89,2.9,6.07,0.9,0.0
20230410:0610,73.26,88.99,13.31,6.56,0.62,0.0
20230410:0710,112.16,152.54,23.64,8.57,1.1,0.0
20230410:0810,211.51,260.48,33.45,9.34,0.97,0.0
20230410:0910,346.82,385.9,42.11,10.4,0.97,0.0
20230410:1010,462.66,495.87,48.68,11.37,1.17,0.0
20230410:1110,533.97,568.89,51.91,12.68,1.31,0.0
20230410:1210,571.36,609.81,50.92,13.2,1.17,0.0
20230410:1310,600.51,643.26,46.0,13.8,1.03,0.0
20230410:1410,490.98,524.74,38.33,14.34,0.97,0.0
20230410:1510,324.27,347.53,29.05,14.26,0.97,0.0
20230410:1610,134.07,153.76,18.94,14.09,1.03,0.0
20230410:1710,102.69,123.86,8.52,13.5,1.17,0.0
20230410:1810,0.0,0.0,0.0,12.23,1.17,0.0
20230410:1910,0.0,0.0,0.0,12.02,0.55,0.0
20230410:2010,0.0,0.0,0.0,11.4,0.69,0.0
20230410:2110,0.0,0.0,0.0,10.6,0.9,0.0
20230410:2210,0.0,0.0,0.0,9.33,0.97,0.0
20230410:2310,0.0,0.0,0.0,8.5,0.97,0.0
20230411:0010,0.0,0.0,0.0,7.95,0.97,0.0
20230411:0110,0.0,0.0,0.0,7.05,1.03,0.0
20230411:0210,0.0,0.0,0.0,6.55,1.1,0.0
20230411:0310,0.0,0.0,0.0,6.31,1.17,0.0
20230411:0410,0.0,0.0,0.0,6.26,1.17,0.0
20230411:0510,0.47,6.63,3.21,6.01,1.17,0.0
20230411:0610,61.88,77.63,13.62,7.06,0.9,0.0
20230411:0710,124.65,163.1,23.96,9.93,0.41,0.0
20230411:0810,209.65,261.46,33.78,11.46,0.28,0.0
20230411:0910,348.19,388.31,42.46,12.3,0.41,0.0
20230411:1010,444.94,484.68,49.05,13.6,0.28,0.0
20230411:1110,529.84,575.53,52.29,14.69,0.48,0.0
20230411:1210,552.57,599.05,51.27,15.65,0.83,0.0
20230411:1310,579.0,628.13,46.3,16.44,0.97,0.0
20230411:1410,556.23,602.57,38.59,17.1,1.1,0.0
20230411:1510,478.27,516.95,29.28,17.33,1.17,0.0
20230411:1610,366.3,397.98,19.15,17.16,1.38,0.0
20230411:1710,183.18,210.93,8.74,16.46,1.1,0.0
20230411:1810,0.0,0.0,0.0,14.7,0.97,0.0
20230411:1910,0.0,0.0,0.0,12.48,1.03,0.0
20230411:2010,0.0,0.0,0.0,12.1,0.9,0.0
20230411:2110,0.0,0.0,0.0,11.99,0.83,0.0
20230411:2210,0.0,0.0,0.0,11.66,0.69,0.0
20230411:2310,0.0,0.0,0.0,11.17,0.41,0.0
20230412:0010,0.0,0.0,0.0,10.58,0.14,0.0
20230412:0110,0.0,0.0,0.0,10.04,0.34,0.0
20230412:0210,0.0,0.0,0.0,9.58,0.62,0.0
20230412:0310,0.0,0.0,0.0,7.62,1.17,0.0
20230412:0410,0.0,0.0,0.0,7.15,1.17,0.0
20230412:0510,0.0,1.89,3.53,7.52,0.9,0.0
20230412:0610,14.31,26.51,13.93,8.48,0.55,0.0
20230412:0710,38.82,54.35,24.27,10.01,0.9,0.0
20230412:0810,56.18,72.8,34.1,10.64,1.31,0.0
20230412:0910,113.32,131.03,42.81,11.47,1.79,0.0
20230412:1010,60.5,77.65,49.42,12.0,1.86,0.0
20230412:1110,80.25,98.03,52.66,12.23,1.79,0.0
20230412:1210,99.18,117.45,51.61,12.62,1.66,0.0
20230412:1310,117.02,135.89,46.6,13.39,1.59,0.0
20230412:1410,116.15,134.92,38.85,13.11,1.38,0.0
20230412:1510,68.5,86.39,29.51,13.2,1.38,0.0
20230412:1610,31.18,46.59,19.37,13.06,1.38,0.0
20230412:1710,8.49,19.41,8.95,12.6,1.24,0.0
20230412:1810,0.0,0.0,0.0,12.06,1.38,0.0
20230412:1910,0.0,0.0,0.0,9.83,0.48,0.0
20230412:2010,0.0,0.0,0.0,9.5,0.55,0.0
20230412:2110,0.0,0.0,0.0,9.4,0.9,0.0
20230412:2210,0.0,0.0,0.0,9.18,0.9,0.0
20230412:2310,0.0,0.0,0.0,9.06,0.83,0.0
20230413:0010,0.0,0.0,0.0,8.89,0.76,0.0
20230413:0110,0.0,0.0,0.0,8.96,0.55,0.0
20230413:0210,0.0,0.0,0.0,8.92,0.48,0.0
20230413:0310,0.0,0.0,0.0,8.85,0.55,0.0
20230413:0410,0.0,0.0,0.0,8.64,0.48,0.0
20230413:0510,0.44,6.63,3.83,8.66,0.9,0.0
20230413:0610,75.4,91.83,14.24,8.68,1.17,0.0
20230413:0710,158.97,188.93,24.58,9.11,1.45,0.0
20230413:0810,231.16,277.71,34.43,10.2,1.86,0.0
20230413:0910,375.26,399.39,43.15,11.26,3.1,0.0
20230413:1010,272.45,289.05,49.78,12.23,3.93,0.0
20230413:1110,291.92,308.62,53.03,11.89,3.31,0.0
20230413:1210,335.32,351.82,51.95,11.38,3.03,0.0
20230413:1310,248.61,263.68,46.9,10.64,3.38,0.0
20230413:1410,197.41,212.65,39.1,9.99,3.1,0.0
20230413:1510,160.74,176.48,29.73,9.74,2.9,0.0
20230413:1610,88.77,105.5,19.58,9.72,2.41,0.0
20230413:1710,70.68,88.13,9.16,9.74,2.28,0.0
20230413:1810,0.0,0.0,0.0,9.2,2.0,0.0
20230413:1910,0.0,0.0,0.0,8.82,1.72,0.0
20230413:2010,0.0,0.0,0.0,7.83,1.86,0.0
20230413:2110,0.0,0.0,0.0,6.96,1.93,0.0
20230413:2210,0.0,0.0,0.0,6.12,1.72,0.0
20230413:2310,0.0,0.0,0.0,5.65,1.66,0.0
20230414:0010,0.0,0.0,0.0,4.98,1.79,0.0
20230414:0110,0.0,0.0,0.0,4.73,1.86,0.0
20230414:0210,0.0,0.0,0.0,4.12,2.07,0.0
20230414:0310,0.0,0.0,0.0,3.71,2.21,0.0
20230414:0410,0.0,0.0,0.0,3.47,2.41,0.0
20230414:0510,10.08,20.83,4.14,3.33,2.55,0.0
20230414:0610,46.73,61.54,14.54,5.29,2.62,0.0
20230414:0710,95.11,150.77,24.89,8.58,2.48,0.0
20230414:0810,251.72,293.23,34.75,10.99,3.31,0.0
20230414:0910,380.93,414.38,43.49,12.54,3.79,0.0
20230414:1010,504.37,534.64,50.14,13.66,3.66,0.0
20230414:1110,582.52,614.28,53.39,14.33,3.24,0.0
20230414:1210,639.56,678.27,52.29,15.12,2.76,0.0
20230414:1310,646.3,689.09,47.19,15.61,2.34,0.0
20230414:1410,599.69,640.12,39.35,15.89,2.07,0.0
20230414:1510,540.95,578.5,29.96,15.92,1.72,0.0
20230414:1610,412.52,444.27,19.79,15.66,1.24,0.0
20230414:1710,239.89,269.03,9.37,14.93,0.55,0.0
20230414:1810,0.0,0.0,0.0,13.76,0.76,0.0
20230414:1910,0.0,0.0,0.0,11.52,1.1,0.0
20230414:2010,0.0,0.0,0.0,12.11,0.48,0.0
20230414:2110,0.0,0.0,0.0,11.45,0.62,0.0
20230414:2210,0.0,0.0,0.0,9.94,1.17,0.0
20230414:2310,0.0,0.0,0.0,6.56,1.66,0.0
20230415:0010,0.0,0.0,0.0,4.46,1.93,0.0
20230415:0110,0.0,0.0,0.0,3.72,2.07,0.0
20230415:0210,0.0,0.0,0.0,3.17,2.14,0.0
20230415:0310,0.0,0.0,0.0,2.82,2.07,0.0
20230415:0410,0.0,0.0,0.0,2.28,1.93,0.0
20230415:0510,6.5,16.09,4.44,2.19,1.86,0.0
20230415:0610,85.58,100.35,14.84,4.54,1.31,0.0
20230415:0710,174.75,201.15,25.19,8.83,0.83,0.0
20230415:0810,277.32,304.17,35.07,10.82,0.83,0.0
20230415:0910,379.45,415.09,43.83,12.47,0.9,0.0
20230415:1010,484.2,524.19,50.5,13.7,0.83,0.0
20230415:1110,532.11,575.26,53.75,14.66,0.83,0.0
20230415:1210,545.43,590.23,52.62,15.16,0.83,0.0
20230415:1310,291.06,316.92,47.48,15.45,0.55,0.0
20230415:1410,391.47,422.79,39.6,15.67,0.55,0.0
20230415:1510,514.85,554.83,30.18,16.0,0.9,0.0
20230415:1610,114.07,134.23,20.0,15.55,1.1,0.0
20230415:1710,63.6,82.47,9.58,14.92,0.97,0.0
20230415:1810,0.0,0.0,0.0,12.94,1.1,0.0
20230415:1910,0.0,0.0,0.0,10.89,2.07,0.0
20230415:2010,0.0,0.0,0.0,8.96,1.93,0.0
20230415:2110,0.0,0.0,0.0,8.49,1.59,0.0
20230415:2210,0.0,0.0,0.0,8.69,1.31,0.0
20230415:2310,0.0,0.0,0.0,8.03,1.31,0.0
20230416:0010,0.0,0.0,0.0,6.48,1.52,0.0
20230416:0110,0.0,0.0,0.0,5.46,1.66,0.0
20230416:0210,0.0,0.0,0.0,4.52,1.72,0.0
20230416:0310,0.0,0.0,0.0,3.74,1.86,0.0
20230416:0410,0.0,0.0,0.0,3.63,1.86,0.0
20230416:0510,11.6,22.72,4.74,3.31,1.93,0.0
20230416:0610,29.89,46.91,15.14,5.47,1.72,0.0
20230416:0710,105.58,161.36,25.49,10.94,1.72,0.0
20230416:0810,241.01,293.39,35.38,13.15,1.93,0.0
20230416:0910,380.31,420.26,44.16,14.48,2.07,0.0
20230416:1010,461.33,496.0,50.86,15.46,2.07,0.0
20230416:1110,526.03,564.62,54.11,16.35,2.28,0.0
20230416:1210,570.92,613.63,52.96,17.45,2.48,0.0
20230416:1310,554.75,594.98,47.77,18.06,2.83,0.0
20230416:1410,392.89,420.95,39.85,18.04,3.24,0.0
20230416:1510,519.33,551.79,30.4,17.84,3.45,0.0
20230416:1610,385.05,411.46,20.21,16.94,3.17,0.0
20230416:1710,239.27,266.24,9.79,15.76,2.28,0.0
20230416:1810,0.0,0.0,0.0,13.95,1.93,0.0
20230416:1910,0.0,0.0,0.0,11.91,1.72,0.0
20230416:2010,0.0,0.0,0.0,10.86,1.31,0.0
20230416:2110,0.0,0.0,0.0,11.48,1.03,0.0
20230416:2210,0.0,0.0,0.0,11.11,0.9,0.0
20230416:2310,0.0,0.0,0.0,9.4,1.24,0.0
20230417:0010,0.0,0.0,0.0,7.34,1.52,0.0
20230417:0110,0.0,0.0,0.0,6.17,1.59,0.0
20230417:0210,0.0,0.0,0.0,5.25,1.66,0.0
20230417:0310,0.0,0.0,0.0,4.25,1.72,0.0
20230417:0410,0.0,0.0,0.0,3.44,1.79,0.0
20230417:0510,13.96,25.56,5.04,3.03,1.93,0.0
20230417:0610,31.2,51.41,15.43,5.43,1.66,0.0
20230417:0710,111.79,167.29,25.79,10.82,1.17,0.0
20230417:0810,246.64,299.31,35.69,13.16,1.1,0.0
20230417:0910,384.94,429.83,44.49,14.7,0.97,0.0
20230417:1010,498.18,544.38,51.21,15.72,0.83,0.0
20230417:1110,586.8,639.57,54.47,16.35,0.9,0.0
20230417:1210,632.69,693.9,53.29,16.78,0.69,0.0
20230417:1310,639.51,701.65,48.05,17.22,0.76,0.0
20230417:1410,606.8,662.58,40.1,17.28,0.83,0.0
20230417:1510,520.02,562.83,30.62,17.28,1.03,0.0
20230417:1610,415.7,447.6,20.42,16.82,1.66,0.0
20230417:1710,210.19,235.96,10.0,16.06,1.86,0.0
20230417:1810,0.0,0.0,0.0,14.54,1.72,0.0
20230417:1910,0.0,0.0,0.0,12.18,1.38,0.0
20230417:2010,0.0,0.0,0.0,12.13,0.97,0.0
20230417:2110,0.0,0.0,0.0,12.11,0.34,0.0
20230417:2210,0.0,0.0,0.0,11.49,0.62,0.0
20230417:2310,0.0,0.0,0.0,10.27,1.1,0.0
20230418:0010,0.0,0.0,0.0,7.85,1.45,0.0
20230418:0110,0.0,0.0,0.0,5.97,1.72,0.0
20230418:0210,0.0,0.0,0.0,5.12,1.86,0.0
20230418:0310,0.0,0.0,0.0,4.82,1.93,0.0
20230418:0410,0.0,0.0,0.0,4.42,2.0,0.0
20230418:0510,11.54,22.72,5.33,4.24,2.07,0.0
20230418:0610,90.96,108.06,15.72,6.63,1.72,0.0
20230418:0710,178.77,209.0,26.09,11.11,1.52,0.0
20230418:0810,255.49,303.76,36.0,13.93,1.38,0.0
20230418:0910,385.47,430.79,44.82,15.62,0.97,0.0
20230418:1010,491.78,545.41,51.56,16.84,0.07,0.0
20230418:1110,572.96,627.84,54.82,17.69,0.9,0.0
20230418:1210,617.4,675.01,53.61,17.97,1.17,0.0
20230418:1310,591.86,646.58,48.33,18.2,1.17,0.0
20230418:1410,152.4,175.68,40.34,18.36,0.83,0.0
20230418:1510,45.96,64.06,30.84,18.31,0.62,0.0
20230418:1610,59.49,78.62,20.63,18.06,0.62,0.0
20230418:1710,220.19,248.85,10.2,17.56,0.9,0.0
20230418:1810,0.0,0.0,0.0,15.78,1.52,0.0
20230418:1910,0.0,0.0,0.0,14.49,1.17,0.0
20230418:2010,0.0,0.0,0.0,12.96,1.24,0.0
20230418:2110,0.0,0.0,0.0,10.76,1.59,0.0
20230418:2210,0.0,0.0,0.0,9.78,1.66,0.0
20230418:2310,0.0,0.0,0.0,9.48,1.45,0.0
20230419:0010,0.0,0.0,0.0,9.63,1.24,0.0
20230419:0110,0.0,0.0,0.0,8.57,1.38,0.0
20230419:0210,0.0,0.0,0.0,7.28,1.52,0.0
20230419:0310,0.0,0.0,0.0,6.57,1.52,0.0
20230419:0410,0.0,0.0,0.0,5.87,1.52,0.0
20230419:0510,16.95,29.35,5.62,5.47,1.52,0.0
20230419:0610,38.19,63.98,16.0,7.72,1.1,0.0
20230419:0710,121.68,177.32,26.38,12.63,0.97,0.0
20230419:0810,255.43,307.91,36.3,14.6,0.97,0.0
20230419:0910,390.98,436.61,45.14,15.76,0.97,0.0
20230419:1010,505.39,552.64,51.9,16.84,1.1,0.0
20230419:1110,589.2,642.31,55.17,17.69,1.31,0.0
20230419:1210,637.68,697.74,53.94,18.49,1.38,0.0
20230419:1310,650.68,714.89,48.61,19.11,1.31,0.0
20230419:1410,603.31,662.09,40.58,19.43,1.17,0.0
20230419:1510,441.04,479.98,31.06,19.55,1.31,0.0
20230419:1610,368.0,401.65,20.83,19.34,1.38,0.0
20230419:1710,218.86,247.84,10.41,18.77,1.45,0.0
20230419:1810,0.0,0.0,0.0,16.95,1.17,0.0
20230419:1910,0.0,0.0,0.0,15.42,1.1,0.0
20230419:2010,0.0,0.0,0.0,12.56,1.52,0.0
20230419:2110,0.0,0.0,0.0,11.34,1.79,0.0
20230419:2210,0.0,0.0,0.0,10.43,1.38,0.0
20230419:2310,0.0,0.0,0.0,11.13,0.83,0.0
20230420:0010,0.0,0.0,0.0,10.63,0.69,0.0
20230420:0110,0.0,0.0,0.0,8.75,1.03,0.0
20230420:0210,0.0,0.0,0.0,8.22,1.03,0.0
20230420:0310,0.0,0.0,0.0,8.6,0.97,0.0
20230420:0410,0.0,0.0,0.0,8.79,1.1,0.0
20230420:0510,16.64,29.35,5.9,8.93,1.17,0.0
20230420:0610,30.06,44.65,16.29,9.04,1.17,0.0
20230420:0710,69.95,86.39,26.66,9.2,2.14,0.0
20230420:0810,61.27,77.65,36.6,9.41,1.72,0.0
20230420:0910,122.18,138.8,45.46,9.63,1.86,0.0
20230420:1010,54.55,70.86,52.24,9.95,2.0,0.0
20230420:1110,79.12,96.09,55.52,10.25,1.86,0.0
20230420:1210,74.2,91.24,54.26,10.65,2.0,0.0
20230420:1310,60.85,77.65,48.89,10.91,2.07,0.0
20230420:1410,47.04,63.09,40.82,10.27,2.14,0.0
20230420:1510,28.15,42.71,31.27,10.3,2.48,0.0
20230420:1610,14.75,27.18,21.04,10.09,2.34,0.0
20230420:1710,6.5,16.5,10.61,9.6,2.62,0.0
20230420:1810,0.0,0.0,0.0,9.21,2.41,0.0
20230420:1910,0.0,0.0,0.0,8.36,1.66,0.0
20230420:2010,0.0,0.0,0.0,8.35,1.86,0.0
20230420:2110,0.0,0.0,0.0,8.26,2.07,0.0
20230420:2210,0.0,0.0,0.0,8.11,2.0,0.0
20230420:2310,0.0,0.0,0.0,7.83,1.72,0.0
20230421:0010,0.0,0.0,0.0,7.72,1.66,0.0
20230421:0110,0.0,0.0,0.0,7.7,1.66,0.0
20230421:0210,0.0,0.0,0.0,7.71,1.45,0.0
20230421:0310,0.0,0.0,0.0,7.75,1.17,0.0
20230421:0410,0.0,0.0,0.0,7.71,1.03,0.0
20230421:0510,0.03,5.68,6.18,7.67,0.97,0.0
20230421:0610,9.47,20.38,16.56,7.87,0.9,0.0
20230421:0710,103.29,119.39,26.94,7.97,1.17,0.0
20230421:0810,83.56,99.97,36.89,8.58,1.31,0.0
20230421:0910,76.58,93.18,45.78,9.24,1.52,0.0
20230421:1010,81.19,98.03,52.58,9.65,1.24,0.0
20230421:1110,123.63,140.74,55.87,10.12,1.17,0.0
20230421:1210,210.69,228.1,54.58,10.76,1.03,0.0
20230421:1310,430.81,454.38,49.17,11.18,0.97,0.0
20230421:1410,288.35,306.43,41.06,11.44,1.31,0.0
20230421:1510,285.95,303.0,31.49,11.69,1.66,0.0
20230421:1610,118.54,136.36,21.24,11.74,1.66,0.0
20230421:1710,30.57,45.62,10.82,11.42,1.38,0.0
20230421:1810,0.0,0.0,0.0,10.87,1.59,0.0
20230421:1910,0.0,0.0,0.0,10.23,1.45,0.0
20230421:2010,0.0,0.0,0.0,9.57,1.45,0.0
20230421:2110,0.0,0.0,0.0,8.98,1.52,0.0
20230421:2210,0.0,0.0,0.0,8.09,1.66,0.0
20230421:2310,0.0,0.0,0.0,8.07,1.66,0.0
20230422:0010,0.0,0.0,0.0,7.57,1.72,0.0
20230422:0110,0.0,0.0,0.0,7.57,1.79,0.0
20230422:0210,0.0,0.0,0.0,7.04,1.86,0.0
20230422:0310,0.0,0.0,0.0,6.44,1.86,0.0
20230422:0410,0.0,0.0,0.0,6.02,1.86,0.0
20230422:0510,21.0,34.08,6.46,6.07,1.86,0.0
20230422:0610,91.78,108.86,16.84,7.52,1.59,0.0
20230422:0710,187.49,219.03,27.22,10.46,1.38,0.0
20230422:0810,284.82,310.1,37.18,12.47,0.97,0.0
20230422:0910,397.59,431.41,46.09,13.38,0.76,0.0
20230422:1010,497.92,541.17,52.92,14.02,0.28,0.0
20230422:1110,551.21,600.42,56.21,14.73,0.28,0.0
20230422:1210,534.8,584.18,54.89,15.39,0.21,0.0
20230422:1310,423.54,459.21,49.44,15.54,0.34,0.0
20230422:1410,517.31,555.92,41.29,15.22,0.83,0.0
20230422:1510,271.6,294.42,31.7,15.36,1.03,0.0
20230422:1610,169.26,189.89,21.44,15.15,0.97,0.0
20230422:1710,55.82,73.82,11.02,14.84,0.97,0.0
20230422:1810,0.0,0.0,0.0,13.81,1.31,0.0
20230422:1910,0.0,0.0,0.0,12.74,1.17,0.0
20230422:2010,0.0,0.0,0.0,11.55,1.38,0.0
20230422:2110,0.0,0.0,0.0,10.58,1.45,0.0
20230422:2210,0.0,0.0,0.0,9.84,1.52,0.0
20230422:2310,0.0,0.0,0.0,9.28,1.52,0.0
20230423:0010,0.0,0.0,0.0,8.65,1.52,0.0
20230423:0110,0.0,0.0,0.0,8.66,1.38,0.0
20230423:0210,0.0,0.0,0.0,8.45,1.38,0.0
20230423:0310,0.0,0.0,0.0,8.46,1.31,0.0
20230423:0410,0.0,0.0,0.0,7.9,1.45,0.0
20230423:0510,22.48,35.97,6.74,7.65,1.38,0.0
20230423:0610,99.54,119.44,17.11,9.45,0.9,0.0
20230423:0710,140.32,160.14,27.49,13.15,0.55,0.0
20230423:0810,158.38,178.59,37.47,14.21,0.83,0.0
20230423:0910,372.7,403.1,46.39,14.92,1.31,0.0
20230423:1010,444.86,478.56,53.24,15.41,1.59,0.0
20230423:1110,591.39,636.19,56.54,16.45,1.79,0.0
20230423:1210,628.18,677.19,55.2,16.84,1.79,0.0
20230423:1310,430.14,463.15,49.71,17.14,1.86,0.0
20230423:1410,134.74,156.27,41.52,17.26,1.72,0.0
20230423:1510,228.89,252.43,31.91,17.04,1.31,0.0
20230423:1610,26.32,41.74,21.64,16.86,1.03,0.0
20230423:1710,4.29,13.59,11.22,16.23,0.62,0.0
20230423:1810,0.0,0.0,0.0,14.97,0.69,0.0
20230423:1910,0.0,0.0,0.0,14.27,0.62,0.0
20230423:2010,0.0,0.0,0.0,12.73,0.83,0.0
20230423:2110,0.0,0.0,0.0,11.72,0.83,0.0
20230423:2210,0.0,0.0,0.0,11.25,0.62,0.0
20230423:2310,0.0,0.0,0.0,11.0,0.41,0.0
20230424:0010,0.0,0.0,0.0,10.77,0.21,0.0
20230424:0110,0.0,0.0,0.0,9.76,0.83,0.0
20230424:0210,0.0,0.0,0.0,9.28,0.9,0.0
20230424:0310,0.0,0.0,0.0,8.81,1.03,0.0
20230424:0410,0.0,0.0,0.0,8.62,0.83,0.0
20230424:0510,21.66,35.03,7.01,7.52,1.38,0.0
20230424:0610,52.98,88.63,17.37,9.54,0.83,0.0
20230424:0710,144.99,201.59,27.76,12.13,0.83,0.0
20230424:0810,285.82,334.83,37.75,14.13,1.17,0.0
20230424:0910,420.96,463.92,46.7,15.64,1.38,0.0
20230424:1010,532.57,577.75,53.57,16.97,1.66,0.0
20230424:1110,616.13,668.48,56.88,18.06,1.86,0.0
20230424:1210,613.65,670.2,55.51,18.72,1.59,0.0
20230424:1310,640.69,698.53,49.97,19.04,1.79,0.0
20230424:1410,596.13,648.27,41.75,19.32,1.79,0.0
20230424:1510,564.55,610.81,32.12,18.98,1.86,0.0
20230424:1610,396.33,428.17,21.84,18.52,1.79,0.0
20230424:1710,252.43,280.22,11.42,17.57,1.52,0.0
20230424:1810,0.0,0.0,0.0,15.66,1.93,0.0
20230424:1910,0.0,0.0,0.0,13.9,2.28,0.0
20230424:2010,0.0,0.0,0.0,12.63,2.69,0.0
20230424:2110,0.0,0.0,0.0,11.79,2.76,0.0
20230424:2210,0.0,0.0,0.0,10.98,2.76,0.0
20230424:2310,0.0,0.0,0.0,10.16,2.69,0.0
20230425:0010,0.0,0.0,0.0,9.1,2.28,0.0
20230425:0110,0.0,0.0,0.0,7.81,1.79,0.0
20230425:0210,0.0,0.0,0.0,7.7,1.45,0.0
20230425:0310,0.0,0.0,0.0,8.08,1.17,0.0
20230425:0410,0.0,0.0,0.0,8.88,0.9,0.0
20230425:0510,24.87,38.82,7.27,8.54,0.83,0.0
20230425:0610,47.61,86.9,17.64,8.27,0.41,0.0
20230425:0710,153.34,208.19,28.03,10.87,0.55,0.0
20230425:0810,295.17,340.77,38.02,12.02,0.69,0.0
20230425:0910,425.32,467.4,46.99,13.33,0.28,0.0
20230425:1010,465.5,506.06,53.89,14.51,0.28,0.0
20230425:1110,536.03,582.91,57.21,15.32,0.62,0.0
20230425:1210,653.99,707.28,55.82,16.11,1.45,0.0
20230425:1310,698.85,753.97,50.24,16.91,2.07,0.0
20230425:1410,662.86,712.28,41.98,17.14,2.21,0.0
20230425:1510,584.71,622.18,32.32,17.2,2.76,0.0
20230425:1610,463.89,492.91,22.04,16.85,2.9,0.0
20230425:1710,286.1,312.06,11.62,15.98,2.28,0.0
20230425:1810,0.0,0.0,0.0,14.15,2.28,0.0
20230425:1910,0.0,0.0,0.0,12.19,2.07,0.0
20230425:2010,0.0,0.0,0.0,10.19,1.66,0.0
20230425:2110,0.0,0.0,0.0,10.64,1.17,0.0
20230425:2210,0.0,0.0,0.0,10.48,1.1,0.0
20230425:2310,0.0,0.0,0.0,8.13,1.45,0.0
20230426:0010,0.0,0.0,0.0,6.51,1.72,0.0
20230426:0110,0.0,0.0,0.0,4.95,1.86,0.0
20230426:0210,0.0,0.0,0.0,4.22,2.0,0.0
20230426:0310,0.0,0.0,0.0,4.12,2.21,0.0
20230426:0410,0.0,0.0,0.0,4.11,2.28,0.0
20230426:0510,28.07,41.66,7.53,4.17,2.28,0.0
20230426:0610,50.12,91.07,17.89,6.39,2.0,0.0
20230426:0710,159.42,214.07,28.29,10.46,1.59,0.0
20230426:0810,302.2,349.14,38.3,12.86,1.03,0.0
20230426:0910,432.9,477.04,47.29,14.41,0.48,0.0
20230426:1010,550.62,598.52,54.21,15.52,0.9,0.0
20230426:1110,626.33,678.66,57.53,16.22,1.31,0.0
20230426:1210,655.29,710.96,56.12,16.81,1.52,0.0
20230426:1310,660.37,716.07,50.5,17.21,1.66,0.0
20230426:1410,546.36,588.27,42.21,17.34,1.72,0.0
20230426:1510,581.05,624.5,32.53,16.85,1.59,0.0
20230426:1610,449.78,482.56,22.23,16.79,1.52,0.0
20230426:1710,230.76,255.89,11.81,16.27,1.03,0.0
20230426:1810,0.0,0.0,0.0,15.7,0.48,0.0
20230426:1910,0.0,0.0,0.0,15.19,0.41,0.0
20230426:2010,0.0,0.0,0.0,14.19,0.83,0.0
20230426:2110,0.0,0.0,0.0,13.23,0.9,0.0
20230426:2210,0.0,0.0,0.0,12.53,1.03,0.0
20230426:2310,0.0,0.0,0.0,10.49,1.24,0.0
20230427:0010,0.0,0.0,0.0,8.36,1.52,0.0
20230427:0110,0.0,0.0,0.0,7.08,1.66,0.0
20230427:0210,0.0,0.0,0.0,6.19,1.66,0.0
20230427:0310,0.0,0.0,0.0,5.65,1.66,0.0
20230427:0410,0.0,0.0,0.0,5.44,1.59,0.0
20230427:0510,28.7,42.6,7.79,5.71,1.45,0.0
20230427:0610,60.78,100.41,18.15,8.15,0.76,0.0
20230427:0710,162.72,217.13,28.54,12.39,0.76,0.0
20230427:0810,304.33,348.47,38.56,13.69,1.17,0.0
20230427:0910,431.69,470.22,47.57,14.81,1.38,0.0
20230427:1010,509.16,549.17,54.52,15.83,1.59,0.0
20230427:1110,621.29,671.07,57.86,16.69,1.66,0.0
20230427:1210,673.8,732.36,56.42,17.33,1.59,0.0
20230427:1310,645.34,700.1,50.75,17.55,1.66,0.0
20230427:1410,500.47,539.43,42.43,17.81,1.72,0.0
20230427:1510,502.15,539.88,32.73,17.64,1.59,0.0
20230427:1610,457.71,493.69,22.43,17.55,1.31,0.0
20230427:1710,269.99,298.0,12.01,17.12,1.03,0.0
20230427:1810,0.0,2.84,1.84,16.11,0.62,0.0
20230427:1910,0.0,0.0,0.0,14.09,1.17,0.0
20230427:2010,0.0,0.0,0.0,13.01,1.24,0.0
20230427:2110,0.0,0.0,0.0,12.55,1.17,0.0
20230427:2210,0.0,0.0,0.0,12.02,1.1,0.0
20230427:2310,0.0,0.0,0.0,11.12,1.24,0.0
20230428:0010,0.0,0.0,0.0,10.59,1.24,0.0
20230428:0110,0.0,0.0,0.0,10.18,1.31,0.0
20230428:0210,0.0,0.0,0.0,9.72,1.31,0.0
20230428:0310,0.0,0.0,0.0,9.2,1.31,0.0
20230428:0410,0.0,0.0,0.0,8.68,1.24,0.0
20230428:0510,28.23,42.6,8.04,8.87,1.1,0.0
20230428:0610,98.83,117.89,18.4,10.8,0.55,0.0
20230428:0710,175.2,195.93,28.8,13.16,1.24,0.0
20230428:0810,309.91,338.27,38.83,13.83,1.45,0.0
20230428:0910,429.15,466.06,47.86,14.68,1.52,0.0
20230428:1010,531.72,571.82,54.83,15.21,1.45,0.0
20230428:1110,609.95,658.19,58.17,15.84,1.31,0.0
20230428:1210,596.14,646.29,56.71,16.65,1.31,0.0
20230428:1310,627.79,685.78,51.01,17.31,0.97,0.0
20230428:1410,572.73,625.43,42.65,17.34,0.62,0.0
20230428:1510,418.25,454.33,32.93,17.83,0.55,0.0
20230428:1610,362.09,393.64,22.62,17.94,0.62,0.0
20230428:1710,252.28,279.75,12.2,17.5,0.9,0.0
20230428:1810,0.0,4.73,2.05,16.35,0.76,0.0
20230428:1910,0.0,0.0,0.0,17.17,0.41,0.0
20230428:2010,0.0,0.0,0.0,15.39,0.9,0.0
20230428:2110,0.0,0.0,0.0,15.03,0.76,0.0
20230428:2210,0.0,0.0,0.0,14.42,0.55,0.0
20230428:2310,0.0,0.0,0.0,13.74,0.69,0.0
20230429:0010,0.0,0.0,0.0,12.35,0.9,0.0
20230429:0110,0.0,0.0,0.0,11.67,0.97,0.0
20230429:0210,0.0,0.0,0.0,11.64,0.9,0.0
20230429:0310,0.0,0.0,0.0,12.3,0.55,0.0
20230429:0410,0.0,0.0,0.0,11.99,0.48,0.0
20230429:0510,0.87,7.57,8.29,11.83,0.14,0.0
20230429:0610,35.76,51.44,18.64,11.8,0.34,0.0
20230429:0710,105.84,125.21,29.04,13.69,0.07,0.0
20230429:0810,246.25,270.63,39.08,14.6,0.28,0.0
20230429:0910,360.59,392.31,48.14,16.17,0.97,0.0
20230429:1010,451.15,491.32,55.13,17.73,1.38,0.0
20230429:1110,408.43,446.99,58.49,19.17,1.45,0.0
20230429:1210,539.52,592.43,57.01,19.68,1.38,0.0
20230429:1310,324.11,357.49,51.26,20.25,1.38,0.0
20230429:1410,237.04,265.64,42.87,20.78,1.45,0.0
20230429:1510,380.97,416.44,33.13,20.88,1.59,0.0
20230429:1610,303.06,332.46,22.81,20.68,1.86,0.0
20230429:1710,219.26,246.71,12.4,19.94,1.66,0.0
20230429:1810,0.0,1.89,2.25,18.61,1.52,0.0
20230429:1910,0.0,0.0,0.0,16.45,0.9,0.0
20230429:2010,0.0,0.0,0.0,15.09,1.1,0.0
20230429:2110,0.0,0.0,0.0,13.98,1.17,0.0
20230429:2210,0.0,0.0,0.0,13.45,1.17,0.0
20230429:2310,0.0,0.0,0.0,12.86,1.1,0.0
20230430:0010,0.0,0.0,0.0,12.27,1.17,0.0
20230430:0110,0.0,0.0,0.0,12.27,1.03,0.0
20230430:0210,0.0,0.0,0.0,12.29,0.9,0.0
20230430:0310,0.0,0.0,0.0,12.1,0.83,0.0
20230430:0410,0.0,0.0,0.0,11.84,0.9,0.0
20230430:0510,27.72,42.6,8.53,12.27,0.69,0.0
20230430:0610,22.59,36.88,18.88,13.22,0.21,0.0
20230430:0710,118.17,137.83,29.28,14.37,0.97,0.0
20230430:0810,133.36,153.36,39.34,14.66,1.17,0.0
20230430:0910,181.59,202.86,48.41,15.22,1.1,0.0
20230430:1010,349.64,379.44,55.43,16.18,0.97,0.0
20230430:1110,279.67,305.66,58.8,16.0,0.69,0.0
20230430:1210,230.3,255.27,57.29,16.42,0.28,0.0
20230430:1310,104.54,125.21,51.51,16.41,0.34,0.0
20230430:1410,146.36,167.92,43.08,16.2,0.69,0.0
20230430:1510,64.83,83.47,33.33,15.87,1.38,0.0
20230430:1610,35.03,51.44,23.0,16.1,1.52,0.0
20230430:1710,10.51,22.32,12.59,15.49,1.03,0.0
20230430:1810,0.0,1.89,2.45,14.93,1.03,0.0
20230430:1910,0.0,0.0,0.0,13.59,1.17,0.0
20230430:2010,0.0,0.0,0.0,12.95,1.52,0.0
20230430:2110,0.0,0.0,0.0,12.46,1.72,0.0
20230430:2210,0.0,0.0,0.0,12.41,1.72,0.0
20230430:2310,0.0,0.0,0.0,12.31,1.72,0.0
20230501:0010,0.0,0.0,0.0,12.19,1.66,0.0
20230501:0110,0.0,0.0,0.0,11.84,1.45,0.0
20230501:0210,0.0,0.0,0.0,11.58,1.24,0.0
20230501:0310,0.0,0.0,0.0,11.29,1.24,0.0
20230501:0410,0.0,0.0,0.0,11.13,1.17,0.0
20230501:0510,11.85,23.67,8.77,10.81,0.97,0.0
20230501:0610,35.78,51.44,19.11,11.7,0.41,0.0
20230501:0710,54.82,71.83,29.52,12.2,1.31,0.0
20230501:0810,90.55,108.71,39.58,12.5,1.31,0.0
20230501:0910,126.74,145.59,48.68,12.95,1.1,0.0
20230501:1010,113.28,132.0,55.72,13.05,1.31,0.0
20230501:1110,136.43,155.3,59.1,13.12,1.52,0.0
20230501:1210,313.02,333.33,57.58,12.69,1.72,0.0
20230501:1310,255.32,274.51,51.75,12.88,1.86,0.0
20230501:1410,99.01,117.45,43.3,13.14,2.07,0.0
20230501:1510,130.75,149.48,33.52,13.24,2.07,0.0
20230501:1610,161.46,179.97,23.19,13.44,2.14,0.0
20230501:1710,20.11,33.97,12.78,13.35,1.93,0.0
20230501:1810,0.0,1.89,2.65,13.05,1.38,0.0
20230501:1910,0.0,0.0,0.0,12.13,1.1,0.0
20230501:2010,0.0,0.0,0.0,11.56,0.83,0.0
20230501:2110,0.0,0.0,0.0,11.24,0.69,0.0
20230501:2210,0.0,0.0,0.0,11.51,0.48,0.0
20230501:2310,0.0,0.0,0.0,11.41,0.41,0.0
20230502:0010,0.0,0.0,0.0,11.26,0.41,0.0
20230502:0110,0.0,0.0,0.0,10.59,0.76,0.0
20230502:0210,0.0,0.0,0.0,10.03,0.97,0.0
20230502:0310,0.0,0.0,0.0,9.47,1.1,0.0
20230502:0410,0.0,0.0,0.0,9.14,1.1,0.0
20230502:0510,10.48,21.77,9.01,9.06,1.03,0.0
20230502:0610,111.76,142.78,19.34,11.14,0.69,0.0
20230502:0710,0.0,0.0,0.0,13.21,0.97,0.0
20230502:0810,323.94,369.17,39.83,15.13,0.9,0.0
20230502:0910,453.69,500.17,48.94,16.78,0.9,0.0
20230502:1010,562.83,616.2,56.01,18.3,1.24,0.0
20230502:1110,633.25,698.62,59.41,19.47,1.17,0.0
20230502:1210,679.59,760.43,57.86,20.38,0.83,0.0
20230502:1310,678.09,768.91,52.0,20.82,0.28,0.0
20230502:1410,639.82,723.3,43.51,20.86,0.14,0.0
20230502:1510,415.2,454.95,33.71,20.46,0.97,0.0
20230502:1610,265.61,291.06,23.38,19.32,2.21,0.0
20230502:1710,208.35,231.82,12.97,17.82,2.55,0.0
20230502:1810,5.94,16.44,2.85,16.28,2.28,0.0
20230502:1910,0.0,0.0,0.0,14.77,1.72,0.0
20230502:2010,0.0,0.0,0.0,13.0,1.17,0.0
20230502:2110,0.0,0.0,0.0,13.17,0.76,0.0
20230502:2210,0.0,0.0,0.0,12.67,0.62,0.0
20230502:2310,0.0,0.0,0.0,11.96,0.69,0.0
20230503:0010,0.0,0.0,0.0,11.41,0.48,0.0
20230503:0110,0.0,0.0,0.0,10.94,0.21,0.0
20230503:0210,0.0,0.0,0.0,10.71,0.55,0.0
20230503:0310,0.0,0.0,0.0,9.45,1.03,0.0
20230503:0410,0.0,0.0,0.0,7.69,1.52,0.0
20230503:0510,39.79,54.91,9.24,7.85,1.52,0.0
20230503:0610,125.7,149.81,19.57,10.31,1.24,0.0
20230503:0710,195.04,245.9,29.98,12.67,0.69,0.0
20230503:0810,331.26,375.51,40.06,14.47,0.41,0.0
20230503:0910,459.46,501.42,49.2,15.86,1.31,0.0
20230503:1010,562.71,607.95,56.3,16.93,1.79,0.0
20230503:1110,636.73,688.81,59.7,17.64,2.0,0.0
20230503:1210,693.45,753.25,58.14,17.98,2.0,0.0
20230503:1310,704.94,767.38,52.23,18.18,1.93,0.0
20230503:1410,643.36,698.18,43.72,18.7,1.93,0.0
20230503:1510,581.25,626.84,33.9,18.82,2.07,0.0
20230503:1610,468.18,502.78,23.56,18.54,2.14,0.0
20230503:1710,300.1,327.67,13.16,17.92,2.0,0.0
20230503:1810,2.49,10.68,3.05,16.75,1.72,0.0
20230503:1910,0.0,0.0,0.0,15.56,2.14,0.0
20230503:2010,0.0,0.0,0.0,14.48,2.07,0.0
20230503:2110,0.0,0.0,0.0,13.5,1.79,0.0
20230503:2210,0.0,0.0,0.0,12.57,1.31,0.0
20230503:2310,0.0,0.0,0.0,13.06,0.83,0.0
20230504:0010,0.0,0.0,0.0,13.39,0.55,0.0
20230504:0110,0.0,0.0,0.0,12.88,0.55,0.0
20230504:0210,0.0,0.0,0.0,12.18,0.83,0.0
20230504:0310,0.0,0.0,0.0,11.98,0.97,0.0
20230504:0410,0.0,0.0,0.0,11.89,1.1,0.0
20230504:0510,26.92,41.66,9.46,12.1,0.97,0.0
20230504:0610,116.16,137.83,19.79,13.6,0.76,0.0
20230504:0710,223.72,252.01,30.2,14.04,0.83,0.0
20230504:0810,331.08,376.7,40.3,15.05,0.55,0.0
20230504:0910,454.96,499.29,49.45,15.61,0.55,0.0
20230504:1010,550.97,602.77,56.58,16.44,0.55,0.0
20230504:1110,618.24,680.91,60.0,17.06,0.48,0.0
20230504:1210,648.69,720.4,58.41,17.65,0.34,0.0
20230504:1310,590.5,655.78,52.47,18.16,0.21,0.0
20230504:1410,624.81,693.73,43.92,18.41,0.28,0.0
20230504:1510,514.97,564.86,34.09,18.79,0.41,0.0
20230504:1610,413.99,451.48,23.74,18.83,0.55,0.0
20230504:1710,234.18,261.42,13.34,18.67,0.55,0.0
20230504:1810,0.0,1.94,3.25,17.75,0.55,0.0
20230504:1910,0.0,0.0,0.0,17.57,0.97,0.0
20230504:2010,0.0,0.0,0.0,16.35,1.03,0.0
20230504:2110,0.0,0.0,0.0,14.76,1.24,0.0
20230504:2210,0.0,0.0,0.0,13.41,1.31,0.0
20230504:2310,0.0,0.0,0.0,12.54,1.38,0.0
20230505:0010,0.0,0.0,0.0,11.57,1.45,0.0
20230505:0110,0.0,0.0,0.0,10.55,1.59,0.0
20230505:0210,0.0,0.0,0.0,9.58,1.59,0.0
20230505:0310,0.0,0.0,0.0,8.77,1.66,0.0
20230505:0410,0.0,0.0,0.0,8.21,1.66,0.0
20230505:0510,31.74,46.39,9.68,8.53,1.45,0.0
20230505:0610,122.61,144.8,20.0,12.35,0.83,0.0
20230505:0710,211.37,256.96,30.42,16.35,0.62,0.0
20230505:0810,330.18,377.32,40.52,17.57,0.9,0.0
20230505:0910,449.22,496.79,49.7,18.57,1.03,0.0
20230505:1010,525.57,578.52,56.85,19.24,1.1,0.0
20230505:1110,595.24,658.62,60.28,20.1,1.1,0.0
20230505:1210,558.52,618.74,58.68,20.29,1.03,0.0
20230505:1310,577.78,641.77,52.7,20.89,0.97,0.0
20230505:1410,610.98,677.57,44.13,21.25,1.1,0.0
20230505:1510,560.48,618.36,34.28,21.03,0.97,0.0
20230505:1610,433.92,475.93,23.93,20.78,0.9,0.0
20230505:1710,280.26,312.19,13.53,20.51,0.83,0.0
20230505:1810,7.89,19.32,3.44,19.23,1.17,0.0
20230505:1910,0.0,0.0,0.0,17.52,1.17,0.0
20230505:2010,0.0,0.0,0.0,17.67,0.83,0.0
20230505:2110,0.0,0.0,0.0,16.93,0.83,0.0
20230505:2210,0.0,0.0,0.0,15.78,0.83,0.0
20230505:2310,0.0,0.0,0.0,14.06,0.97,0.0
20230506:0010,0.0,0.0,0.0,12.76,1.1,0.0
20230506:0110,0.0,0.0,0.0,12.0,1.17,0.0
20230506:0210,0.0,0.0,0.0,11.56,1.24,0.0
20230506:0310,0.0,0.0,0.0,11.24,1.31,0.0
20230506:0410,0.0,0.0,0.0,10.91,1.52,0.0
20230506:0510,47.18,63.43,9.9,10.89,1.38,0.0
20230506:0610,102.52,143.3,20.21,13.32,0.9,0.0
20230506:0710,208.11,257.19,30.63,17.25,0.48,0.0
20230506:0810,329.26,381.52,40.74,18.66,0.07,0.0
20230506:0910,450.08,504.8,49.94,20.12,0.48,0.0
20230506:1010,546.71,607.74,57.12,21.2,1.03,0.0
20230506:1110,619.98,690.32,60.57,21.96,1.31,0.0
20230506:1210,631.87,705.4,58.94,22.52,1.45,0.0
20230506:1310,628.33,700.75,52.93,22.76,1.52,0.0
20230506:1410,611.26,679.25,44.33,22.8,1.52,0.0
20230506:1510,521.83,576.51,34.46,22.59,1.31,0.0
20230506:1610,449.11,497.76,24.11,22.18,0.62,0.0
20230506:1710,85.94,108.37,13.71,21.82,0.14,0.0
20230506:1810,3.56,12.62,3.64,20.47,0.76,0.0
20230506:1910,0.0,0.0,0.0,19.36,0.69,0.0
20230506:2010,0.0,0.0,0.0,17.08,1.1,0.0
20230506:2110,0.0,0.0,0.0,16.06,1.17,0.0
20230506:2210,0.0,0.0,0.0,16.6,0.83,0.0
20230506:2310,0.0,0.0,0.0,15.75,0.62,0.0
20230507:0010,0.0,0.0,0.0,14.96,0.69,0.0
20230507:0110,0.0,0.0,0.0,12.74,1.24,0.0
20230507:0210,0.0,0.0,0.0,12.23,1.38,0.0
20230507:0310,0.0,0.0,0.0,12.22,1.31,0.0
20230507:0410,0.0,0.0,0.0,11.91,1.17,0.0
20230507:0510,47.81,64.38,10.11,11.93,1.24,0.0
20230507:0610,113.57,151.39,20.41,14.63,1.03,0.0
20230507:0710,229.63,265.16,30.83,16.08,1.1,0.0
20230507:0810,232.67,259.34,40.96,17.84,0.55,0.0
20230507:0910,364.66,403.62,50.17,19.12,0.48,0.0
20230507:1010,539.72,596.3,57.38,20.14,1.1,0.0
20230507:1110,620.03,683.32,60.85,20.83,1.66,0.0
20230507:1210,390.43,428.28,59.2,20.69,2.07,0.0
20230507:1310,670.44,738.52,53.16,20.59,1.72,0.0
20230507:1410,500.46,552.5,44.53,20.54,0.76,0.0
20230507:1510,384.68,422.12,34.65,20.41,0.83,0.0
20230507:1610,161.29,185.58,24.28,19.87,0.9,0.0
20230507:1710,11.79,24.27,13.89,18.6,0.55,0.0
20230507:1810,0.0,4.85,3.83,17.06,1.03,0.0
20230507:1910,0.0,0.0,0.0,16.24,1.31,0.0
20230507:2010,0.0,0.0,0.0,15.39,1.38,0.0
20230507:2110,0.0,0.0,0.0,14.69,1.31,0.0
20230507:2210,0.0,0.0,0.0,14.02,1.45,0.0
20230507:2310,0.0,0.0,0.0,14.01,1.45,0.0
20230508:0010,0.0,0.0,0.0,13.32,1.45,0.0
20230508:0110,0.0,0.0,0.0,12.85,1.24,0.0
20230508:0210,0.0,0.0,0.0,12.67,1.17,0.0
20230508:0310,0.0,0.0,0.0,12.82,1.03,0.0
20230508:0410,0.0,0.0,0.0,13.1,0.76,0.0
20230508:0510,29.88,46.79,10.31,13.5,0.55,0.0
20230508:0610,129.73,156.1,20.61,14.53,0.41,0.0
20230508:0710,215.51,262.88,31.03,15.58,0.69,0.0
20230508:0810,340.61,387.03,41.17,17.29,0.9,0.0
20230508:0910,369.5,404.89,50.4,18.36,1.17,0.0
20230508:1010,409.45,448.62,57.64,19.05,1.31,0.0
20230508:1110,577.05,631.93,61.12,20.16,2.0,0.0
20230508:1210,626.13,685.03,59.46,20.34,2.21,0.0
20230508:1310,444.37,484.5,53.38,20.07,2.07,0.0
20230508:1410,307.49,336.97,44.72,19.65,2.07,0.0
20230508:1510,30.16,46.59,34.83,19.54,1.86,0.0
20230508:1610,480.62,518.96,24.46,18.79,1.52,0.0
20230508:1710,303.39,332.48,14.07,18.58,1.24,0.0
20230508:1810,61.37,82.74,4.02,18.1,1.17,0.0
20230508:1910,0.0,0.0,0.0,16.12,0.9,0.0
20230508:2010,0.0,0.0,0.0,15.21,1.03,0.0
20230508:2110,0.0,0.0,0.0,14.37,1.1,0.0
20230508:2210,0.0,0.0,0.0,14.03,0.9,0.0
20230508:2310,0.0,0.0,0.0,14.35,0.55,0.0
20230509:0010,0.0,0.0,0.0,14.35,0.97,0.0
20230509:0110,0.0,0.0,0.0,14.04,0.9,0.0
20230509:0210,0.0,0.0,0.0,13.8,0.69,0.0
20230509:0310,0.0,0.0,0.0,13.63,1.03,0.0
20230509:0410,0.0,0.0,0.0,13.4,1.17,0.0
20230509:0510,9.17,20.38,10.51,13.31,1.17,0.0
20230509:0610,18.46,32.03,20.81,13.41,1.17,0.0
20230509:0710,73.74,92.21,31.23,14.26,1.31,0.0
20230509:0810,107.79,127.15,41.37,14.47,1.52,0.0
20230509:0910,172.11,193.15,50.63,15.73,1.86,0.0
20230509:1010,145.34,165.98,57.89,15.75,1.86,0.0
20230509:1110,188.28,210.62,61.39,16.89,1.93,0.0
20230509:1210,237.11,261.1,59.71,17.19,1.93,0.0
20230509:1310,296.69,323.72,53.6,17.71,1.79,0.0
20230509:1410,228.93,253.72,44.91,17.86,1.52,0.0
20230509:1510,86.49,106.77,35.01,17.65,1.72,0.0
20230509:1610,49.94,67.94,24.63,16.93,1.59,0.0
20230509:1710,29.02,44.65,14.25,15.86,1.52,0.0
20230509:1810,3.7,12.62,4.2,15.06,1.59,0.0
20230509:1910,0.0,0.0,0.0,14.46,1.72,0.0
20230509:2010,0.0,0.0,0.0,14.06,1.93,0.0
20230509:2110,0.0,0.0,0.0,13.74,2.14,0.0
20230509:2210,0.0,0.0,0.0,13.47,2.34,0.0
20230509:2310,0.0,0.0,0.0,13.14,2.55,0.0
20230510:0010,0.0,0.0,0.0,12.86,2.34,0.0
20230510:0110,0.0,0.0,0.0,12.53,2.0,0.0
20230510:0210,0.0,0.0,0.0,12.32,1.31,0.0
20230510:0310,0.0,0.0,0.0,12.3,0.76,0.0
20230510:0410,0.0,0.0,0.0,12.21,0.41,0.0
20230510:0510,12.99,25.24,10.7,12.35,0.34,0.0
20230510:0610,108.17,127.47,21.0,12.32,0.9,0.0
20230510:0710,87.49,105.8,31.42,12.76,0.9,0.0
20230510:0810,226.89,246.97,41.57,13.09,1.17,0.0
20230510:0910,125.74,144.62,50.85,13.18,1.38,0.0
20230510:1010,175.65,195.09,58.14,13.66,1.66,0.0
20230510:1110,286.28,307.94,61.65,14.06,1.72,0.0
20230510:1210,359.63,384.9,59.96,14.56,1.66,0.0
20230510:1310,411.17,438.12,53.82,14.93,2.0,0.0
20230510:1410,492.79,522.66,45.1,15.0,2.0,0.0
20230510:1510,424.58,448.86,35.18,14.9,2.0,0.0
20230510:1610,70.01,88.33,24.81,14.33,1.59,0.0
20230510:1710,116.57,135.56,14.42,13.69,1.03,0.0
20230510:1810,11.11,23.09,4.39,13.08,0.97,0.0
20230510:1910,0.0,0.0,0.0,12.99,0.41,0.0
20230510:2010,0.0,0.0,0.0,11.59,0.9,0.0
20230510:2110,0.0,0.0,0.0,10.81,0.9,0.0
20230510:2210,0.0,0.0,0.0,10.78,0.76,0.0
20230510:2310,0.0,0.0,0.0,10.9,0.55,0.0
20230511:0010,0.0,0.0,0.0,10.54,0.55,0.0
20230511:0110,0.0,0.0,0.0,9.84,0.83,0.0
20230511:0210,0.0,0.0,0.0,8.96,1.03,0.0
20230511:0310,0.0,0.0,0.0,8.01,1.24,0.0
20230511:0410,0.0,0.0,0.0,7.41,1.38,0.0
20230511:0510,45.87,61.69,10.89,8.03,1.17,0.0
20230511:0610,101.97,120.09,21.18,10.96,0.83,0.0
20230511:0710,180.3,200.98,31.6,13.44,0.62,0.0
20230511:0810,339.52,371.68,41.77,14.99,0.55,0.0
20230511:0910,400.09,437.75,51.06,16.38,0.34,0.0
20230511:1010,471.0,519.81,58.38,17.41,0.14,0.0
20230511:1110,606.76,675.74,61.91,18.09,0.21,0.0
20230511:1210,584.89,648.53,60.21,18.6,0.55,0.0
20230511:1310,53.01,71.83,54.03,18.81,1.1,0.0
20230511:1410,107.3,129.09,45.29,18.56,0.76,0.0
20230511:1510,38.45,55.33,35.36,16.68,2.21,0.0
20230511:1610,27.55,42.71,24.98,14.41,2.28,0.0
20230511:1710,24.28,38.82,14.6,13.36,1.79,0.0
20230511:1810,2.0,9.71,4.57,12.79,0.9,0.0
20230511:1910,0.0,0.0,0.0,12.23,1.45,0.0
20230511:2010,0.0,0.0,0.0,11.79,1.38,0.0
20230511:2110,0.0,0.0,0.0,11.32,1.03,0.0
20230511:2210,0.0,0.0,0.0,10.66,0.62,0.0
20230511:2310,0.0,0.0,0.0,10.61,0.55,0.0
20230512:0010,0.0,0.0,0.0,10.12,0.55,0.0
20230512:0110,0.0,0.0,0.0,10.25,0.55,0.0
20230512:0210,0.0,0.0,0.0,9.85,0.69,0.0
20230512:0310,0.0,0.0,0.0,9.95,0.62,0.0
20230512:0410,0.0,0.0,0.0,9.61,0.69,0.0
20230512:0510,3.22,11.65,11.08,9.61,0.55,0.0
20230512:0610,44.93,61.15,21.36,10.96,0.21,0.0
20230512:0710,77.33,95.12,31.78,11.87,0.48,0.0
20230512:0810,224.9,245.09,41.95,12.91,0.83,0.0
20230512:0910,177.08,197.04,51.27,13.76,1.03,0.0
20230512:1010,147.6,167.92,58.61,15.01,1.45,0.0
20230512:1110,183.48,204.8,62.16,15.79,1.79,0.0
20230512:1210,499.58,536.35,60.45,16.03,1.86,0.0
20230512:1310,106.12,126.18,54.24,16.0,1.86,0.0
20230512:1410,95.03,114.53,45.48,15.42,1.86,0.0
20230512:1510,62.68,80.56,35.53,14.02,1.79,0.0
20230512:1610,74.14,92.21,25.14,13.34,1.79,0.0
20230512:1710,169.76,188.95,14.77,13.36,0.69,0.0
20230512:1810,0.0,3.88,4.75,13.03,0.34,0.0
20230512:1910,0.0,0.0,0.0,11.65,1.1,0.0
20230512:2010,0.0,0.0,0.0,11.01,1.03,0.0
20230512:2110,0.0,0.0,0.0,10.48,0.83,0.0
20230512:2210,0.0,0.0,0.0,10.32,0.55,0.0
20230512:2310,0.0,0.0,0.0,10.24,0.48,0.0
20230513:0010,0.0,0.0,0.0,10.23,0.55,0.0
20230513:0110,0.0,0.0,0.0,10.19,0.48,0.0
20230513:0210,0.0,0.0,0.0,10.17,0.76,0.0
20230513:0310,0.0,0.0,0.0,9.83,0.62,0.0
20230513:0410,0.0,0.0,0.0,10.06,0.41,0.0
20230513:0510,16.33,29.12,11.25,10.17,0.55,0.0
20230513:0610,36.01,51.44,21.53,10.54,0.69,0.0
20230513:0710,86.38,103.86,31.96,10.92,0.97,0.0
20230513:0810,241.41,260.62,42.14,12.02,1.1,0.0
20230513:0910,412.26,440.06,51.47,12.62,0.97,0.0
20230513:1010,462.88,495.96,58.84,14.07,1.17,0.0
20230513:1110,472.69,506.28,62.41,14.49,1.38,0.0
20230513:1210,654.24,706.53,60.68,15.06,1.31,0.0
20230513:1310,654.86,708.31,54.45,15.03,1.1,0.0
20230513:1410,527.59,566.12,45.66,15.02,0.97,0.0
20230513:1510,545.3,583.11,35.7,15.14,1.03,0.0
20230513:1610,417.17,444.82,25.31,14.94,0.76,0.0
20230513:1710,296.44,319.37,14.94,14.38,0.62,0.0
20230513:1810,2.54,10.68,4.93,14.05,0.62,0.0
20230513:1910,0.0,0.0,0.0,12.77,0.83,0.0
20230513:2010,0.0,0.0,0.0,11.83,0.69,0.0
20230513:2110,0.0,0.0,0.0,11.44,0.55,0.0
20230513:2210,0.0,0.0,0.0,10.71,0.83,0.0
20230513:2310,0.0,0.0,0.0,10.34,0.97,0.0
20230514:0010,0.0,0.0,0.0,10.27,0.97,0.0
20230514:0110,0.0,0.0,0.0,10.38,1.03,0.0
20230514:0210,0.0,0.0,0.0,10.48,0.9,0.0
20230514:0310,0.0,0.0,0.0,10.2,0.9,0.0
20230514:0410,0.0,0.95,1.64,10.02,0.9,0.0
20230514:0510,48.33,64.89,11.43,9.78,0.83,0.0
20230514:0610,146.46,175.16,21.7,11.51,0.62,0.0
20230514:0710,226.0,248.19,32.12,11.75,0.28,0.0
20230514:0810,371.56,407.58,42.31,13.2,0.9,0.0
20230514:0910,418.32,448.6,51.66,14.22,1.31,0.0
20230514:1010,597.22,640.59,59.06,14.9,1.45,0.0
20230514:1110,574.94,619.19,62.66,15.9,1.72,0.0
20230514:1210,627.73,676.39,60.92,16.66,2.07,0.0
20230514:1310,697.34,751.62,54.65,16.78,2.14,0.0
20230514:1410,622.43,670.23,45.84,16.95,1.79,0.0
20230514:1510,333.15,359.05,35.87,16.88,1.59,0.0
20230514:1610,282.06,305.37,25.47,16.39,1.1,0.0
20230514:1710,151.9,172.07,15.11,15.1,0.97,0.0
20230514:1810,12.9,25.43,5.11,14.3,1.17,0.0
20230514:1910,0.0,0.0,0.0,13.13,0.97,0.0
20230514:2010,0.0,0.0,0.0,12.06,0.76,0.0
20230514:2110,0.0,0.0,0.0,11.4,0.83,0.0
20230514:2210,0.0,0.0,0.0,10.94,0.83,0.0
20230514:2310,0.0,0.0,0.0,10.45,0.9,0.0
20230515:0010,0.0,0.0,0.0,10.29,0.83,0.0
20230515:0110,0.0,0.0,0.0,9.69,0.9,0.0
20230515:0210,0.0,0.0,0.0,9.11,0.97,0.0
20230515:0310,0.0,0.0,0.0,8.38,1.1,0.0
20230515:0410,0.0,2.84,1.82,8.06,1.17,0.0
20230515:0510,36.32,62.31,11.59,8.43,1.1,0.0
20230515:0610,111.84,163.92,21.86,11.32,0.69,0.0
20230515:0710,239.2,288.24,32.29,14.0,1.03,0.0
20230515:0810,378.03,424.17,42.48,15.66,0.62,0.0
20230515:0910,496.96,550.62,51.85,17.15,0.14,0.0
20230515:1010,596.05,664.39,59.28,18.4,0.14,0.0
20230515:1110,631.7,707.39,62.89,19.32,0.34,0.0
20230515:1210,626.92,707.39,61.14,20.06,0.21,0.0
20230515:1310,686.69,783.35,54.85,20.34,0.0,0.0
20230515:1410,506.22,566.04,46.02,20.77,0.07,0.0
20230515:1510,57.75,77.65,36.03,20.78,0.34,0.0
20230515:1610,142.6,166.85,25.64,20.41,0.76,0.0
20230515:1710,198.94,224.44,15.27,19.84,0.83,0.0
20230515:1810,110.54,134.74,5.28,18.36,1.17,0.0
20230515:1910,0.0,0.0,0.0,15.09,1.1,0.0
20230515:2010,0.0,0.0,0.0,13.94,0.9,0.0
20230515:2110,0.0,0.0,0.0,11.78,1.45,0.0
20230515:2210,0.0,0.0,0.0,10.74,1.59,0.0
20230515:2310,0.0,0.0,0.0,9.78,1.66,0.0
20230516:0010,0.0,0.0,0.0,8.91,1.72,0.0
20230516:0110,0.0,0.0,0.0,8.59,1.93,0.0
20230516:0210,0.0,0.0,0.0,8.66,2.21,0.0
20230516:0310,0.0,0.0,0.0,8.66,2.34,0.0
20230516:0410,0.0,3.79,1.99,8.74,2.41,0.0
20230516:0510,35.93,63.42,11.76,9.74,2.34,0.0
20230516:0610,143.44,179.18,22.02,11.95,2.07,0.0
20230516:0710,258.33,287.24,32.44,14.58,2.55,0.0
20230516:0810,351.06,381.05,42.65,16.47,2.48,0.0
20230516:0910,373.67,405.14,52.03,17.68,2.07,0.0
20230516:1010,217.01,241.68,59.49,18.16,1.66,0.0
20230516:1110,399.7,435.07,63.13,17.86,1.38,0.0
20230516:1210,333.12,364.1,61.36,17.49,0.9,0.0
20230516:1310,144.6,166.95,55.04,17.18,0.48,0.0
20230516:1410,199.92,223.34,46.19,17.17,1.24,0.0
20230516:1510,144.37,165.98,36.19,17.0,1.66,0.0
20230516:1610,266.22,288.86,25.8,17.04,1.93,0.0
20230516:1710,101.15,121.14,15.44,16.57,2.0,0.0
20230516:1810,0.0,4.85,5.46,15.84,2.21,0.0
20230516:1910,0.0,0.0,0.0,15.26,2.0,0.0
20230516:2010,0.0,0.0,0.0,14.18,1.86,0.0
20230516:2110,0.0,0.0,0.0,13.0,1.66,0.0
20230516:2210,0.0,0.0,0.0,12.33,1.38,0.0
20230516:2310,0.0,0.0,0.0,11.77,1.31,0.0
20230517:0010,0.0,0.0,0.0,11.24,1.45,0.0
20230517:0110,0.0,0.0,0.0,10.98,1.59,0.0
20230517:0210,0.0,0.0,0.0,11.12,1.93,0.0
20230517:0310,0.0,0.0,0.0,11.31,2.14,0.0
20230517:0410,0.0,2.84,2.16,11.52,2.34,0.0
20230517:0510,17.81,31.06,11.91,11.88,2.48,0.0
20230517:0610,105.53,124.13,22.17,12.66,2.48,0.0
20230517:0710,97.74,116.47,32.59,13.84,2.21,0.0
20230517:0810,213.87,234.48,42.81,14.8,2.21,0.0
20230517:0910,171.38,192.18,52.21,15.72,2.28,0.0
20230517:1010,107.13,127.15,59.69,15.82,1.72,0.0
20230517:1110,99.29,119.39,63.35,16.13,1.24,0.0
20230517:1210,120.96,141.71,61.58,15.98,0.76,0.0
20230517:1310,183.83,205.77,55.23,15.91,1.1,0.0
20230517:1410,332.24,357.18,46.36,15.61,1.66,0.0
20230517:1510,235.3,256.7,36.35,15.18,1.59,0.0
20230517:1610,99.91,119.39,25.95,14.95,1.45,0.0
20230517:1710,75.49,94.14,15.6,14.71,1.17,0.0
20230517:1810,116.83,138.67,5.63,14.34,1.03,0.0
20230517:1910,0.0,0.0,0.0,13.51,1.24,0.0
20230517:2010,0.0,0.0,0.0,12.2,1.31,0.0
20230517:2110,0.0,0.0,0.0,11.49,1.31,0.0
20230517:2210,0.0,0.0,0.0,11.09,1.31,0.0
20230517:2310,0.0,0.0,0.0,11.3,1.31,0.0
20230518:0010,0.0,0.0,0.0,11.51,1.31,0.0
20230518:0110,0.0,0.0,0.0,11.44,1.24,0.0
20230518:0210,0.0,0.0,0.0,11.26,1.03,0.0
20230518:0310,0.0,0.0,0.0,11.31,0.9,0.0
20230518:0410,0.0,0.95,2.32,11.64,0.62,0.0
20230518:0510,9.99,21.35,12.06,11.72,0.0,0.0
20230518:0610,21.86,35.91,22.31,12.3,0.34,0.0
20230518:0710,72.57,90.27,32.74,11.97,0.48,0.0
20230518:0810,103.03,121.33,42.96,12.11,0.69,0.0
20230518:0910,134.58,153.36,52.38,12.51,0.76,0.0
20230518:1010,495.95,532.62,59.89,13.1,0.62,0.0
20230518:1110,590.78,640.3,63.57,13.26,0.34,0.0
20230518:1210,699.41,766.08,61.8,13.7,0.28,0.0
20230518:1310,562.15,605.18,55.42,13.86,0.69,0.0
20230518:1410,441.27,471.03,46.53,14.23,0.97,0.0
20230518:1510,142.68,163.06,36.51,14.93,1.03,0.0
20230518:1610,189.72,210.22,26.11,14.95,1.03,0.0
20230518:1710,36.03,52.41,15.76,15.24,0.83,0.0
20230518:1810,17.43,31.07,5.79,14.86,0.55,0.0
20230518:1910,0.0,0.0,0.0,13.98,0.76,0.0
20230518:2010,0.0,0.0,0.0,13.15,0.97,0.0
20230518:2110,0.0,0.0,0.0,12.37,1.1,0.0
20230518:2210,0.0,0.0,0.0,12.04,1.31,0.0
20230518:2310,0.0,0.0,0.0,11.89,1.38,0.0
20230519:0010,0.0,0.0,0.0,11.78,1.38,0.0
20230519:0110,0.0,0.0,0.0,11.83,1.38,0.0
20230519:0210,0.0,0.0,0.0,11.93,1.38,0.0
20230519:0310,0.0,0.0,0.0,11.91,1.24,0.0
20230519:0410,0.0,0.95,2.48,11.75,1.1,0.0
20230519:0510,5.07,14.56,12.21,11.79,0.76,0.0
20230519:0610,54.64,71.83,22.45,12.48,0.21,0.0
20230519:0710,113.06,132.0,32.88,13.22,0.9,0.0
20230519:0810,174.91,195.09,43.11,13.55,0.48,0.0
20230519:0910,279.86,304.63,52.54,14.11,0.07,0.0
20230519:1010,313.76,338.91,60.08,14.28,0.69,0.0
20230519:1110,142.16,162.09,63.79,14.25,0.97,0.0
20230519:1210,126.05,145.59,62.0,14.11,1.17,0.0
20230519:1310,125.07,144.62,55.61,14.23,1.31,0.0
20230519:1410,92.89,111.62,46.69,13.49,0.97,0.0
20230519:1510,76.74,95.12,36.67,13.28,0.21,0.0
20230519:1610,68.4,86.39,26.26,13.22,0.62,0.0
20230519:1710,40.9,57.27,15.91,13.06,0.9,0.0
20230519:1810,6.37,16.5,5.96,12.79,0.9,0.0
20230519:1910,0.0,0.0,0.0,12.28,1.1,0.0
20230519:2010,0.0,0.0,0.0,12.15,1.24,0.0
20230519:2110,0.0,0.0,0.0,12.06,1.31,0.0
20230519:2210,0.0,0.0,0.0,11.95,1.38,0.0
20230519:2310,0.0,0.0,0.0,11.82,1.31,0.0
20230520:0010,0.0,0.0,0.0,11.85,1.24,0.0
20230520:0110,0.0,0.0,0.0,11.63,1.24,0.0
20230520:0210,0.0,0.0,0.0,11.54,1.24,0.0
20230520:0310,0.0,0.0,0.0,11.48,1.31,0.0
20230520:0410,0.0,1.89,2.63,11.49,1.45,0.0
20230520:0510,13.81,26.21,12.35,11.88,1.45,0.0
20230520:0610,16.14,29.12,22.59,12.39,1.17,0.0
20230520:0710,68.36,86.39,33.01,13.7,1.66,0.0
20230520:0810,110.37,130.06,43.25,14.85,1.24,0.0
20230520:0910,90.94,110.65,52.7,15.53,0.62,0.0
20230520:1010,159.17,180.54,60.27,15.29,0.41,0.0
20230520:1110,138.4,159.18,64.0,15.41,0.76,0.0
20230520:1210,148.87,169.86,62.21,15.75,1.24,0.0
20230520:1310,141.16,162.09,55.79,16.1,1.59,0.0
20230520:1410,79.63,99.0,46.86,16.08,1.52,0.0
20230520:1510,47.55,65.03,36.82,15.65,1.45,0.0
20230520:1610,46.73,64.06,26.41,15.33,1.59,0.0
20230520:1710,31.75,47.56,16.07,14.99,1.59,0.0
20230520:1810,6.31,16.5,6.12,14.32,1.45,0.0
20230520:1910,0.0,0.0,0.0,13.68,1.86,0.0
20230520:2010,0.0,0.0,0.0,13.36,2.07,0.0
20230520:2110,0.0,0.0,0.0,13.15,2.14,0.0
20230520:2210,0.0,0.0,0.0,12.96,2.07,0.0
20230520:2310,0.0,0.0,0.0,12.78,1.72,0.0
20230521:0010,0.0,0.0,0.0,12.8,1.52,0.0
20230521:0110,0.0,0.0,0.0,12.78,1.59,0.0
20230521:0210,0.0,0.0,0.0,12.77,1.72,0.0
20230521:0310,0.0,0.0,0.0,12.66,1.79,0.0
20230521:0410,0.0,1.89,2.77,12.61,1.79,0.0
20230521:0510,5.04,14.56,12.48,12.79,1.72,0.0
20230521:0610,22.61,36.88,22.71,13.3,1.72,0.0
20230521:0710,158.06,177.53,33.14,13.97,2.14,0.0
20230521:0810,177.98,198.98,43.38,15.57,1.86,0.0
20230521:0910,98.25,118.42,52.86,16.6,1.86,0.0
20230521:1010,84.65,104.83,60.45,17.78,2.28,0.0
20230521:1110,98.35,119.39,64.2,18.54,2.41,0.0
20230521:1210,313.24,343.38,62.41,19.5,2.21,0.0
20230521:1310,556.66,609.71,55.96,20.48,1.93,0.0
20230521:1410,524.7,573.79,47.01,20.61,1.72,0.0
20230521:1510,576.52,632.39,36.97,21.17,1.52,0.0
20230521:1610,470.24,514.99,26.56,21.36,1.17,0.0
20230521:1710,189.19,215.35,16.22,21.13,0.76,0.0
20230521:1810,131.29,157.48,6.28,20.6,0.41,0.0
20230521:1910,0.0,0.0,0.0,19.52,0.69,0.0
20230521:2010,0.0,0.0,0.0,17.08,1.17,0.0
20230521:2110,0.0,0.0,0.0,14.52,1.79,0.0
20230521:2210,0.0,0.0,0.0,13.58,1.86,0.0
20230521:2310,0.0,0.0,0.0,12.68,1.93,0.0
20230522:0010,0.0,0.0,0.0,11.99,1.72,0.0
20230522:0110,0.0,0.0,0.0,11.63,1.72,0.0
20230522:0210,0.0,0.0,0.0,11.44,1.93,0.0
20230522:0310,0.0,0.0,0.0,11.18,2.07,0.0
20230522:0410,0.01,5.68,2.91,11.35,2.07,0.0
20230522:0510,9.24,20.38,12.61,12.07,1.93,0.0
20230522:0610,43.36,60.18,22.84,14.35,1.72,0.0
20230522:0710,65.12,84.44,33.26,17.76,1.31,0.0
20230522:0810,262.38,293.1,43.51,20.02,0.83,0.0
20230522:0910,369.21,413.67,53.0,21.26,0.21,0.0
20230522:1010,535.65,600.39,60.62,22.11,0.83,0.0
20230522:1110,666.63,747.47,64.4,22.66,1.31,0.0
20230522:1210,720.8,811.45,62.6,23.03,1.52,0.0
20230522:1310,724.2,811.31,56.14,23.14,1.86,0.0
20230522:1410,692.26,774.54,47.17,22.73,1.52,0.0
20230522:1510,580.61,651.41,37.12,22.23,0.41,0.0
20230522:1610,460.91,508.69,26.71,21.32,0.48,0.0
20230522:1710,353.73,389.64,16.37,21.1,0.9,0.0
20230522:1810,123.33,148.42,6.43,20.24,0.83,0.0
20230522:1910,0.0,0.0,0.0,20.29,0.48,0.0
20230522:2010,0.0,0.0,0.0,19.6,0.76,0.0
20230522:2110,0.0,0.0,0.0,16.39,1.38,0.0
20230522:2210,0.0,0.0,0.0,15.02,1.52,0.0
20230522:2310,0.0,0.0,0.0,13.9,1.59,0.0
20230523:0010,0.0,0.0,0.0,13.12,1.66,0.0
20230523:0110,0.0,0.0,0.0,12.33,1.79,0.0
20230523:0210,0.0,0.0,0.0,12.13,1.79,0.0
20230523:0310,0.0,0.0,0.0,11.88,1.79,0.0
20230523:0410,0.88,7.57,3.04,11.45,1.79,0.0
20230523:0510,54.03,84.41,12.74,12.36,1.66,0.0
20230523:0610,137.26,185.77,22.96,15.55,1.31,0.0
20230523:0710,254.65,306.51,33.38,19.55,0.83,0.0
20230523:0810,381.16,437.17,43.64,21.8,0.48,0.0
20230523:0910,494.22,559.59,53.14,23.14,0.48,0.0
20230523:1010,591.72,669.31,60.79,24.09,0.9,0.0
20230523:1110,672.34,761.91,64.59,24.75,1.38,0.0
20230523:1210,716.5,813.61,62.79,25.1,1.66,0.0
20230523:1310,700.19,791.82,56.31,25.31,1.86,0.0
20230523:1410,545.68,608.56,47.32,25.2,2.14,0.0
20230523:1510,462.57,515.2,37.26,25.02,1.59,0.0
20230523:1610,262.71,295.9,26.85,24.24,1.17,0.0
20230523:1710,44.77,64.06,16.52,23.5,0.83,0.0
20230523:1810,141.3,168.75,6.59,21.95,0.62,0.0
20230523:1910,0.0,0.0,0.0,22.34,0.62,0.0
20230523:2010,0.0,0.0,0.0,21.51,0.28,0.0
20230523:2110,0.0,0.0,0.0,20.6,0.14,0.0
20230523:2210,0.0,0.0,0.0,19.39,0.83,0.0
20230523:2310,0.0,0.0,0.0,16.7,1.31,0.0
20230524:0010,0.0,0.0,0.0,15.21,1.45,0.0
20230524:0110,0.0,0.0,0.0,14.17,1.52,0.0
20230524:0210,0.0,0.0,0.0,13.12,1.59,0.0
20230524:0310,0.0,0.0,0.0,12.16,1.72,0.0
20230524:0410,1.36,8.52,3.17,11.66,1.66,0.0
20230524:0510,57.2,75.36,12.85,12.63,1.38,0.0
20230524:0610,125.2,147.51,23.07,16.57,1.03,0.0
20230524:0710,191.64,216.36,33.49,17.92,1.1,0.0
20230524:0810,370.03,412.49,43.75,19.28,0.83,0.0
20230524:0910,456.5,505.76,53.27,20.4,1.03,0.0
20230524:1010,456.98,503.59,60.95,20.61,1.52,0.0
20230524:1110,656.85,728.39,64.78,21.19,1.52,0.0
20230524:1210,635.61,711.16,62.98,20.63,0.83,0.0
20230524:1310,637.67,722.94,56.47,21.38,0.28,0.0
20230524:1410,608.85,679.08,47.47,21.95,1.03,0.0
20230524:1510,89.45,111.62,37.4,21.09,0.9,0.0
20230524:1610,269.54,298.36,26.99,19.84,0.48,0.0
20230524:1710,19.59,33.97,16.66,18.03,0.55,0.0
20230524:1810,3.07,11.65,6.74,16.48,1.45,0.0
20230524:1910,0.0,0.0,0.0,16.18,1.79,0.0
20230524:2010,0.0,0.0,0.0,15.55,1.59,0.0
20230524:2110,0.0,0.0,0.0,14.93,1.31,0.0
20230524:2210,0.0,0.0,0.0,14.52,1.03,0.0
20230524:2310,0.0,0.0,0.0,14.28,1.03,0.0
20230525:0010,0.0,0.0,0.0,14.24,1.03,0.0
20230525:0110,0.0,0.0,0.0,13.72,1.1,0.0
20230525:0210,0.0,0.0,0.0,13.67,1.1,0.0
20230525:0310,0.0,0.0,0.0,13.57,1.52,0.0
20230525:0410,2.39,10.41,3.29,13.57,1.59,0.0
20230525:0510,5.0,14.56,12.97,13.89,1.17,0.0
20230525:0610,15.95,29.12,23.17,14.44,0.83,0.0
20230525:0710,55.11,72.8,33.6,14.43,1.1,0.0
20230525:0810,128.49,148.51,43.86,14.89,1.31,0.0
20230525:0910,355.14,382.72,53.4,15.87,1.72,0.0
20230525:1010,306.05,333.49,61.1,17.27,1.59,0.0
20230525:1110,592.72,648.73,64.96,18.07,1.31,0.0
20230525:1210,707.34,787.26,63.15,19.29,0.97,0.0
20230525:1310,696.5,779.95,56.63,19.92,0.76,0.0
20230525:1410,679.8,763.63,47.62,20.41,0.55,0.0
20230525:1510,616.75,695.49,37.54,20.8,0.0,0.0
20230525:1610,505.23,561.51,27.13,20.91,0.07,0.0
20230525:1710,367.29,404.27,16.8,20.66,0.62,0.0
20230525:1810,103.19,126.38,6.89,19.86,1.24,0.0
20230525:1910,0.0,0.0,0.0,18.65,0.76,0.0
20230525:2010,0.0,0.0,0.0,18.57,0.69,0.0
20230525:2110,0.0,0.0,0.0,16.09,1.24,0.0
20230525:2210,0.0,0.0,0.0,14.38,1.52,0.0
20230525:2310,0.0,0.0,0.0,13.26,1.59,0.0
20230526:0010,0.0,0.0,0.0,12.34,1.59,0.0
20230526:0110,0.0,0.0,0.0,11.83,1.66,0.0
20230526:0210,0.0,0.0,0.0,11.22,1.79,0.0
20230526:0310,0.0,0.0,0.0,10.92,1.86,0.0
20230526:0410,3.02,11.36,3.41,10.69,1.86,0.0
20230526:0510,48.6,84.68,13.07,11.79,1.66,0.0
20230526:0610,138.11,190.69,23.27,14.86,1.24,0.0
20230526:0710,262.77,314.68,33.7,18.28,0.76,0.0
20230526:0810,391.83,448.01,43.97,20.43,0.07,0.0
20230526:0910,506.23,568.77,53.52,21.81,0.55,0.0
20230526:1010,610.52,686.87,61.25,22.81,0.9,0.0
20230526:1110,686.5,775.83,65.13,23.54,1.24,0.0
20230526:1210,714.83,809.72,63.33,23.99,1.45,0.0
20230526:1310,723.77,820.32,56.79,24.41,1.59,0.0
20230526:1410,696.76,788.2,47.76,24.63,1.52,0.0
20230526:1510,631.24,707.84,37.68,24.38,1.45,0.0
20230526:1610,519.95,577.43,27.26,24.17,1.38,0.0
20230526:1710,381.45,424.1,16.94,23.7,1.1,0.0
20230526:1810,131.75,158.32,7.03,22.2,0.69,0.0
20230526:1910,0.0,0.0,0.0,21.13,0.83,0.0
20230526:2010,0.0,0.0,0.0,19.92,1.17,0.0
20230526:2110,0.0,0.0,0.0,18.68,1.24,0.0
20230526:2210,0.0,0.0,0.0,17.69,1.31,0.0
20230526:2310,0.0,0.0,0.0,16.89,1.31,0.0
20230527:0010,0.0,0.0,0.0,16.2,1.38,0.0
20230527:0110,0.0,0.0,0.0,15.21,1.52,0.0
20230527:0210,0.0,0.0,0.0,14.4,1.79,0.0
20230527:0310,0.0,0.0,0.0,14.14,1.86,0.0
20230527:0410,2.96,11.36,3.52,13.69,1.72,0.0
20230527:0510,68.83,91.3,13.17,14.18,1.31,0.0
20230527:0610,161.86,193.97,23.37,16.31,0.97,0.0
20230527:0710,186.32,210.76,33.79,18.59,1.86,0.0
20230527:0810,348.81,381.82,44.07,18.43,2.07,0.0
20230527:0910,410.21,445.98,53.64,18.85,2.28,0.0
20230527:1010,539.29,586.56,61.39,19.17,2.21,0.0
20230527:1110,670.8,734.43,65.3,19.51,1.86,0.0
20230527:1210,680.55,756.64,63.5,20.08,1.17,0.0
20230527:1310,634.07,710.01,56.94,20.61,0.69,0.0
20230527:1410,616.74,690.61,47.9,21.26,0.62,0.0
20230527:1510,231.61,260.85,37.81,21.58,1.17,0.0
20230527:1610,189.11,215.63,27.39,21.46,1.17,0.0
20230527:1710,257.02,286.17,17.07,20.94,0.62,0.0
20230527:1810,97.35,120.26,7.17,19.85,0.55,0.0
20230527:1910,0.0,0.0,0.0,17.85,1.66,0.0
20230527:2010,0.0,0.0,0.0,17.44,1.59,0.0
20230527:2110,0.0,0.0,0.0,16.64,1.66,0.0
20230527:2210,0.0,0.0,0.0,15.95,1.93,0.0
20230527:2310,0.0,0.0,0.0,15.91,1.79,0.0
20230528:0010,0.0,0.0,0.0,15.37,1.66,0.0
20230528:0110,0.0,0.0,0.0,14.67,1.79,0.0
20230528:0210,0.0,0.0,0.0,14.62,1.72,0.0
20230528:0310,0.0,0.0,0.0,14.34,2.0,0.0
20230528:0410,0.0,4.73,3.62,14.22,2.0,0.0
20230528:0510,68.4,89.44,13.27,14.62,1.86,0.0
20230528:0610,153.11,196.6,23.46,15.69,1.59,0.0
20230528:0710,270.88,312.37,33.88,18.27,0.9,0.0
20230528:0810,391.16,439.35,44.16,19.11,0.76,0.0
20230528:0910,501.85,556.73,53.75,19.82,0.69,0.0
20230528:1010,595.41,663.16,61.53,20.48,0.69,0.0
20230528:1110,655.5,737.48,65.46,21.35,0.69,0.0
20230528:1210,683.96,772.9,63.66,21.96,0.83,0.0
20230528:1310,703.48,790.89,57.09,22.26,1.24,0.0
20230528:1410,666.45,744.78,48.04,22.33,1.31,0.0
20230528:1510,573.21,638.65,37.94,21.93,0.69,0.0
20230528:1610,35.11,52.41,27.52,20.25,0.83,0.0
20230528:1710,22.61,37.85,17.21,19.9,0.41,0.0
20230528:1810,10.26,22.32,7.31,19.56,0.41,0.0
20230528:1910,0.0,0.0,0.0,17.11,1.72,0.0
20230528:2010,0.0,0.0,0.0,16.02,2.0,0.0
20230528:2110,0.0,0.0,0.0,15.48,1.86,0.0
20230528:2210,0.0,0.0,0.0,15.23,1.72,0.0
20230528:2310,0.0,0.0,0.0,14.56,1.66,0.0
20230529:0010,0.0,0.0,0.0,13.91,1.79,0.0
20230529:0110,0.0,0.0,0.0,13.43,1.79,0.0
20230529:0210,0.0,0.0,0.0,13.05,1.72,0.0
20230529:0310,0.0,0.0,0.0,12.78,1.79,0.0
20230529:0410,0.0,2.84,3.72,12.67,1.93,0.0
20230529:0510,51.78,69.31,13.36,13.38,1.93,0.0
20230529:0610,160.35,199.85,23.54,15.78,1.45,0.0
20230529:0710,186.7,211.34,33.96,17.99,0.83,0.0
20230529:0810,143.15,166.95,44.25,19.05,0.28,0.0
20230529:0910,403.28,446.51,53.85,19.73,0.62,0.0
20230529:1010,595.93,666.81,61.65,20.41,0.41,0.0
20230529:1110,675.73,768.9,65.61,21.17,0.21,0.0
20230529:1210,701.61,805.42,63.82,21.67,0.14,0.0
20230529:1310,706.67,810.9,57.24,22.16,0.28,0.0
20230529:1410,682.93,779.21,48.17,22.32,0.34,0.0
20230529:1510,614.99,691.3,38.07,22.4,0.55,0.0
20230529:1610,502.09,554.2,27.65,22.09,0.9,0.0
20230529:1710,301.09,332.83,17.33,21.24,0.83,0.0
20230529:1810,98.35,121.39,7.44,20.25,0.48,0.0
20230529:1910,0.0,0.0,0.0,19.33,0.83,0.0
20230529:2010,0.0,0.0,0.0,18.04,1.17,0.0
20230529:2110,0.0,0.0,0.0,16.85,1.72,0.0
20230529:2210,0.0,0.0,0.0,16.17,2.0,0.0
20230529:2310,0.0,0.0,0.0,15.56,2.14,0.0
20230530:0010,0.0,0.0,0.0,15.04,2.07,0.0
20230530:0110,0.0,0.0,0.0,14.68,2.07,0.0
20230530:0210,0.0,0.0,0.0,14.1,2.0,0.0
20230530:0310,0.0,0.0,0.0,13.4,2.0,0.0
20230530:0410,8.82,19.88,3.82,12.92,2.0,0.0
20230530:0510,66.42,86.03,13.44,13.4,1.72,0.0
20230530:0610,165.17,194.93,23.62,15.75,1.31,0.0
20230530:0710,272.48,317.02,34.04,18.79,0.76,0.0
20230530:0810,366.71,406.66,44.34,19.76,1.24,0.0
20230530:0910,450.37,495.9,53.95,20.25,1.52,0.0
20230530:1010,588.99,647.73,61.78,20.58,1.72,0.0
20230530:1110,605.17,669.01,65.76,20.87,1.66,0.0
20230530:1210,655.58,731.56,63.97,21.53,1.38,0.0
20230530:1310,678.23,762.69,57.38,21.86,1.03,0.0
20230530:1410,635.01,708.36,48.3,21.95,1.17,0.0
20230530:1510,537.2,591.76,38.19,21.29,1.1,0.0
20230530:1610,276.68,305.02,27.77,20.63,1.52,0.0
20230530:1710,12.47,25.24,17.46,19.64,1.38,0.0
20230530:1810,22.79,37.94,7.57,18.74,0.41,0.0
20230530:1910,0.0,0.0,0.0,17.85,0.76,0.0
20230530:2010,0.0,0.0,0.0,16.5,1.45,0.0
20230530:2110,0.0,0.0,0.0,15.89,2.14,0.0
20230530:2210,0.0,0.0,0.0,15.51,2.41,0.0
20230530:2310,0.0,0.0,0.0,15.41,2.28,0.0
20230531:0010,0.0,0.0,0.0,15.21,2.07,0.0
20230531:0110,0.0,0.0,0.0,14.8,2.0,0.0
20230531:0210,0.0,0.0,0.0,14.68,2.07,0.0
20230531:0310,0.0,0.0,0.0,14.35,2.21,0.0
20230531:0410,0.0,2.84,3.9,14.22,2.14,0.0
20230531:0510,72.26,94.7,13.52,14.63,1.93,0.0
20230531:0610,138.46,160.81,23.7,15.94,1.72,0.0
20230531:0710,162.52,183.42,34.11,15.56,1.79,0.0
20230531:0810,98.56,118.42,44.41,16.05,2.07,0.0
20230531:0910,164.69,186.36,54.04,16.82,2.14,0.0
20230531:1010,375.75,406.06,61.89,17.43,2.21,0.0
20230531:1110,703.61,764.67,65.9,18.24,2.07,0.0
20230531:1210,711.75,785.58,64.12,20.15,1.79,0.0
20230531:1310,709.42,793.26,57.51,20.84,1.17,0.0
20230531:1410,661.81,747.11,48.43,21.41,0.48,0.0
20230531:1510,503.08,560.85,38.31,21.48,0.21,0.0
20230531:1610,264.19,295.27,27.89,21.45,0.34,0.0
20230531:1710,261.0,289.82,17.58,21.02,0.9,0.0
20230531:1810,65.87,86.43,7.7,20.09,0.9,0.0
20230531:1910,0.0,0.0,0.0,19.14,0.07,0.0
20230531:2010,0.0,0.0,0.0,18.52,0.55,0.0
20230531:2110,0.0,0.0,0.0,16.22,1.17,0.0
20230531:2210,0.0,0.0,0.0,14.6,1.45,0.0
20230531:2310,0.0,0.0,0.0,13.74,1.52,0.0
20230601:0010,0.0,0.0,0.0,12.87,1.59,0.0
20230601:0110,0.0,0.0,0.0,12.44,1.59,0.0
20230601:0210,0.0,0.0,0.0,12.02,1.59,0.0
20230601:0310,0.0,0.0,0.0,11.58,1.66,0.0
20230601:0410,9.62,20.83,3.98,11.26,1.66,0.0
20230601:0510,67.31,99.03,13.59,12.41,1.31,0.0
20230601:0610,151.63,200.82,23.76,16.09,0.97,0.0
20230601:0710,271.65,322.02,34.18,18.71,0.69,0.0
20230601:0810,400.86,453.77,44.48,20.02,0.41,0.0
20230601:0910,518.05,575.43,54.12,20.96,1.03,0.0
20230601:1010,612.91,681.8,62.0,21.69,1.24,0.0
20230601:1110,689.38,771.28,66.04,22.24,1.45,0.0
20230601:1210,717.76,806.91,64.26,22.73,1.52,0.0
20230601:1310,722.37,816.79,57.65,23.09,1.31,0.0
20230601:1410,696.8,789.02,48.55,23.22,1.03,0.0
20230601:1510,620.7,697.58,38.43,22.44,0.62,0.0
20230601:1610,509.57,565.9,28.01,22.05,0.48,0.0
20230601:1710,364.52,401.57,17.7,21.91,1.03,0.0
20230601:1810,35.97,53.64,7.82,20.93,0.48,0.0
20230601:1910,0.0,0.0,0.0,20.42,0.76,0.0
20230601:2010,0.0,0.0,0.0,20.56,0.21,0.0
20230601:2110,0.0,0.0,0.0,18.78,0.97,0.0
20230601:2210,0.0,0.0,0.0,17.33,1.17,0.0
20230601:2310,0.0,0.0,0.0,15.71,1.38,0.0
20230602:0010,0.0,0.0,0.0,14.93,1.45,0.0
20230602:0110,0.0,0.0,0.0,14.54,1.38,0.0
20230602:0210,0.0,0.0,0.0,13.6,1.59,0.0
20230602:0310,0.0,0.0,0.0,13.03,1.59,0.0
20230602:0410,0.0,2.84,4.06,12.98,1.59,0.0
20230602:0510,59.01,77.55,13.66,13.94,1.24,0.0
20230602:0610,159.96,203.52,23.83,17.3,0.83,0.0
20230602:0710,272.07,324.02,34.24,19.2,0.55,0.0
20230602:0810,397.93,452.94,44.55,20.92,0.28,0.0
20230602:0910,509.04,569.0,54.2,21.99,0.9,0.0
20230602:1010,614.46,688.18,62.1,22.82,1.17,0.0
20230602:1110,681.77,768.81,66.17,23.47,1.31,0.0
20230602:1210,707.61,804.91,64.4,23.76,1.1,0.0
20230602:1310,711.46,814.31,57.77,24.11,0.9,0.0
20230602:1410,684.66,778.45,48.67,24.27,1.03,0.0
20230602:1510,618.68,694.89,38.55,23.76,1.03,0.0
20230602:1610,518.72,570.99,28.12,21.91,1.1,0.0
20230602:1710,24.07,39.8,17.82,21.42,1.59,0.0
20230602:1810,9.49,21.35,7.95,20.71,0.97,0.0
20230602:1910,0.0,0.0,0.0,20.2,1.17,0.0
20230602:2010,0.0,0.0,0.0,18.52,1.45,0.0
20230602:2110,0.0,0.0,0.0,17.36,1.72,0.0
20230602:2210,0.0,0.0,0.0,16.58,2.0,0.0
20230602:2310,0.0,0.0,0.0,15.84,1.79,0.0
20230603:0010,0.0,0.0,0.0,15.22,1.79,0.0
20230603:0110,0.0,0.0,0.0,14.61,1.79,0.0
20230603:0210,0.0,0.0,0.0,14.01,1.72,0.0
20230603:0310,0.0,0.0,0.0,13.46,1.72,0.0
20230603:0410,1.86,9.47,4.13,12.98,1.72,0.0
20230603:0510,75.41,100.15,13.72,14.22,1.31,0.0
20230603:0610,151.15,201.64,23.88,16.76,1.1,0.0
20230603:0710,274.6,322.58,34.3,17.55,0.83,0.0
20230603:0810,390.18,432.45,44.61,18.8,1.17,0.0
20230603:0910,511.92,561.18,54.27,19.8,1.66,0.0
20230603:1010,539.45,592.16,62.19,20.51,1.93,0.0
20230603:1110,605.62,665.53,66.29,20.81,2.14,0.0
20230603:1210,620.94,684.85,64.53,21.43,2.14,0.0
20230603:1310,607.2,668.31,57.9,21.16,2.0,0.0
20230603:1410,318.64,351.83,48.78,20.87,1.59,0.0
20230603:1510,253.33,283.09,38.66,20.49,0.69,0.0
20230603:1610,96.12,118.42,28.23,20.39,0.55,0.0
20230603:1710,39.51,57.27,17.93,19.81,0.9,0.0
20230603:1810,35.13,52.32,8.06,19.37,0.97,0.0
20230603:1910,0.0,0.0,0.0,18.15,0.69,0.0
20230603:2010,0.0,0.0,0.0,17.36,0.69,0.0
20230603:2110,0.0,0.0,0.0,16.24,1.17,0.0
20230603:2210,0.0,0.0,0.0,15.44,1.24,0.0
20230603:2310,0.0,0.0,0.0,15.22,0.97,0.0
20230604:0010,0.0,0.0,0.0,15.19,0.76,0.0
20230604:0110,0.0,0.0,0.0,14.69,0.97,0.0
20230604:0210,0.0,0.0,0.0,14.97,1.17,0.0
20230604:0310,0.0,0.0,0.0,14.9,1.17,0.0
20230604:0410,5.38,15.15,4.2,14.39,0.97,0.0
20230604:0510,60.56,79.53,13.78,14.79,0.48,0.0
20230604:0610,44.81,62.12,23.94,15.47,0.21,0.0
20230604:0710,199.27,224.42,34.35,17.09,0.21,0.0
20230604:0810,297.78,328.88,44.66,17.61,0.28,0.0
20230604:0910,390.98,429.84,54.34,18.52,0.69,0.0
20230604:1010,317.96,351.17,62.28,19.62,1.03,0.0
20230604:1110,182.77,208.68,66.4,20.01,0.83,0.0
20230604:1210,301.33,334.15,64.65,20.92,1.59,0.0
20230604:1310,584.23,642.48,58.01,20.38,1.66,0.0
20230604:1410,630.69,697.37,48.89,20.14,1.1,0.0
20230604:1510,595.2,656.93,38.76,19.99,0.76,0.0
20230604:1610,208.92,235.56,28.34,20.17,0.55,0.0
20230604:1710,81.68,102.38,18.04,18.93,0.69,0.0
20230604:1810,17.2,31.06,8.17,17.97,0.28,0.0
20230604:1910,0.0,0.0,0.0,17.51,0.69,0.0
20230604:2010,0.0,0.0,0.0,16.26,1.1,0.0
20230604:2110,0.0,0.0,0.0,15.25,1.17,0.0
20230604:2210,0.0,0.0,0.0,15.14,0.62,0.0
20230604:2310,0.0,0.0,0.0,15.04,0.48,0.0
20230605:0010,0.0,0.0,0.0,14.69,0.69,0.0
20230605:0110,0.0,0.0,0.0,14.21,0.76,0.0
20230605:0210,0.0,0.0,0.0,14.26,0.76,0.0
20230605:0310,0.0,0.0,0.0,13.52,0.76,0.0
20230605:0410,10.93,22.72,4.25,13.58,0.69,0.0
20230605:0510,59.05,77.63,13.83,13.87,0.69,0.0
20230605:0610,169.08,206.41,23.98,14.67,0.55,0.0
20230605:0710,269.89,303.63,34.39,16.49,0.0,0.0
20230605:0810,394.52,436.68,44.71,17.56,0.69,0.0
20230605:0910,494.07,540.05,54.4,18.69,1.45,0.0
20230605:1010,509.84,557.64,62.36,19.37,1.72,0.0
20230605:1110,585.91,643.26,66.51,19.88,1.79,0.0
20230605:1210,441.47,485.17,64.77,20.77,1.79,0.0
20230605:1310,166.09,191.21,58.13,20.75,1.86,0.0
20230605:1410,301.6,333.48,49.0,20.79,1.66,0.0
20230605:1510,146.39,170.83,38.87,20.49,1.24,0.0
20230605:1610,161.44,186.21,28.45,20.38,1.03,0.0
20230605:1710,244.59,270.75,18.15,19.89,1.1,0.0
20230605:1810,162.21,187.47,8.28,19.5,0.83,0.0
20230605:1910,0.0,0.0,0.0,17.23,0.97,0.0
20230605:2010,0.0,0.0,0.0,16.38,0.55,0.0
20230605:2110,0.0,0.0,0.0,16.42,0.41,0.0
20230605:2210,0.0,0.0,0.0,16.41,0.21,0.0
20230605:2310,0.0,0.0,0.0,15.82,0.34,0.0
20230606:0010,0.0,0.0,0.0,15.29,0.41,0.0
20230606:0110,0.0,0.0,0.0,14.72,0.48,0.0
20230606:0210,0.0,0.0,0.0,14.58,0.48,0.0
20230606:0310,0.0,0.0,0.0,14.11,0.69,0.0
20230606:0410,11.67,23.67,4.31,13.56,0.76,0.0
20230606:0510,75.98,104.86,13.88,14.4,0.55,0.0
20230606:0610,169.16,209.04,24.02,15.77,0.41,0.0
20230606:0710,0.0,0.0,0.0,16.84,0.0,0.0
20230606:0810,404.29,450.5,44.76,18.1,0.62,0.0
20230606:0910,515.47,568.63,54.45,19.65,1.03,0.0
20230606:1010,614.97,679.77,62.44,20.62,1.31,0.0
20230606:1110,676.62,752.29,66.61,21.54,1.59,0.0
20230606:1210,712.69,794.9,64.89,22.25,1.86,0.0
20230606:1310,687.76,767.45,58.24,22.66,1.86,0.0
20230606:1410,642.37,719.02,49.1,22.6,1.24,0.0
20230606:1510,621.33,702.11,38.97,22.16,0.28,0.0
20230606:1610,462.39,513.79,28.55,21.93,0.21,0.0
20230606:1710,377.5,418.57,18.25,21.73,0.21,0.0
20230606:1810,173.45,201.17,8.39,21.02,0.14,0.0
20230606:1910,0.0,0.0,0.0,18.47,1.45,0.0
20230606:2010,0.0,0.0,0.0,17.47,1.03,0.0
20230606:2110,0.0,0.0,0.0,16.54,1.24,0.0
20230606:2210,0.0,0.0,0.0,16.01,1.31,0.0
20230606:2310,0.0,0.0,0.0,15.64,1.45,0.0
20230607:0010,0.0,0.0,0.0,15.31,1.31,0.0
20230607:0110,0.0,0.0,0.0,14.8,1.17,0.0
20230607:0210,0.0,0.0,0.0,14.21,1.38,0.0
20230607:0310,0.0,0.0,0.0,13.88,1.24,0.0
20230607:0410,11.67,23.67,4.35,13.49,1.1,0.0
20230607:0510,46.01,63.36,13.92,14.58,0.69,0.0
20230607:0610,165.26,208.75,24.06,16.86,0.28,0.0
20230607:0710,278.46,327.72,34.47,18.07,0.62,0.0
20230607:0810,409.8,456.01,44.79,18.72,1.24,0.0
20230607:0910,523.26,575.35,54.5,19.4,1.17,0.0
20230607:1010,599.96,661.25,62.51,20.2,1.38,0.0
20230607:1110,675.09,746.86,66.71,21.18,1.79,0.0
20230607:1210,721.18,798.79,65.0,21.08,1.93,0.0
20230607:1310,731.33,816.44,58.34,20.77,1.38,0.0
20230607:1410,694.36,780.51,49.2,20.68,0.69,0.0
20230607:1510,474.5,527.24,39.07,20.91,0.14,0.0
20230607:1610,524.73,584.68,28.64,21.16,0.07,0.0
20230607:1710,390.98,429.88,18.35,20.81,0.55,0.0
20230607:1810,72.53,93.37,8.49,19.93,0.69,0.0
20230607:1910,0.0,0.0,0.0,19.26,0.34,0.0
20230607:2010,0.0,0.0,0.0,17.74,0.9,0.0
20230607:2110,0.0,0.0,0.0,16.36,1.17,0.0
20230607:2210,0.0,0.0,0.0,15.7,1.17,0.0
20230607:2310,0.0,0.0,0.0,14.98,1.38,0.0
20230608:0010,0.0,0.0,0.0,14.43,1.59,0.0
20230608:0110,0.0,0.0,0.0,14.32,1.52,0.0
20230608:0210,0.0,0.0,0.0,14.3,1.52,0.0
20230608:0310,0.0,0.0,0.0,13.6,1.52,0.0
20230608:0410,0.0,2.84,4.4,13.22,1.45,0.0
20230608:0510,49.03,66.28,13.95,13.52,1.31,0.0
20230608:0610,127.1,147.91,24.09,14.92,1.1,0.0
20230608:0710,276.0,311.54,34.5,17.74,0.69,0.0
20230608:0810,401.15,454.58,44.83,19.8,0.0,0.0
20230608:0910,518.66,581.25,54.54,20.95,0.34,0.0
20230608:1010,585.31,656.54,62.57,21.76,0.69,0.0
20230608:1110,667.53,751.12,66.8,22.58,1.1,0.0
20230608:1210,706.77,798.18,65.1,22.66,1.17,0.0
20230608:1310,628.56,711.11,58.44,22.53,0.69,0.0
20230608:1410,408.27,454.93,49.3,22.47,0.76,0.0
20230608:1510,612.29,689.66,39.16,22.83,0.55,0.0
20230608:1610,518.35,576.95,28.74,22.63,0.55,0.0
20230608:1710,381.34,423.31,18.44,22.18,0.28,0.0
20230608:1810,188.38,216.73,8.58,21.52,0.76,0.0
20230608:1910,0.0,0.0,0.0,20.91,0.41,0.0
20230608:2010,0.0,0.0,0.0,20.07,0.69,0.0
20230608:2110,0.0,0.0,0.0,18.64,0.9,0.0
20230608:2210,0.0,0.0,0.0,17.66,1.03,0.0
20230608:2310,0.0,0.0,0.0,16.39,1.24,0.0
20230609:0010,0.0,0.0,0.0,15.09,1.38,0.0
20230609:0110,0.0,0.0,0.0,14.72,1.38,0.0
20230609:0210,0.0,0.0,0.0,14.65,1.38,0.0
20230609:0310,0.0,0.0,0.0,14.32,1.38,0.0
20230609:0410,0.0,2.84,4.43,13.89,1.45,0.0
20230609:0510,77.1,100.85,13.98,14.37,1.24,0.0
20230609:0610,163.36,208.14,24.11,16.03,0.9,0.0
20230609:0710,274.32,308.55,34.52,17.63,0.97,0.0
20230609:0810,395.41,444.45,44.85,19.94,0.48,0.0
20230609:0910,499.51,560.2,54.58,21.05,0.28,0.0
20230609:1010,557.78,623.98,62.62,22.11,0.97,0.0
20230609:1110,431.97,482.09,66.88,22.77,1.24,0.0
20230609:1210,384.31,428.49,65.19,23.14,1.52,0.0
20230609:1310,484.36,539.77,58.54,23.07,1.38,0.0
20230609:1410,455.52,507.75,49.39,23.29,1.1,0.0
20230609:1510,195.83,225.67,39.25,23.23,0.62,0.0
20230609:1610,196.95,225.45,28.83,22.58,0.69,0.0
20230609:1710,77.95,99.24,18.53,20.92,1.03,0.0
20230609:1810,27.24,43.4,8.68,20.21,0.07,0.0
20230609:1910,0.0,0.0,0.0,19.72,0.48,0.0
20230609:2010,0.0,0.0,0.0,18.91,0.76,0.0
20230609:2110,0.0,0.0,0.0,18.16,0.9,0.0
20230609:2210,0.0,0.0,0.0,18.07,0.62,0.0
20230609:2310,0.0,0.0,0.0,17.72,0.62,0.0
20230610:0010,0.0,0.0,0.0,17.06,0.69,0.0
20230610:0110,0.0,0.0,0.0,16.8,0.76,0.0
20230610:0210,0.0,0.0,0.0,16.6,0.69,0.0
20230610:0310,0.0,0.0,0.0,16.42,0.62,0.0
20230610:0410,12.21,24.61,4.46,16.38,0.69,0.0
20230610:0510,11.93,24.27,14.01,16.6,0.55,0.0
20230610:0610,114.52,136.11,24.13,16.82,0.34,0.0
20230610:0710,127.85,150.45,34.54,18.8,1.1,0.0
20230610:0810,69.36,89.3,44.88,18.71,1.17,0.0
20230610:0910,178.12,202.86,54.61,19.31,1.24,0.0
20230610:1010,396.62,436.04,62.67,19.69,1.24,0.0
20230610:1110,487.29,541.02,66.95,20.49,0.83,0.0
20230610:1210,511.79,576.34,65.28,22.05,0.41,0.0
20230610:1310,625.58,711.97,58.63,23.26,0.55,0.0
20230610:1410,652.59,736.86,49.48,23.79,1.1,0.0
20230610:1510,611.28,686.53,39.33,23.92,1.03,0.0
20230610:1610,450.26,500.35,28.91,23.73,0.83,0.0
20230610:1710,173.85,201.46,18.62,23.46,0.55,0.0
20230610:1810,1.33,8.74,8.77,22.65,0.76,0.0
20230610:1910,0.0,0.0,0.0,20.46,0.9,0.0
20230610:2010,0.0,0.0,0.0,18.76,1.31,0.0
20230610:2110,0.0,0.0,0.0,17.69,1.38,0.0
20230610:2210,0.0,0.0,0.0,17.0,1.24,0.0
20230610:2310,0.0,0.0,0.0,16.29,1.17,0.0
20230611:0010,0.0,0.0,0.0,15.62,1.24,0.0
20230611:0110,0.0,0.0,0.0,15.06,1.31,0.0
20230611:0210,0.0,0.0,0.0,14.55,1.38,0.0
20230611:0310,0.0,0.0,0.0,14.21,1.38,0.0
20230611:0410,4.76,14.2,4.49,14.04,1.38,0.0
20230611:0510,74.19,106.17,14.03,14.66,1.24,0.0
20230611:0610,159.11,207.54,24.15,16.06,1.03,0.0
20230611:0710,278.22,323.53,34.55,20.07,0.21,0.0
20230611:0810,393.65,444.34,44.89,21.38,0.69,0.0
20230611:0910,498.66,556.27,54.63,22.36,1.17,0.0
20230611:1010,592.55,662.34,62.72,23.33,1.45,0.0
20230611:1110,647.97,727.17,67.02,23.99,1.72,0.0
20230611:1210,665.1,747.53,65.37,24.39,1.93,0.0
20230611:1310,596.18,668.07,58.71,24.45,1.86,0.0
20230611:1410,405.26,453.88,49.56,24.09,1.03,0.0
20230611:1510,633.06,705.96,39.42,23.37,1.45,0.0
20230611:1610,512.36,559.03,28.99,22.21,2.0,0.0
20230611:1710,359.2,396.0,18.7,22.05,0.9,0.0
20230611:1810,1.35,8.74,8.85,21.03,0.97,0.0
20230611:1910,0.0,0.0,0.0,20.21,1.86,0.0
20230611:2010,0.0,0.0,0.0,19.12,1.45,0.0
20230611:2110,0.0,0.0,0.0,18.33,1.72,0.0
20230611:2210,0.0,0.0,0.0,17.69,1.93,0.0
20230611:2310,0.0,0.0,0.0,17.18,1.93,0.0
20230612:0010,0.0,0.0,0.0,16.95,1.93,0.0
20230612:0110,0.0,0.0,0.0,16.26,1.93,0.0
20230612:0210,0.0,0.0,0.0,15.9,1.86,0.0
20230612:0310,0.0,0.0,0.0,16.08,1.93,0.0
20230612:0410,8.65,19.88,4.51,16.24,1.79,0.0
20230612:0510,77.42,107.38,14.04,16.62,1.59,0.0
20230612:0610,165.69,210.63,24.16,17.94,1.24,0.0
20230612:0710,277.85,329.1,34.56,19.46,0.34,0.0
20230612:0810,404.5,455.1,44.9,20.42,0.83,0.0
20230612:0910,0.0,0.0,0.0,20.9,1.1,0.0
20230612:1010,616.66,687.25,62.75,21.91,1.17,0.0
20230612:1110,692.49,780.8,67.08,22.59,1.1,0.0
20230612:1210,718.04,812.97,65.45,23.18,1.24,0.0
20230612:1310,702.91,795.57,58.79,23.63,1.31,0.0
20230612:1410,615.17,689.47,49.64,23.28,1.24,0.0
20230612:1510,419.57,466.21,39.49,22.64,0.69,0.0
20230612:1610,367.27,406.43,29.07,22.72,0.83,0.0
20230612:1710,391.91,430.97,18.78,22.19,1.17,0.0
20230612:1810,179.58,205.8,8.93,20.13,0.83,0.0
20230612:1910,0.0,0.0,0.0,19.7,0.9,0.0
20230612:2010,0.0,0.0,0.0,18.78,1.45,0.0
20230612:2110,0.0,0.0,0.0,18.05,1.59,0.0
20230612:2210,0.0,0.0,0.0,17.61,1.52,0.0
20230612:2310,0.0,0.0,0.0,17.42,1.24,0.0
20230613:0010,0.0,0.0,0.0,17.56,1.17,0.0
20230613:0110,0.0,0.0,0.0,17.23,1.03,0.0
20230613:0210,0.0,0.0,0.0,17.08,0.83,0.0
20230613:0310,0.0,0.0,0.0,17.02,1.31,0.0
20230613:0410,0.0,3.79,4.52,16.84,1.86,0.0
20230613:0510,5.56,15.53,14.05,16.64,2.14,0.0
20230613:0610,30.59,46.59,24.16,16.91,2.28,0.0
20230613:0710,44.69,62.12,34.57,16.63,2.69,0.0
20230613:0810,72.81,92.21,44.91,17.15,2.28,0.0
20230613:0910,139.12,161.12,54.67,17.9,1.93,0.0
20230613:1010,125.33,147.53,62.78,18.87,2.07,0.0
20230613:1110,222.39,248.48,67.14,19.42,1.86,0.0
20230613:1210,312.4,344.61,65.52,20.07,1.59,0.0
20230613:1310,313.81,347.29,58.87,20.72,1.45,0.0
20230613:1410,531.65,584.92,49.72,20.9,1.38,0.0
20230613:1510,536.96,590.21,39.57,20.85,1.1,0.0
20230613:1610,297.86,328.37,29.14,20.81,1.03,0.0
20230613:1710,278.08,305.98,18.85,20.59,1.38,0.0
20230613:1810,173.55,198.8,9.0,19.76,1.24,0.0
20230613:1910,0.0,0.0,0.0,18.6,1.1,0.0
20230613:2010,0.0,0.0,0.0,17.76,0.83,0.0
20230613:2110,0.0,0.0,0.0,17.07,0.83,0.0
20230613:2210,0.0,0.0,0.0,17.07,0.83,0.0
20230613:2310,0.0,0.0,0.0,16.99,0.76,0.0
20230614:0010,0.0,0.0,0.0,16.88,0.76,0.0
20230614:0110,0.0,0.0,0.0,16.94,0.69,0.0
20230614:0210,0.0,0.0,0.0,16.94,0.69,0.0
20230614:0310,0.0,0.0,0.0,17.07,0.62,0.0
20230614:0410,4.06,13.25,4.53,16.82,0.48,0.0
20230614:0510,13.43,26.21,14.05,16.75,0.21,0.0
20230614:0610,139.13,163.25,24.16,17.62,0.34,0.0
20230614:0710,263.74,295.44,34.57,17.07,0.28,0.0
20230614:0810,403.28,447.3,44.91,17.34,0.48,0.0
20230614:0910,490.42,537.54,54.67,17.89,0.83,0.0
20230614:1010,562.03,617.35,62.81,18.15,0.9,0.0
20230614:1110,641.15,708.1,67.18,18.77,1.03,0.0
20230614:1210,655.01,726.83,65.58,19.76,1.17,0.0
20230614:1310,614.5,680.18,58.94,20.21,1.24,0.0
20230614:1410,610.46,673.28,49.79,20.4,1.31,0.0
20230614:1510,652.08,720.31,39.64,21.0,1.38,0.0
20230614:1610,563.94,617.93,29.21,20.41,1.1,0.0
20230614:1710,419.49,457.34,18.92,19.73,0.83,0.0
20230614:1810,33.72,50.69,9.07,19.48,0.9,0.0
20230614:1910,0.0,0.0,0.0,19.55,1.17,0.0
20230614:2010,0.0,0.0,0.0,18.04,1.24,0.0
20230614:2110,0.0,0.0,0.0,17.22,1.1,0.0
20230614:2210,0.0,0.0,0.0,16.61,1.1,0.0
20230614:2310,0.0,0.0,0.0,15.86,1.38,0.0
20230615:0010,0.0,0.0,0.0,15.41,1.45,0.0
20230615:0110,0.0,0.0,0.0,15.46,1.31,0.0
20230615:0210,0.0,0.0,0.0,14.99,1.38,0.0
20230615:0310,0.0,0.0,0.0,14.82,1.31,0.0
20230615:0410,12.34,24.61,4.53,14.58,1.17,0.0
20230615:0510,65.84,105.41,14.05,15.71,0.76,0.0
20230615:0610,159.36,211.43,24.16,17.3,0.41,0.0
20230615:0710,283.41,332.79,34.56,18.29,0.55,0.0
20230615:0810,407.2,460.25,44.91,19.93,0.21,0.0
20230615:0910,528.32,590.2,54.68,21.26,0.69,0.0
20230615:1010,616.62,689.86,62.82,22.16,1.03,0.0
20230615:1110,689.31,775.62,67.22,23.08,1.38,0.0
20230615:1210,717.39,808.21,65.64,23.27,1.59,0.0
20230615:1310,699.44,789.17,59.0,24.01,1.66,0.0
20230615:1410,700.24,788.94,49.85,24.16,1.66,0.0
20230615:1510,321.02,358.66,39.7,23.99,1.52,0.0
20230615:1610,518.71,575.02,29.28,23.28,1.1,0.0
20230615:1710,355.63,390.13,18.99,21.58,1.24,0.0
20230615:1810,29.72,46.18,9.14,20.07,1.72,0.0
20230615:1910,0.0,0.0,0.0,19.99,1.38,0.0
20230615:2010,0.0,0.0,0.0,18.25,1.24,0.0
20230615:2110,0.0,0.0,0.0,16.91,1.38,0.0
20230615:2210,0.0,0.0,0.0,16.56,1.17,0.0
20230615:2310,0.0,0.0,0.0,16.11,1.17,0.0
20230616:0010,0.0,0.0,0.0,15.82,1.1,0.0
20230616:0110,0.0,0.0,0.0,15.47,1.17,0.0
20230616:0210,0.0,0.0,0.0,14.48,1.31,0.0
20230616:0310,0.0,0.0,0.0,13.36,1.52,0.0
20230616:0410,13.22,25.56,4.53,12.81,1.52,0.0
20230616:0510,63.65,105.43,14.04,14.11,1.24,0.0
20230616:0610,159.47,213.17,24.15,17.89,0.97,0.0
20230616:0710,282.35,334.47,34.55,19.77,0.34,0.0
20230616:0810,409.13,464.16,44.9,21.29,0.48,0.0
20230616:0910,527.01,595.35,54.67,22.38,0.34,0.0
20230616:1010,610.5,695.34,62.83,23.56,0.41,0.0
20230616:1110,679.15,780.3,67.26,24.45,0.62,0.0
20230616:1210,715.44,827.41,65.69,25.2,0.76,0.0
20230616:1310,720.51,831.36,59.06,25.76,1.03,0.0
20230616:1410,700.62,802.52,49.91,26.08,1.31,0.0
20230616:1510,637.82,722.52,39.77,26.13,1.45,0.0
20230616:1610,530.54,593.87,29.34,25.85,1.45,0.0
20230616:1710,394.18,439.79,19.05,25.15,1.17,0.0
20230616:1810,214.59,246.37,9.2,23.62,0.83,0.0
20230616:1910,0.0,0.0,0.0,21.88,1.38,0.0
20230616:2010,0.0,0.0,0.0,19.97,1.45,0.0
20230616:2110,0.0,0.0,0.0,18.51,1.66,0.0
20230616:2210,0.0,0.0,0.0,17.64,1.66,0.0
20230616:2310,0.0,0.0,0.0,17.36,1.52,0.0
20230617:0010,0.0,0.0,0.0,16.86,1.45,0.0
20230617:0110,0.0,0.0,0.0,15.75,1.52,0.0
20230617:0210,0.0,0.0,0.0,14.19,1.72,0.0
20230617:0310,0.0,0.0,0.0,13.12,1.79,0.0
20230617:0410,0.0,3.79,4.52,12.63,1.72,0.0
20230617:0510,74.44,95.28,14.03,13.96,1.45,0.0
20230617:0610,174.34,212.91,24.14,18.13,1.03,0.0
20230617:0710,281.92,333.77,34.53,20.54,0.21,0.0
20230617:0810,407.79,463.39,44.89,21.97,0.62,0.0
20230617:0910,526.48,593.47,54.67,23.02,0.69,0.0
20230617:1010,614.6,696.79,62.84,24.04,0.83,0.0
20230617:1110,685.13,780.96,67.28,24.86,1.17,0.0
20230617:1210,724.84,829.04,65.74,25.23,1.38,0.0
20230617:1310,714.98,816.38,59.12,25.57,1.52,0.0
20230617:1410,696.12,790.6,49.97,25.69,1.66,0.0
20230617:1510,576.5,646.19,39.82,25.64,1.72,0.0
20230617:1610,512.77,572.24,29.4,25.28,1.38,0.0
20230617:1710,315.45,353.5,19.11,24.85,0.9,0.0
20230617:1810,161.57,189.89,9.26,23.61,0.55,0.0
20230617:1910,0.0,0.0,0.0,23.05,0.69,0.0
20230617:2010,0.0,0.0,0.0,21.58,0.97,0.0
20230617:2110,0.0,0.0,0.0,19.87,1.24,0.0
20230617:2210,0.0,0.0,0.0,18.83,1.31,0.0
20230617:2310,0.0,0.0,0.0,18.4,1.24,0.0
20230618:0010,0.0,0.0,0.0,18.08,1.17,0.0
20230618:0110,0.0,0.0,0.0,17.73,1.17,0.0
20230618:0210,0.0,0.0,0.0,17.13,1.24,0.0
20230618:0310,0.0,0.0,0.0,15.98,1.38,0.0
20230618:0410,7.33,17.99,4.51,15.06,1.52,0.0
20230618:0510,47.49,65.33,14.01,16.16,1.17,0.0
20230618:0610,103.49,126.04,24.12,19.81,0.76,0.0
20230618:0710,240.12,274.17,34.51,21.48,0.34,0.0
20230618:0810,391.56,446.59,44.87,22.85,0.41,0.0
20230618:0910,510.71,576.79,54.65,23.68,0.69,0.0
20230618:1010,603.62,681.58,62.84,24.21,1.03,0.0
20230618:1110,667.25,756.52,67.3,24.98,1.38,0.0
20230618:1210,708.41,806.19,65.78,25.43,1.59,0.0
20230618:1310,711.81,809.08,59.17,25.4,1.66,0.0
20230618:1410,690.77,783.09,50.02,25.17,1.52,0.0
20230618:1510,495.49,553.68,39.88,24.76,1.24,0.0
20230618:1610,290.0,325.52,29.45,24.25,0.97,0.0
20230618:1710,106.69,130.89,19.16,23.41,0.76,0.0
20230618:1810,2.93,11.65,9.31,22.78,0.97,0.0
20230618:1910,0.0,0.0,0.0,21.86,1.45,0.0
20230618:2010,0.0,0.0,0.0,20.33,1.52,0.0
20230618:2110,0.0,0.0,0.0,19.1,1.59,0.0
20230618:2210,0.0,0.0,0.0,18.33,1.52,0.0
20230618:2310,0.0,0.0,0.0,17.87,1.45,0.0
20230619:0010,0.0,0.0,0.0,17.85,1.24,0.0
20230619:0110,0.0,0.0,0.0,17.73,1.17,0.0
20230619:0210,0.0,0.0,0.0,17.3,1.24,0.0
20230619:0310,0.0,0.0,0.0,17.21,1.17,0.0
20230619:0410,9.29,20.83,4.49,17.22,1.03,0.0
20230619:0510,72.28,106.14,13.99,17.66,0.9,0.0
20230619:0610,160.97,208.97,24.09,20.05,0.76,0.0
20230619:0710,274.48,326.97,34.49,21.47,0.76,0.0
20230619:0810,396.32,451.68,44.84,22.99,0.76,0.0
20230619:0910,510.72,574.11,54.63,23.88,1.1,0.0
20230619:1010,597.65,676.71,62.83,24.87,1.03,0.0
20230619:1110,654.38,745.41,67.32,25.64,1.24,0.0
20230619:1210,666.4,759.15,65.81,25.91,1.52,0.0
20230619:1310,617.46,699.72,59.21,26.3,1.79,0.0
20230619:1410,679.83,769.04,50.07,26.01,1.86,0.0
20230619:1510,34.3,52.41,39.93,24.92,1.79,0.0
20230619:1610,512.26,566.08,29.5,23.64,1.45,0.0
20230619:1710,386.21,425.11,19.21,23.39,1.72,0.0
20230619:1810,62.63,83.57,9.36,22.97,1.52,0.0
20230619:1910,0.0,0.0,0.0,21.86,1.45,0.0
20230619:2010,0.0,0.0,0.0,20.64,1.52,0.0
20230619:2110,0.0,0.0,0.0,19.64,1.38,0.0
20230619:2210,0.0,0.0,0.0,19.28,1.17,0.0
20230619:2310,0.0,0.0,0.0,18.85,1.17,0.0
20230620:0010,0.0,0.0,0.0,18.61,1.24,0.0
20230620:0110,0.0,0.0,0.0,18.4,1.17,0.0
20230620:0210,0.0,0.0,0.0,17.93,1.31,0.0
20230620:0310,0.0,0.0,0.0,17.56,1.31,0.0
20230620:0410,0.82,7.57,4.47,17.36,1.31,0.0
20230620:0510,76.09,105.78,13.97,18.22,1.1,0.0
20230620:0610,167.69,205.95,24.06,20.88,0.69,0.0
20230620:0710,275.17,323.59,34.46,22.35,0.83,0.0
20230620:0810,375.08,428.11,44.82,23.96,0.48,0.0
20230620:0910,490.73,558.01,54.61,24.9,0.62,0.0
20230620:1010,575.09,655.96,62.82,25.7,0.83,0.0
20230620:1110,568.49,651.34,67.32,26.35,0.97,0.0
20230620:1210,484.8,552.99,65.84,26.67,1.1,0.0
20230620:1310,571.93,655.55,59.25,26.94,1.03,0.0
20230620:1410,658.32,757.92,50.11,27.11,1.03,0.0
20230620:1510,466.67,528.38,39.97,27.09,1.03,0.0
20230620:1610,485.16,546.29,29.55,26.77,1.1,0.0
20230620:1710,386.14,431.23,19.25,25.79,1.38,0.0
20230620:1810,148.65,176.48,9.4,24.86,1.52,0.0
20230620:1910,0.0,0.0,0.0,22.7,1.24,0.0
20230620:2010,0.0,0.0,0.0,21.33,1.38,0.0
20230620:2110,0.0,0.0,0.0,20.31,1.38,0.0
20230620:2210,0.0,0.0,0.0,19.48,1.52,0.0
20230620:2310,0.0,0.0,0.0,18.86,1.52,0.0
20230621:0010,0.0,0.0,0.0,18.34,1.52,0.0
20230621:0110,0.0,0.0,0.0,17.64,1.52,0.0
20230621:0210,0.0,0.0,0.0,17.06,1.59,0.0
20230621:0310,0.0,0.0,0.0,16.53,1.59,0.0
20230621:0410,10.78,22.72,4.44,16.18,1.59,0.0
20230621:0510,77.91,105.81,13.93,17.17,1.24,0.0
20230621:0610,166.64,210.04,24.03,20.88,0.97,0.0
20230621:0710,277.03,324.75,34.43,21.81,0.69,0.0
20230621:0810,386.71,440.53,44.78,23.84,0.83,0.0
20230621:0910,487.95,555.89,54.58,25.39,0.69,0.0
20230621:1010,549.98,631.55,62.8,26.7,0.76,0.0
20230621:1110,615.69,710.72,67.32,27.62,1.03,0.0
20230621:1210,620.28,720.87,65.86,28.38,0.97,0.0
20230621:1310,636.3,739.48,59.28,28.61,1.03,0.0
20230621:1410,469.58,537.55,50.15,28.79,1.24,0.0
20230621:1510,445.78,506.21,40.01,28.57,1.45,0.0
20230621:1610,165.11,196.29,29.59,27.85,1.31,0.0
20230621:1710,339.18,383.77,19.29,27.25,0.9,0.0
20230621:1810,99.33,125.22,9.44,26.97,0.9,0.0
20230621:1910,0.0,0.0,0.0,25.47,0.97,0.0
20230621:2010,0.0,0.0,0.0,25.38,0.83,0.0
20230621:2110,0.0,0.0,0.0,23.38,1.1,0.0
20230621:2210,0.0,0.0,0.0,21.76,1.24,0.0
20230621:2310,0.0,0.0,0.0,20.63,1.45,0.0
20230622:0010,0.0,0.0,0.0,19.91,1.52,0.0
20230622:0110,0.0,0.0,0.0,19.47,1.52,0.0
20230622:0210,0.0,0.0,0.0,18.93,1.66,0.0
20230622:0310,0.0,0.0,0.0,18.41,1.72,0.0
20230622:0410,11.38,23.67,4.41,18.03,1.72,0.0
20230622:0510,68.82,104.66,13.9,19.09,1.38,0.0
20230622:0610,122.48,148.38,23.99,22.87,0.9,0.0
20230622:0710,270.95,320.92,34.39,25.14,0.97,0.0
20230622:0810,382.3,443.47,44.75,26.44,0.48,0.0
20230622:0910,473.5,547.12,54.55,27.5,0.41,0.0
20230622:1010,583.52,672.27,62.77,28.34,1.03,0.0
20230622:1110,641.72,746.37,67.31,28.84,0.97,0.0
20230622:1210,649.78,760.36,65.88,29.43,0.97,0.0
20230622:1310,340.15,391.68,59.31,29.94,1.79,0.0
20230622:1410,416.67,478.08,50.19,30.02,1.59,0.0
20230622:1510,291.95,336.16,40.05,29.93,1.86,0.0
20230622:1610,263.87,303.79,29.62,29.75,1.93,0.0
20230622:1710,98.4,124.82,19.33,28.79,1.31,0.0
20230622:1810,185.51,219.37,9.47,28.38,1.31,0.0
20230622:1910,0.0,0.0,0.0,24.94,1.1,0.0
20230622:2010,0.0,0.0,0.0,23.17,1.52,0.0
20230622:2110,0.0,0.0,0.0,21.72,1.59,0.0
20230622:2210,0.0,0.0,0.0,20.84,1.66,0.0
20230622:2310,0.0,0.0,0.0,20.2,1.86,0.0
20230623:0010,0.0,0.0,0.0,20.08,2.07,0.0
20230623:0110,0.0,0.0,0.0,20.16,2.34,0.0
20230623:0210,0.0,0.0,0.0,20.08,2.21,0.0
20230623:0310,0.0,0.0,0.0,19.65,1.93,0.0
20230623:0410,12.06,24.61,4.37,18.66,1.52,0.0
20230623:0510,75.75,107.6,13.86,19.38,1.03,0.0
20230623:0610,154.24,211.65,23.95,21.68,1.31,0.0
20230623:0710,279.08,334.68,34.35,23.51,2.07,0.0
20230623:0810,408.0,463.22,44.7,25.29,2.83,0.0
20230623:0910,530.01,588.97,54.51,26.38,3.93,0.0
20230623:1010,626.68,694.66,62.74,27.04,4.28,0.0
20230623:1110,702.97,783.57,67.3,27.74,4.34,0.0
20230623:1210,737.36,829.27,65.88,28.38,4.0,0.0
20230623:1310,742.72,838.89,59.33,28.77,3.79,0.0
20230623:1410,711.24,801.72,50.21,29.05,3.79,0.0
20230623:1510,642.33,718.55,40.08,28.88,3.86,0.0
20230623:1610,544.65,604.02,29.65,28.32,3.93,0.0
20230623:1710,393.16,435.04,19.36,27.37,4.14,0.0
20230623:1810,212.12,243.77,9.5,26.06,3.66,0.0
20230623:1910,0.0,0.0,0.0,24.98,3.52,0.0
20230623:2010,0.0,0.0,0.0,24.04,3.59,0.0
20230623:2110,0.0,0.0,0.0,23.2,3.45,0.0
20230623:2210,0.0,0.0,0.0,22.36,3.31,0.0
20230623:2310,0.0,0.0,0.0,21.63,3.1,0.0
20230624:0010,0.0,0.0,0.0,20.83,2.97,0.0
20230624:0110,0.0,0.0,0.0,19.95,2.83,0.0
20230624:0210,0.0,0.0,0.0,19.0,2.69,0.0
20230624:0310,0.0,0.0,0.0,18.06,2.55,0.0
20230624:0410,9.31,20.83,4.33,16.93,2.14,0.0
20230624:0510,60.2,103.52,13.81,16.93,1.79,0.0
20230624:0610,155.4,211.25,23.91,20.27,1.52,0.0
20230624:0710,281.66,335.96,34.3,22.85,2.62,0.0
20230624:0810,407.03,462.35,44.66,24.27,2.0,0.0
20230624:0910,521.91,589.53,54.46,25.53,1.52,0.0
20230624:1010,607.74,695.07,62.7,26.46,1.03,0.0
20230624:1110,676.42,787.06,67.28,27.35,0.76,0.0
20230624:1210,705.02,833.13,65.88,28.13,0.48,0.0
20230624:1310,709.72,838.75,59.35,28.63,0.62,0.0
20230624:1410,696.71,810.86,50.24,29.04,1.31,0.0
20230624:1510,641.84,737.28,40.1,29.0,1.59,0.0
20230624:1610,546.83,621.59,29.68,28.74,1.52,0.0
20230624:1710,412.83,466.29,19.38,28.01,1.38,0.0
20230624:1810,237.83,274.68,9.52,26.76,1.17,0.0
20230624:1910,0.0,0.0,0.0,25.2,1.31,0.0
20230624:2010,0.0,0.0,0.0,23.4,1.66,0.0
20230624:2110,0.0,0.0,0.0,21.81,2.07,0.0
20230624:2210,0.0,0.0,0.0,20.87,2.0,0.0
20230624:2310,0.0,0.0,0.0,20.48,1.79,0.0
20230625:0010,0.0,0.0,0.0,19.86,1.79,0.0
20230625:0110,0.0,0.0,0.0,19.72,1.66,0.0
20230625:0210,0.0,0.0,0.0,19.69,1.45,0.0
20230625:0310,0.0,0.0,0.0,19.66,1.24,0.0
20230625:0410,9.88,21.77,4.28,19.3,1.17,0.0
20230625:0510,60.29,101.74,13.76,19.78,0.83,0.0
20230625:0610,151.18,208.14,23.85,21.72,0.83,0.0
20230625:0710,275.22,330.56,34.25,22.87,1.31,0.0
20230625:0810,401.2,457.04,44.61,23.78,1.38,0.0
20230625:0910,512.79,577.96,54.42,24.61,1.24,0.0
20230625:1010,600.85,681.58,62.66,25.51,1.17,0.0
20230625:1110,673.45,771.28,67.25,26.3,1.24,0.0
20230625:1210,710.29,819.32,65.88,26.98,1.31,0.0
20230625:1310,714.4,825.42,59.36,27.66,1.45,0.0
20230625:1410,687.26,796.9,50.26,27.99,1.1,0.0
20230625:1510,623.41,718.46,40.12,27.98,0.9,0.0
20230625:1610,528.31,604.09,29.7,28.02,0.69,0.0
20230625:1710,392.07,446.23,19.4,27.63,0.41,0.0
20230625:1810,215.95,251.79,9.54,26.79,0.48,0.0
20230625:1910,0.0,0.0,0.0,25.09,0.97,0.0
20230625:2010,0.0,0.0,0.0,24.34,0.9,0.0
20230625:2110,0.0,0.0,0.0,24.51,0.83,0.0
20230625:2210,0.0,0.0,0.0,23.95,0.76,0.0
20230625:2310,0.0,0.0,0.0,23.37,0.76,0.0
20230626:0010,0.0,0.0,0.0,22.86,0.9,0.0
20230626:0110,0.0,0.0,0.0,21.55,1.03,0.0
20230626:0210,0.0,0.0,0.0,20.57,1.17,0.0
20230626:0310,0.0,0.0,0.0,19.67,1.31,0.0
20230626:0410,9.19,20.83,4.23,19.02,1.31,0.0
20230626:0510,62.52,101.73,13.71,19.44,0.97,0.0
20230626:0610,150.8,206.13,23.8,22.0,0.69,0.0
20230626:0710,269.1,327.18,34.19,24.3,0.55,0.0
20230626:0810,392.53,453.7,44.55,25.68,0.83,0.0
20230626:0910,503.96,576.91,54.36,26.88,0.9,0.0
20230626:1010,591.68,683.35,62.61,28.04,0.83,0.0
20230626:1110,654.39,764.71,67.21,28.99,0.83,0.0
20230626:1210,690.88,815.66,65.87,29.89,0.83,0.0
20230626:1310,691.74,816.88,59.37,30.46,0.97,0.0
20230626:1410,667.74,784.95,50.27,30.69,1.03,0.0
20230626:1510,605.99,706.56,40.14,30.74,0.97,0.0
20230626:1610,506.39,583.68,29.72,30.51,0.9,0.0
20230626:1710,357.5,411.84,19.42,29.46,0.14,0.0
20230626:1810,181.33,217.31,9.55,29.69,0.14,0.0
20230626:1910,0.0,0.0,0.0,26.86,1.24,0.0
20230626:2010,0.0,0.0,0.0,24.57,1.38,0.0
20230626:2110,0.0,0.0,0.0,23.74,1.31,0.0
20230626:2210,0.0,0.0,0.0,23.46,1.17,0.0
20230626:2310,0.0,0.0,0.0,23.02,1.03,0.0
20230627:0010,0.0,0.0,0.0,21.93,1.24,0.0
20230627:0110,0.0,0.0,0.0,21.17,1.31,0.0
20230627:0210,0.0,0.0,0.0,20.47,1.45,0.0
20230627:0310,0.0,0.0,0.0,19.9,1.52,0.0
20230627:0410,5.2,15.15,4.17,19.62,1.52,0.0
20230627:0510,72.12,97.04,13.65,20.41,1.31,0.0
20230627:0610,158.02,192.97,23.74,24.05,1.03,0.0
20230627:0710,265.2,310.35,34.13,24.64,0.97,0.0
20230627:0810,373.57,427.36,44.49,25.68,1.24,0.0
20230627:0910,454.5,518.29,54.3,26.46,1.03,0.0
20230627:1010,576.33,663.32,62.55,27.53,0.83,0.0
20230627:1110,633.02,740.21,67.17,28.44,0.55,0.0
20230627:1210,653.59,776.67,65.85,29.57,0.28,0.0
20230627:1310,647.2,770.33,59.36,29.75,0.21,0.0
20230627:1410,613.49,720.84,50.28,30.21,0.62,0.0
20230627:1510,542.52,626.96,40.15,30.49,1.1,0.0
20230627:1610,403.99,459.03,29.73,29.84,1.66,0.0
20230627:1710,192.06,225.16,19.43,28.94,1.52,0.0
20230627:1810,109.1,136.1,9.55,27.49,0.9,0.0
20230627:1910,0.0,0.0,0.0,26.26,1.17,0.0
20230627:2010,0.0,0.0,0.0,26.35,0.9,0.0
20230627:2110,0.0,0.0,0.0,26.13,0.9,0.0
20230627:2210,0.0,0.0,0.0,22.85,1.45,0.0
20230627:2310,0.0,0.0,0.0,21.93,1.52,0.0
20230628:0010,0.0,0.0,0.0,21.47,1.38,0.0
20230628:0110,0.0,0.0,0.0,19.66,1.59,0.0
20230628:0210,0.0,0.0,0.0,19.05,1.45,0.0
20230628:0310,0.0,0.0,0.0,18.81,1.24,0.0
20230628:0410,1.27,8.52,4.1,18.91,0.97,0.0
20230628:0510,71.62,101.8,13.59,18.73,0.83,0.0
20230628:0610,158.31,204.37,23.68,20.46,1.03,0.0
20230628:0710,271.3,317.83,34.07,21.87,1.03,0.0
20230628:0810,376.67,426.27,44.43,23.06,1.03,0.0
20230628:0910,470.63,531.64,54.24,24.24,0.9,0.0
20230628:1010,548.6,619.42,62.49,25.31,1.45,0.0
20230628:1110,454.15,508.57,67.12,25.37,2.34,0.0
20230628:1210,473.51,527.82,65.82,25.5,2.97,0.0
20230628:1310,644.6,716.07,59.36,25.54,3.38,0.0
20230628:1410,637.35,706.22,50.28,25.41,3.24,0.0
20230628:1510,532.0,588.58,40.16,24.99,2.41,0.0
20230628:1610,438.15,483.29,29.74,25.07,2.34,0.0
20230628:1710,322.59,357.88,19.43,24.74,2.21,0.0
20230628:1810,160.88,188.44,9.56,24.04,2.07,0.0
20230628:1910,0.0,0.0,0.0,22.91,2.21,0.0
20230628:2010,0.0,0.0,0.0,22.23,2.34,0.0
20230628:2110,0.0,0.0,0.0,21.61,2.34,0.0
20230628:2210,0.0,0.0,0.0,21.18,2.28,0.0
20230628:2310,0.0,0.0,0.0,20.72,2.0,0.0
20230629:0010,0.0,0.0,0.0,20.48,1.79,0.0
20230629:0110,0.0,0.0,0.0,20.21,1.59,0.0
20230629:0210,0.0,0.0,0.0,19.97,1.45,0.0
20230629:0310,0.0,0.0,0.0,19.73,1.31,0.0
20230629:0410,0.0,2.84,4.04,19.37,0.97,0.0
20230629:0510,13.22,26.21,13.52,19.51,0.62,0.0
20230629:0610,65.24,85.41,23.61,19.98,0.76,0.0
20230629:0710,103.18,125.21,34.0,19.69,1.45,0.0
20230629:0810,136.52,160.15,44.36,19.99,1.31,0.0
20230629:0910,331.18,365.49,54.17,19.96,1.24,0.0
20230629:1010,341.0,376.75,62.43,20.25,1.17,0.0
20230629:1110,578.09,641.29,67.07,20.72,1.24,0.0
20230629:1210,673.94,755.81,65.79,21.1,0.97,0.0
20230629:1310,691.81,784.93,59.34,21.88,0.62,0.0
20230629:1410,421.58,472.24,50.28,22.39,0.28,0.0
20230629:1510,221.38,251.99,40.16,22.47,0.62,0.0
20230629:1610,386.58,426.66,29.74,22.45,0.9,0.0
20230629:1710,45.05,64.06,19.43,22.34,0.97,0.0
20230629:1810,41.24,59.7,9.55,21.98,1.17,0.0
20230629:1910,0.0,0.0,0.0,21.91,0.83,0.0
20230629:2010,0.0,0.0,0.0,20.72,1.03,0.0
20230629:2110,0.0,0.0,0.0,20.02,1.24,0.0
20230629:2210,0.0,0.0,0.0,19.48,1.17,0.0
20230629:2310,0.0,0.0,0.0,19.54,1.03,0.0
20230630:0010,0.0,0.0,0.0,19.12,1.1,0.0
20230630:0110,0.0,0.0,0.0,18.9,1.1,0.0
20230630:0210,0.0,0.0,0.0,19.4,0.83,0.0
20230630:0310,0.0,0.0,0.0,19.65,0.62,0.0
20230630:0410,5.21,15.15,3.96,19.16,0.62,0.0
20230630:0510,39.79,57.27,13.45,18.42,0.76,0.0
20230630:0610,64.5,84.44,23.54,19.58,1.03,0.0
20230630:0710,78.21,99.0,33.93,19.35,0.69,0.0
20230630:0810,329.72,366.72,44.29,19.75,0.62,0.0
20230630:0910,241.18,269.77,54.1,20.03,1.1,0.0
20230630:1010,164.35,189.27,62.36,19.99,1.03,0.0
20230630:1110,0.0,0.0,0.0,20.4,1.24,0.0
20230630:1210,101.89,124.24,65.75,20.29,1.24,0.0
20230630:1310,117.58,140.74,59.33,20.36,1.1,0.0
20230630:1410,121.98,145.59,50.27,20.6,0.83,0.0
20230630:1510,79.28,100.94,40.16,21.44,1.03,0.0
20230630:1610,46.13,65.03,29.74,21.54,1.31,0.0
20230630:1710,27.42,43.68,19.43,21.01,1.66,0.0
20230630:1810,9.51,21.35,9.54,20.35,1.24,0.0
20230630:1910,0.0,0.0,0.0,17.9,0.97,0.0
20230630:2010,0.0,0.0,0.0,17.57,0.9,0.0
20230630:2110,0.0,0.0,0.0,17.34,0.69,0.0
20230630:2210,0.0,0.0,0.0,17.22,0.69,0.0
20230630:2310,0.0,0.0,0.0,17.25,0.76,0.0
20230701:0010,0.0,0.0,0.0,17.22,0.62,0.0
20230701:0110,0.0,0.0,0.0,16.86,0.55,0.0
20230701:0210,0.0,0.0,0.0,17.06,0.41,0.0
20230701:0310,0.0,0.0,0.0,16.9,0.48,0.0
20230701:0410,0.0,2.84,3.89,16.68,0.55,0.0
20230701:0510,67.63,89.41,13.37,16.33,0.62,0.0
20230701:0610,163.43,198.93,23.46,17.98,0.48,0.0
20230701:0710,269.87,314.65,33.86,19.23,0.28,0.0
20230701:0810,384.56,434.08,44.22,20.52,0.41,0.0
20230701:0910,461.73,518.82,54.02,22.14,0.48,0.0
20230701:1010,561.72,634.21,62.28,23.29,0.69,0.0
20230701:1110,633.83,720.19,66.94,24.2,0.9,0.0
20230701:1210,671.74,766.56,65.7,25.2,1.17,0.0
20230701:1310,661.12,748.66,59.3,25.74,1.79,0.0
20230701:1410,683.65,767.33,50.26,25.73,2.34,0.0
20230701:1510,583.67,650.28,40.15,25.64,2.21,0.0
20230701:1610,530.22,590.71,29.73,25.38,1.59,0.0
20230701:1710,394.05,439.8,19.42,25.05,1.03,0.0
20230701:1810,226.88,260.2,9.53,23.9,0.55,0.0
20230701:1910,0.0,0.0,0.0,23.49,0.14,0.0
20230701:2010,0.0,0.0,0.0,23.05,0.21,0.0
20230701:2110,0.0,0.0,0.0,22.41,0.62,0.0
20230701:2210,0.0,0.0,0.0,21.85,0.76,0.0
20230701:2310,0.0,0.0,0.0,20.49,0.83,0.0
20230702:0010,0.0,0.0,0.0,18.76,0.97,0.0
20230702:0110,0.0,0.0,0.0,18.24,0.97,0.0
20230702:0210,0.0,0.0,0.0,17.72,1.03,0.0
20230702:0310,0.0,0.0,0.0,17.34,1.03,0.0
20230702:0410,6.58,17.04,3.81,17.1,1.1,0.0
20230702:0510,54.34,94.96,13.29,17.81,0.83,0.0
20230702:0610,142.74,198.16,23.38,19.94,0.41,0.0
20230702:0710,263.84,317.77,33.78,21.37,0.48,0.0
20230702:0810,385.31,441.38,44.14,22.85,0.48,0.0
20230702:0910,494.24,560.36,53.94,24.11,0.55,0.0
20230702:1010,581.47,660.05,62.2,25.1,0.9,0.0
20230702:1110,657.54,749.09,66.86,25.94,1.31,0.0
20230702:1210,704.63,804.41,65.65,26.41,1.66,0.0
20230702:1310,694.29,790.47,59.27,26.46,1.79,0.0
20230702:1410,626.87,710.64,50.24,26.52,1.66,0.0
20230702:1510,597.74,675.54,40.13,26.3,1.38,0.0
20230702:1610,519.79,583.04,29.72,26.17,1.31,0.0
20230702:1710,392.3,439.78,19.4,25.93,1.03,0.0
20230702:1810,210.05,242.89,9.51,24.81,0.69,0.0
20230702:1910,0.0,0.0,0.0,23.57,1.17,0.0
20230702:2010,0.0,0.0,0.0,22.21,1.03,0.0
20230702:2110,0.0,0.0,0.0,21.89,0.9,0.0
20230702:2210,0.0,0.0,0.0,21.75,0.83,0.0
20230702:2310,0.0,0.0,0.0,21.65,0.69,0.0
20230703:0010,0.0,0.0,0.0,21.19,0.41,0.0
20230703:0110,0.0,0.0,0.0,20.83,0.21,0.0
20230703:0210,0.0,0.0,0.0,20.71,0.21,0.0
20230703:0310,0.0,0.0,0.0,20.42,0.41,0.0
20230703:0410,0.0,2.84,3.72,20.07,0.55,0.0
20230703:0510,51.1,70.63,13.21,19.51,0.55,0.0
20230703:0610,117.34,141.47,23.3,20.39,0.9,0.0
20230703:0710,205.52,235.83,33.7,21.86,0.69,0.0
20230703:0810,355.68,401.66,44.05,22.36,0.62,0.0
20230703:0910,466.27,528.46,53.86,23.06,0.21,0.0
20230703:1010,560.6,636.13,62.11,24.11,0.62,0.0
20230703:1110,653.17,741.57,66.78,24.92,1.17,0.0
20230703:1210,660.16,751.71,65.59,25.34,1.31,0.0
20230703:1310,577.25,654.96,59.23,26.06,1.45,0.0
20230703:1410,338.77,383.03,50.21,26.35,1.66,0.0
20230703:1510,85.56,109.68,40.12,26.04,1.38,0.0
20230703:1610,309.48,349.62,29.7,25.39,0.48,0.0
20230703:1710,85.85,108.9,19.38,23.38,0.28,0.0
20230703:1810,1.85,9.71,9.48,21.8,1.72,0.0
20230703:1910,0.0,0.0,0.0,21.24,1.31,0.0
20230703:2010,0.0,0.0,0.0,21.19,0.28,0.0
20230703:2110,0.0,0.0,0.0,18.88,1.1,0.0
20230703:2210,0.0,0.0,0.0,18.08,0.9,0.0
20230703:2310,0.0,0.0,0.0,17.72,0.76,0.0
20230704:0010,0.0,0.0,0.0,17.85,1.24,0.0
20230704:0110,0.0,0.0,0.0,17.62,0.76,0.0
20230704:0210,0.0,0.0,0.0,17.62,0.48,0.0
20230704:0310,0.0,0.0,0.0,16.89,0.83,0.0
20230704:0410,0.0,3.79,3.63,16.93,0.83,0.0
20230704:0510,63.32,96.54,13.12,16.96,0.62,0.0
20230704:0610,151.94,197.98,23.22,18.11,0.28,0.0
20230704:0710,268.59,309.31,33.61,18.1,0.28,0.0
20230704:0810,385.4,432.11,43.97,19.1,0.48,0.0
20230704:0910,487.47,546.62,53.77,20.81,0.21,0.0
20230704:1010,548.46,615.3,62.02,21.78,0.62,0.0
20230704:1110,609.86,685.86,66.69,22.67,1.03,0.0
20230704:1210,565.2,635.62,65.52,23.51,1.24,0.0
20230704:1310,651.38,734.58,59.19,23.64,1.31,0.0
20230704:1410,558.96,629.73,50.18,23.39,0.69,0.0
20230704:1510,530.61,593.9,40.09,22.69,0.48,0.0
20230704:1610,451.5,493.55,29.67,21.42,1.31,0.0
20230704:1710,261.55,289.05,19.36,21.09,1.66,0.0
20230704:1810,234.83,264.78,9.45,21.17,1.03,0.0
20230704:1910,0.0,0.0,0.0,20.27,1.59,0.0
20230704:2010,0.0,0.0,0.0,19.36,1.24,0.0
20230704:2110,0.0,0.0,0.0,18.84,1.38,0.0
20230704:2210,0.0,0.0,0.0,18.31,1.79,0.0
20230704:2310,0.0,0.0,0.0,17.77,1.66,0.0
20230705:0010,0.0,0.0,0.0,17.12,1.45,0.0
20230705:0110,0.0,0.0,0.0,16.64,1.31,0.0
20230705:0210,0.0,0.0,0.0,16.76,1.72,0.0
20230705:0310,0.0,0.0,0.0,17.02,1.45,0.0
20230705:0410,6.58,17.04,3.54,16.93,1.1,0.0
20230705:0510,57.88,78.02,13.03,17.66,0.69,0.0
20230705:0610,153.27,182.78,23.13,18.65,0.55,0.0
20230705:0710,0.0,0.0,0.0,19.13,0.28,0.0
20230705:0810,384.36,432.68,43.88,19.68,0.48,0.0
20230705:0910,500.89,558.56,53.68,19.67,0.21,0.0
20230705:1010,587.47,659.38,61.92,20.75,0.28,0.0
20230705:1110,643.86,727.16,66.6,22.23,0.69,0.0
20230705:1210,577.65,649.84,65.45,23.09,1.1,0.0
20230705:1310,138.64,165.01,59.14,23.53,1.1,0.0
20230705:1410,46.38,66.0,50.15,23.89,0.48,0.0
20230705:1510,307.07,346.95,40.06,24.13,0.34,0.0
20230705:1610,266.43,301.05,29.65,23.99,0.48,0.0
20230705:1710,414.21,460.84,19.32,23.4,0.62,0.0
20230705:1810,192.72,222.8,9.42,22.89,0.28,0.0
20230705:1910,0.0,0.0,0.0,21.94,1.31,0.0
20230705:2010,0.0,0.0,0.0,20.35,1.38,0.0
20230705:2110,0.0,0.0,0.0,19.58,1.38,0.0
20230705:2210,0.0,0.0,0.0,18.77,1.45,0.0
20230705:2310,0.0,0.0,0.0,18.29,1.45,0.0
20230706:0010,0.0,0.0,0.0,18.17,1.38,0.0
20230706:0110,0.0,0.0,0.0,17.3,1.52,0.0
20230706:0210,0.0,0.0,0.0,17.18,1.45,0.0
20230706:0310,0.0,0.0,0.0,17.58,1.17,0.0
20230706:0410,4.05,13.25,3.44,17.21,1.1,0.0
20230706:0510,66.85,90.32,12.93,17.5,1.45,0.0
20230706:0610,151.98,196.02,23.03,18.68,2.28,0.0
20230706:0710,265.27,303.97,33.43,19.69,1.59,0.0
20230706:0810,353.28,390.83,43.78,20.34,1.93,0.0
20230706:0910,481.63,528.6,53.58,20.19,1.79,0.0
20230706:1010,595.6,653.66,61.82,20.81,1.86,0.0
20230706:1110,602.17,663.92,66.5,21.27,2.0,0.0
20230706:1210,67.77,88.33,65.37,20.96,2.0,0.0
20230706:1310,64.25,84.44,59.08,20.59,1.79,0.0
20230706:1410,116.8,139.77,50.11,20.58,2.0,0.0
20230706:1510,99.12,121.33,40.03,20.34,1.38,0.0
20230706:1610,188.21,213.59,29.61,20.08,1.1,0.0
20230706:1710,342.99,374.99,19.29,20.26,0.97,0.0
20230706:1810,23.38,38.82,9.37,20.35,0.97,0.0
20230706:1910,0.0,0.0,0.0,20.38,0.69,0.0
20230706:2010,0.0,0.0,0.0,19.49,0.76,0.0
20230706:2110,0.0,0.0,0.0,18.45,1.31,0.0
20230706:2210,0.0,0.0,0.0,17.65,1.31,0.0
20230706:2310,0.0,0.0,0.0,17.37,1.17,0.0
20230707:0010,0.0,0.0,0.0,16.76,1.1,0.0
20230707:0110,0.0,0.0,0.0,15.98,1.1,0.0
20230707:0210,0.0,0.0,0.0,15.52,1.31,0.0
20230707:0310,0.0,0.0,0.0,14.91,1.45,0.0
20230707:0410,2.38,10.41,3.34,14.49,1.52,0.0
20230707:0510,64.17,93.89,12.83,15.64,1.31,0.0
20230707:0610,139.48,191.27,22.94,17.05,1.17,0.0
20230707:0710,258.99,312.76,33.33,20.64,0.55,0.0
20230707:0810,382.68,440.86,43.69,22.28,0.0,0.0
20230707:0910,498.72,563.75,53.48,23.29,0.55,0.0
20230707:1010,593.16,671.44,61.71,24.19,0.83,0.0
20230707:1110,663.44,753.58,66.39,25.01,1.24,0.0
20230707:1210,701.39,799.7,65.28,25.54,1.45,0.0
20230707:1310,719.12,822.09,59.02,25.93,1.52,0.0
20230707:1410,687.7,783.73,50.06,26.01,1.45,0.0
20230707:1510,583.69,659.19,39.99,26.07,1.31,0.0
20230707:1610,426.68,476.54,29.57,25.89,1.38,0.0
20230707:1710,327.8,366.7,19.25,25.33,1.31,0.0
20230707:1810,155.31,183.58,9.33,24.31,0.97,0.0
20230707:1910,0.0,0.0,0.0,22.86,1.03,0.0
20230707:2010,0.0,0.0,0.0,21.52,1.03,0.0
20230707:2110,0.0,0.0,0.0,21.0,1.03,0.0
20230707:2210,0.0,0.0,0.0,20.6,1.03,0.0
20230707:2310,0.0,0.0,0.0,20.89,0.76,0.0
20230708:0010,0.0,0.0,0.0,20.49,0.83,0.0
20230708:0110,0.0,0.0,0.0,19.16,1.52,0.0
20230708:0210,0.0,0.0,0.0,18.94,1.59,0.0
20230708:0310,0.0,0.0,0.0,19.01,1.72,0.0
20230708:0410,0.37,6.63,3.23,18.32,1.72,0.0
20230708:0510,17.13,31.06,12.73,18.91,1.45,0.0
20230708:0610,111.98,135.78,22.84,20.78,1.1,0.0
20230708:0710,169.52,195.94,33.23,21.06,1.03,0.0
20230708:0810,363.68,410.32,43.58,21.91,0.9,0.0
20230708:0910,418.13,466.26,53.37,22.01,1.03,0.0
20230708:1010,578.31,642.52,61.6,22.19,1.38,0.0
20230708:1110,643.94,717.61,66.27,23.1,1.79,0.0
20230708:1210,660.86,744.93,65.19,24.07,1.52,0.0
20230708:1310,694.3,798.19,58.95,25.19,0.83,0.0
20230708:1410,659.69,767.65,50.01,25.65,0.14,0.0
20230708:1510,608.07,700.01,39.94,26.0,0.28,0.0
20230708:1610,511.47,580.26,29.53,25.82,0.34,0.0
20230708:1710,383.35,430.19,19.2,25.65,0.83,0.0
20230708:1810,200.84,232.99,9.27,24.7,0.76,0.0
20230708:1910,0.0,0.0,0.0,23.56,1.17,0.0
20230708:2010,0.0,0.0,0.0,22.34,1.1,0.0
20230708:2110,0.0,0.0,0.0,21.47,1.17,0.0
20230708:2210,0.0,0.0,0.0,20.27,1.31,0.0
20230708:2310,0.0,0.0,0.0,19.58,1.38,0.0
20230709:0010,0.0,0.0,0.0,19.19,1.38,0.0
20230709:0110,0.0,0.0,0.0,18.46,1.38,0.0
20230709:0210,0.0,0.0,0.0,17.67,1.31,0.0
20230709:0310,0.0,0.0,0.0,17.94,1.45,0.0
20230709:0410,4.03,13.25,3.12,17.73,1.59,0.0
20230709:0510,48.8,85.47,12.62,18.06,1.45,0.0
20230709:0610,133.97,188.2,22.73,19.6,1.24,0.0
20230709:0710,252.21,308.0,33.13,22.75,1.03,0.0
20230709:0810,373.69,435.22,43.48,25.29,0.41,0.0
20230709:0910,482.35,557.68,53.26,26.79,0.21,0.0
20230709:1010,577.35,669.73,61.48,27.96,0.48,0.0
20230709:1110,644.12,749.93,66.16,28.86,0.9,0.0
20230709:1210,682.07,796.23,65.09,29.4,1.17,0.0
20230709:1310,692.89,810.98,58.88,29.67,1.17,0.0
20230709:1410,667.1,776.58,49.95,29.94,1.31,0.0
20230709:1510,607.49,705.73,39.89,30.06,0.97,0.0
20230709:1610,507.58,581.16,29.48,29.9,1.17,0.0
20230709:1710,403.04,459.24,19.15,29.3,1.17,0.0
20230709:1810,193.62,228.34,9.21,27.72,0.83,0.0
20230709:1910,0.0,0.0,0.0,26.58,0.83,0.0
20230709:2010,0.0,0.0,0.0,25.12,1.03,0.0
20230709:2110,0.0,0.0,0.0,25.16,0.9,0.0
20230709:2210,0.0,0.0,0.0,23.59,1.1,0.0
20230709:2310,0.0,0.0,0.0,22.4,1.31,0.0
20230710:0010,0.0,0.0,0.0,21.38,1.38,0.0
20230710:0110,0.0,0.0,0.0,20.8,1.38,0.0
20230710:0210,0.0,0.0,0.0,20.17,1.45,0.0
20230710:0310,0.0,0.0,0.0,19.62,1.52,0.0
20230710:0410,2.84,11.36,3.0,19.25,1.52,0.0
20230710:0510,56.41,88.12,12.51,20.13,1.24,0.0
20230710:0610,133.1,185.77,22.62,23.51,0.83,0.0
20230710:0710,244.32,302.33,33.03,26.14,0.62,0.0
20230710:0810,360.7,425.13,43.37,27.44,0.21,0.0
20230710:0910,470.55,547.65,53.15,28.44,0.28,0.0
20230710:1010,565.2,657.97,61.35,29.33,0.62,0.0
20230710:1110,631.05,739.09,66.03,30.03,0.83,0.0
20230710:1210,662.73,780.54,64.98,30.52,0.9,0.0
20230710:1310,669.97,795.21,58.8,30.71,0.62,0.0
20230710:1410,636.19,760.48,49.89,30.76,0.07,0.0
20230710:1510,583.43,689.2,39.84,30.74,0.14,0.0
20230710:1610,487.96,564.54,29.43,30.72,0.62,0.0
20230710:1710,353.5,402.78,19.09,29.32,1.24,0.0
20230710:1810,170.98,203.8,9.15,28.36,1.45,0.0
20230710:1910,0.0,0.0,0.0,27.73,0.69,0.0
20230710:2010,0.0,0.0,0.0,25.63,1.17,0.0
20230710:2110,0.0,0.0,0.0,24.51,1.24,0.0
20230710:2210,0.0,0.0,0.0,23.55,1.31,0.0
20230710:2310,0.0,0.0,0.0,22.85,1.31,0.0
20230711:0010,0.0,0.0,0.0,22.08,1.45,0.0
20230711:0110,0.0,0.0,0.0,21.71,1.52,0.0
20230711:0210,0.0,0.0,0.0,21.4,1.45,0.0
20230711:0310,0.0,0.0,0.0,21.02,1.52,0.0
20230711:0410,0.0,4.73,2.89,20.61,1.52,0.0
20230711:0510,53.83,86.24,12.4,21.54,1.24,0.0
20230711:0610,139.19,186.7,22.51,24.74,0.69,0.0
20230711:0710,244.37,299.22,32.92,25.6,0.83,0.0
20230711:0810,352.36,406.56,43.26,26.3,0.97,0.0
20230711:0910,468.67,540.19,53.03,27.32,0.55,0.0
20230711:1010,550.98,645.13,61.23,28.66,0.07,0.0
20230711:1110,619.14,725.94,65.9,29.48,0.55,0.0
20230711:1210,653.14,770.48,64.87,29.96,0.62,0.0
20230711:1310,663.02,786.47,58.71,30.54,0.55,0.0
20230711:1410,639.35,756.91,49.82,30.74,0.48,0.0
20230711:1510,577.59,671.87,39.77,30.94,0.97,0.0
20230711:1610,227.4,267.28,29.36,31.04,0.97,0.0
20230711:1710,116.96,146.0,19.03,30.36,0.9,0.0
20230711:1810,207.75,245.13,9.08,29.58,1.66,0.0
20230711:1910,0.0,0.0,0.0,27.0,1.45,0.0
20230711:2010,0.0,0.0,0.0,25.52,1.52,0.0
20230711:2110,0.0,0.0,0.0,24.41,1.38,0.0
20230711:2210,0.0,0.0,0.0,24.39,1.03,0.0
20230711:2310,0.0,0.0,0.0,25.03,0.34,0.0
20230712:0010,0.0,0.0,0.0,22.9,1.72,0.0
20230712:0110,0.0,0.0,0.0,22.39,1.93,0.0
20230712:0210,0.0,0.0,0.0,21.73,1.66,0.0
20230712:0310,0.0,0.0,0.0,21.0,1.17,0.0
20230712:0410,0.0,1.89,2.76,20.76,1.45,0.0
20230712:0510,4.77,14.56,12.28,21.13,1.59,0.0
20230712:0610,13.82,27.18,22.4,21.65,1.1,0.0
20230712:0710,152.99,179.97,32.8,22.8,0.83,0.0
20230712:0810,327.18,372.68,43.15,23.4,0.28,0.0
20230712:0910,119.19,144.62,52.91,23.63,0.69,0.0
20230712:1010,376.68,424.2,61.09,24.23,1.03,0.0
20230712:1110,365.55,413.15,65.76,23.72,0.41,0.0
20230712:1210,547.89,609.51,64.75,22.7,1.66,0.0
20230712:1310,82.88,104.83,58.62,22.27,3.1,0.0
20230712:1410,137.34,162.09,49.74,22.58,3.38,0.0
20230712:1510,118.62,142.68,39.71,22.56,2.76,0.0
20230712:1610,141.46,166.17,29.3,21.93,2.14,0.0
20230712:1710,59.52,79.59,18.96,21.42,2.21,0.0
20230712:1810,19.29,33.97,9.0,21.07,1.93,0.0
20230712:1910,0.0,0.0,0.0,21.26,1.79,0.0
20230712:2010,0.0,0.0,0.0,19.79,2.41,0.0
20230712:2110,0.0,0.0,0.0,19.65,1.79,0.0
20230712:2210,0.0,0.0,0.0,19.71,1.31,0.0
20230712:2310,0.0,0.0,0.0,19.62,1.66,0.0
20230713:0010,0.0,0.0,0.0,19.23,1.52,0.0
20230713:0110,0.0,0.0,0.0,18.83,0.97,0.0
20230713:0210,0.0,0.0,0.0,18.5,0.76,0.0
20230713:0310,0.0,0.0,0.0,17.86,0.9,0.0
20230713:0410,1.79,9.47,2.64,17.74,0.9,0.0
20230713:0510,45.16,79.58,12.16,18.07,0.21,0.0
20230713:0610,126.54,179.33,22.29,18.69,0.62,0.0
20230713:0710,244.05,297.59,32.69,21.55,1.24,0.0
20230713:0810,366.42,423.61,43.03,22.63,0.07,0.0
20230713:0910,483.01,541.54,52.78,23.64,1.38,0.0
20230713:1010,554.81,624.11,60.96,23.52,0.97,0.0
20230713:1110,484.71,548.59,65.62,24.19,0.76,0.0
20230713:1210,58.3,79.59,64.62,25.04,0.76,0.0
20230713:1310,651.16,756.19,58.52,25.94,0.34,0.0
20230713:1410,642.49,734.8,49.66,26.22,1.03,0.0
20230713:1510,603.06,688.66,39.63,26.58,0.83,0.0
20230713:1610,501.86,568.77,29.23,26.74,0.69,0.0
20230713:1710,373.71,422.49,18.88,26.74,0.69,0.0
20230713:1810,184.38,217.04,8.92,25.82,0.41,0.0
20230713:1910,0.0,0.0,0.0,24.24,0.9,0.0
20230713:2010,0.0,0.0,0.0,23.97,0.28,0.0
20230713:2110,0.0,0.0,0.0,23.21,0.48,0.0
20230713:2210,0.0,0.0,0.0,22.44,0.76,0.0
20230713:2310,0.0,0.0,0.0,21.47,0.9,0.0
20230714:0010,0.0,0.0,0.0,21.01,0.97,0.0
20230714:0110,0.0,0.0,0.0,20.48,0.9,0.0
20230714:0210,0.0,0.0,0.0,20.02,0.83,0.0
20230714:0310,0.0,0.0,0.0,18.47,0.9,0.0
20230714:0410,0.0,1.89,2.51,18.6,1.1,0.0
20230714:0510,3.61,12.62,12.04,18.77,1.03,0.0
20230714:0610,15.54,29.12,22.17,19.21,0.9,0.0
20230714:0710,48.1,66.97,32.57,20.55,0.97,0.0
20230714:0810,81.37,102.89,42.91,20.71,0.9,0.0
20230714:0910,245.47,276.14,52.65,21.38,1.03,0.0
20230714:1010,73.85,95.12,60.82,21.35,0.97,0.0
20230714:1110,102.87,126.18,65.47,21.93,1.1,0.0
20230714:1210,142.15,167.92,64.49,22.64,1.38,0.0
20230714:1310,154.71,181.51,58.41,23.47,1.93,0.0
20230714:1410,110.31,134.92,49.57,23.89,2.0,0.0
20230714:1510,112.93,137.83,39.55,23.96,1.66,0.0
20230714:1610,161.2,188.8,29.15,23.76,1.03,0.0
20230714:1710,324.95,361.85,18.8,23.91,1.1,0.0
20230714:1810,199.03,229.88,8.84,23.55,1.1,0.0
20230714:1910,0.0,0.0,0.0,21.93,1.38,0.0
20230714:2010,0.0,0.0,0.0,21.47,1.59,0.0
20230714:2110,0.0,0.0,0.0,20.84,1.66,0.0
20230714:2210,0.0,0.0,0.0,20.26,1.66,0.0
20230714:2310,0.0,0.0,0.0,19.89,1.59,0.0
20230715:0010,0.0,0.0,0.0,19.48,1.59,0.0
20230715:0110,0.0,0.0,0.0,19.21,1.59,0.0
20230715:0210,0.0,0.0,0.0,18.98,1.59,0.0
20230715:0310,0.0,0.0,0.0,18.89,1.66,0.0
20230715:0410,0.0,1.89,2.38,18.74,1.66,0.0
20230715:0510,14.78,28.15,11.91,19.15,1.52,0.0
20230715:0610,138.99,180.31,22.04,20.51,1.31,0.0
20230715:0710,240.77,280.78,32.45,22.58,0.62,0.0
20230715:0810,354.09,408.34,42.78,23.64,0.28,0.0
20230715:0910,465.84,531.16,52.52,24.29,0.28,0.0
20230715:1010,559.8,635.56,60.67,25.19,0.83,0.0
20230715:1110,618.68,699.75,65.31,26.08,1.72,0.0
20230715:1210,670.13,757.42,64.35,26.24,2.07,0.0
20230715:1310,617.34,698.06,58.3,26.24,1.86,0.0
20230715:1410,541.74,612.36,49.48,26.42,1.45,0.0
20230715:1510,347.74,394.17,39.47,26.52,0.83,0.0
20230715:1610,427.77,482.84,29.07,26.43,0.62,0.0
20230715:1710,332.91,375.3,18.72,26.35,0.97,0.0
20230715:1810,146.14,174.91,8.74,25.5,1.31,0.0
20230715:1910,0.0,0.0,0.0,24.25,1.52,0.0
20230715:2010,0.0,0.0,0.0,23.19,1.24,0.0
20230715:2110,0.0,0.0,0.0,22.21,1.1,0.0
20230715:2210,0.0,0.0,0.0,21.89,1.03,0.0
20230715:2310,0.0,0.0,0.0,21.59,0.97,0.0
20230716:0010,0.0,0.0,0.0,21.56,0.9,0.0
20230716:0110,0.0,0.0,0.0,20.65,1.17,0.0
20230716:0210,0.0,0.0,0.0,19.87,1.31,0.0
20230716:0310,0.0,0.0,0.0,19.38,1.38,0.0
20230716:0410,0.0,1.89,2.24,18.93,1.45,0.0
20230716:0510,48.04,67.58,11.78,19.63,1.17,0.0
20230716:0610,138.32,169.87,21.92,22.32,0.83,0.0
20230716:0710,241.15,289.73,32.33,23.98,0.48,0.0
20230716:0810,353.65,412.79,42.66,24.95,0.28,0.0
20230716:0910,459.17,527.16,52.39,25.82,0.34,0.0
20230716:1010,519.67,592.41,60.52,26.55,1.1,0.0
20230716:1110,626.42,716.55,65.15,27.01,1.24,0.0
20230716:1210,654.96,754.0,64.2,27.34,1.17,0.0
20230716:1310,653.09,754.69,58.18,27.64,1.03,0.0
20230716:1410,601.9,694.1,49.38,27.57,0.76,0.0
20230716:1510,575.08,667.18,39.38,27.64,0.14,0.0
20230716:1610,492.13,564.14,28.98,27.63,0.21,0.0
20230716:1710,126.81,154.48,18.62,27.13,0.9,0.0
20230716:1810,47.47,67.87,8.65,26.14,1.31,0.0
20230716:1910,0.0,0.0,0.0,25.08,1.45,0.0
20230716:2010,0.0,0.0,0.0,23.93,1.59,0.0
20230716:2110,0.0,0.0,0.0,23.11,1.72,0.0
20230716:2210,0.0,0.0,0.0,22.51,1.79,0.0
20230716:2310,0.0,0.0,0.0,21.86,1.93,0.0
20230717:0010,0.0,0.0,0.0,21.73,1.72,0.0
20230717:0110,0.0,0.0,0.0,21.4,1.66,0.0
20230717:0210,0.0,0.0,0.0,21.21,1.66,0.0
20230717:0310,0.0,0.0,0.0,21.09,1.52,0.0
20230717:0410,0.0,1.89,2.1,20.57,1.45,0.0
20230717:0510,54.92,80.07,11.65,20.9,1.24,0.0
20230717:0610,126.19,174.67,21.79,23.21,0.83,0.0
20230717:0710,230.59,287.76,32.2,24.84,0.34,0.0
20230717:0810,350.17,411.07,42.53,26.15,0.41,0.0
20230717:0910,461.64,531.69,52.25,26.96,0.55,0.0
20230717:1010,552.49,639.08,60.36,27.81,0.48,0.0
20230717:1110,621.41,723.34,64.98,28.62,0.69,0.0
20230717:1210,657.85,765.64,64.05,28.97,1.03,0.0
20230717:1310,661.52,772.22,58.05,28.98,0.9,0.0
20230717:1410,634.18,741.6,49.27,28.91,0.55,0.0
20230717:1510,561.62,652.17,39.28,29.09,0.41,0.0
20230717:1610,494.64,566.89,28.89,28.99,0.69,0.0
20230717:1710,356.9,407.25,18.53,28.6,0.76,0.0
20230717:1810,154.37,185.84,8.54,27.51,0.9,0.0
20230717:1910,0.0,0.0,0.0,26.5,1.72,0.0
20230717:2010,0.0,0.0,0.0,25.16,1.72,0.0
20230717:2110,0.0,0.0,0.0,24.12,1.59,0.0
20230717:2210,0.0,0.0,0.0,23.3,1.38,0.0
20230717:2310,0.0,0.0,0.0,23.09,1.24,0.0
20230718:0010,0.0,0.0,0.0,22.76,1.24,0.0
20230718:0110,0.0,0.0,0.0,22.14,1.31,0.0
20230718:0210,0.0,0.0,0.0,21.09,1.52,0.0
20230718:0310,0.0,0.0,0.0,20.16,1.66,0.0
20230718:0410,0.0,1.89,1.96,19.62,1.72,0.0
20230718:0510,50.19,76.92,11.52,20.23,1.45,0.0
20230718:0610,123.56,171.79,21.66,23.61,1.1,0.0
20230718:0710,227.97,284.42,32.07,24.79,0.14,0.0
20230718:0810,344.95,406.56,42.39,26.61,0.28,0.0
20230718:0910,456.42,524.78,52.1,27.81,1.03,0.0
20230718:1010,543.01,622.88,60.2,28.58,1.31,0.0
20230718:1110,599.42,690.55,64.81,29.11,1.45,0.0
20230718:1210,442.61,509.85,63.89,29.53,1.38,0.0
20230718:1310,559.11,646.48,57.92,29.9,1.38,0.0
20230718:1410,172.42,206.74,49.16,29.63,0.76,0.0
20230718:1510,279.74,323.79,39.18,29.48,0.97,0.0
20230718:1610,402.25,459.77,28.79,29.45,0.83,0.0
20230718:1710,232.92,270.96,18.43,29.15,0.55,0.0
20230718:1810,131.47,162.21,8.43,28.58,0.14,0.0
20230718:1910,0.0,0.0,0.0,26.97,1.17,0.0
20230718:2010,0.0,0.0,0.0,25.46,1.24,0.0
20230718:2110,0.0,0.0,0.0,24.54,1.66,0.0
20230718:2210,0.0,0.0,0.0,23.81,2.14,0.0
20230718:2310,0.0,0.0,0.0,23.26,2.69,0.0
20230719:0010,0.0,0.0,0.0,22.06,3.52,0.0
20230719:0110,0.0,0.0,0.0,21.43,3.31,0.0
20230719:0210,0.0,0.0,0.0,21.21,2.97,0.0
20230719:0310,0.0,0.0,0.0,21.11,2.69,0.0
20230719:0410,0.0,0.95,1.81,21.16,2.34,0.0
20230719:0510,44.92,64.47,11.38,21.3,2.07,0.0
20230719:0610,14.51,28.15,21.53,22.47,1.66,0.0
20230719:0710,171.43,202.65,31.94,24.77,0.0,0.0
20230719:0810,344.67,403.99,42.26,26.12,0.62,0.0
20230719:0910,452.85,522.95,51.96,27.45,0.55,0.0
20230719:1010,540.72,628.32,60.04,28.35,0.34,0.0
20230719:1110,599.39,703.12,64.63,28.85,0.28,0.0
20230719:1210,463.79,540.3,63.72,29.66,0.55,0.0
20230719:1310,589.24,680.17,57.78,29.84,1.59,0.0
20230719:1410,628.98,730.27,49.04,29.2,0.97,0.0
20230719:1510,579.71,662.47,39.08,28.41,1.24,0.0
20230719:1610,255.59,292.26,28.68,28.34,2.41,0.0
20230719:1710,300.45,340.27,18.32,27.89,1.93,0.0
20230719:1810,165.01,196.06,8.32,26.5,1.86,0.0
20230719:1910,0.0,0.0,0.0,24.66,1.59,0.0
20230719:2010,0.0,0.0,0.0,23.91,1.1,0.0
20230719:2110,0.0,0.0,0.0,23.23,1.17,0.0
20230719:2210,0.0,0.0,0.0,22.74,1.17,0.0
20230719:2310,0.0,0.0,0.0,22.34,1.03,0.0
20230720:0010,0.0,0.0,0.0,21.7,1.03,0.0
20230720:0110,0.0,0.0,0.0,21.54,0.97,0.0
20230720:0210,0.0,0.0,0.0,20.88,1.03,0.0
20230720:0310,0.0,0.0,0.0,20.86,0.9,0.0
20230720:0410,0.0,0.95,1.66,19.79,1.03,0.0
20230720:0510,46.17,73.14,11.24,19.11,1.24,0.0
20230720:0610,114.31,166.11,21.39,21.77,1.03,0.0
20230720:0710,226.59,282.95,31.81,23.13,1.03,0.0
20230720:0810,351.59,408.41,42.12,24.56,1.17,0.0
20230720:0910,468.22,534.74,51.81,26.03,0.97,0.0
20230720:1010,560.85,645.35,59.87,27.26,0.69,0.0
20230720:1110,629.24,730.09,64.45,28.05,0.76,0.0
20230720:1210,666.33,774.15,63.55,28.44,1.03,0.0
20230720:1310,675.66,785.53,57.64,28.89,1.17,0.0
20230720:1410,649.87,751.59,48.92,28.93,1.24,0.0
20230720:1510,601.64,688.97,38.96,28.74,1.38,0.0
20230720:1610,500.33,567.92,28.57,28.24,1.17,0.0
20230720:1710,353.57,400.37,18.2,27.4,1.03,0.0
20230720:1810,166.19,197.91,8.2,26.35,0.97,0.0
20230720:1910,0.0,0.0,0.0,25.15,1.03,0.0
20230720:2010,0.0,0.0,0.0,24.33,0.97,0.0
20230720:2110,0.0,0.0,0.0,24.87,0.41,0.0
20230720:2210,0.0,0.0,0.0,23.07,0.69,0.0
20230720:2310,0.0,0.0,0.0,22.04,0.9,0.0
20230721:0010,0.0,0.0,0.0,22.79,0.34,0.0
20230721:0110,0.0,0.0,0.0,21.27,0.55,0.0
20230721:0210,0.0,0.0,0.0,21.05,0.62,0.0
20230721:0310,0.0,0.0,0.0,20.12,0.48,0.0
20230721:0410,0.0,0.95,1.51,19.14,0.62,0.0
20230721:0510,33.54,50.55,11.1,19.0,0.55,0.0
20230721:0610,106.09,162.06,21.25,19.68,0.76,0.0
20230721:0710,25.79,41.74,31.67,20.64,0.62,0.0
20230721:0810,82.24,103.86,41.98,20.8,0.83,0.0
20230721:0910,347.36,387.56,51.65,21.71,0.9,0.0
20230721:1010,571.3,632.56,59.7,22.11,1.59,0.0
20230721:1110,635.48,701.86,64.26,22.32,2.14,0.0
20230721:1210,605.77,672.0,63.37,22.56,2.0,0.0
20230721:1310,645.55,718.8,57.49,22.81,1.79,0.0
20230721:1410,472.09,526.64,48.79,23.41,1.1,0.0
20230721:1510,467.74,520.96,38.84,23.97,1.1,0.0
20230721:1610,487.32,538.0,28.46,23.36,1.38,0.0
20230721:1710,324.94,363.39,18.09,22.97,0.21,0.0
20230721:1810,169.4,198.46,8.07,22.92,0.9,0.0
20230721:1910,0.0,0.0,0.0,24.11,0.41,0.0
20230721:2010,0.0,0.0,0.0,23.21,0.55,0.0
20230721:2110,0.0,0.0,0.0,22.43,0.48,0.0
20230721:2210,0.0,0.0,0.0,21.99,0.48,0.0
20230721:2310,0.0,0.0,0.0,21.67,0.41,0.0
20230722:0010,0.0,0.0,0.0,21.13,0.69,0.0
20230722:0110,0.0,0.0,0.0,20.49,0.69,0.0
20230722:0210,0.0,0.0,0.0,20.04,0.69,0.0
20230722:0310,0.0,0.0,0.0,19.62,0.55,0.0
20230722:0410,0.0,0.95,1.36,19.33,0.62,0.0
20230722:0510,44.78,70.25,10.95,19.33,0.55,0.0
20230722:0610,135.4,166.98,21.11,19.82,0.83,0.0
20230722:0710,238.76,277.06,31.53,20.07,1.24,0.0
20230722:0810,352.04,402.37,41.84,20.98,0.9,0.0
20230722:0910,447.79,504.43,51.5,22.36,0.55,0.0
20230722:1010,547.84,619.99,59.52,23.54,0.55,0.0
20230722:1110,608.43,689.68,64.07,24.75,1.1,0.0
20230722:1210,663.2,749.57,63.19,25.3,1.72,0.0
20230722:1310,605.2,680.21,57.33,25.56,2.07,0.0
20230722:1410,633.45,715.06,48.65,25.13,1.45,0.0
20230722:1510,589.91,666.51,38.72,25.18,0.97,0.0
20230722:1610,483.51,545.17,28.33,24.88,0.34,0.0
20230722:1710,327.79,368.82,17.96,24.49,0.34,0.0
20230722:1810,74.12,96.92,7.94,23.78,0.41,0.0
20230722:1910,0.0,0.0,0.0,23.89,0.34,0.0
20230722:2010,0.0,0.0,0.0,22.73,0.55,0.0
20230722:2110,0.0,0.0,0.0,22.22,0.48,0.0
20230722:2210,0.0,0.0,0.0,21.67,0.55,0.0
20230722:2310,0.0,0.0,0.0,21.39,0.83,0.0
20230723:0010,0.0,0.0,0.0,20.92,0.69,0.0
20230723:0110,0.0,0.0,0.0,19.97,0.69,0.0
20230723:0210,0.0,0.0,0.0,19.51,0.48,0.0
20230723:0310,0.0,0.0,0.0,19.1,0.28,0.0
20230723:0410,0.0,0.0,0.0,18.96,0.41,0.0
20230723:0510,30.94,59.03,10.8,18.87,0.34,0.0
20230723:0610,125.08,166.05,20.97,19.15,0.48,0.0
20230723:0710,114.09,136.86,31.39,19.97,1.1,0.0
20230723:0810,325.67,366.07,41.69,20.9,0.76,0.0
20230723:0910,456.16,512.25,51.34,22.28,0.83,0.0
20230723:1010,516.1,576.55,59.34,23.08,1.38,0.0
20230723:1110,556.53,622.42,63.87,23.98,1.79,0.0
20230723:1210,511.8,574.45,62.99,24.32,1.52,0.0
20230723:1310,515.51,583.13,57.17,24.92,0.97,0.0
20230723:1410,621.31,706.36,48.51,25.08,0.9,0.0
20230723:1510,558.45,633.11,38.59,25.28,0.62,0.0
20230723:1610,451.04,508.13,28.21,25.29,0.41,0.0
20230723:1710,134.62,161.7,17.83,25.1,0.34,0.0
20230723:1810,107.85,133.77,7.8,24.5,0.97,0.0
20230723:1910,0.0,0.0,0.0,23.55,1.52,0.0
20230723:2010,0.0,0.0,0.0,22.6,1.31,0.0
20230723:2110,0.0,0.0,0.0,22.13,1.03,0.0
20230723:2210,0.0,0.0,0.0,21.25,1.1,0.0
20230723:2310,0.0,0.0,0.0,20.78,1.24,0.0
20230724:0010,0.0,0.0,0.0,20.84,1.38,0.0
20230724:0110,0.0,0.0,0.0,20.77,1.31,0.0
20230724:0210,0.0,0.0,0.0,20.88,1.52,0.0
20230724:0310,0.0,0.0,0.0,20.7,1.66,0.0
20230724:0410,0.0,0.0,0.0,20.57,1.66,0.0
20230724:0510,2.41,10.68,10.65,20.6,1.45,0.0
20230724:0610,16.87,31.06,20.83,21.65,1.24,0.0
20230724:0710,40.72,59.21,31.24,22.38,1.1,0.0
20230724:0810,50.06,69.88,41.54,23.35,1.31,0.0
20230724:0910,77.52,99.97,51.18,23.86,1.72,0.0
20230724:1010,94.63,118.42,59.16,24.15,1.86,0.0
20230724:1110,57.69,78.62,63.66,24.51,1.93,0.0
20230724:1210,79.03,101.92,62.8,24.81,2.34,0.0
20230724:1310,86.12,109.68,57.0,25.03,2.14,0.0
20230724:1410,91.57,115.5,48.37,24.69,1.45,0.0
20230724:1510,48.93,68.91,38.45,24.31,1.24,0.0
20230724:1610,100.26,124.24,28.07,23.64,1.45,0.0
20230724:1710,244.25,272.64,17.69,22.15,1.79,0.0
20230724:1810,69.95,91.01,7.65,20.79,2.55,0.0
20230724:1910,0.0,0.0,0.0,20.59,1.31,0.0
20230724:2010,0.0,0.0,0.0,19.8,0.9,0.0
20230724:2110,0.0,0.0,0.0,19.37,0.9,0.0
20230724:2210,0.0,0.0,0.0,19.41,0.34,0.0
20230724:2310,0.0,0.0,0.0,19.03,0.69,0.0
20230725:0010,0.0,0.0,0.0,18.55,1.52,0.0
20230725:0110,0.0,0.0,0.0,18.02,0.9,0.0
20230725:0210,0.0,0.0,0.0,17.55,0.9,0.0
20230725:0310,0.0,0.0,0.0,17.62,1.03,0.0
20230725:0410,0.0,0.0,0.0,17.64,0.48,0.0
20230725:0510,47.24,67.84,10.5,17.9,0.41,0.0
20230725:0610,91.93,113.41,20.68,18.18,0.48,0.0
20230725:0710,214.79,269.6,31.1,19.62,0.34,0.0
20230725:0810,344.41,398.18,41.39,21.38,0.69,0.0
20230725:0910,461.68,518.93,51.01,22.69,1.03,0.0
20230725:1010,547.91,615.1,58.97,23.42,1.03,0.0
20230725:1110,613.06,695.25,63.45,24.39,0.9,0.0
20230725:1210,651.02,745.86,62.59,25.14,0.76,0.0
20230725:1310,627.81,719.19,56.82,25.46,0.76,0.0
20230725:1410,507.28,575.18,48.21,25.76,0.83,0.0
20230725:1510,354.31,399.95,38.31,25.75,0.83,0.0
20230725:1610,95.67,120.36,27.94,25.52,1.31,0.0
20230725:1710,73.75,96.35,17.55,25.04,1.52,0.0
20230725:1810,74.3,97.04,7.51,23.89,2.0,0.0
20230725:1910,0.0,0.0,0.0,22.54,2.69,0.0
20230725:2010,0.0,0.0,0.0,21.85,3.59,0.0
20230725:2110,0.0,0.0,0.0,21.2,4.0,0.0
20230725:2210,0.0,0.0,0.0,20.4,3.86,0.0
20230725:2310,0.0,0.0,0.0,19.5,3.72,0.0
20230726:0010,0.0,0.0,0.0,18.76,3.66,0.0
20230726:0110,0.0,0.0,0.0,18.19,3.72,0.0
20230726:0210,0.0,0.0,0.0,17.75,3.59,0.0
20230726:0310,0.0,0.0,0.0,17.45,3.38,0.0
20230726:0410,0.0,0.0,0.0,17.21,3.31,0.0
20230726:0510,35.0,58.54,10.34,17.12,3.38,0.0
20230726:0610,100.28,152.16,20.53,17.82,3.66,0.0
20230726:0710,220.95,273.9,30.95,18.61,4.0,0.0
20230726:0810,359.87,405.49,41.24,19.86,4.07,0.0
20230726:0910,487.89,532.82,50.84,21.2,3.93,0.0
20230726:1010,595.26,649.89,58.77,22.49,3.45,0.0
20230726:1110,670.87,740.98,63.24,23.63,2.9,0.0
20230726:1210,703.39,788.78,62.39,24.52,2.21,0.0
20230726:1310,706.07,802.71,56.64,25.13,1.52,0.0
20230726:1410,680.63,774.13,48.05,25.5,1.38,0.0
20230726:1510,619.15,699.22,38.16,25.64,1.38,0.0
20230726:1610,522.93,585.66,27.79,25.45,1.31,0.0
20230726:1710,375.01,418.85,17.41,24.71,1.24,0.0
20230726:1810,169.74,199.45,7.35,23.35,1.52,0.0
20230726:1910,0.0,0.0,0.0,21.32,2.55,0.0
20230726:2010,0.0,0.0,0.0,20.1,2.76,0.0
20230726:2110,0.0,0.0,0.0,19.18,2.76,0.0
20230726:2210,0.0,0.0,0.0,18.17,2.55,0.0
20230726:2310,0.0,0.0,0.0,17.16,2.48,0.0
20230727:0010,0.0,0.0,0.0,16.31,2.41,0.0
20230727:0110,0.0,0.0,0.0,15.31,2.21,0.0
20230727:0210,0.0,0.0,0.0,14.6,1.86,0.0
20230727:0310,0.0,0.0,0.0,14.5,1.66,0.0
20230727:0410,0.0,0.0,0.0,14.66,1.45,0.0
20230727:0510,36.65,53.27,10.18,15.17,1.24,0.0
20230727:0610,129.8,161.48,20.38,17.16,0.9,0.0
20230727:0710,231.2,270.82,30.8,18.34,1.03,0.0
20230727:0810,344.43,389.19,41.08,19.31,1.24,0.0
20230727:0910,471.32,522.19,50.67,20.07,1.31,0.0
20230727:1010,564.18,622.15,58.58,20.65,1.38,0.0
20230727:1110,618.53,686.15,63.02,21.83,1.59,0.0
20230727:1210,612.62,684.07,62.17,22.47,1.45,0.0
20230727:1310,667.99,747.86,56.45,22.9,1.52,0.0
20230727:1410,657.56,735.74,47.89,23.38,1.52,0.0
20230727:1510,614.89,683.82,38.01,23.47,1.59,0.0
20230727:1610,512.19,566.59,27.64,23.23,1.31,0.0
20230727:1710,360.55,400.37,17.25,22.94,0.97,0.0
20230727:1810,132.19,159.08,7.19,22.21,0.48,0.0
20230727:1910,0.0,0.0,0.0,21.09,0.69,0.0
20230727:2010,0.0,0.0,0.0,19.63,1.1,0.0
20230727:2110,0.0,0.0,0.0,18.89,1.24,0.0
20230727:2210,0.0,0.0,0.0,18.91,1.1,0.0
20230727:2310,0.0,0.0,0.0,18.76,1.1,0.0
20230728:0010,0.0,0.0,0.0,18.19,1.1,0.0
20230728:0110,0.0,0.0,0.0,17.45,1.17,0.0
20230728:0210,0.0,0.0,0.0,17.08,1.24,0.0
20230728:0310,0.0,0.0,0.0,16.77,1.24,0.0
20230728:0410,0.0,0.0,0.0,16.63,1.17,0.0
20230728:0510,37.85,55.06,10.02,16.98,1.03,0.0
20230728:0610,125.93,157.96,20.23,18.82,0.62,0.0
20230728:0710,205.1,261.8,30.65,20.62,0.21,0.0
20230728:0810,333.87,388.03,40.92,21.58,0.55,0.0
20230728:0910,445.05,501.26,50.5,22.55,0.83,0.0
20230728:1010,549.57,617.5,58.38,23.43,0.97,0.0
20230728:1110,610.97,688.62,62.79,24.21,1.24,0.0
20230728:1210,629.94,711.21,61.95,24.66,1.45,0.0
20230728:1310,503.33,567.11,56.26,25.24,1.38,0.0
20230728:1410,543.52,613.65,47.71,25.51,1.17,0.0
20230728:1510,465.76,523.13,37.85,25.83,1.17,0.0
20230728:1610,176.54,206.61,27.49,25.63,1.03,0.0
20230728:1710,106.07,131.15,17.09,25.04,0.83,0.0
20230728:1810,47.37,67.42,7.02,23.74,0.76,0.0
20230728:1910,0.0,0.0,0.0,22.6,0.76,0.0
20230728:2010,0.0,0.0,0.0,22.07,0.83,0.0
20230728:2110,0.0,0.0,0.0,21.97,0.76,0.0
20230728:2210,0.0,0.0,0.0,21.32,0.76,0.0
20230728:2310,0.0,0.0,0.0,20.72,0.9,0.0
20230729:0010,0.0,0.0,0.0,20.32,0.76,0.0
20230729:0110,0.0,0.0,0.0,19.92,0.55,0.0
20230729:0210,0.0,0.0,0.0,19.67,0.48,0.0
20230729:0310,0.0,0.0,0.0,19.44,0.28,0.0
20230729:0410,0.0,0.0,0.0,19.27,0.28,0.0
20230729:0510,39.57,57.48,9.86,18.35,0.62,0.0
20230729:0610,105.54,129.33,20.07,19.32,0.48,0.0
20230729:0710,208.71,243.3,30.49,21.51,0.07,0.0
20230729:0810,325.07,378.66,40.76,22.34,0.28,0.0
20230729:0910,423.66,480.6,50.32,23.42,0.48,0.0
20230729:1010,506.09,573.11,58.17,24.41,0.76,0.0
20230729:1110,583.67,659.21,62.56,25.02,1.31,0.0
20230729:1210,641.22,722.32,61.72,24.96,1.66,0.0
20230729:1310,321.09,362.81,56.06,24.68,1.03,0.0
20230729:1410,497.71,557.61,47.54,24.44,1.17,0.0
20230729:1510,193.07,222.86,37.69,24.42,1.72,0.0
20230729:1610,466.82,515.13,27.32,23.6,1.52,0.0
20230729:1710,247.21,278.13,16.93,23.07,1.1,0.0
20230729:1810,20.14,35.25,6.85,22.12,0.62,0.0
20230729:1910,0.0,0.0,0.0,23.49,0.69,0.0
20230729:2010,0.0,0.0,0.0,22.23,0.9,0.0
20230729:2110,0.0,0.0,0.0,21.11,1.17,0.0
20230729:2210,0.0,0.0,0.0,21.46,0.97,0.0
20230729:2310,0.0,0.0,0.0,21.56,0.76,0.0
20230730:0010,0.0,0.0,0.0,21.32,0.62,0.0
20230730:0110,0.0,0.0,0.0,20.36,0.9,0.0
20230730:0210,0.0,0.0,0.0,19.48,1.03,0.0
20230730:0310,0.0,0.0,0.0,19.66,0.83,0.0
20230730:0410,0.0,0.0,0.0,19.65,0.76,0.0
20230730:0510,40.53,59.57,9.7,18.49,0.76,0.0
20230730:0610,109.45,150.12,19.91,19.67,0.62,0.0
20230730:0710,200.51,255.87,30.34,21.37,0.62,0.0
20230730:0810,325.08,379.93,40.6,22.8,0.62,0.0
20230730:0910,439.94,501.09,50.14,24.22,0.69,0.0
20230730:1010,543.16,619.47,57.96,25.57,0.69,0.0
20230730:1110,613.03,702.52,62.33,26.48,0.9,0.0
20230730:1210,652.23,754.06,61.49,27.41,0.9,0.0
20230730:1310,662.44,770.46,55.85,28.1,0.83,0.0
20230730:1410,629.91,733.21,47.35,28.45,0.62,0.0
20230730:1510,543.53,626.79,37.51,28.54,0.55,0.0
20230730:1610,445.86,510.13,27.16,28.61,0.55,0.0
20230730:1710,278.21,319.27,16.76,27.49,0.48,0.0
20230730:1810,87.07,113.45,6.68,27.48,0.28,0.0
20230730:1910,0.0,0.0,0.0,25.76,0.62,0.0
20230730:2010,0.0,0.0,0.0,24.06,0.83,0.0
20230730:2110,0.0,0.0,0.0,22.46,1.1,0.0
20230730:2210,0.0,0.0,0.0,21.53,1.17,0.0
20230730:2310,0.0,0.0,0.0,20.84,1.24,0.0
20230731:0010,0.0,0.0,0.0,20.42,1.31,0.0
20230731:0110,0.0,0.0,0.0,20.55,1.17,0.0
20230731:0210,0.0,0.0,0.0,20.22,1.1,0.0
20230731:0310,0.0,0.0,0.0,20.05,1.03,0.0
20230731:0410,0.0,0.0,0.0,20.15,0.9,0.0
20230731:0510,13.17,26.21,9.53,20.26,0.76,0.0
20230731:0610,49.01,67.94,19.75,20.33,0.62,0.0
20230731:0710,213.37,250.49,30.18,22.18,0.97,0.0
20230731:0810,322.16,371.43,40.43,22.99,0.83,0.0
20230731:0910,426.19,481.07,49.95,23.72,1.17,0.0
20230731:1010,506.69,567.79,57.75,24.5,1.72,0.0
20230731:1110,580.76,650.36,62.09,24.95,2.0,0.0
20230731:1210,610.18,685.63,61.25,25.23,1.93,0.0
20230731:1310,548.83,617.34,55.64,25.68,1.79,0.0
20230731:1410,470.79,528.12,47.16,25.67,1.59,0.0
20230731:1510,527.74,593.63,37.34,25.6,1.1,0.0
20230731:1610,439.65,492.85,26.99,25.79,1.03,0.0
20230731:1710,264.35,300.13,16.59,25.36,0.9,0.0
20230731:1810,52.89,74.03,6.49,24.42,0.76,0.0
20230731:1910,0.0,0.0,0.0,23.65,0.69,0.0
20230731:2010,0.0,0.0,0.0,23.66,0.62,0.0
20230731:2110,0.0,0.0,0.0,22.82,0.76,0.0
20230731:2210,0.0,0.0,0.0,22.11,0.83,0.0
20230731:2310,0.0,0.0,0.0,21.39,0.9,0.0
20230801:0010,0.0,0.0,0.0,21.13,0.83,0.0
20230801:0110,0.0,0.0,0.0,20.82,0.83,0.0
20230801:0210,0.0,0.0,0.0,20.69,0.83,0.0
20230801:0310,0.0,0.0,0.0,20.64,1.17,0.0
20230801:0410,0.0,0.0,0.0,20.3,1.38,0.0
20230801:0510,4.8,14.56,9.36,20.2,1.24,0.0
20230801:0610,30.85,47.56,19.59,20.37,0.97,0.0
20230801:0710,183.31,211.06,30.02,20.62,1.59,0.0
20230801:0810,301.55,337.63,40.26,21.17,1.93,0.0
20230801:0910,291.78,325.0,49.77,21.55,1.66,0.0
20230801:1010,286.77,321.18,57.53,22.19,1.24,0.0
20230801:1110,383.12,428.43,61.85,22.7,0.97,0.0
20230801:1210,478.98,538.08,61.01,23.05,0.76,0.0
20230801:1310,602.37,676.9,55.42,24.02,1.31,0.0
20230801:1410,517.06,579.93,46.97,24.75,1.24,0.0
20230801:1510,507.83,567.29,37.16,24.97,1.31,0.0
20230801:1610,451.02,503.51,26.81,25.22,1.17,0.0
20230801:1710,318.44,358.05,16.41,24.96,1.1,0.0
20230801:1810,128.62,157.14,6.31,24.23,1.1,0.0
20230801:1910,0.0,0.0,0.0,22.48,0.9,0.0
20230801:2010,0.0,0.0,0.0,21.46,1.1,0.0
20230801:2110,0.0,0.0,0.0,20.65,1.31,0.0
20230801:2210,0.0,0.0,0.0,19.94,1.38,0.0
20230801:2310,0.0,0.0,0.0,19.37,1.45,0.0
20230802:0010,0.0,0.0,0.0,18.97,1.52,0.0
20230802:0110,0.0,0.0,0.0,18.96,1.52,0.0
20230802:0210,0.0,0.0,0.0,18.95,1.52,0.0
20230802:0310,0.0,0.0,0.0,18.7,1.45,0.0
20230802:0410,0.0,0.0,0.0,19.39,1.1,0.0
20230802:0510,39.16,56.8,9.19,19.48,0.97,0.0
20230802:0610,113.9,142.07,19.43,20.47,1.31,0.0
20230802:0710,212.54,248.8,29.86,20.62,1.93,0.0
20230802:0810,301.6,337.1,40.09,20.69,1.93,0.0
20230802:0910,420.33,463.96,49.58,21.07,2.28,0.0
20230802:1010,518.44,568.7,57.32,21.69,2.48,0.0
20230802:1110,498.63,550.17,61.6,22.13,2.14,0.0
20230802:1210,492.79,546.87,60.76,22.7,1.72,0.0
20230802:1310,121.37,146.56,55.19,23.66,1.72,0.0
20230802:1410,265.12,299.04,46.77,23.87,1.72,0.0
20230802:1510,198.41,227.99,36.97,24.08,1.93,0.0
20230802:1610,362.88,401.35,26.63,24.31,2.0,0.0
20230802:1710,74.54,96.75,16.22,24.02,1.86,0.0
20230802:1810,79.74,103.54,6.11,23.32,1.31,0.0
20230802:1910,0.0,0.0,0.0,22.35,1.38,0.0
20230802:2010,0.0,0.0,0.0,21.37,1.1,0.0
20230802:2110,0.0,0.0,0.0,21.03,0.97,0.0
20230802:2210,0.0,0.0,0.0,20.81,1.1,0.0
20230802:2310,0.0,0.0,0.0,20.42,0.83,0.0
20230803:0010,0.0,0.0,0.0,20.73,0.55,0.0
20230803:0110,0.0,0.0,0.0,20.51,0.28,0.0
20230803:0210,0.0,0.0,0.0,20.34,0.14,0.0
20230803:0310,0.0,0.0,0.0,20.22,0.34,0.0
20230803:0410,0.0,0.0,0.0,20.22,0.21,0.0
20230803:0510,35.65,53.02,9.02,20.09,0.34,0.0
20230803:0610,99.55,139.95,19.27,20.68,0.55,0.0
20230803:0710,106.34,129.09,29.69,20.65,1.24,0.0
20230803:0810,267.71,301.87,39.92,21.84,1.17,0.0
20230803:0910,374.65,420.72,49.39,22.69,0.9,0.0
20230803:1010,395.73,445.78,57.09,24.07,0.97,0.0
20230803:1110,533.03,601.81,61.34,25.11,1.38,0.0
20230803:1210,565.73,636.51,60.51,25.46,1.86,0.0
20230803:1310,549.12,617.32,54.96,25.6,1.79,0.0
20230803:1410,67.77,90.27,46.56,25.91,1.24,0.0
20230803:1510,66.12,88.33,36.78,25.8,1.93,0.0
20230803:1610,18.9,33.97,26.44,24.79,2.0,0.0
20230803:1710,341.1,377.41,16.03,23.0,2.0,0.0
20230803:1810,76.79,99.46,5.92,21.45,2.41,0.0
20230803:1910,0.0,0.0,0.0,20.58,2.55,0.0
20230803:2010,0.0,0.0,0.0,20.22,1.72,0.0
20230803:2110,0.0,0.0,0.0,19.96,1.79,0.0
20230803:2210,0.0,0.0,0.0,19.97,2.55,0.0
20230803:2310,0.0,0.0,0.0,19.84,2.55,0.0
20230804:0010,0.0,0.0,0.0,19.55,2.34,0.0
20230804:0110,0.0,0.0,0.0,18.86,2.28,0.0
20230804:0210,0.0,0.0,0.0,18.28,2.34,0.0
20230804:0310,0.0,0.0,0.0,16.79,2.28,0.0
20230804:0410,0.0,0.0,0.0,16.52,2.21,0.0
20230804:0510,23.88,38.82,8.85,16.47,2.0,0.0
20230804:0610,107.57,142.26,19.1,17.76,1.93,0.0
20230804:0710,212.43,251.06,29.53,20.06,2.0,0.0
20230804:0810,318.92,358.14,39.74,21.07,2.83,0.0
20230804:0910,396.88,436.42,49.19,21.25,2.9,0.0
20230804:1010,54.05,73.77,56.86,21.88,2.48,0.0
20230804:1110,468.52,516.12,61.09,22.16,2.41,0.0
20230804:1210,466.95,513.48,60.25,21.66,2.21,0.0
20230804:1310,179.84,205.77,54.73,21.43,2.48,0.0
20230804:1410,139.67,164.04,46.35,21.57,2.62,0.0
20230804:1510,32.43,49.5,36.58,21.24,2.28,0.0
20230804:1610,28.21,44.65,26.24,21.31,1.72,0.0
20230804:1710,12.38,25.24,15.84,20.77,0.69,0.0
20230804:1810,22.93,38.47,5.71,19.88,0.34,0.0
20230804:1910,0.0,0.0,0.0,19.49,0.83,0.0
20230804:2010,0.0,0.0,0.0,20.22,0.55,0.0
20230804:2110,0.0,0.0,0.0,19.57,0.76,0.0
20230804:2210,0.0,0.0,0.0,18.72,0.97,0.0
20230804:2310,0.0,0.0,0.0,19.33,0.62,0.0
20230805:0010,0.0,0.0,0.0,17.31,1.31,0.0
20230805:0110,0.0,0.0,0.0,16.89,1.72,0.0
20230805:0210,0.0,0.0,0.0,16.69,2.07,0.0
20230805:0310,0.0,0.0,0.0,16.39,2.28,0.0
20230805:0410,0.0,0.0,0.0,15.83,2.34,0.0
20230805:0510,30.52,46.39,8.68,16.26,2.69,0.0
20230805:0610,71.66,120.54,18.93,18.08,2.9,0.0
20230805:0710,181.97,237.52,29.36,19.32,2.69,0.0
20230805:0810,318.22,369.01,39.57,20.98,3.24,0.0
20230805:0910,445.3,493.39,48.99,22.28,3.45,0.0
20230805:1010,555.89,609.45,56.63,23.49,3.66,0.0
20230805:1110,634.02,697.16,60.82,24.4,3.59,0.0
20230805:1210,672.16,744.52,59.99,25.28,3.38,0.0
20230805:1310,682.85,761.88,54.49,25.85,2.97,0.0
20230805:1410,653.97,733.1,46.13,26.3,2.48,0.0
20230805:1510,589.67,660.38,36.37,26.44,2.14,0.0
20230805:1610,491.36,549.14,26.04,26.2,1.79,0.0
20230805:1710,338.21,380.31,15.64,25.42,1.52,0.0
20230805:1810,111.63,139.1,5.5,23.61,1.38,0.0
20230805:1910,0.0,0.0,0.0,21.44,2.28,0.0
20230805:2010,0.0,0.0,0.0,19.45,1.93,0.0
20230805:2110,0.0,0.0,0.0,18.8,1.17,0.0
20230805:2210,0.0,0.0,0.0,19.74,0.76,0.0
20230805:2310,0.0,0.0,0.0,17.97,1.1,0.0
20230806:0010,0.0,0.0,0.0,16.85,1.24,0.0
20230806:0110,0.0,0.0,0.0,16.1,1.38,0.0
20230806:0210,0.0,0.0,0.0,15.46,1.45,0.0
20230806:0310,0.0,0.0,0.0,14.57,1.66,0.0
20230806:0410,0.0,0.0,0.0,14.07,1.72,0.0
20230806:0510,30.84,46.39,8.5,14.11,1.72,0.0
20230806:0610,69.17,118.16,18.76,16.97,1.52,0.0
20230806:0710,178.55,237.95,29.19,20.3,2.14,0.0
20230806:0810,317.48,370.48,39.39,21.4,2.76,0.0
20230806:0910,448.03,498.44,48.79,22.47,3.1,0.0
20230806:1010,559.84,614.77,56.4,23.13,3.31,0.0
20230806:1110,641.28,703.31,60.56,23.69,3.59,0.0
20230806:1210,684.25,751.64,59.72,24.02,3.72,0.0
20230806:1310,700.36,769.15,54.24,24.16,3.86,0.0
20230806:1410,676.15,739.68,45.91,24.09,4.0,0.0
20230806:1510,614.37,667.48,36.16,23.75,4.21,0.0
20230806:1610,510.29,551.29,25.84,22.92,4.28,0.0
20230806:1710,351.3,382.62,15.43,21.78,4.34,0.0
20230806:1810,128.36,154.59,5.29,20.43,4.21,0.0
20230806:1910,0.0,0.0,0.0,19.82,4.76,0.0
20230806:2010,0.0,0.0,0.0,18.94,4.55,0.0
20230806:2110,0.0,0.0,0.0,18.09,4.14,0.0
20230806:2210,0.0,0.0,0.0,17.27,3.93,0.0
20230806:2310,0.0,0.0,0.0,16.56,3.72,0.0
20230807:0010,0.0,0.0,0.0,15.97,3.38,0.0
20230807:0110,0.0,0.0,0.0,15.47,3.17,0.0
20230807:0210,0.0,0.0,0.0,15.03,3.03,0.0
20230807:0310,0.0,0.0,0.0,14.65,2.97,0.0
20230807:0410,0.0,0.0,0.0,14.34,2.97,0.0
20230807:0510,30.86,46.39,8.32,14.17,2.97,0.0
20230807:0610,67.72,115.5,18.59,15.08,2.76,0.0
20230807:0710,179.87,236.23,29.02,17.08,3.31,0.0
20230807:0810,321.51,368.99,39.21,18.42,3.72,0.0
20230807:0910,456.14,498.46,48.59,19.54,3.93,0.0
20230807:1010,567.4,613.54,56.16,20.58,3.79,0.0
20230807:1110,647.16,703.04,60.29,21.67,3.59,0.0
20230807:1210,687.35,750.72,59.44,22.44,3.52,0.0
20230807:1310,700.57,768.41,53.99,23.11,3.45,0.0
20230807:1410,677.62,743.2,45.68,23.44,3.38,0.0
20230807:1510,612.93,670.02,35.95,23.43,3.24,0.0
20230807:1610,511.65,557.53,25.63,23.07,3.1,0.0
20230807:1710,349.43,384.47,15.22,22.17,2.62,0.0
20230807:1810,107.56,133.03,5.07,20.38,2.14,0.0
20230807:1910,0.0,0.0,0.0,19.03,2.9,0.0
20230807:2010,0.0,0.0,0.0,18.07,2.76,0.0
20230807:2110,0.0,0.0,0.0,16.92,2.55,0.0
20230807:2210,0.0,0.0,0.0,15.84,2.48,0.0
20230807:2310,0.0,0.0,0.0,15.22,2.41,0.0
20230808:0010,0.0,0.0,0.0,14.92,2.41,0.0
20230808:0110,0.0,0.0,0.0,14.82,2.34,0.0
20230808:0210,0.0,0.0,0.0,14.41,2.21,0.0
20230808:0310,0.0,0.0,0.0,14.1,2.07,0.0
20230808:0410,0.0,0.0,0.0,13.39,1.93,0.0
20230808:0510,21.06,35.03,8.14,12.94,1.93,0.0
20230808:0610,110.75,135.34,18.42,15.49,1.52,0.0
20230808:0710,185.56,235.85,28.84,18.1,1.24,0.0
20230808:0810,312.73,352.27,39.02,19.47,1.31,0.0
20230808:0910,434.59,485.73,48.38,20.85,1.59,0.0
20230808:1010,533.89,591.51,55.92,21.77,1.59,0.0
20230808:1110,604.41,672.65,60.01,22.52,1.52,0.0
20230808:1210,571.77,639.32,59.16,23.09,1.45,0.0
20230808:1310,625.56,702.58,53.73,23.52,1.31,0.0
20230808:1410,648.48,729.48,45.44,23.76,1.24,0.0
20230808:1510,581.17,652.12,35.73,24.09,1.03,0.0
20230808:1610,477.09,536.88,25.42,24.1,0.34,0.0
20230808:1710,349.47,393.91,15.0,23.53,0.34,0.0
20230808:1810,18.69,33.67,4.85,21.77,0.83,0.0
20230808:1910,0.0,0.0,0.0,19.49,1.38,0.0
20230808:2010,0.0,0.0,0.0,18.47,1.45,0.0
20230808:2110,0.0,0.0,0.0,18.54,1.24,0.0
20230808:2210,0.0,0.0,0.0,18.38,1.17,0.0
20230808:2310,0.0,0.0,0.0,17.92,1.24,0.0
20230809:0010,0.0,0.0,0.0,17.91,1.1,0.0
20230809:0110,0.0,0.0,0.0,18.28,0.9,0.0
20230809:0210,0.0,0.0,0.0,18.02,0.97,0.0
20230809:0310,0.0,0.0,0.0,17.01,1.17,0.0
20230809:0410,0.0,0.0,0.0,16.31,1.24,0.0
20230809:0510,32.09,48.28,7.96,16.68,1.03,0.0
20230809:0610,87.98,125.04,18.25,18.19,0.69,0.0
20230809:0710,190.93,236.68,28.67,20.12,0.28,0.0
20230809:0810,294.95,349.44,38.84,21.52,0.48,0.0
20230809:0910,414.43,470.56,48.18,22.59,0.76,0.0
20230809:1010,511.05,575.81,55.68,23.45,0.83,0.0
20230809:1110,589.0,667.99,59.73,24.38,0.76,0.0
20230809:1210,620.81,707.37,58.88,25.23,0.9,0.0
20230809:1310,632.29,720.24,53.47,25.81,1.1,0.0
20230809:1410,622.07,704.76,45.2,26.08,1.38,0.0
20230809:1510,559.36,631.65,35.5,26.3,1.24,0.0
20230809:1610,456.51,514.58,25.2,26.14,0.9,0.0
20230809:1710,295.61,337.41,14.78,25.67,0.41,0.0
20230809:1810,73.03,98.4,4.62,25.46,0.34,0.0
20230809:1910,0.0,0.0,0.0,24.97,0.41,0.0
20230809:2010,0.0,0.0,0.0,24.08,0.55,0.0
20230809:2110,0.0,0.0,0.0,23.05,0.76,0.0
20230809:2210,0.0,0.0,0.0,21.88,0.97,0.0
20230809:2310,0.0,0.0,0.0,20.62,1.03,0.0
20230810:0010,0.0,0.0,0.0,20.18,1.03,0.0
20230810:0110,0.0,0.0,0.0,19.86,0.97,0.0
20230810:0210,0.0,0.0,0.0,19.2,1.03,0.0
20230810:0310,0.0,0.0,0.0,18.56,1.03,0.0
20230810:0410,0.0,0.0,0.0,18.78,0.9,0.0
20230810:0510,28.44,44.5,7.78,18.7,0.69,0.0
20230810:0610,61.97,105.59,18.07,18.42,0.28,0.0
20230810:0710,159.41,218.18,28.49,21.2,0.83,0.0
20230810:0810,290.24,343.46,38.65,22.34,1.17,0.0
20230810:0910,412.51,469.62,47.97,23.56,1.17,0.0
20230810:1010,514.96,581.42,55.43,24.75,1.17,0.0
20230810:1110,589.26,667.18,59.45,25.73,1.31,0.0
20230810:1210,624.87,709.8,58.59,26.41,1.45,0.0
20230810:1310,623.11,707.37,53.2,27.12,1.72,0.0
20230810:1410,569.57,642.24,44.96,27.43,2.07,0.0
20230810:1510,346.25,391.04,35.27,27.29,1.72,0.0
20230810:1610,235.6,270.38,24.97,27.11,1.59,0.0
20230810:1710,65.88,88.36,14.55,26.49,1.45,0.0
20230810:1810,73.58,98.9,4.38,25.02,1.31,0.0
20230810:1910,0.0,0.0,0.0,23.77,1.24,0.0
20230810:2010,0.0,0.0,0.0,22.8,1.24,0.0
20230810:2110,0.0,0.0,0.0,21.63,1.31,0.0
20230810:2210,0.0,0.0,0.0,21.25,1.17,0.0
20230810:2310,0.0,0.0,0.0,21.2,1.1,0.0
20230811:0010,0.0,0.0,0.0,20.83,1.03,0.0
20230811:0110,0.0,0.0,0.0,20.24,1.1,0.0
20230811:0210,0.0,0.0,0.0,20.09,1.03,0.0
20230811:0310,0.0,0.0,0.0,20.52,0.9,0.0
20230811:0410,0.0,0.0,0.0,20.33,0.55,0.0
20230811:0510,29.92,46.39,7.6,19.65,0.41,0.0
20230811:0610,89.9,123.51,17.89,19.9,0.28,0.0
20230811:0710,175.84,224.97,28.32,21.15,0.83,0.0
20230811:0810,294.15,341.1,38.46,22.69,1.03,0.0
20230811:0910,387.28,439.28,47.75,23.8,0.97,0.0
20230811:1010,475.68,539.62,55.18,24.81,0.83,0.0
20230811:1110,570.29,650.34,59.16,25.96,0.83,0.0
20230811:1210,615.7,705.58,58.29,27.04,1.03,0.0
20230811:1310,628.46,720.86,52.92,27.76,1.24,0.0
20230811:1410,603.98,690.6,44.71,28.2,1.38,0.0
20230811:1510,539.31,612.76,35.04,28.15,1.38,0.0
20230811:1610,431.77,488.3,24.74,27.8,1.31,0.0
20230811:1710,271.01,310.85,14.32,27.14,1.31,0.0
20230811:1810,43.25,64.46,4.15,25.63,0.97,0.0
20230811:1910,0.0,0.0,0.0,24.97,0.9,0.0
20230811:2010,0.0,0.0,0.0,23.92,0.97,0.0
20230811:2110,0.0,0.0,0.0,23.2,1.03,0.0
20230811:2210,0.0,0.0,0.0,22.94,0.97,0.0
20230811:2310,0.0,0.0,0.0,23.29,0.83,0.0
20230812:0010,0.0,0.0,0.0,23.1,0.83,0.0
20230812:0110,0.0,0.0,0.0,22.76,0.76,0.0
20230812:0210,0.0,0.0,0.0,22.58,0.62,0.0
20230812:0310,0.0,0.0,0.0,22.34,0.55,0.0
20230812:0410,0.0,0.0,0.0,22.14,0.55,0.0
20230812:0510,22.38,37.87,7.41,21.92,0.55,0.0
20230812:0610,75.49,112.76,17.72,21.64,0.34,0.0
20230812:0710,157.83,213.55,28.14,23.01,0.69,0.0
20230812:0810,276.51,333.37,38.27,24.02,0.83,0.0
20230812:0910,393.25,452.04,47.54,24.97,0.9,0.0
20230812:1010,490.27,558.12,54.93,25.62,0.83,0.0
20230812:1110,559.59,638.54,58.87,26.4,0.9,0.0
20230812:1210,592.53,680.94,58.0,27.2,0.83,0.0
20230812:1310,599.61,692.35,52.64,27.94,0.76,0.0
20230812:1410,562.31,648.74,44.45,28.46,0.69,0.0
20230812:1510,518.99,596.7,34.79,28.66,0.62,0.0
20230812:1610,423.72,483.95,24.51,28.41,0.69,0.0
20230812:1710,271.18,314.49,14.09,28.01,0.41,0.0
20230812:1810,3.97,13.59,3.9,27.48,0.41,0.0
20230812:1910,0.0,0.0,0.0,24.95,0.97,0.0
20230812:2010,0.0,0.0,0.0,24.0,1.1,0.0
20230812:2110,0.0,0.0,0.0,23.29,1.17,0.0
20230812:2210,0.0,0.0,0.0,22.94,1.03,0.0
20230812:2310,0.0,0.0,0.0,22.35,1.1,0.0
20230813:0010,0.0,0.0,0.0,21.76,1.1,0.0
20230813:0110,0.0,0.0,0.0,21.32,1.17,0.0
20230813:0210,0.0,0.0,0.0,19.72,1.24,0.0
20230813:0310,0.0,0.0,0.0,19.74,1.24,0.0
20230813:0410,0.0,0.0,0.0,19.64,1.24,0.0
20230813:0510,27.49,43.55,7.23,19.67,1.17,0.0
20230813:0610,83.07,116.71,17.54,20.71,0.97,0.0
20230813:0710,155.44,210.49,27.96,23.11,0.97,0.0
20230813:0810,269.37,329.45,38.08,25.01,0.41,0.0
20230813:0910,385.42,450.19,47.32,26.44,0.28,0.0
20230813:1010,482.53,556.47,54.67,27.44,0.55,0.0
20230813:1110,562.62,648.17,58.58,28.46,0.97,0.0
20230813:1210,602.28,696.18,57.69,29.14,1.1,0.0
20230813:1310,605.36,704.21,52.36,28.84,0.62,0.0
20230813:1410,573.28,665.48,44.19,29.07,0.55,0.0
20230813:1510,512.0,586.99,34.55,28.22,0.62,0.0
20230813:1610,434.05,488.17,24.27,26.97,1.52,0.0
20230813:1710,285.47,325.5,13.84,26.22,1.52,0.0
20230813:1810,44.95,66.65,3.65,25.17,1.1,0.0
20230813:1910,0.0,0.0,0.0,25.33,1.03,0.0
20230813:2010,0.0,0.0,0.0,23.65,1.31,0.0
20230813:2110,0.0,0.0,0.0,22.8,1.52,0.0
20230813:2210,0.0,0.0,0.0,22.25,1.24,0.0
20230813:2310,0.0,0.0,0.0,22.19,1.59,0.0
20230814:0010,0.0,0.0,0.0,21.74,1.72,0.0
20230814:0110,0.0,0.0,0.0,21.39,1.59,0.0
20230814:0210,0.0,0.0,0.0,21.45,1.72,0.0
20230814:0310,0.0,0.0,0.0,21.28,1.66,0.0
20230814:0410,0.0,0.0,0.0,20.76,1.72,0.0
20230814:0510,14.13,27.45,7.04,20.51,1.72,0.0
20230814:0610,83.84,106.95,17.36,21.77,1.59,0.0
20230814:0710,143.26,170.06,27.77,22.95,1.66,0.0
20230814:0810,284.06,329.38,37.88,22.64,1.24,0.0
20230814:0910,391.61,443.86,47.1,22.93,1.59,0.0
20230814:1010,487.2,545.61,54.41,23.97,1.59,0.0
20230814:1110,559.2,632.88,58.28,25.64,1.17,0.0
20230814:1210,586.33,673.56,57.39,26.84,0.69,0.0
20230814:1310,595.87,690.69,52.07,27.9,0.48,0.0
20230814:1410,565.88,658.96,43.92,28.33,0.14,0.0
20230814:1510,504.18,584.01,34.3,28.55,0.07,0.0
20230814:1610,404.56,463.54,24.02,28.39,0.41,0.0
20230814:1710,181.68,215.48,13.6,27.94,0.62,0.0
20230814:1810,0.0,3.88,3.4,26.68,1.24,0.0
20230814:1910,0.0,0.0,0.0,25.29,1.79,0.0
20230814:2010,0.0,0.0,0.0,24.47,2.07,0.0
20230814:2110,0.0,0.0,0.0,23.82,1.72,0.0
20230814:2210,0.0,0.0,0.0,22.86,1.66,0.0
20230814:2310,0.0,0.0,0.0,22.25,1.79,0.0
20230815:0010,0.0,0.0,0.0,21.99,1.72,0.0
20230815:0110,0.0,0.0,0.0,21.59,1.59,0.0
20230815:0210,0.0,0.0,0.0,21.42,1.38,0.0
20230815:0310,0.0,0.0,0.0,21.04,1.38,0.0
20230815:0410,0.0,0.0,0.0,20.98,1.38,0.0
20230815:0510,24.91,40.71,6.85,20.84,1.31,0.0
20230815:0610,74.82,108.71,17.18,22.16,1.24,0.0
20230815:0710,143.32,201.68,27.59,24.11,0.0,0.0
20230815:0810,261.14,321.9,37.69,25.18,0.14,0.0
20230815:0910,377.95,442.56,46.87,26.21,0.14,0.0
20230815:1010,479.27,554.03,54.14,27.19,0.34,0.0
20230815:1110,552.02,637.81,57.98,27.85,0.55,0.0
20230815:1210,590.8,685.28,57.07,28.43,0.62,0.0
20230815:1310,597.67,692.86,51.78,28.12,0.55,0.0
20230815:1410,565.7,657.49,43.65,28.48,0.28,0.0
20230815:1510,510.12,583.02,34.04,28.74,1.03,0.0
20230815:1610,428.89,485.75,23.77,28.1,1.45,0.0
20230815:1710,283.98,327.21,13.35,27.44,1.1,0.0
20230815:1810,0.82,7.76,3.14,26.25,1.1,0.0
20230815:1910,0.0,0.0,0.0,27.64,0.76,0.0
20230815:2010,0.0,0.0,0.0,25.22,1.03,0.0
20230815:2110,0.0,0.0,0.0,25.3,0.55,0.0
20230815:2210,0.0,0.0,0.0,23.79,0.9,0.0
20230815:2310,0.0,0.0,0.0,23.92,0.14,0.0
20230816:0010,0.0,0.0,0.0,23.53,0.48,0.0
20230816:0110,0.0,0.0,0.0,21.47,1.1,0.0
20230816:0210,0.0,0.0,0.0,20.85,1.31,0.0
20230816:0310,0.0,0.0,0.0,20.73,1.31,0.0
20230816:0410,0.0,0.0,0.0,20.84,1.38,0.0
20230816:0510,1.25,8.52,6.66,20.88,1.45,0.0
20230816:0610,68.08,102.08,16.99,21.56,1.1,0.0
20230816:0710,140.34,198.56,27.41,24.03,0.41,0.0
20230816:0810,258.99,319.62,37.49,25.31,0.62,0.0
20230816:0910,378.28,441.1,46.65,26.46,0.76,0.0
20230816:1010,480.99,552.7,53.88,27.57,0.97,0.0
20230816:1110,554.07,636.82,57.67,28.41,1.1,0.0
20230816:1210,590.78,681.36,56.76,29.06,1.17,0.0
20230816:1310,589.7,681.89,51.48,29.28,1.03,0.0
20230816:1410,565.68,656.03,43.37,28.05,0.28,0.0
20230816:1510,476.68,547.88,33.78,28.03,0.28,0.0
20230816:1610,369.23,423.14,23.52,27.89,0.21,0.0
20230816:1710,44.36,64.48,13.09,26.58,0.14,0.0
20230816:1810,4.99,15.15,2.88,25.74,0.69,0.0
20230816:1910,0.0,0.0,0.0,25.7,0.69,0.0
20230816:2010,0.0,0.0,0.0,25.72,0.69,0.0
20230816:2110,0.0,0.0,0.0,25.27,0.34,0.0
20230816:2210,0.0,0.0,0.0,23.54,0.97,0.0
20230816:2310,0.0,0.0,0.0,22.5,1.93,0.0
20230817:0010,0.0,0.0,0.0,21.99,1.45,0.0
20230817:0110,0.0,0.0,0.0,22.0,1.03,0.0
20230817:0210,0.0,0.0,0.0,21.04,1.31,0.0
20230817:0310,0.0,0.0,0.0,20.75,1.31,0.0
20230817:0410,0.0,0.0,0.0,20.69,1.17,0.0
20230817:0510,3.39,12.31,6.47,19.89,1.24,0.0
20230817:0610,76.33,107.45,16.81,21.89,0.9,0.0
20230817:0710,174.6,215.9,27.22,22.88,0.55,0.0
20230817:0810,268.26,322.03,37.29,24.66,0.55,0.0
20230817:0910,373.84,436.13,46.42,26.24,0.62,0.0
20230817:1010,474.25,545.46,53.61,27.39,0.83,0.0
20230817:1110,543.65,628.1,57.37,28.52,0.76,0.0
20230817:1210,575.17,675.23,56.44,29.4,0.21,0.0
20230817:1310,580.62,669.28,51.18,30.09,1.52,0.0
20230817:1410,443.71,502.68,43.09,28.73,2.07,0.0
20230817:1510,324.64,371.58,33.51,28.08,0.69,0.0
20230817:1610,210.36,245.95,23.26,28.26,0.62,0.0
20230817:1710,169.44,202.15,12.83,27.7,0.83,0.0
20230817:1810,1.65,9.47,2.62,26.81,0.83,0.0
20230817:1910,0.0,0.0,0.0,24.69,1.17,0.0
20230817:2010,0.0,0.0,0.0,23.07,1.52,0.0
20230817:2110,0.0,0.0,0.0,22.69,1.38,0.0
20230817:2210,0.0,0.0,0.0,23.79,0.9,0.0
20230817:2310,0.0,0.0,0.0,23.3,0.69,0.0
20230818:0010,0.0,0.0,0.0,22.08,1.03,0.0
20230818:0110,0.0,0.0,0.0,21.78,1.03,0.0
20230818:0210,0.0,0.0,0.0,21.93,0.76,0.0
20230818:0310,0.0,0.0,0.0,21.64,0.69,0.0
20230818:0410,0.0,0.0,0.0,19.59,0.97,0.0
20230818:0510,22.84,37.87,6.28,18.19,1.03,0.0
20230818:0610,53.63,87.51,16.63,20.06,0.9,0.0
20230818:0710,131.53,190.04,27.03,21.64,0.69,0.0
20230818:0810,254.22,315.61,37.09,24.28,0.34,0.0
20230818:0910,371.17,436.75,46.19,26.21,0.07,0.0
20230818:1010,475.18,549.74,53.34,27.64,0.55,0.0
20230818:1110,549.51,634.46,57.05,28.84,0.97,0.0
20230818:1210,588.73,679.16,56.11,29.65,1.38,0.0
20230818:1310,595.29,689.81,50.87,30.2,1.24,0.0
20230818:1410,559.12,647.14,42.81,30.53,1.17,0.0
20230818:1510,471.53,542.04,33.24,30.69,1.31,0.0
20230818:1610,398.44,460.12,23.0,30.11,0.62,0.0
20230818:1710,225.58,266.22,12.57,29.36,0.76,0.0
20230818:1810,3.16,12.31,2.35,29.35,0.34,0.0
20230818:1910,0.0,0.0,0.0,27.37,0.83,0.0
20230818:2010,0.0,0.0,0.0,25.39,1.1,0.0
20230818:2110,0.0,0.0,0.0,24.46,1.17,0.0
20230818:2210,0.0,0.0,0.0,24.11,1.1,0.0
20230818:2310,0.0,0.0,0.0,23.69,1.1,0.0
20230819:0010,0.0,0.0,0.0,23.01,1.17,0.0
20230819:0110,0.0,0.0,0.0,22.17,1.31,0.0
20230819:0210,0.0,0.0,0.0,21.58,1.31,0.0
20230819:0310,0.0,0.0,0.0,21.13,1.31,0.0
20230819:0410,0.0,0.0,0.0,20.67,1.31,0.0
20230819:0510,20.21,35.03,6.09,20.46,1.24,0.0
20230819:0610,58.63,90.41,16.44,21.45,0.76,0.0
20230819:0710,127.73,186.64,26.84,23.92,0.83,0.0
20230819:0810,247.05,310.16,36.88,26.06,0.48,0.0
20230819:0910,364.36,431.08,45.95,27.89,0.41,0.0
20230819:1010,465.87,542.79,53.06,29.22,0.62,0.0
20230819:1110,535.42,621.75,56.74,30.31,1.03,0.0
20230819:1210,575.93,671.65,55.79,31.13,1.1,0.0
20230819:1310,587.74,688.24,50.56,31.7,1.03,0.0
20230819:1410,558.72,652.57,42.52,31.92,1.03,0.0
20230819:1510,490.79,569.95,32.97,32.07,1.1,0.0
20230819:1610,378.28,438.79,22.73,31.42,0.83,0.0
20230819:1710,167.15,203.44,12.3,31.16,0.55,0.0
20230819:1810,0.7,7.57,2.07,29.79,0.83,0.0
20230819:1910,0.0,0.0,0.0,28.36,0.83,0.0
20230819:2010,0.0,0.0,0.0,27.12,0.97,0.0
20230819:2110,0.0,0.0,0.0,25.78,1.17,0.0
20230819:2210,0.0,0.0,0.0,24.95,1.17,0.0
20230819:2310,0.0,0.0,0.0,24.85,1.1,0.0
20230820:0010,0.0,0.0,0.0,24.59,1.03,0.0
20230820:0110,0.0,0.0,0.0,24.04,1.1,0.0
20230820:0210,0.0,0.0,0.0,23.71,1.1,0.0
20230820:0310,0.0,0.0,0.0,23.24,1.1,0.0
20230820:0410,0.0,0.0,0.0,22.23,1.1,0.0
20230820:0510,19.36,34.08,5.9,21.11,1.03,0.0
20230820:0610,62.29,92.46,16.25,22.79,0.83,0.0
20230820:0710,126.89,185.06,26.65,25.81,0.34,0.0
20230820:0810,239.87,304.06,36.68,27.32,0.34,0.0
20230820:0910,356.79,424.15,45.72,28.46,0.34,0.0
20230820:1010,456.77,534.64,52.78,29.57,0.41,0.0
20230820:1110,526.07,615.93,56.42,30.59,0.55,0.0
20230820:1210,567.01,665.9,55.45,31.34,0.69,0.0
20230820:1310,574.76,675.35,50.24,31.96,0.83,0.0
20230820:1410,512.24,598.95,42.22,32.47,0.97,0.0
20230820:1510,477.3,552.54,32.69,32.38,1.45,0.0
20230820:1610,351.1,405.09,22.46,32.0,1.93,0.0
20230820:1710,202.32,241.55,12.03,31.16,2.0,0.0
20230820:1810,0.29,6.63,1.79,29.48,1.86,0.0
20230820:1910,0.0,0.0,0.0,27.75,1.79,0.0
20230820:2010,0.0,0.0,0.0,26.49,1.59,0.0
20230820:2110,0.0,0.0,0.0,26.23,1.17,0.0
20230820:2210,0.0,0.0,0.0,25.98,1.1,0.0
20230820:2310,0.0,0.0,0.0,26.12,0.97,0.0
20230821:0010,0.0,0.0,0.0,25.59,0.97,0.0
20230821:0110,0.0,0.0,0.0,24.93,1.1,0.0
20230821:0210,0.0,0.0,0.0,24.43,1.17,0.0
20230821:0310,0.0,0.0,0.0,24.13,1.1,0.0
20230821:0410,0.0,0.0,0.0,23.63,1.24,0.0
20230821:0510,16.94,31.24,5.7,22.51,1.38,0.0
20230821:0610,58.32,87.96,16.07,24.35,1.03,0.0
20230821:0710,123.36,181.85,26.46,26.88,0.55,0.0
20230821:0810,234.99,299.51,36.47,28.2,0.34,0.0
20230821:0910,350.61,418.82,45.48,29.47,0.21,0.0
20230821:1010,449.31,528.52,52.5,30.51,0.41,0.0
20230821:1110,519.5,611.42,56.09,31.42,0.48,0.0
20230821:1210,557.11,658.0,55.12,32.11,0.55,0.0
20230821:1310,566.76,670.85,49.92,32.31,0.48,0.0
20230821:1410,536.45,634.64,41.92,32.54,0.34,0.0
20230821:1510,468.73,550.89,32.41,32.74,0.41,0.0
20230821:1610,363.81,426.98,22.18,32.53,0.34,0.0
20230821:1710,188.02,227.54,11.75,31.22,0.41,0.0
20230821:1810,0.0,3.79,1.51,30.8,0.55,0.0
20230821:1910,0.0,0.0,0.0,29.25,0.83,0.0
20230821:2010,0.0,0.0,0.0,29.15,0.83,0.0
20230821:2110,0.0,0.0,0.0,28.63,0.83,0.0
20230821:2210,0.0,0.0,0.0,28.1,0.83,0.0
20230821:2310,0.0,0.0,0.0,26.83,0.97,0.0
20230822:0010,0.0,0.0,0.0,25.99,1.1,0.0
20230822:0110,0.0,0.0,0.0,24.95,1.17,0.0
20230822:0210,0.0,0.0,0.0,24.14,1.31,0.0
20230822:0310,0.0,0.0,0.0,23.57,1.38,0.0
20230822:0410,0.0,0.0,0.0,22.53,1.38,0.0
20230822:0510,16.96,31.24,5.51,22.29,1.38,0.0
20230822:0610,47.51,76.34,15.88,23.7,1.17,0.0
20230822:0710,115.3,174.87,26.27,25.96,0.97,0.0
20230822:0810,231.68,296.61,36.26,28.36,0.76,0.0
20230822:0910,347.03,417.53,45.24,30.07,0.28,0.0
20230822:1010,444.69,526.87,52.21,31.22,0.21,0.0
20230822:1110,517.78,610.23,55.77,32.08,0.62,0.0
20230822:1210,556.07,657.52,54.78,32.77,0.69,0.0
20230822:1310,562.32,667.23,49.6,33.3,0.62,0.0
20230822:1410,529.96,631.19,41.62,33.39,0.21,0.0
20230822:1510,468.22,550.56,32.12,33.39,0.62,0.0
20230822:1610,367.09,429.08,21.9,33.18,1.1,0.0
20230822:1710,189.62,228.98,11.47,31.27,1.03,0.0
20230822:1810,0.0,2.84,1.22,30.42,1.38,0.0
20230822:1910,0.0,0.0,0.0,30.94,0.41,0.0
20230822:2010,0.0,0.0,0.0,29.79,0.69,0.0
20230822:2110,0.0,0.0,0.0,28.51,0.83,0.0
20230822:2210,0.0,0.0,0.0,28.02,0.76,0.0
20230822:2310,0.0,0.0,0.0,26.62,0.97,0.0
20230823:0010,0.0,0.0,0.0,25.27,1.17,0.0
20230823:0110,0.0,0.0,0.0,24.35,1.31,0.0
20230823:0210,0.0,0.0,0.0,23.68,1.38,0.0
20230823:0310,0.0,0.0,0.0,23.14,1.45,0.0
20230823:0410,0.0,0.0,0.0,22.45,1.31,0.0
20230823:0510,15.44,29.35,5.31,22.47,1.38,0.0
20230823:0610,50.32,77.4,15.69,23.58,1.17,0.0
20230823:0710,112.02,171.51,26.07,26.57,0.41,0.0
20230823:0810,226.7,292.76,36.05,28.63,0.14,0.0
20230823:0910,342.91,413.7,44.99,30.22,0.21,0.0
20230823:1010,438.98,522.77,51.93,31.52,0.0,0.0
20230823:1110,507.5,603.03,55.44,32.62,0.28,0.0
20230823:1210,546.66,648.96,54.44,33.4,0.62,0.0
20230823:1310,559.42,661.3,49.27,33.92,1.03,0.0
20230823:1410,525.12,620.8,41.31,34.07,0.83,0.0
20230823:1510,453.41,536.38,31.83,33.88,0.34,0.0
20230823:1610,345.89,407.68,21.62,33.6,0.55,0.0
20230823:1710,168.84,206.54,11.19,31.77,0.9,0.0
20230823:1810,0.0,0.0,0.0,31.07,1.38,0.0
20230823:1910,0.0,0.0,0.0,30.46,0.83,0.0
20230823:2010,0.0,0.0,0.0,28.45,1.1,0.0
20230823:2110,0.0,0.0,0.0,26.96,1.24,0.0
20230823:2210,0.0,0.0,0.0,26.12,1.24,0.0
20230823:2310,0.0,0.0,0.0,25.65,1.17,0.0
20230824:0010,0.0,0.0,0.0,25.64,1.1,0.0
20230824:0110,0.0,0.0,0.0,24.89,1.17,0.0
20230824:0210,0.0,0.0,0.0,24.48,1.17,0.0
20230824:0310,0.0,0.0,0.0,23.3,1.45,0.0
20230824:0410,0.0,0.0,0.0,22.96,1.45,0.0
20230824:0510,13.94,27.45,5.12,22.81,1.38,0.0
20230824:0610,56.44,82.24,15.5,24.49,0.83,0.0
20230824:0710,114.58,172.55,25.88,27.82,0.34,0.0
20230824:0810,224.0,289.54,35.83,29.37,0.55,0.0
20230824:0910,339.69,408.81,44.75,30.48,0.62,0.0
20230824:1010,438.24,515.62,51.64,31.5,0.9,0.0
20230824:1110,509.6,598.51,55.11,32.4,0.97,0.0
20230824:1210,541.21,642.43,54.09,32.97,0.48,0.0
20230824:1310,548.77,649.87,48.94,33.35,0.69,0.0
20230824:1410,57.65,81.53,41.0,33.11,1.24,0.0
20230824:1510,55.99,79.59,31.53,32.54,0.07,0.0
20230824:1610,45.94,67.94,21.33,32.71,0.41,0.0
20230824:1710,56.72,80.1,10.9,31.1,0.69,0.0
20230824:1810,0.0,0.0,0.0,29.84,2.0,0.0
20230824:1910,0.0,0.0,0.0,28.72,1.59,0.0
20230824:2010,0.0,0.0,0.0,27.3,1.45,0.0
20230824:2110,0.0,0.0,0.0,26.4,1.38,0.0
20230824:2210,0.0,0.0,0.0,25.57,1.45,0.0
20230824:2310,0.0,0.0,0.0,24.88,1.59,0.0
20230825:0010,0.0,0.0,0.0,24.37,1.59,0.0
20230825:0110,0.0,0.0,0.0,24.06,1.59,0.0
20230825:0210,0.0,0.0,0.0,23.54,1.66,0.0
20230825:0310,0.0,0.0,0.0,23.2,1.59,0.0
20230825:0410,0.0,0.0,0.0,22.77,1.52,0.0
20230825:0510,13.22,26.51,4.92,22.72,1.45,0.0
20230825:0610,51.86,76.2,15.3,24.59,1.1,0.0
20230825:0710,110.14,167.02,25.68,25.58,1.59,0.0
20230825:0810,223.38,285.84,35.62,27.32,0.83,0.0
20230825:0910,336.67,404.74,44.5,28.91,0.07,0.0
20230825:1010,435.24,510.34,51.34,29.9,0.55,0.0
20230825:1110,499.69,586.93,54.77,30.4,0.28,0.0
20230825:1210,544.69,637.94,53.74,31.27,0.76,0.0
20230825:1310,551.51,648.4,48.6,31.28,0.48,0.0
20230825:1410,519.99,604.0,40.69,30.96,0.9,0.0
20230825:1510,442.66,508.47,31.23,30.41,1.24,0.0
20230825:1610,345.65,397.05,21.04,30.0,1.59,0.0
20230825:1710,167.94,202.82,10.61,28.96,1.72,0.0
20230825:1810,0.0,0.0,0.0,27.25,1.86,0.0
20230825:1910,0.0,0.0,0.0,26.72,2.07,0.0
20230825:2010,0.0,0.0,0.0,25.31,1.38,0.0
20230825:2110,0.0,0.0,0.0,24.38,1.59,0.0
20230825:2210,0.0,0.0,0.0,23.38,1.52,0.0
20230825:2310,0.0,0.0,0.0,23.13,1.59,0.0
20230826:0010,0.0,0.0,0.0,22.85,1.72,0.0
20230826:0110,0.0,0.0,0.0,22.25,1.59,0.0
20230826:0210,0.0,0.0,0.0,21.81,1.52,0.0
20230826:0310,0.0,0.0,0.0,21.58,1.72,0.0
20230826:0410,0.0,0.0,0.0,21.36,1.66,0.0
20230826:0510,7.08,17.99,4.72,20.87,1.52,0.0
20230826:0610,32.24,49.5,15.11,22.17,1.1,0.0
20230826:0710,76.05,98.03,25.48,22.98,1.66,0.0
20230826:0810,244.93,282.46,35.4,23.29,1.45,0.0
20230826:0910,144.28,171.8,44.25,24.51,0.97,0.0
20230826:1010,239.16,275.0,51.05,24.95,0.41,0.0
20230826:1110,156.34,185.39,54.43,25.46,1.03,0.0
20230826:1210,249.68,286.24,53.39,25.57,0.97,0.0
20230826:1310,53.81,74.74,48.26,25.44,0.69,0.0
20230826:1410,40.99,60.18,40.37,25.0,0.69,0.0
20230826:1510,50.69,70.86,30.93,23.87,0.07,0.0
20230826:1610,19.92,34.94,20.74,22.56,1.86,0.0
20230826:1710,54.98,74.97,10.32,21.6,2.34,0.0
20230826:1810,0.0,0.0,0.0,20.71,1.93,0.0
20230826:1910,0.0,0.0,0.0,20.03,1.93,0.0
20230826:2010,0.0,0.0,0.0,19.65,2.14,0.0
20230826:2110,0.0,0.0,0.0,19.49,1.93,0.0
20230826:2210,0.0,0.0,0.0,19.35,1.45,0.0
20230826:2310,0.0,0.0,0.0,19.39,1.38,0.0
20230827:0010,0.0,0.0,0.0,19.41,1.66,0.0
20230827:0110,0.0,0.0,0.0,19.23,1.45,0.0
20230827:0210,0.0,0.0,0.0,19.04,1.17,0.0
20230827:0310,0.0,0.0,0.0,18.98,1.03,0.0
20230827:0410,0.0,0.0,0.0,18.86,0.83,0.0
20230827:0510,2.3,10.41,4.52,18.81,0.62,0.0
20230827:0610,67.62,87.76,14.92,19.05,0.41,0.0
20230827:0710,17.77,32.03,25.28,20.29,0.34,0.0
20230827:0810,44.49,63.09,35.18,20.72,0.21,0.0
20230827:0910,56.96,76.68,44.0,20.4,0.28,0.0
20230827:1010,80.62,101.92,50.75,20.22,0.69,0.0
20230827:1110,292.06,323.25,54.09,20.09,1.45,0.0
20230827:1210,238.27,265.52,53.03,19.45,1.45,0.0
20230827:1310,107.7,130.06,47.92,20.07,1.72,0.0
20230827:1410,115.24,137.83,40.04,19.81,1.52,0.0
20230827:1510,139.91,163.59,30.62,20.11,1.59,0.0
20230827:1610,85.05,106.45,20.44,20.11,1.17,0.0
20230827:1710,18.54,33.0,10.02,20.46,0.55,0.0
20230827:1810,0.0,0.0,0.0,20.2,0.41,0.0
20230827:1910,0.0,0.0,0.0,19.15,2.83,0.0
20230827:2010,0.0,0.0,0.0,18.67,3.17,0.0
20230827:2110,0.0,0.0,0.0,18.22,2.83,0.0
20230827:2210,0.0,0.0,0.0,17.73,2.55,0.0
20230827:2310,0.0,0.0,0.0,17.3,2.62,0.0
20230828:0010,0.0,0.0,0.0,17.02,2.9,0.0
20230828:0110,0.0,0.0,0.0,16.61,3.24,0.0
20230828:0210,0.0,0.0,0.0,16.16,3.03,0.0
20230828:0310,0.0,0.0,0.0,15.76,2.76,0.0
20230828:0410,0.0,0.0,0.0,15.41,3.45,0.0
20230828:0510,8.02,18.93,4.32,15.12,3.66,0.0
20230828:0610,6.67,17.04,14.72,14.9,3.72,0.0
20230828:0710,18.22,32.03,25.08,15.98,2.41,0.0
20230828:0810,33.29,49.5,34.96,16.25,2.48,0.0
20230828:0910,103.27,123.27,43.74,16.33,2.69,0.0
20230828:1010,49.32,66.97,50.45,16.13,3.24,0.0
20230828:1110,137.28,157.24,53.75,15.7,3.59,0.0
20230828:1210,299.91,321.52,52.67,15.71,3.79,0.0
20230828:1310,113.95,133.95,47.57,16.21,3.52,0.0
20230828:1410,57.67,75.71,39.72,15.7,3.66,0.0
20230828:1510,32.63,48.53,30.31,15.22,3.79,0.0
20230828:1610,38.82,55.33,20.14,15.03,3.59,0.0
20230828:1710,37.63,54.13,9.71,14.88,3.66,0.0
20230828:1810,0.0,0.0,0.0,14.58,3.45,0.0
20230828:1910,0.0,0.0,0.0,15.03,3.45,0.0
20230828:2010,0.0,0.0,0.0,14.34,3.59,0.0
20230828:2110,0.0,0.0,0.0,14.25,3.59,0.0
20230828:2210,0.0,0.0,0.0,14.34,3.52,0.0
20230828:2310,0.0,0.0,0.0,14.31,3.45,0.0
20230829:0010,0.0,0.0,0.0,14.4,3.45,0.0
20230829:0110,0.0,0.0,0.0,14.49,3.31,0.0
20230829:0210,0.0,0.0,0.0,14.59,3.17,0.0
20230829:0310,0.0,0.0,0.0,14.55,3.17,0.0
20230829:0410,0.0,0.0,0.0,14.55,3.1,0.0
20230829:0510,2.94,11.36,4.12,14.56,3.03,0.0
20230829:0610,77.05,95.62,14.53,14.75,2.97,0.0
20230829:0710,148.03,184.75,24.87,15.69,2.9,0.0
20230829:0810,229.13,279.06,34.74,17.04,3.38,0.0
20230829:0910,355.02,398.8,43.49,18.35,3.79,0.0
20230829:1010,461.67,501.32,50.14,19.51,4.07,0.0
20230829:1110,531.97,574.96,53.4,20.64,4.0,0.0
20230829:1210,573.31,620.48,52.31,21.46,3.86,0.0
20230829:1310,594.92,644.21,47.22,21.9,3.79,0.0
20230829:1410,555.61,601.35,39.39,21.93,3.66,0.0
20230829:1510,475.27,515.04,30.0,21.76,3.38,0.0
20230829:1610,339.34,371.76,19.83,21.05,2.9,0.0
20230829:1710,171.57,199.28,9.41,20.03,3.03,0.0
20230829:1810,0.0,0.0,0.0,18.86,2.9,0.0
20230829:1910,0.0,0.0,0.0,18.05,2.97,0.0
20230829:2010,0.0,0.0,0.0,17.42,2.97,0.0
20230829:2110,0.0,0.0,0.0,16.76,2.83,0.0
20230829:2210,0.0,0.0,0.0,15.99,2.62,0.0
20230829:2310,0.0,0.0,0.0,15.26,2.48,0.0
20230830:0010,0.0,0.0,0.0,14.63,2.41,0.0
20230830:0110,0.0,0.0,0.0,14.17,2.41,0.0
20230830:0210,0.0,0.0,0.0,13.85,2.41,0.0
20230830:0310,0.0,0.0,0.0,13.52,2.41,0.0
20230830:0410,0.0,0.0,0.0,13.19,2.48,0.0
20230830:0510,9.54,20.83,3.92,12.85,2.41,0.0
20230830:0610,54.59,71.95,14.33,13.7,2.21,0.0
20230830:0710,89.45,144.93,24.67,16.35,2.07,0.0
20230830:0810,213.11,270.35,34.51,18.14,1.93,0.0
20230830:0910,343.77,393.76,43.23,19.65,1.45,0.0
20230830:1010,446.54,501.03,49.84,20.91,0.83,0.0
20230830:1110,515.07,580.59,53.06,21.85,0.28,0.0
20230830:1210,555.92,627.51,51.95,22.43,0.34,0.0
20230830:1310,562.58,631.34,46.87,22.64,0.69,0.0
20230830:1410,517.32,576.16,39.05,22.7,0.97,0.0
20230830:1510,472.89,525.09,29.68,22.65,1.03,0.0
20230830:1610,347.58,387.13,19.52,22.44,1.31,0.0
20230830:1710,164.33,194.26,9.1,21.55,1.24,0.0
20230830:1810,0.0,0.0,0.0,19.72,1.24,0.0
20230830:1910,0.0,0.0,0.0,19.52,0.9,0.0
20230830:2010,0.0,0.0,0.0,19.46,0.55,0.0
20230830:2110,0.0,0.0,0.0,18.85,0.34,0.0
20230830:2210,0.0,0.0,0.0,18.35,0.48,0.0
20230830:2310,0.0,0.0,0.0,17.79,0.76,0.0
20230831:0010,0.0,0.0,0.0,17.21,0.9,0.0
20230831:0110,0.0,0.0,0.0,15.86,1.17,0.0
20230831:0210,0.0,0.0,0.0,14.8,1.31,0.0
20230831:0310,0.0,0.0,0.0,14.06,1.45,0.0
20230831:0410,0.0,0.0,0.0,13.66,1.52,0.0
20230831:0510,6.74,17.04,3.72,13.13,1.59,0.0
20230831:0610,69.06,87.1,14.13,13.58,1.38,0.0
20230831:0710,118.61,162.97,24.46,16.74,1.03,0.0
20230831:0810,207.68,265.31,34.29,18.66,0.41,0.0
20230831:0910,333.17,387.99,42.96,20.25,0.34,0.0
20230831:1010,437.29,490.33,49.53,20.98,0.9,0.0
20230831:1110,503.78,559.58,52.7,21.51,1.24,0.0
20230831:1210,495.13,548.89,51.58,22.01,1.45,0.0
20230831:1310,489.49,541.68,46.51,22.02,1.38,0.0
20230831:1410,294.93,328.3,38.72,21.69,1.24,0.0
20230831:1510,274.11,305.36,29.36,21.47,1.17,0.0
20230831:1610,115.97,139.46,19.21,21.07,1.1,0.0
20230831:1710,154.16,183.09,8.79,20.59,0.9,0.0
20230831:1810,0.0,0.0,0.0,19.8,0.55,0.0
20230831:1910,0.0,0.0,0.0,19.31,0.76,0.0
20230831:2010,0.0,0.0,0.0,18.63,0.9,0.0
20230831:2110,0.0,0.0,0.0,18.38,0.9,0.0
20230831:2210,0.0,0.0,0.0,17.81,0.97,0.0
20230831:2310,0.0,0.0,0.0,17.74,0.9,0.0
20230901:0010,0.0,0.0,0.0,18.03,0.76,0.0
20230901:0110,0.0,0.0,0.0,17.81,0.55,0.0
20230901:0210,0.0,0.0,0.0,17.63,0.48,0.0
20230901:0310,0.0,0.0,0.0,17.49,0.41,0.0
20230901:0410,0.0,0.0,0.0,17.41,0.55,0.0
20230901:0510,0.38,6.63,3.52,17.36,0.62,0.0
20230901:0610,63.11,82.36,13.93,17.59,0.41,0.0
20230901:0710,147.47,174.37,24.26,18.19,0.07,0.0
20230901:0810,236.85,270.19,34.06,18.98,0.21,0.0
20230901:0910,329.98,372.77,42.7,19.92,0.21,0.0
20230901:1010,401.82,449.6,49.22,20.77,0.55,0.0
20230901:1110,445.14,495.71,52.35,21.06,0.76,0.0
20230901:1210,532.86,593.89,51.21,21.79,0.9,0.0
20230901:1310,511.79,569.04,46.15,22.01,0.97,0.0
20230901:1410,501.1,556.42,38.38,22.27,0.97,0.0
20230901:1510,435.55,483.31,29.03,22.02,0.76,0.0
20230901:1610,337.54,377.41,18.89,21.73,0.69,0.0
20230901:1710,125.86,153.4,8.48,21.37,0.69,0.0
20230901:1810,0.0,0.0,0.0,20.37,1.03,0.0
20230901:1910,0.0,0.0,0.0,19.17,1.24,0.0
20230901:2010,0.0,0.0,0.0,18.45,1.17,0.0
20230901:2110,0.0,0.0,0.0,18.08,1.1,0.0
20230901:2210,0.0,0.0,0.0,18.06,1.03,0.0
20230901:2310,0.0,0.0,0.0,17.96,1.03,0.0
20230902:0010,0.0,0.0,0.0,17.73,1.03,0.0
20230902:0110,0.0,0.0,0.0,17.08,1.17,0.0
20230902:0210,0.0,0.0,0.0,16.61,1.31,0.0
20230902:0310,0.0,0.0,0.0,16.08,1.38,0.0
20230902:0410,0.0,0.0,0.0,15.8,1.38,0.0
20230902:0510,5.98,16.09,3.32,15.56,1.38,0.0
20230902:0610,56.39,74.79,13.73,16.54,1.1,0.0
20230902:0710,82.73,135.44,24.05,19.83,0.83,0.0
20230902:0810,197.55,256.77,33.83,21.0,0.62,0.0
20230902:0910,323.74,378.79,42.43,22.04,0.48,0.0
20230902:1010,411.58,465.18,48.91,22.86,0.83,0.0
20230902:1110,488.38,548.57,51.99,23.24,1.03,0.0
20230902:1210,520.87,584.04,50.84,23.72,1.17,0.0
20230902:1310,517.51,580.32,45.79,24.0,1.1,0.0
20230902:1410,488.73,550.08,38.03,23.91,0.55,0.0
20230902:1510,436.55,492.87,28.71,24.15,0.28,0.0
20230902:1610,323.04,366.77,18.58,24.05,0.41,0.0
20230902:1710,123.5,152.67,8.16,23.54,0.69,0.0
20230902:1810,0.0,0.0,0.0,21.74,0.97,0.0
20230902:1910,0.0,0.0,0.0,21.33,0.97,0.0
20230902:2010,0.0,0.0,0.0,20.3,1.1,0.0
20230902:2110,0.0,0.0,0.0,19.5,1.17,0.0
20230902:2210,0.0,0.0,0.0,18.42,1.31,0.0
20230902:2310,0.0,0.0,0.0,17.71,1.31,0.0
20230903:0010,0.0,0.0,0.0,17.31,1.31,0.0
20230903:0110,0.0,0.0,0.0,16.16,1.38,0.0
20230903:0210,0.0,0.0,0.0,15.94,1.31,0.0
20230903:0310,0.0,0.0,0.0,16.2,1.45,0.0
20230903:0410,0.0,0.0,0.0,15.94,1.52,0.0
20230903:0510,3.49,12.31,3.11,15.63,1.66,0.0
20230903:0610,67.2,86.15,13.53,16.4,1.45,0.0
20230903:0710,142.74,176.29,23.84,18.07,1.24,0.0
20230903:0810,229.16,275.3,33.6,20.51,0.83,0.0
20230903:0910,322.77,376.51,42.17,22.6,0.83,0.0
20230903:1010,417.54,475.72,48.59,24.29,1.1,0.0
20230903:1110,483.22,547.14,51.64,25.42,1.31,0.0
20230903:1210,503.29,570.05,50.46,26.18,1.38,0.0
20230903:1310,523.74,594.12,45.42,26.57,1.24,0.0
20230903:1410,472.73,534.78,37.69,26.67,1.24,0.0
20230903:1510,390.31,440.5,28.38,26.41,1.31,0.0
20230903:1610,269.09,308.6,18.25,26.1,1.1,0.0
20230903:1710,97.24,124.73,7.84,24.91,0.48,0.0
20230903:1810,0.0,0.0,0.0,24.16,0.62,0.0
20230903:1910,0.0,0.0,0.0,24.09,0.69,0.0
20230903:2010,0.0,0.0,0.0,22.72,0.9,0.0
20230903:2110,0.0,0.0,0.0,21.02,1.24,0.0
20230903:2210,0.0,0.0,0.0,20.61,1.24,0.0
20230903:2310,0.0,0.0,0.0,20.21,1.24,0.0
20230904:0010,0.0,0.0,0.0,19.65,1.31,0.0
20230904:0110,0.0,0.0,0.0,19.58,1.24,0.0
20230904:0210,0.0,0.0,0.0,19.36,1.24,0.0
20230904:0310,0.0,0.0,0.0,19.08,1.24,0.0
20230904:0410,0.0,0.0,0.0,19.06,1.1,0.0
20230904:0510,1.79,9.47,2.91,17.36,1.1,0.0
20230904:0610,60.19,79.52,13.33,18.58,0.83,0.0
20230904:0710,127.62,166.1,23.63,21.68,0.62,0.0
20230904:0810,184.23,245.57,33.36,23.03,1.45,0.0
20230904:0910,313.78,367.8,41.9,23.65,1.45,0.0
20230904:1010,409.93,465.93,48.27,24.39,1.52,0.0
20230904:1110,458.05,515.52,51.27,24.81,1.59,0.0
20230904:1210,447.52,500.93,50.09,24.82,1.86,0.0
20230904:1310,404.93,452.06,45.06,24.81,2.0,0.0
20230904:1410,332.55,371.95,37.34,24.53,1.86,0.0
20230904:1510,208.05,238.8,28.04,24.33,1.38,0.0
20230904:1610,230.51,264.24,17.93,23.88,0.76,0.0
20230904:1710,93.59,120.27,7.52,23.51,0.41,0.0
20230904:1810,0.0,0.0,0.0,22.65,0.69,0.0
20230904:1910,0.0,0.0,0.0,21.96,0.97,0.0
20230904:2010,0.0,0.0,0.0,21.23,1.1,0.0
20230904:2110,0.0,0.0,0.0,21.09,1.03,0.0
20230904:2210,0.0,0.0,0.0,20.5,1.17,0.0
20230904:2310,0.0,0.0,0.0,20.13,1.52,0.0
20230905:0010,0.0,0.0,0.0,20.12,1.93,0.0
20230905:0110,0.0,0.0,0.0,19.99,1.93,0.0
20230905:0210,0.0,0.0,0.0,19.62,1.79,0.0
20230905:0310,0.0,0.0,0.0,19.34,1.52,0.0
20230905:0410,0.0,0.0,0.0,19.1,1.31,0.0
20230905:0510,0.0,2.84,2.71,18.82,0.97,0.0
20230905:0610,35.05,52.07,13.13,18.88,0.76,0.0
20230905:0710,75.53,96.09,23.42,19.33,1.03,0.0
20230905:0810,106.1,128.12,33.13,19.34,1.24,0.0
20230905:0910,104.22,126.18,41.62,19.66,1.86,0.0
20230905:1010,180.2,204.8,47.95,19.64,2.0,0.0
20230905:1110,158.51,182.48,50.91,19.74,1.93,0.0
20230905:1210,253.73,281.98,49.71,20.06,1.86,0.0
20230905:1310,232.41,260.38,44.69,20.62,1.72,0.0
20230905:1410,141.54,165.98,36.99,20.91,1.45,0.0
20230905:1510,133.86,158.06,27.71,20.94,1.17,0.0
20230905:1610,237.1,267.36,17.6,20.72,0.97,0.0
20230905:1710,98.38,124.04,7.19,20.27,0.83,0.0
20230905:1810,0.0,0.0,0.0,19.03,0.83,0.0
20230905:1910,0.0,0.0,0.0,18.95,0.69,0.0
20230905:2010,0.0,0.0,0.0,17.45,1.17,0.0
20230905:2110,0.0,0.0,0.0,16.79,1.45,0.0
20230905:2210,0.0,0.0,0.0,16.38,1.66,0.0
20230905:2310,0.0,0.0,0.0,16.01,1.72,0.0
20230906:0010,0.0,0.0,0.0,15.65,1.72,0.0
20230906:0110,0.0,0.0,0.0,15.39,1.66,0.0
20230906:0210,0.0,0.0,0.0,15.06,1.66,0.0
20230906:0310,0.0,0.0,0.0,14.8,1.66,0.0
20230906:0410,0.0,0.0,0.0,14.78,1.66,0.0
20230906:0510,2.38,10.41,2.5,14.5,1.66,0.0
20230906:0610,46.99,64.38,12.92,15.39,1.38,0.0
20230906:0710,66.94,117.54,23.2,18.9,0.76,0.0
20230906:0810,177.55,239.17,32.89,20.3,0.41,0.0
20230906:0910,304.8,361.42,41.35,21.18,0.62,0.0
20230906:1010,412.46,468.34,47.63,22.05,0.9,0.0
20230906:1110,487.71,547.97,50.55,22.65,0.9,0.0
20230906:1210,525.0,591.68,49.33,23.17,0.62,0.0
20230906:1310,532.7,604.81,44.31,23.63,0.21,0.0
20230906:1410,498.15,564.83,36.64,23.81,0.14,0.0
20230906:1510,432.34,488.65,27.37,23.93,0.28,0.0
20230906:1610,309.3,353.02,17.28,23.83,0.34,0.0
20230906:1710,87.25,113.74,6.87,23.32,0.21,0.0
20230906:1810,0.0,0.0,0.0,22.72,0.34,0.0
20230906:1910,0.0,0.0,0.0,22.17,0.41,0.0
20230906:2010,0.0,0.0,0.0,21.71,0.55,0.0
20230906:2110,0.0,0.0,0.0,21.1,0.76,0.0
20230906:2210,0.0,0.0,0.0,20.22,1.1,0.0
20230906:2310,0.0,0.0,0.0,18.35,1.38,0.0
20230907:0010,0.0,0.0,0.0,16.13,1.59,0.0
20230907:0110,0.0,0.0,0.0,15.71,1.45,0.0
20230907:0210,0.0,0.0,0.0,16.01,1.66,0.0
20230907:0310,0.0,0.0,0.0,15.92,1.79,0.0
20230907:0410,0.0,0.0,0.0,15.96,1.86,0.0
20230907:0510,1.31,8.52,2.3,15.94,1.86,0.0
20230907:0610,49.43,67.22,12.72,16.31,1.79,0.0
20230907:0710,67.63,115.87,22.99,17.91,1.52,0.0
20230907:0810,175.73,235.99,32.65,20.02,0.97,0.0
20230907:0910,298.39,357.02,41.07,22.01,0.41,0.0
20230907:1010,404.57,462.4,47.3,23.01,0.76,0.0
20230907:1110,480.83,543.18,50.18,23.66,0.9,0.0
20230907:1210,520.17,586.99,48.94,24.18,0.9,0.0
20230907:1310,529.52,597.29,43.94,24.46,0.9,0.0
20230907:1410,497.12,559.42,36.28,24.65,0.97,0.0
20230907:1510,426.11,479.46,27.03,24.61,0.97,0.0
20230907:1610,294.2,335.54,16.95,24.25,0.97,0.0
20230907:1710,92.88,120.49,6.54,23.59,0.69,0.0
20230907:1810,0.0,0.0,0.0,23.11,0.28,0.0
20230907:1910,0.0,0.0,0.0,22.6,0.41,0.0
20230907:2010,0.0,0.0,0.0,22.22,0.28,0.0
20230907:2110,0.0,0.0,0.0,21.78,0.76,0.0
20230907:2210,0.0,0.0,0.0,20.03,1.1,0.0
20230907:2310,0.0,0.0,0.0,19.21,1.17,0.0
20230908:0010,0.0,0.0,0.0,18.81,1.24,0.0
20230908:0110,0.0,0.0,0.0,18.39,1.31,0.0
20230908:0210,0.0,0.0,0.0,17.98,1.31,0.0
20230908:0310,0.0,0.0,0.0,17.69,1.31,0.0
20230908:0410,0.0,0.0,0.0,17.64,1.24,0.0
20230908:0510,0.38,6.63,2.09,17.48,1.17,0.0
20230908:0610,49.73,68.16,12.51,18.35,0.83,0.0
20230908:0710,73.38,119.25,22.77,20.39,0.21,0.0
20230908:0810,173.97,234.47,32.41,21.96,0.34,0.0
20230908:0910,294.35,352.06,40.79,22.19,0.55,0.0
20230908:1010,398.91,457.08,46.98,22.67,0.48,0.0
20230908:1110,473.4,536.82,49.81,23.28,0.48,0.0
20230908:1210,512.03,579.88,48.56,23.72,0.48,0.0
20230908:1310,518.2,586.45,43.56,24.18,0.55,0.0
20230908:1410,489.32,553.03,35.92,24.61,0.62,0.0
20230908:1510,415.24,469.88,26.69,24.57,0.48,0.0
20230908:1610,290.97,334.52,16.61,24.41,0.28,0.0
20230908:1710,86.33,113.74,6.21,23.89,0.21,0.0
20230908:1810,0.0,0.0,0.0,23.28,0.14,0.0
20230908:1910,0.0,0.0,0.0,22.83,0.48,0.0
20230908:2010,0.0,0.0,0.0,22.39,0.41,0.0
20230908:2110,0.0,0.0,0.0,21.87,0.83,0.0
20230908:2210,0.0,0.0,0.0,20.05,1.17,0.0
20230908:2310,0.0,0.0,0.0,18.8,1.31,0.0
20230909:0010,0.0,0.0,0.0,17.79,1.31,0.0
20230909:0110,0.0,0.0,0.0,17.3,1.38,0.0
20230909:0210,0.0,0.0,0.0,16.2,1.38,0.0
20230909:0310,0.0,0.0,0.0,16.56,1.52,0.0
20230909:0410,0.0,0.0,0.0,16.83,1.59,0.0
20230909:0510,0.38,6.63,1.88,16.74,1.59,0.0
20230909:0610,47.46,65.32,12.31,17.09,1.38,0.0
20230909:0710,64.03,109.87,22.55,19.15,0.76,0.0
20230909:0810,165.63,227.61,32.17,21.32,0.21,0.0
20230909:0910,288.93,349.49,40.51,23.3,0.62,0.0
20230909:1010,394.79,454.87,46.65,24.26,0.9,0.0
20230909:1110,471.58,535.01,49.44,24.79,1.1,0.0
20230909:1210,511.09,578.44,48.17,25.22,1.1,0.0
20230909:1310,518.88,588.15,43.19,25.76,1.03,0.0
20230909:1410,486.13,549.6,35.56,25.83,1.1,0.0
20230909:1510,414.41,469.61,26.34,25.76,0.97,0.0
20230909:1610,281.09,323.98,16.28,25.25,0.76,0.0
20230909:1710,82.06,109.48,5.87,24.39,0.55,0.0
20230909:1810,0.0,0.0,0.0,23.99,0.14,0.0
20230909:1910,0.0,0.0,0.0,23.33,0.69,0.0
20230909:2010,0.0,0.0,0.0,22.67,0.83,0.0
20230909:2110,0.0,0.0,0.0,21.26,1.03,0.0
20230909:2210,0.0,0.0,0.0,19.67,1.31,0.0
20230909:2310,0.0,0.0,0.0,18.63,1.31,0.0
20230910:0010,0.0,0.0,0.0,18.01,1.31,0.0
20230910:0110,0.0,0.0,0.0,17.56,1.38,0.0
20230910:0210,0.0,0.0,0.0,16.59,1.38,0.0
20230910:0310,0.0,0.0,0.0,16.67,1.31,0.0
20230910:0410,0.0,0.0,0.0,16.96,1.45,0.0
20230910:0510,0.0,4.73,1.67,16.98,1.52,0.0
20230910:0610,48.32,66.27,12.1,17.15,1.31,0.0
20230910:0710,63.38,107.64,22.34,19.29,0.83,0.0
20230910:0810,162.14,224.1,31.93,21.84,0.28,0.0
20230910:0910,282.75,343.86,40.23,23.81,0.62,0.0
20230910:1010,389.95,450.9,46.32,24.76,0.97,0.0
20230910:1110,464.41,528.48,49.07,25.46,1.17,0.0
20230910:1210,501.41,569.45,47.78,26.05,1.17,0.0
20230910:1310,510.54,580.03,42.81,26.39,1.1,0.0
20230910:1410,479.07,544.22,35.2,26.57,1.03,0.0
20230910:1510,404.17,460.27,26.0,26.49,0.9,0.0
20230910:1610,273.81,317.92,15.94,26.08,0.62,0.0
20230910:1710,64.36,90.08,5.54,25.4,0.21,0.0
20230910:1810,0.0,0.0,0.0,24.72,0.07,0.0
20230910:1910,0.0,0.0,0.0,23.78,0.62,0.0
20230910:2010,0.0,0.0,0.0,23.0,0.76,0.0
20230910:2110,0.0,0.0,0.0,21.89,0.97,0.0
20230910:2210,0.0,0.0,0.0,20.54,1.17,0.0
20230910:2310,0.0,0.0,0.0,19.62,1.24,0.0
20230911:0010,0.0,0.0,0.0,18.83,1.31,0.0
20230911:0110,0.0,0.0,0.0,17.46,1.31,0.0
20230911:0210,0.0,0.0,0.0,17.01,1.31,0.0
20230911:0310,0.0,0.0,0.0,17.44,1.45,0.0
20230911:0410,0.0,0.0,0.0,17.12,1.52,0.0
20230911:0510,0.0,1.89,1.47,16.96,1.52,0.0
20230911:0610,52.71,71.0,11.89,17.13,1.38,0.0
20230911:0710,80.49,119.93,22.12,19.0,0.9,0.0
20230911:0810,161.51,221.88,31.68,21.47,0.41,0.0
20230911:0910,278.34,339.23,39.95,23.78,0.41,0.0
20230911:1010,383.49,445.09,45.98,25.01,0.83,0.0
20230911:1110,456.52,521.64,48.69,25.88,1.03,0.0
20230911:1210,494.24,563.33,47.39,26.58,1.1,0.0
20230911:1310,502.28,573.85,42.42,26.97,0.9,0.0
20230911:1410,467.9,533.99,34.84,27.16,0.9,0.0
20230911:1510,401.41,459.05,25.65,27.15,0.9,0.0
20230911:1610,253.4,296.45,15.6,26.85,0.62,0.0
20230911:1710,63.99,90.31,5.2,26.06,0.34,0.0
20230911:1810,0.0,0.0,0.0,25.25,0.21,0.0
20230911:1910,0.0,0.0,0.0,23.84,0.76,0.0
20230911:2010,0.0,0.0,0.0,23.21,0.83,0.0
20230911:2110,0.0,0.0,0.0,21.89,1.03,0.0
20230911:2210,0.0,0.0,0.0,21.78,0.9,0.0
20230911:2310,0.0,0.0,0.0,21.28,0.97,0.0
20230912:0010,0.0,0.0,0.0,20.65,1.03,0.0
20230912:0110,0.0,0.0,0.0,20.49,1.03,0.0
20230912:0210,0.0,0.0,0.0,20.32,0.97,0.0
20230912:0310,0.0,0.0,0.0,20.35,0.97,0.0
20230912:0410,0.0,0.0,0.0,18.38,1.17,0.0
20230912:0510,0.0,0.0,0.0,17.33,1.1,0.0
20230912:0610,48.88,67.22,11.68,18.31,0.97,0.0
20230912:0710,63.6,103.84,21.89,20.11,0.55,0.0
20230912:0810,202.2,247.08,31.43,22.12,0.28,0.0
20230912:0910,293.73,342.45,39.66,23.62,0.76,0.0
20230912:1010,304.15,345.24,45.65,24.47,1.03,0.0
20230912:1110,430.39,488.28,48.32,24.86,1.1,0.0
20230912:1210,330.64,375.87,47.0,25.53,0.83,0.0
20230912:1310,274.54,315.17,42.04,25.82,0.28,0.0
20230912:1410,325.99,371.74,34.47,26.08,0.48,0.0
20230912:1510,144.68,173.48,25.3,25.91,0.62,0.0
20230912:1610,25.95,42.71,15.26,25.37,0.48,0.0
20230912:1710,7.92,19.41,4.87,24.21,1.03,0.0
20230912:1810,0.0,0.0,0.0,23.16,1.31,0.0
20230912:1910,0.0,0.0,0.0,22.01,1.1,0.0
20230912:2010,0.0,0.0,0.0,21.01,1.24,0.0
20230912:2110,0.0,0.0,0.0,20.66,1.72,0.0
20230912:2210,0.0,0.0,0.0,19.92,1.03,0.0
20230912:2310,0.0,0.0,0.0,19.51,1.52,0.0
20230913:0010,0.0,0.0,0.0,18.83,1.38,0.0
20230913:0110,0.0,0.0,0.0,18.67,1.79,0.0
20230913:0210,0.0,0.0,0.0,18.53,1.66,0.0
20230913:0310,0.0,0.0,0.0,18.34,1.38,0.0
20230913:0410,0.0,0.0,0.0,18.12,1.45,0.0
20230913:0510,0.0,0.0,0.0,17.64,1.31,0.0
20230913:0610,26.77,42.6,11.47,18.87,0.34,0.0
20230913:0710,125.16,151.12,21.67,19.58,0.9,0.0
20230913:0810,144.57,169.53,31.18,20.18,0.34,0.0
20230913:0910,193.11,220.83,39.37,20.75,0.48,0.0
20230913:1010,323.65,364.11,45.31,21.26,0.28,0.0
20230913:1110,75.32,97.06,47.94,22.12,0.69,0.0
20230913:1210,88.0,110.65,46.61,22.29,0.9,0.0
20230913:1310,366.49,408.63,41.66,21.91,0.69,0.0
20230913:1410,294.72,329.51,34.1,21.82,0.76,0.0
20230913:1510,348.84,387.92,24.95,21.43,1.03,0.0
20230913:1610,29.91,46.59,14.92,20.95,1.03,0.0
20230913:1710,0.0,3.88,4.53,20.38,0.62,0.0
20230913:1810,0.0,0.0,0.0,19.76,0.48,0.0
20230913:1910,0.0,0.0,0.0,19.32,0.62,0.0
20230913:2010,0.0,0.0,0.0,19.31,0.69,0.0
20230913:2110,0.0,0.0,0.0,19.19,0.76,0.0
20230913:2210,0.0,0.0,0.0,18.85,0.83,0.0
20230913:2310,0.0,0.0,0.0,19.06,0.62,0.0
20230914:0010,0.0,0.0,0.0,18.77,0.62,0.0
20230914:0110,0.0,0.0,0.0,18.57,0.62,0.0
20230914:0210,0.0,0.0,0.0,18.33,0.62,0.0
20230914:0310,0.0,0.0,0.0,18.14,0.55,0.0
20230914:0410,0.0,0.0,0.0,17.85,0.55,0.0
20230914:0510,0.0,0.0,0.0,17.59,0.55,0.0
20230914:0610,41.21,58.7,11.26,17.64,0.34,0.0
20230914:0710,50.07,88.13,21.45,18.61,0.55,0.0
20230914:0810,148.84,206.97,30.93,20.07,0.48,0.0
20230914:0910,281.43,330.89,39.08,21.41,1.24,0.0
20230914:1010,369.05,420.85,44.97,22.25,1.03,0.0
20230914:1110,439.15,495.96,47.56,22.66,0.76,0.0
20230914:1210,434.69,488.83,46.21,23.06,0.69,0.0
20230914:1310,460.19,519.76,41.27,23.64,0.41,0.0
20230914:1410,387.24,435.77,33.73,24.04,0.69,0.0
20230914:1510,248.39,282.38,24.6,23.77,1.03,0.0
20230914:1610,243.86,281.86,14.58,23.33,1.1,0.0
20230914:1710,16.59,31.6,4.19,22.27,0.83,0.0
20230914:1810,0.0,0.0,0.0,20.52,0.97,0.0
20230914:1910,0.0,0.0,0.0,19.58,1.1,0.0
20230914:2010,0.0,0.0,0.0,20.0,0.62,0.0
20230914:2110,0.0,0.0,0.0,19.84,0.48,0.0
20230914:2210,0.0,0.0,0.0,17.86,1.31,0.0
20230914:2310,0.0,0.0,0.0,17.54,1.31,0.0
20230915:0010,0.0,0.0,0.0,17.42,1.24,0.0
20230915:0110,0.0,0.0,0.0,17.1,1.17,0.0
20230915:0210,0.0,0.0,0.0,16.94,1.38,0.0
20230915:0310,0.0,0.0,0.0,16.7,1.1,0.0
20230915:0410,0.0,0.0,0.0,16.79,0.83,0.0
20230915:0510,0.0,0.0,0.0,16.96,0.83,0.0
20230915:0610,20.56,35.03,11.05,17.22,0.97,0.0
20230915:0710,43.36,61.15,21.22,18.17,0.83,0.0
20230915:0810,120.03,142.68,30.68,19.27,0.97,0.0
20230915:0910,91.68,113.56,38.79,20.11,0.69,0.0
20230915:1010,79.47,100.94,44.63,20.81,0.69,0.0
20230915:1110,105.98,129.09,47.18,21.17,0.97,0.0
20230915:1210,225.19,255.16,45.82,21.81,0.97,0.0
20230915:1310,446.72,495.38,40.88,21.77,1.17,0.0
20230915:1410,365.38,405.61,33.36,21.51,0.9,0.0
20230915:1510,353.39,393.83,24.24,21.22,0.9,0.0
20230915:1610,251.17,287.85,14.23,20.21,0.34,0.0
20230915:1710,32.35,52.0,3.85,20.04,0.28,0.0
20230915:1810,0.0,0.0,0.0,19.05,0.9,0.0
20230915:1910,0.0,0.0,0.0,18.25,1.24,0.0
20230915:2010,0.0,0.0,0.0,17.6,1.24,0.0
20230915:2110,0.0,0.0,0.0,17.5,1.17,0.0
20230915:2210,0.0,0.0,0.0,17.36,1.24,0.0
20230915:2310,0.0,0.0,0.0,17.43,1.17,0.0
20230916:0010,0.0,0.0,0.0,17.73,1.03,0.0
20230916:0110,0.0,0.0,0.0,17.85,0.97,0.0
20230916:0210,0.0,0.0,0.0,18.75,0.55,0.0
20230916:0310,0.0,0.0,0.0,18.71,0.41,0.0
20230916:0410,0.0,0.0,0.0,17.73,0.69,0.0
20230916:0510,0.0,0.0,0.0,17.9,0.55,0.0
20230916:0610,36.98,53.96,10.84,17.56,0.62,0.0
20230916:0710,46.03,64.06,20.99,18.02,0.55,0.0
20230916:0810,66.69,86.39,30.43,18.25,0.55,0.0
20230916:0910,35.43,52.41,38.49,18.4,0.48,0.0
20230916:1010,41.48,59.21,44.29,18.65,0.62,0.0
20230916:1110,44.88,63.09,46.8,19.25,0.9,0.0
20230916:1210,190.05,216.18,45.42,19.95,0.9,0.0
20230916:1310,414.22,458.39,40.49,20.17,0.62,0.0
20230916:1410,342.09,380.45,32.99,20.59,0.34,0.0
20230916:1510,115.02,138.7,23.89,20.92,0.34,0.0
20230916:1610,102.62,126.6,13.89,20.99,0.41,0.0
20230916:1710,2.98,11.65,3.51,20.53,0.21,0.0
20230916:1810,0.0,0.0,0.0,19.78,0.41,0.0
20230916:1910,0.0,0.0,0.0,18.86,1.31,0.0
20230916:2010,0.0,0.0,0.0,18.31,1.1,0.0
20230916:2110,0.0,0.0,0.0,19.4,0.48,0.0
20230916:2210,0.0,0.0,0.0,19.34,0.41,0.0
20230916:2310,0.0,0.0,0.0,19.23,0.41,0.0
20230917:0010,0.0,0.0,0.0,18.7,0.55,0.0
20230917:0110,0.0,0.0,0.0,18.49,0.62,0.0
20230917:0210,0.0,0.0,0.0,18.55,0.62,0.0
20230917:0310,0.0,0.0,0.0,18.75,0.55,0.0
20230917:0410,0.0,0.0,0.0,18.37,0.41,0.0
20230917:0510,0.0,0.0,0.0,18.35,0.48,0.0
20230917:0610,33.51,50.18,10.62,18.06,0.55,0.0
20230917:0710,104.77,127.15,20.76,18.96,0.76,0.0
20230917:0810,191.97,232.12,30.17,19.39,0.69,0.0
20230917:0910,279.86,323.93,38.2,19.92,0.62,0.0
20230917:1010,355.71,403.3,43.95,20.74,0.62,0.0
20230917:1110,414.42,467.41,46.42,21.54,0.41,0.0
20230917:1210,433.09,488.87,45.02,22.0,0.07,0.0
20230917:1310,461.15,519.53,40.11,22.52,0.28,0.0
20230917:1410,387.88,433.88,32.62,22.52,0.69,0.0
20230917:1510,279.46,315.58,23.53,22.4,0.69,0.0
20230917:1610,203.39,237.79,13.54,22.15,0.69,0.0
20230917:1710,6.76,18.18,3.16,21.65,0.69,0.0
20230917:1810,0.0,0.0,0.0,20.78,0.76,0.0
20230917:1910,0.0,0.0,0.0,20.5,0.69,0.0
20230917:2010,0.0,0.0,0.0,19.43,1.1,0.0
20230917:2110,0.0,0.0,0.0,19.28,1.03,0.0
20230917:2210,0.0,0.0,0.0,19.37,0.9,0.0
20230917:2310,0.0,0.0,0.0,19.84,0.76,0.0
20230918:0010,0.0,0.0,0.0,19.13,1.03,0.0
20230918:0110,0.0,0.0,0.0,19.2,0.97,0.0
20230918:0210,0.0,0.0,0.0,19.44,0.83,0.0
20230918:0310,0.0,0.0,0.0,19.46,0.69,0.0
20230918:0410,0.0,0.0,0.0,18.73,1.03,0.0
20230918:0510,0.0,0.0,0.0,18.68,1.03,0.0
20230918:0610,2.3,10.41,10.41,18.87,1.17,0.0
20230918:0710,12.53,25.24,20.53,18.8,2.28,0.0
20230918:0810,50.34,68.91,29.91,19.1,2.62,0.0
20230918:0910,65.66,85.41,37.9,19.51,3.72,0.0
20230918:1010,89.5,110.65,43.61,19.71,2.97,0.0
20230918:1110,103.21,125.21,46.04,20.02,2.34,0.0
20230918:1210,88.06,109.68,44.63,20.46,1.79,0.0
20230918:1310,35.85,53.38,39.72,21.02,1.45,0.0
20230918:1410,50.84,69.88,32.25,20.41,1.59,0.0
20230918:1510,16.3,30.09,23.17,19.44,1.03,0.0
20230918:1610,55.39,74.65,13.2,19.03,0.69,0.0
20230918:1710,1.27,8.52,2.82,18.57,0.83,0.0
20230918:1810,0.0,0.0,0.0,17.83,0.76,0.0
20230918:1910,0.0,0.0,0.0,18.06,1.24,0.0
20230918:2010,0.0,0.0,0.0,17.55,0.83,0.0
20230918:2110,0.0,0.0,0.0,17.4,0.76,0.0
20230918:2210,0.0,0.0,0.0,17.72,0.55,0.0
20230918:2310,0.0,0.0,0.0,16.62,0.9,0.0
20230919:0010,0.0,0.0,0.0,16.02,1.1,0.0
20230919:0110,0.0,0.0,0.0,16.41,1.24,0.0
20230919:0210,0.0,0.0,0.0,16.68,1.17,0.0
20230919:0310,0.0,0.0,0.0,16.68,1.38,0.0
20230919:0410,0.0,0.0,0.0,16.28,1.38,0.0
20230919:0510,0.0,0.0,0.0,15.73,1.52,0.0
20230919:0610,37.4,53.96,10.19,15.55,1.38,0.0
20230919:0710,90.36,115.18,20.3,15.62,1.72,0.0
20230919:0810,123.05,182.63,29.65,17.83,1.31,0.0
20230919:0910,242.15,300.51,37.6,20.25,0.97,0.0
20230919:1010,348.01,406.31,43.26,22.19,0.48,0.0
20230919:1110,420.14,483.21,45.65,23.6,0.14,0.0
20230919:1210,461.11,523.65,44.23,24.37,0.76,0.0
20230919:1310,468.88,528.39,39.33,24.71,1.31,0.0
20230919:1410,435.32,488.74,31.88,24.47,1.59,0.0
20230919:1510,355.47,401.84,22.82,24.0,1.52,0.0
20230919:1610,224.57,263.69,12.85,23.25,1.1,0.0
20230919:1710,3.92,13.25,2.48,21.88,0.83,0.0
20230919:1810,0.0,0.0,0.0,21.59,0.69,0.0
20230919:1910,0.0,0.0,0.0,21.82,0.69,0.0
20230919:2010,0.0,0.0,0.0,20.21,0.97,0.0
20230919:2110,0.0,0.0,0.0,19.24,1.03,0.0
20230919:2210,0.0,0.0,0.0,18.05,1.24,0.0
20230919:2310,0.0,0.0,0.0,17.28,1.24,0.0
20230920:0010,0.0,0.0,0.0,17.25,1.1,0.0
20230920:0110,0.0,0.0,0.0,17.19,1.03,0.0
20230920:0210,0.0,0.0,0.0,17.18,0.97,0.0
20230920:0310,0.0,0.0,0.0,17.11,0.9,0.0
20230920:0410,0.0,0.0,0.0,16.97,0.9,0.0
20230920:0510,0.0,0.0,0.0,17.01,0.83,0.0
20230920:0610,10.71,22.72,9.97,17.11,0.69,0.0
20230920:0710,46.89,65.03,20.07,18.23,0.9,0.0
20230920:0810,161.99,187.47,29.39,19.24,0.62,0.0
20230920:0910,203.56,231.55,37.3,20.38,0.69,0.0
20230920:1010,68.67,89.3,42.91,20.69,1.1,0.0
20230920:1110,134.24,158.21,45.27,20.62,1.31,0.0
20230920:1210,334.26,370.68,43.83,21.2,1.45,0.0
20230920:1310,295.97,329.34,38.93,21.33,1.38,0.0
20230920:1410,164.19,189.36,31.5,20.31,1.03,0.0
20230920:1510,190.26,216.39,22.46,19.82,1.38,0.0
20230920:1610,116.33,141.33,12.5,19.63,0.83,0.0
20230920:1710,0.0,2.84,2.13,18.89,0.34,0.0
20230920:1810,0.0,0.0,0.0,18.22,0.62,0.0
20230920:1910,0.0,0.0,0.0,17.56,0.83,0.0
20230920:2010,0.0,0.0,0.0,17.27,0.97,0.0
20230920:2110,0.0,0.0,0.0,17.08,1.1,0.0
20230920:2210,0.0,0.0,0.0,17.16,0.97,0.0
20230920:2310,0.0,0.0,0.0,17.16,1.1,0.0
20230921:0010,0.0,0.0,0.0,16.93,1.31,0.0
20230921:0110,0.0,0.0,0.0,16.68,1.45,0.0
20230921:0210,0.0,0.0,0.0,16.53,1.66,0.0
20230921:0310,0.0,0.0,0.0,16.31,1.72,0.0
20230921:0410,0.0,0.0,0.0,16.28,1.59,0.0
20230921:0510,0.0,0.0,0.0,16.29,1.66,0.0
20230921:0610,27.94,43.55,9.75,16.65,1.66,0.0
20230921:0710,108.41,129.54,19.84,16.88,1.24,0.0
20230921:0810,132.92,154.61,29.13,17.12,1.52,0.0
20230921:0910,54.35,72.8,37.0,17.43,1.93,0.0
20230921:1010,120.16,141.71,42.56,17.96,1.86,0.0
20230921:1110,272.68,300.17,44.88,18.5,1.79,0.0
20230921:1210,94.26,115.5,43.43,19.14,2.0,0.0
20230921:1310,95.94,117.45,38.54,19.62,2.28,0.0
20230921:1410,26.06,41.74,31.13,18.86,1.66,0.0
20230921:1510,38.18,55.33,22.1,17.92,1.66,0.0
20230921:1610,144.97,171.16,12.16,17.89,1.79,0.0
20230921:1710,0.0,5.68,1.79,17.49,1.93,0.0
20230921:1810,0.0,0.0,0.0,17.23,2.0,0.0
20230921:1910,0.0,0.0,0.0,16.96,1.79,0.0
20230921:2010,0.0,0.0,0.0,16.93,1.86,0.0
20230921:2110,0.0,0.0,0.0,16.99,2.14,0.0
20230921:2210,0.0,0.0,0.0,16.89,2.41,0.0
20230921:2310,0.0,0.0,0.0,16.86,2.62,0.0
20230922:0010,0.0,0.0,0.0,16.81,2.62,0.0
20230922:0110,0.0,0.0,0.0,16.65,2.76,0.0
20230922:0210,0.0,0.0,0.0,16.62,3.03,0.0
20230922:0310,0.0,0.0,0.0,16.53,3.31,0.0
20230922:0410,0.0,0.0,0.0,16.38,3.45,0.0
20230922:0510,0.0,0.0,0.0,16.26,3.38,0.0
20230922:0610,29.7,45.44,9.53,16.29,3.52,0.0
20230922:0710,112.5,133.26,19.6,16.67,2.34,0.0
20230922:0810,114.3,134.92,28.87,16.8,2.21,0.0
20230922:0910,43.66,61.15,36.69,17.11,2.14,0.0
20230922:1010,40.12,57.27,42.22,17.09,2.07,0.0
20230922:1110,104.45,125.21,44.5,17.4,1.86,0.0
20230922:1210,330.2,358.38,43.03,17.08,1.86,0.0
20230922:1310,249.15,274.28,38.15,16.63,0.83,0.0
20230922:1410,289.06,316.05,30.75,16.86,1.1,0.0
20230922:1510,145.58,167.85,21.74,16.91,0.83,0.0
20230922:1610,73.72,93.94,11.81,16.37,0.9,0.0
20230922:1710,0.0,0.95,1.45,16.08,1.45,0.0
20230922:1810,0.0,0.0,0.0,14.78,1.52,0.0
20230922:1910,0.0,0.0,0.0,14.85,2.0,0.0
20230922:2010,0.0,0.0,0.0,14.15,1.66,0.0
20230922:2110,0.0,0.0,0.0,14.08,1.45,0.0
20230922:2210,0.0,0.0,0.0,13.56,1.1,0.0
20230922:2310,0.0,0.0,0.0,13.03,1.1,0.0
20230923:0010,0.0,0.0,0.0,12.21,1.45,0.0
20230923:0110,0.0,0.0,0.0,12.16,1.52,0.0
20230923:0210,0.0,0.0,0.0,12.51,1.52,0.0
20230923:0310,0.0,0.0,0.0,12.5,1.45,0.0
20230923:0410,0.0,0.0,0.0,12.29,1.38,0.0
20230923:0510,0.0,0.0,0.0,11.99,1.59,0.0
20230923:0610,40.58,56.8,9.31,12.73,1.79,0.0
20230923:0710,120.57,139.17,19.36,13.4,2.83,0.0
20230923:0810,161.06,181.19,28.6,14.3,2.76,0.0
20230923:0910,206.99,228.46,36.39,15.75,2.97,0.0
20230923:1010,223.53,245.8,41.86,16.84,3.31,0.0
20230923:1110,362.09,391.77,44.11,17.79,3.38,0.0
20230923:1210,452.72,491.56,42.63,18.55,2.9,0.0
20230923:1310,89.82,110.65,37.76,18.91,2.76,0.0
20230923:1410,274.23,301.1,30.38,19.18,3.03,0.0
20230923:1510,341.78,377.48,21.39,19.29,2.83,0.0
20230923:1610,197.17,230.02,11.46,18.8,2.34,0.0
20230923:1710,0.0,0.0,0.0,17.48,2.28,0.0
20230923:1810,0.0,0.0,0.0,15.95,2.21,0.0
20230923:1910,0.0,0.0,0.0,15.44,2.69,0.0
20230923:2010,0.0,0.0,0.0,14.96,2.97,0.0
20230923:2110,0.0,0.0,0.0,14.52,2.97,0.0
20230923:2210,0.0,0.0,0.0,14.0,2.83,0.0
20230923:2310,0.0,0.0,0.0,13.52,2.83,0.0
20230924:0010,0.0,0.0,0.0,13.15,2.83,0.0
20230924:0110,0.0,0.0,0.0,12.79,2.76,0.0
20230924:0210,0.0,0.0,0.0,12.34,2.62,0.0
20230924:0310,0.0,0.0,0.0,11.71,2.55,0.0
20230924:0410,0.0,0.0,0.0,11.03,2.48,0.0
20230924:0510,0.0,0.0,0.0,10.37,2.41,0.0
20230924:0610,34.93,50.18,9.09,10.34,2.34,0.0
20230924:0710,67.82,85.2,19.13,12.09,2.34,0.0
20230924:0810,105.0,162.65,28.33,14.49,2.0,0.0
20230924:0910,224.35,282.13,36.08,16.78,1.38,0.0
20230924:1010,336.43,390.45,41.51,18.52,0.76,0.0
20230924:1110,417.38,472.41,43.72,19.65,0.48,0.0
20230924:1210,455.97,509.59,42.23,20.36,0.83,0.0
20230924:1310,463.23,515.38,37.37,20.63,1.03,0.0
20230924:1410,427.32,475.15,30.0,20.6,1.17,0.0
20230924:1510,340.0,381.78,21.03,20.27,1.17,0.0
20230924:1610,196.08,231.54,11.11,19.58,0.97,0.0
20230924:1710,0.0,0.0,0.0,18.37,0.62,0.0
20230924:1810,0.0,0.0,0.0,18.06,0.21,0.0
20230924:1910,0.0,0.0,0.0,17.45,0.83,0.0
20230924:2010,0.0,0.0,0.0,14.65,1.38,0.0
20230924:2110,0.0,0.0,0.0,13.03,1.52,0.0
20230924:2210,0.0,0.0,0.0,12.23,1.45,0.0
20230924:2310,0.0,0.0,0.0,12.0,1.45,0.0
20230925:0010,0.0,0.0,0.0,11.98,1.38,0.0
20230925:0110,0.0,0.0,0.0,12.04,1.38,0.0
20230925:0210,0.0,0.0,0.0,12.07,1.31,0.0
20230925:0310,0.0,0.0,0.0,12.06,1.31,0.0
20230925:0410,0.0,0.0,0.0,11.79,1.31,0.0
20230925:0510,0.0,0.0,0.0,11.19,1.38,0.0
20230925:0610,33.29,48.28,8.87,9.61,1.31,0.0
20230925:0710,68.64,86.15,18.89,12.13,1.45,0.0
20230925:0810,99.3,156.79,28.07,15.17,1.1,0.0
20230925:0910,216.54,275.22,35.77,17.71,0.83,0.0
20230925:1010,326.02,380.92,41.16,18.94,0.55,0.0
20230925:1110,405.96,460.36,43.33,19.85,0.48,0.0
20230925:1210,446.14,499.6,41.83,20.47,0.76,0.0
20230925:1310,453.01,505.51,36.98,20.81,0.9,0.0
20230925:1410,413.07,462.01,29.63,20.93,0.83,0.0
20230925:1510,329.53,373.35,20.67,20.79,0.69,0.0
20230925:1610,185.3,221.54,10.77,20.31,0.55,0.0
20230925:1710,0.0,0.0,0.0,19.26,0.55,0.0
20230925:1810,0.0,0.0,0.0,18.11,0.9,0.0
20230925:1910,0.0,0.0,0.0,18.23,0.21,0.0
20230925:2010,0.0,0.0,0.0,15.72,1.17,0.0
20230925:2110,0.0,0.0,0.0,13.74,1.66,0.0
20230925:2210,0.0,0.0,0.0,12.95,1.72,0.0
20230925:2310,0.0,0.0,0.0,12.56,1.79,0.0
20230926:0010,0.0,0.0,0.0,12.01,1.93,0.0
20230926:0110,0.0,0.0,0.0,11.69,1.93,0.0
20230926:0210,0.0,0.0,0.0,11.42,1.93,0.0
20230926:0310,0.0,0.0,0.0,11.2,1.93,0.0
20230926:0410,0.0,0.0,0.0,11.0,1.93,0.0
20230926:0510,0.0,0.0,0.0,10.87,1.86,0.0
20230926:0610,33.91,49.23,8.65,11.13,1.72,0.0
20230926:0710,68.32,86.15,18.65,13.09,1.45,0.0
20230926:0810,95.51,152.03,27.8,16.25,0.9,0.0
20230926:0910,206.92,267.61,35.46,19.23,0.34,0.0
20230926:1010,314.6,371.86,40.81,20.72,0.62,0.0
20230926:1110,393.04,449.17,42.95,21.49,0.62,0.0
20230926:1210,430.69,487.04,41.43,22.04,0.62,0.0
20230926:1310,434.54,489.56,36.58,22.4,0.76,0.0
20230926:1410,396.88,447.94,29.26,22.45,0.76,0.0
20230926:1510,308.99,353.21,20.31,22.25,0.76,0.0
20230926:1610,170.69,207.16,10.42,21.69,0.69,0.0
20230926:1710,0.0,0.0,0.0,20.53,0.62,0.0
20230926:1810,0.0,0.0,0.0,20.19,0.41,0.0
20230926:1910,0.0,0.0,0.0,19.34,0.76,0.0
20230926:2010,0.0,0.0,0.0,17.62,1.17,0.0
20230926:2110,0.0,0.0,0.0,16.32,1.31,0.0
20230926:2210,0.0,0.0,0.0,15.24,1.38,0.0
20230926:2310,0.0,0.0,0.0,14.68,1.38,0.0
20230927:0010,0.0,0.0,0.0,14.2,1.45,0.0
20230927:0110,0.0,0.0,0.0,13.2,1.52,0.0
20230927:0210,0.0,0.0,0.0,13.38,1.72,0.0
20230927:0310,0.0,0.0,0.0,13.84,1.86,0.0
20230927:0410,0.0,0.0,0.0,13.5,1.86,0.0
20230927:0510,0.0,0.0,0.0,13.19,1.93,0.0
20230927:0610,34.36,50.18,8.42,13.46,1.79,0.0
20230927:0710,111.88,131.59,18.4,15.09,1.79,0.0
20230927:0810,131.1,177.16,27.53,17.79,1.45,0.0
20230927:0910,201.99,262.57,35.15,20.64,0.83,0.0
20230927:1010,303.98,364.34,40.45,22.19,0.07,0.0
20230927:1110,381.87,438.96,42.56,22.89,0.83,0.0
20230927:1210,422.66,479.04,41.03,23.22,1.03,0.0
20230927:1310,425.77,480.9,36.19,23.35,1.03,0.0
20230927:1410,383.37,434.08,28.88,23.33,0.97,0.0
20230927:1510,294.93,339.23,19.95,23.03,0.76,0.0
20230927:1610,164.53,201.94,10.08,22.48,0.55,0.0
20230927:1710,0.0,0.0,0.0,21.15,0.69,0.0
20230927:1810,0.0,0.0,0.0,18.82,1.38,0.0
20230927:1910,0.0,0.0,0.0,16.93,1.59,0.0
20230927:2010,0.0,0.0,0.0,15.87,1.66,0.0
20230927:2110,0.0,0.0,0.0,15.22,1.72,0.0
20230927:2210,0.0,0.0,0.0,14.6,1.79,0.0
20230927:2310,0.0,0.0,0.0,14.15,1.86,0.0
20230928:0010,0.0,0.0,0.0,13.96,1.86,0.0
20230928:0110,0.0,0.0,0.0,13.92,1.86,0.0
20230928:0210,0.0,0.0,0.0,14.1,1.79,0.0
20230928:0310,0.0,0.0,0.0,14.1,1.79,0.0
20230928:0410,0.0,0.0,0.0,14.47,1.66,0.0
20230928:0510,0.0,0.0,0.0,14.26,1.59,0.0
20230928:0610,33.34,49.23,8.2,14.38,1.45,0.0
20230928:0710,61.68,80.47,18.16,16.71,1.03,0.0
20230928:0810,85.19,141.95,27.25,19.37,0.48,0.0
20230928:0910,197.76,258.47,34.84,20.96,0.69,0.0
20230928:1010,310.26,362.42,40.1,21.88,0.9,0.0
20230928:1110,377.49,432.51,42.17,22.54,1.1,0.0
20230928:1210,407.95,460.86,40.63,22.96,1.17,0.0
20230928:1310,417.56,471.16,35.8,23.13,1.1,0.0
20230928:1410,376.35,425.87,28.51,23.07,1.03,0.0
20230928:1510,290.12,333.7,19.6,22.82,0.97,0.0
20230928:1610,142.72,176.87,9.73,22.18,0.83,0.0
20230928:1710,0.0,0.0,0.0,21.05,0.62,0.0
20230928:1810,0.0,0.0,0.0,20.67,0.48,0.0
20230928:1910,0.0,0.0,0.0,18.33,1.24,0.0
20230928:2010,0.0,0.0,0.0,16.78,1.45,0.0
20230928:2110,0.0,0.0,0.0,15.63,1.52,0.0
20230928:2210,0.0,0.0,0.0,14.97,1.45,0.0
20230928:2310,0.0,0.0,0.0,14.37,1.52,0.0
20230929:0010,0.0,0.0,0.0,13.29,1.52,0.0
20230929:0110,0.0,0.0,0.0,13.61,1.59,0.0
20230929:0210,0.0,0.0,0.0,14.07,1.79,0.0
20230929:0310,0.0,0.0,0.0,13.62,1.79,0.0
20230929:0410,0.0,0.0,0.0,13.54,1.86,0.0
20230929:0510,0.0,0.0,0.0,13.53,2.0,0.0
20230929:0610,34.36,50.18,7.97,13.51,2.0,0.0
20230929:0710,75.11,93.72,17.92,14.65,1.72,0.0
20230929:0810,89.64,142.1,26.98,17.21,1.24,0.0
20230929:0910,191.64,251.82,34.53,19.87,0.48,0.0
20230929:1010,292.94,350.92,39.74,21.6,0.48,0.0
20230929:1110,369.49,424.15,41.78,22.47,1.1,0.0
20230929:1210,409.83,463.6,40.23,22.9,1.31,0.0
20230929:1310,412.22,464.67,35.41,23.07,1.31,0.0
20230929:1410,371.34,420.31,28.14,23.02,1.17,0.0
20230929:1510,283.83,327.63,19.24,22.79,0.9,0.0
20230929:1610,138.59,173.3,9.39,22.22,0.69,0.0
20230929:1710,0.0,0.0,0.0,21.25,0.48,0.0
20230929:1810,0.0,0.0,0.0,20.72,0.48,0.0
20230929:1910,0.0,0.0,0.0,19.85,0.76,0.0
20230929:2010,0.0,0.0,0.0,18.72,0.97,0.0
20230929:2110,0.0,0.0,0.0,18.29,0.9,0.0
20230929:2210,0.0,0.0,0.0,17.95,0.9,0.0
20230929:2310,0.0,0.0,0.0,17.36,0.97,0.0
20230930:0010,0.0,0.0,0.0,16.96,0.97,0.0
20230930:0110,0.0,0.0,0.0,16.46,1.1,0.0
20230930:0210,0.0,0.0,0.0,16.45,1.03,0.0
20230930:0310,0.0,0.0,0.0,16.6,0.97,0.0
20230930:0410,0.0,0.0,0.0,15.0,1.03,0.0
20230930:0510,0.0,0.0,0.0,15.15,1.17,0.0
20230930:0610,33.15,49.23,7.74,15.42,1.31,0.0
20230930:0710,93.5,114.55,17.67,18.07,0.48,0.0
20230930:0810,128.93,172.57,26.7,20.37,0.14,0.0
20230930:0910,182.25,244.48,34.21,21.78,0.41,0.0
20230930:1010,285.89,343.2,39.39,22.35,1.03,0.0
20230930:1110,361.39,416.49,41.4,23.24,1.31,0.0
20230930:1210,399.46,453.42,39.83,23.63,1.45,0.0
20230930:1310,400.88,452.82,35.02,23.65,1.52,0.0
20230930:1410,352.12,399.1,27.77,23.54,1.45,0.0
20230930:1510,243.49,282.24,18.89,23.32,1.24,0.0
20230930:1610,119.56,152.03,9.04,22.61,0.9,0.0
20230930:1710,0.0,0.0,0.0,21.51,0.48,0.0
20230930:1810,0.0,0.0,0.0,20.28,0.9,0.0
20230930:1910,0.0,0.0,0.0,19.82,0.9,0.0
20230930:2010,0.0,0.0,0.0,19.32,0.9,0.0
20230930:2110,0.0,0.0,0.0,18.63,1.03,0.0
20230930:2210,0.0,0.0,0.0,17.66,1.17,0.0
20230930:2310,0.0,0.0,0.0,16.94,1.24,0.0
20231001:0010,0.0,0.0,0.0,16.22,1.24,0.0
20231001:0110,0.0,0.0,0.0,15.52,1.24,0.0
20231001:0210,0.0,0.0,0.0,15.21,1.31,0.0
20231001:0310,0.0,0.0,0.0,15.4,1.38,0.0
20231001:0410,0.0,0.0,0.0,15.45,1.38,0.0
20231001:0510,0.0,0.0,0.0,15.3,1.38,0.0
20231001:0610,31.5,47.34,7.51,15.2,1.31,0.0
20231001:0710,88.71,108.87,17.42,16.86,0.97,0.0
20231001:0810,91.72,141.07,26.43,19.01,0.69,0.0
20231001:0910,184.42,244.09,33.9,20.69,0.28,0.0
20231001:1010,286.85,341.78,39.03,21.82,0.69,0.0
20231001:1110,357.35,412.38,41.01,22.49,0.97,0.0
20231001:1210,390.6,443.6,39.44,22.79,0.97,0.0
20231001:1310,390.99,443.71,34.64,23.14,0.83,0.0
20231001:1410,351.26,400.16,27.39,23.0,0.76,0.0
20231001:1510,264.82,308.26,18.53,22.95,0.69,0.0
20231001:1610,118.67,151.86,8.7,22.31,0.62,0.0
20231001:1710,0.0,0.0,0.0,21.63,0.28,0.0
20231001:1810,0.0,0.0,0.0,20.94,0.41,0.0
20231001:1910,0.0,0.0,0.0,19.52,0.97,0.0
20231001:2010,0.0,0.0,0.0,17.71,1.31,0.0
20231001:2110,0.0,0.0,0.0,16.8,1.31,0.0
20231001:2210,0.0,0.0,0.0,16.31,1.31,0.0
20231001:2310,0.0,0.0,0.0,15.99,1.24,0.0
20231002:0010,0.0,0.0,0.0,15.08,1.24,0.0
20231002:0110,0.0,0.0,0.0,14.85,1.24,0.0
20231002:0210,0.0,0.0,0.0,15.06,1.38,0.0
20231002:0310,0.0,0.0,0.0,14.89,1.52,0.0
20231002:0410,0.0,0.0,0.0,14.8,1.59,0.0
20231002:0510,0.0,0.0,0.0,14.7,1.66,0.0
20231002:0610,29.9,45.44,7.28,14.76,1.66,0.0
20231002:0710,84.27,104.14,17.18,16.63,1.03,0.0
20231002:0810,81.59,131.38,26.15,19.3,0.69,0.0
20231002:0910,175.94,237.45,33.58,21.09,0.07,0.0
20231002:1010,277.01,334.79,38.67,22.04,0.55,0.0
20231002:1110,350.68,406.72,40.62,22.9,0.97,0.0
20231002:1210,388.4,443.18,39.04,23.45,1.1,0.0
20231002:1310,390.36,444.22,34.25,23.66,1.03,0.0
20231002:1410,348.0,398.34,27.03,23.64,0.83,0.0
20231002:1510,257.51,301.58,18.18,23.48,0.69,0.0
20231002:1610,106.69,138.88,8.36,22.9,0.62,0.0
20231002:1710,0.0,0.0,0.0,22.07,0.34,0.0
20231002:1810,0.0,0.0,0.0,21.54,0.14,0.0
20231002:1910,0.0,0.0,0.0,19.66,0.9,0.0
20231002:2010,0.0,0.0,0.0,18.37,1.17,0.0
20231002:2110,0.0,0.0,0.0,17.5,1.24,0.0
20231002:2210,0.0,0.0,0.0,16.89,1.24,0.0
20231002:2310,0.0,0.0,0.0,16.53,1.24,0.0
20231003:0010,0.0,0.0,0.0,15.97,1.17,0.0
20231003:0110,0.0,0.0,0.0,16.13,1.17,0.0
20231003:0210,0.0,0.0,0.0,16.09,1.31,0.0
20231003:0310,0.0,0.0,0.0,16.13,1.31,0.0
20231003:0410,0.0,0.0,0.0,15.99,1.31,0.0
20231003:0510,0.0,0.0,0.0,15.87,1.38,0.0
20231003:0610,25.58,40.71,7.05,15.85,1.38,0.0
20231003:0710,99.07,119.29,16.93,16.4,1.31,0.0
20231003:0810,142.66,178.14,25.87,17.79,1.1,0.0
20231003:0910,197.1,249.7,33.27,20.13,0.55,0.0
20231003:1010,283.81,336.17,38.32,21.59,0.21,0.0
20231003:1110,343.15,395.87,40.23,22.42,0.69,0.0
20231003:1210,373.12,424.59,38.65,22.88,0.9,0.0
20231003:1310,367.33,416.57,33.86,23.18,1.03,0.0
20231003:1410,329.76,376.49,26.66,23.21,0.97,0.0
20231003:1510,222.0,260.27,17.83,23.03,0.83,0.0
20231003:1610,125.77,162.65,8.02,22.57,0.62,0.0
20231003:1710,0.0,0.0,0.0,21.79,0.34,0.0
20231003:1810,0.0,0.0,0.0,21.19,0.62,0.0
20231003:1910,0.0,0.0,0.0,19.97,0.76,0.0
20231003:2010,0.0,0.0,0.0,19.28,0.9,0.0
20231003:2110,0.0,0.0,0.0,19.63,0.76,0.0
20231003:2210,0.0,0.0,0.0,18.45,0.97,0.0
20231003:2310,0.0,0.0,0.0,18.48,0.9,0.0
20231004:0010,0.0,0.0,0.0,18.4,0.69,0.0
20231004:0110,0.0,0.0,0.0,18.15,0.69,0.0
20231004:0210,0.0,0.0,0.0,17.84,0.97,0.0
20231004:0310,0.0,0.0,0.0,16.97,1.1,0.0
20231004:0410,0.0,0.0,0.0,16.39,1.17,0.0
20231004:0510,0.0,0.0,0.0,15.66,1.31,0.0
20231004:0610,25.64,40.71,6.82,15.39,1.31,0.0
20231004:0710,67.97,87.1,16.68,16.55,0.83,0.0
20231004:0810,83.73,129.71,25.59,19.27,0.62,0.0
20231004:0910,168.9,228.79,32.95,20.64,1.03,0.0
20231004:1010,277.27,329.23,37.96,21.42,1.59,0.0
20231004:1110,288.71,322.71,39.85,21.44,1.86,0.0
20231004:1210,261.21,292.1,38.25,21.59,2.21,0.0
20231004:1310,275.94,308.06,33.48,21.47,2.21,0.0
20231004:1410,259.32,291.42,26.29,20.98,2.07,0.0
20231004:1510,175.82,204.79,17.48,20.23,1.66,0.0
20231004:1610,57.8,80.35,7.69,19.56,0.97,0.0
20231004:1710,0.0,0.0,0.0,18.96,0.48,0.0
20231004:1810,0.0,0.0,0.0,18.41,0.48,0.0
20231004:1910,0.0,0.0,0.0,17.9,1.03,0.0
20231004:2010,0.0,0.0,0.0,17.15,1.17,0.0
20231004:2110,0.0,0.0,0.0,16.71,1.31,0.0
20231004:2210,0.0,0.0,0.0,16.56,1.31,0.0
20231004:2310,0.0,0.0,0.0,17.04,1.38,0.0
20231005:0010,0.0,0.0,0.0,16.93,1.17,0.0
20231005:0110,0.0,0.0,0.0,16.69,0.97,0.0
20231005:0210,0.0,0.0,0.0,16.68,0.97,0.0
20231005:0310,0.0,0.0,0.0,16.49,0.9,0.0
20231005:0410,0.0,0.0,0.0,16.7,0.55,0.0
20231005:0510,0.0,0.0,0.0,17.08,0.41,0.0
20231005:0610,23.03,37.87,6.59,16.59,0.55,0.0
20231005:0710,86.53,106.98,16.43,17.25,0.14,0.0
20231005:0810,133.79,169.03,25.31,17.81,0.28,0.0
20231005:0910,194.16,244.26,32.63,18.89,0.55,0.0
20231005:1010,286.94,331.05,37.6,19.42,0.76,0.0
20231005:1110,337.73,383.94,39.46,19.71,0.9,0.0
20231005:1210,365.64,411.62,37.86,20.34,0.97,0.0
20231005:1310,363.73,409.53,33.1,20.99,1.03,0.0
20231005:1410,325.26,368.39,25.93,21.19,1.31,0.0
20231005:1510,220.18,256.75,17.13,21.0,1.31,0.0
20231005:1610,81.64,109.73,7.35,20.42,0.97,0.0
20231005:1710,0.0,0.0,0.0,19.3,0.55,0.0
20231005:1810,0.0,0.0,0.0,19.06,0.28,0.0
20231005:1910,0.0,0.0,0.0,18.81,0.76,0.0
20231005:2010,0.0,0.0,0.0,17.77,0.9,0.0
20231005:2110,0.0,0.0,0.0,17.29,0.9,0.0
20231005:2210,0.0,0.0,0.0,17.32,0.83,0.0
20231005:2310,0.0,0.0,0.0,17.32,0.83,0.0
20231006:0010,0.0,0.0,0.0,17.21,0.9,0.0
20231006:0110,0.0,0.0,0.0,17.01,0.97,0.0
20231006:0210,0.0,0.0,0.0,16.29,1.1,0.0
20231006:0310,0.0,0.0,0.0,15.06,1.1,0.0
20231006:0410,0.0,0.0,0.0,14.01,1.03,0.0
20231006:0510,0.0,0.0,0.0,14.4,1.1,0.0
20231006:0610,21.68,35.97,6.36,14.43,1.1,0.0
20231006:0710,90.56,109.82,16.17,14.87,1.24,0.0
20231006:0810,125.61,147.34,25.03,16.88,0.97,0.0
20231006:0910,97.85,119.39,32.31,18.83,0.76,0.0
20231006:1010,189.32,215.58,37.25,20.12,1.1,0.0
20231006:1110,198.79,226.18,39.08,20.96,1.24,0.0
20231006:1210,271.42,304.38,37.47,21.38,1.31,0.0
20231006:1310,318.29,357.34,32.71,21.51,1.31,0.0
20231006:1410,316.78,360.43,25.56,21.58,1.17,0.0
20231006:1510,222.5,261.12,16.79,21.3,0.97,0.0
20231006:1610,69.78,96.3,7.02,20.69,0.62,0.0
20231006:1710,0.0,0.0,0.0,20.01,0.34,0.0
20231006:1810,0.0,0.0,0.0,19.23,0.55,0.0
20231006:1910,0.0,0.0,0.0,17.84,1.03,0.0
20231006:2010,0.0,0.0,0.0,16.96,1.03,0.0
20231006:2110,0.0,0.0,0.0,16.19,1.1,0.0
20231006:2210,0.0,0.0,0.0,15.33,1.24,0.0
20231006:2310,0.0,0.0,0.0,14.93,1.24,0.0
20231007:0010,0.0,0.0,0.0,13.68,1.17,0.0
20231007:0110,0.0,0.0,0.0,13.66,1.24,0.0
20231007:0210,0.0,0.0,0.0,13.91,1.38,0.0
20231007:0310,0.0,0.0,0.0,13.93,1.52,0.0
20231007:0410,0.0,0.0,0.0,13.74,1.59,0.0
20231007:0510,0.0,0.0,0.0,13.63,1.66,0.0
20231007:0610,22.6,36.92,6.12,13.62,1.66,0.0
20231007:0710,86.82,106.03,15.92,14.95,1.1,0.0
20231007:0810,88.48,128.47,24.75,17.49,0.48,0.0
20231007:0910,149.44,212.02,31.99,19.56,0.28,0.0
20231007:1010,251.92,310.59,36.89,20.79,0.76,0.0
20231007:1110,327.98,383.82,38.7,21.65,0.9,0.0
20231007:1210,365.88,419.84,37.08,22.34,0.9,0.0
20231007:1310,367.94,421.51,32.34,22.79,0.83,0.0
20231007:1410,324.87,374.75,25.2,23.03,0.9,0.0
20231007:1510,233.95,278.13,16.44,22.84,0.83,0.0
20231007:1610,86.85,118.93,6.69,22.18,0.55,0.0
20231007:1710,0.0,0.0,0.0,21.48,0.0,0.0
20231007:1810,0.0,0.0,0.0,19.69,0.9,0.0
20231007:1910,0.0,0.0,0.0,18.22,1.38,0.0
20231007:2010,0.0,0.0,0.0,17.19,1.45,0.0
20231007:2110,0.0,0.0,0.0,16.07,1.66,0.0
20231007:2210,0.0,0.0,0.0,15.28,1.66,0.0
20231007:2310,0.0,0.0,0.0,14.66,1.72,0.0
20231008:0010,0.0,0.0,0.0,14.13,1.72,0.0
20231008:0110,0.0,0.0,0.0,13.71,1.79,0.0
20231008:0210,0.0,0.0,0.0,13.45,1.86,0.0
20231008:0310,0.0,0.0,0.0,13.28,1.93,0.0
20231008:0410,0.0,0.0,0.0,13.17,2.0,0.0
20231008:0510,0.0,0.0,0.0,13.04,2.07,0.0
20231008:0610,21.86,35.97,5.89,13.06,2.07,0.0
20231008:0710,63.95,82.36,15.67,15.39,1.66,0.0
20231008:0810,59.13,101.53,24.47,19.58,1.24,0.0
20231008:0910,144.69,207.94,31.67,22.26,0.9,0.0
20231008:1010,240.7,304.05,36.53,24.44,0.62,0.0
20231008:1110,313.44,376.5,38.31,25.98,0.48,0.0
20231008:1210,351.15,414.66,36.69,26.88,0.55,0.0
20231008:1310,349.5,410.51,31.96,27.44,0.76,0.0
20231008:1410,308.67,364.72,24.84,27.52,0.97,0.0
20231008:1510,200.04,243.54,16.1,26.91,0.83,0.0
20231008:1610,53.48,79.24,6.36,25.26,0.97,0.0
20231008:1710,0.0,0.0,0.0,22.84,1.45,0.0
20231008:1810,0.0,0.0,0.0,20.46,1.86,0.0
20231008:1910,0.0,0.0,0.0,18.66,2.0,0.0
20231008:2010,0.0,0.0,0.0,17.7,2.14,0.0
20231008:2110,0.0,0.0,0.0,17.02,2.28,0.0
20231008:2210,0.0,0.0,0.0,16.46,2.28,0.0
20231008:2310,0.0,0.0,0.0,15.96,2.34,0.0
20231009:0010,0.0,0.0,0.0,15.41,2.28,0.0
20231009:0110,0.0,0.0,0.0,14.82,2.21,0.0
20231009:0210,0.0,0.0,0.0,14.31,2.14,0.0
20231009:0310,0.0,0.0,0.0,13.91,2.14,0.0
20231009:0410,0.0,0.0,0.0,13.61,2.14,0.0
20231009:0510,0.0,0.0,0.0,13.33,2.14,0.0
20231009:0610,20.23,34.08,5.65,13.15,2.07,0.0
20231009:0710,61.24,79.52,15.41,15.36,1.52,0.0
20231009:0810,53.84,94.88,24.18,19.99,0.9,0.0
20231009:0910,139.38,203.44,31.35,22.68,0.41,0.0
20231009:1010,236.42,300.49,36.18,24.48,0.55,0.0
20231009:1110,310.19,372.51,37.93,25.64,0.69,0.0
20231009:1210,348.41,409.59,36.3,26.26,0.9,0.0
20231009:1310,344.57,402.55,31.58,26.64,1.03,0.0
20231009:1410,306.49,361.13,24.48,26.63,1.1,0.0
20231009:1510,179.09,218.21,15.76,26.05,0.9,0.0
20231009:1610,38.68,60.44,6.03,24.32,0.76,0.0
20231009:1710,0.0,0.0,0.0,24.29,0.69,0.0
20231009:1810,0.0,0.0,0.0,22.27,1.03,0.0
20231009:1910,0.0,0.0,0.0,21.93,1.1,0.0
20231009:2010,0.0,0.0,0.0,21.56,1.1,0.0
20231009:2110,0.0,0.0,0.0,20.05,1.17,0.0
20231009:2210,0.0,0.0,0.0,18.33,1.38,0.0
20231009:2310,0.0,0.0,0.0,16.82,1.66,0.0
20231010:0010,0.0,0.0,0.0,15.74,1.86,0.0
20231010:0110,0.0,0.0,0.0,14.83,2.0,0.0
20231010:0210,0.0,0.0,0.0,14.22,1.93,0.0
20231010:0310,0.0,0.0,0.0,13.67,1.93,0.0
20231010:0410,0.0,0.0,0.0,13.24,1.93,0.0
20231010:0510,0.0,0.0,0.0,12.92,1.86,0.0
20231010:0610,18.66,32.19,5.42,12.78,1.79,0.0
20231010:0710,59.46,77.63,15.16,15.2,1.17,0.0
20231010:0810,51.74,90.4,23.9,19.27,0.62,0.0
20231010:0910,135.05,198.11,31.03,21.49,0.34,0.0
20231010:1010,231.78,294.35,35.82,23.12,0.55,0.0
20231010:1110,306.06,366.04,37.55,24.25,0.76,0.0
20231010:1210,344.13,402.37,35.92,24.94,0.97,0.0
20231010:1310,342.79,398.83,31.21,25.23,1.03,0.0
20231010:1410,297.36,348.6,24.13,25.13,1.03,0.0
20231010:1510,158.79,193.59,15.42,24.67,0.9,0.0
20231010:1610,25.61,43.61,5.71,23.21,0.55,0.0
20231010:1710,0.0,0.0,0.0,22.85,0.55,0.0
20231010:1810,0.0,0.0,0.0,20.48,1.1,0.0
20231010:1910,0.0,0.0,0.0,21.57,0.34,0.0
20231010:2010,0.0,0.0,0.0,20.94,0.07,0.0
20231010:2110,0.0,0.0,0.0,20.08,0.07,0.0
20231010:2210,0.0,0.0,0.0,19.36,0.28,0.0
20231010:2310,0.0,0.0,0.0,18.63,0.55,0.0
20231011:0010,0.0,0.0,0.0,18.04,0.83,0.0
20231011:0110,0.0,0.0,0.0,15.81,1.17,0.0
20231011:0210,0.0,0.0,0.0,13.53,1.24,0.0
20231011:0310,0.0,0.0,0.0,14.07,1.31,0.0
20231011:0410,0.0,0.0,0.0,14.02,1.38,0.0
20231011:0510,0.0,0.0,0.0,13.86,1.38,0.0
20231011:0610,16.99,30.29,5.18,13.76,1.38,0.0
20231011:0710,76.92,95.62,14.9,14.51,1.17,0.0
20231011:0810,91.84,123.83,23.61,16.77,0.83,0.0
20231011:0910,152.79,207.24,30.71,19.32,0.21,0.0
20231011:1010,237.87,292.94,35.47,20.8,0.41,0.0
20231011:1110,301.56,356.06,37.17,21.72,0.76,0.0
20231011:1210,339.51,393.13,35.53,22.27,1.03,0.0
20231011:1310,335.59,386.13,30.84,22.64,1.1,0.0
20231011:1410,294.99,342.65,23.78,22.7,1.31,0.0
20231011:1510,197.81,238.83,15.09,22.32,1.31,0.0
20231011:1610,44.95,69.63,5.39,21.56,1.03,0.0
20231011:1710,0.0,0.0,0.0,20.33,0.76,0.0
20231011:1810,0.0,0.0,0.0,20.29,0.28,0.0
20231011:1910,0.0,0.0,0.0,18.24,0.97,0.0
20231011:2010,0.0,0.0,0.0,17.17,1.17,0.0
20231011:2110,0.0,0.0,0.0,16.5,1.17,0.0
20231011:2210,0.0,0.0,0.0,16.03,1.1,0.0
20231011:2310,0.0,0.0,0.0,15.87,1.1,0.0
20231012:0010,0.0,0.0,0.0,15.66,1.03,0.0
20231012:0110,0.0,0.0,0.0,15.04,0.97,0.0
20231012:0210,0.0,0.0,0.0,15.16,1.1,0.0
20231012:0310,0.0,0.0,0.0,14.82,1.17,0.0
20231012:0410,0.0,0.0,0.0,14.53,1.17,0.0
20231012:0510,0.0,0.0,0.0,14.71,1.17,0.0
20231012:0610,8.73,19.88,4.94,14.67,1.03,0.0
20231012:0710,68.15,87.1,14.64,16.09,0.97,0.0
20231012:0810,139.18,162.73,23.33,17.73,0.69,0.0
20231012:0910,207.45,242.33,30.39,18.96,0.14,0.0
20231012:1010,239.61,292.57,35.11,20.17,0.62,0.0
20231012:1110,300.27,353.03,36.8,21.07,0.83,0.0
20231012:1210,331.67,381.44,35.15,21.6,0.97,0.0
20231012:1310,318.9,365.46,30.47,22.08,0.9,0.0
20231012:1410,269.76,312.93,23.42,22.29,0.9,0.0
20231012:1510,130.97,160.45,14.76,22.07,0.9,0.0
20231012:1610,16.7,31.8,5.07,21.31,0.62,0.0
20231012:1710,0.0,0.0,0.0,20.56,0.28,0.0
20231012:1810,0.0,0.0,0.0,19.37,0.83,0.0
20231012:1910,0.0,0.0,0.0,17.51,1.1,0.0
20231012:2010,0.0,0.0,0.0,16.79,1.03,0.0
20231012:2110,0.0,0.0,0.0,16.08,1.1,0.0
20231012:2210,0.0,0.0,0.0,15.77,1.1,0.0
20231012:2310,0.0,0.0,0.0,16.03,1.03,0.0
20231013:0010,0.0,0.0,0.0,14.86,1.03,0.0
20231013:0110,0.0,0.0,0.0,14.0,1.03,0.0
20231013:0210,0.0,0.0,0.0,14.45,1.1,0.0
20231013:0310,0.0,0.0,0.0,14.45,1.17,0.0
20231013:0410,0.0,0.0,0.0,14.39,1.24,0.0
20231013:0510,0.0,0.0,0.0,14.35,1.24,0.0
20231013:0610,8.74,19.88,4.7,14.46,1.24,0.0
20231013:0710,72.14,90.88,14.39,15.0,0.9,0.0
20231013:0810,121.14,142.67,23.04,16.69,0.69,0.0
20231013:0910,94.4,115.5,30.07,18.11,0.48,0.0
20231013:1010,104.11,126.18,34.76,18.96,0.21,0.0
20231013:1110,269.26,303.32,36.42,19.96,0.62,0.0
20231013:1210,282.37,317.42,34.77,20.27,0.9,0.0
20231013:1310,220.41,249.67,30.1,20.45,1.03,0.0
20231013:1410,144.13,169.4,23.08,20.76,1.17,0.0
20231013:1510,148.38,179.94,14.43,20.41,0.97,0.0
20231013:1610,39.86,64.15,4.75,19.87,0.41,0.0
20231013:1710,0.0,0.0,0.0,19.38,0.34,0.0
20231013:1810,0.0,0.0,0.0,18.1,0.76,0.0
20231013:1910,0.0,0.0,0.0,17.23,1.03,0.0
20231013:2010,0.0,0.0,0.0,17.31,0.9,0.0
20231013:2110,0.0,0.0,0.0,17.55,0.76,0.0
20231013:2210,0.0,0.0,0.0,17.92,0.55,0.0
20231013:2310,0.0,0.0,0.0,17.68,0.48,0.0
20231014:0010,0.0,0.0,0.0,17.36,0.41,0.0
20231014:0110,0.0,0.0,0.0,17.11,0.28,0.0
20231014:0210,0.0,0.0,0.0,16.95,0.14,0.0
20231014:0310,0.0,0.0,0.0,16.84,0.14,0.0
20231014:0410,0.0,0.0,0.0,16.77,0.07,0.0
20231014:0510,0.0,0.0,0.0,16.69,0.0,0.0
20231014:0610,0.0,3.79,4.47,16.65,0.07,0.0
20231014:0710,38.11,54.91,14.13,15.97,0.14,0.0
20231014:0810,107.42,133.64,22.75,16.94,0.14,0.0
20231014:0910,198.97,229.85,29.75,17.75,0.21,0.0
20231014:1010,245.18,290.05,34.4,18.68,0.21,0.0
20231014:1110,283.31,321.78,36.05,19.3,0.07,0.0
20231014:1210,288.18,325.4,34.4,19.7,0.34,0.0
20231014:1310,219.73,249.45,29.74,20.3,0.69,0.0
20231014:1410,186.78,215.67,22.73,20.3,0.97,0.0
20231014:1510,172.18,209.86,14.1,19.93,0.48,0.0
20231014:1610,12.72,25.56,4.44,19.44,0.28,0.0
20231014:1710,0.0,0.0,0.0,18.22,0.9,0.0
20231014:1810,0.0,0.0,0.0,17.05,1.1,0.0
20231014:1910,0.0,0.0,0.0,16.34,1.17,0.0
20231014:2010,0.0,0.0,0.0,15.58,1.24,0.0
20231014:2110,0.0,0.0,0.0,14.78,1.38,0.0
20231014:2210,0.0,0.0,0.0,13.96,1.45,0.0
20231014:2310,0.0,0.0,0.0,13.48,1.52,0.0
20231015:0010,0.0,0.0,0.0,12.95,1.66,0.0
20231015:0110,0.0,0.0,0.0,12.43,1.79,0.0
20231015:0210,0.0,0.0,0.0,11.92,1.93,0.0
20231015:0310,0.0,0.0,0.0,11.74,2.21,0.0
20231015:0410,0.0,0.0,0.0,11.83,2.41,0.0
20231015:0510,0.0,0.0,0.0,11.78,2.55,0.0
20231015:0610,5.47,15.15,4.23,11.88,2.76,0.0
20231015:0710,64.59,82.36,13.87,13.67,2.69,0.0
20231015:0810,65.89,91.02,22.47,16.19,2.97,0.0
20231015:0910,141.23,192.82,29.43,17.32,4.07,0.0
20231015:1010,257.76,296.39,34.05,18.12,4.48,0.0
20231015:1110,298.89,331.18,35.68,18.57,4.83,0.0
20231015:1210,330.08,370.21,34.02,18.78,4.41,0.0
20231015:1310,319.58,357.16,29.37,18.77,4.0,0.0
20231015:1410,186.26,211.83,22.39,18.74,3.66,0.0
20231015:1510,79.69,100.7,13.78,18.29,3.38,0.0
20231015:1610,1.79,9.47,4.13,17.4,2.9,0.0
20231015:1710,0.0,0.0,0.0,16.14,2.28,0.0
20231015:1810,0.0,0.0,0.0,14.42,1.86,0.0
20231015:1910,0.0,0.0,0.0,14.11,2.76,0.0
20231015:2010,0.0,0.0,0.0,12.69,2.0,0.0
20231015:2110,0.0,0.0,0.0,12.12,1.45,0.0
20231015:2210,0.0,0.0,0.0,11.88,1.24,0.0
20231015:2310,0.0,0.0,0.0,12.86,0.97,0.0
20231016:0010,0.0,0.0,0.0,12.48,0.41,0.0
20231016:0110,0.0,0.0,0.0,12.33,0.62,0.0
20231016:0210,0.0,0.0,0.0,12.35,0.62,0.0
20231016:0310,0.0,0.0,0.0,11.4,0.83,0.0
20231016:0410,0.0,0.0,0.0,12.03,1.03,0.0
20231016:0510,0.0,0.0,0.0,11.74,0.9,0.0
20231016:0610,1.88,9.47,3.99,11.61,1.03,0.0
20231016:0710,38.23,53.96,13.61,11.17,1.1,0.0
20231016:0810,44.0,60.18,22.18,11.3,1.03,0.0
20231016:0910,206.17,230.36,29.11,11.62,1.17,0.0
20231016:1010,235.27,256.71,33.7,12.24,1.17,0.0
20231016:1110,296.88,324.83,35.31,12.56,1.1,0.0
20231016:1210,306.9,336.32,33.65,13.18,0.76,0.0
20231016:1310,247.69,271.89,29.02,13.31,0.48,0.0
20231016:1410,204.18,229.14,22.05,13.61,0.34,0.0
20231016:1510,112.65,135.87,13.46,13.37,0.14,0.0
20231016:1610,8.8,19.88,3.82,13.09,0.07,0.0
20231016:1710,0.0,0.0,0.0,12.75,0.28,0.0
20231016:1810,0.0,0.0,0.0,12.41,0.41,0.0
20231016:1910,0.0,0.0,0.0,11.16,0.9,0.0
20231016:2010,0.0,0.0,0.0,11.19,0.83,0.0
20231016:2110,0.0,0.0,0.0,11.37,0.76,0.0
20231016:2210,0.0,0.0,0.0,11.17,0.62,0.0
20231016:2310,0.0,0.0,0.0,11.1,0.62,0.0
20231017:0010,0.0,0.0,0.0,11.09,0.69,0.0
20231017:0110,0.0,0.0,0.0,11.05,0.76,0.0
20231017:0210,0.0,0.0,0.0,10.51,0.97,0.0
20231017:0310,0.0,0.0,0.0,9.05,1.24,0.0
20231017:0410,0.0,0.0,0.0,8.63,1.17,0.0
20231017:0510,0.0,0.0,0.0,8.34,1.17,0.0
20231017:0610,9.82,20.83,3.75,7.78,1.1,0.0
20231017:0710,54.7,71.0,13.35,9.62,0.9,0.0
20231017:0810,68.63,87.51,21.89,11.72,0.48,0.0
20231017:0910,154.35,197.93,28.79,12.87,0.28,0.0
20231017:1010,243.75,283.16,33.35,13.53,0.62,0.0
20231017:1110,291.05,322.89,34.94,14.33,0.9,0.0
20231017:1210,233.68,257.18,33.28,14.86,0.9,0.0
20231017:1310,234.68,259.77,28.66,14.99,0.76,0.0
20231017:1410,217.53,245.94,21.71,14.97,0.69,0.0
20231017:1510,112.83,137.13,13.14,14.61,0.97,0.0
20231017:1610,7.38,17.99,3.52,13.93,1.1,0.0
20231017:1710,0.0,0.0,0.0,12.59,1.03,0.0
20231017:1810,0.0,0.0,0.0,12.94,0.41,0.0
20231017:1910,0.0,0.0,0.0,11.82,0.69,0.0
20231017:2010,0.0,0.0,0.0,10.98,0.9,0.0
20231017:2110,0.0,0.0,0.0,10.77,0.9,0.0
20231017:2210,0.0,0.0,0.0,10.92,0.83,0.0
20231017:2310,0.0,0.0,0.0,10.95,0.76,0.0
20231018:0010,0.0,0.0,0.0,10.73,0.83,0.0
20231018:0110,0.0,0.0,0.0,10.42,0.9,0.0
20231018:0210,0.0,0.0,0.0,10.47,0.9,0.0
20231018:0310,0.0,0.0,0.0,11.1,0.69,0.0
20231018:0410,0.0,0.0,0.0,11.15,0.55,0.0
20231018:0510,0.0,0.0,0.0,11.22,0.55,0.0
20231018:0610,8.21,18.93,3.5,11.03,0.76,0.0
20231018:0710,22.11,35.97,13.09,10.65,0.69,0.0
20231018:0810,110.42,128.75,21.6,11.85,0.41,0.0
20231018:0910,53.75,70.86,28.47,12.43,0.41,0.0
20231018:1010,76.14,94.15,33.01,12.49,0.41,0.0
20231018:1110,74.18,92.21,34.57,12.58,0.21,0.0
20231018:1210,31.25,46.59,32.91,12.36,0.14,0.0
20231018:1310,97.17,115.5,28.31,12.18,0.41,0.0
20231018:1410,40.17,56.3,21.38,12.09,0.34,0.0
20231018:1510,7.1,17.47,12.83,11.97,0.28,0.0
20231018:1610,0.0,4.73,3.22,11.83,0.34,0.0
20231018:1710,0.0,0.0,0.0,11.71,0.28,0.0
20231018:1810,0.0,0.0,0.0,11.58,0.41,0.0
20231018:1910,0.0,0.0,0.0,11.14,0.07,0.0
20231018:2010,0.0,0.0,0.0,11.22,0.14,0.0
20231018:2110,0.0,0.0,0.0,11.16,0.14,0.0
20231018:2210,0.0,0.0,0.0,11.31,0.14,0.0
20231018:2310,0.0,0.0,0.0,11.24,0.48,0.0
20231019:0010,0.0,0.0,0.0,11.26,0.55,0.0
20231019:0110,0.0,0.0,0.0,11.31,0.48,0.0
20231019:0210,0.0,0.0,0.0,11.49,0.48,0.0
20231019:0310,0.0,0.0,0.0,11.42,0.34,0.0
20231019:0410,0.0,0.0,0.0,11.44,0.21,0.0
20231019:0510,0.0,0.0,0.0,11.45,0.34,0.0
20231019:0610,0.0,2.84,3.26,11.34,0.41,0.0
20231019:0710,19.57,33.13,12.83,11.5,0.14,0.0
20231019:0810,40.66,56.8,21.32,11.89,0.07,0.0
20231019:0910,24.41,38.82,28.16,12.12,0.21,0.0
20231019:1010,30.39,45.62,32.66,12.32,0.21,0.0
20231019:1110,64.87,82.5,34.21,12.48,0.34,0.0
20231019:1210,30.35,45.62,32.55,12.64,0.41,0.0
20231019:1310,36.51,52.41,27.96,12.59,0.55,0.0
20231019:1410,45.49,62.12,21.05,12.64,0.62,0.0
20231019:1510,28.64,43.68,12.51,12.51,0.48,0.0
20231019:1610,0.0,3.79,2.92,12.36,0.48,0.0
20231019:1710,0.0,0.0,0.0,12.22,0.34,0.0
20231019:1810,0.0,0.0,0.0,12.27,0.07,0.0
20231019:1910,0.0,0.0,0.0,11.93,0.41,0.0
20231019:2010,0.0,0.0,0.0,11.98,0.14,0.0
20231019:2110,0.0,0.0,0.0,12.22,0.07,0.0
20231019:2210,0.0,0.0,0.0,12.26,0.41,0.0
20231019:2310,0.0,0.0,0.0,12.33,0.97,0.0
20231020:0010,0.0,0.0,0.0,12.44,1.03,0.0
20231020:0110,0.0,0.0,0.0,12.86,0.34,0.0
20231020:0210,0.0,0.0,0.0,12.65,0.69,0.0
20231020:0310,0.0,0.0,0.0,12.59,0.34,0.0
20231020:0410,0.0,0.0,0.0,12.64,1.1,0.0
20231020:0510,0.0,0.0,0.0,12.65,1.72,0.0
20231020:0610,0.0,4.73,3.02,13.0,2.28,0.0
20231020:0710,5.41,15.15,12.57,13.68,3.45,0.0
20231020:0810,25.01,39.76,21.03,14.23,4.14,0.0
20231020:0910,37.14,53.38,27.84,14.64,4.41,0.0
20231020:1010,40.65,57.27,32.31,14.87,4.21,0.0
20231020:1110,31.75,47.56,33.85,15.26,3.79,0.0
20231020:1210,29.15,44.65,32.19,15.31,3.66,0.0
20231020:1310,28.26,43.68,27.61,15.44,2.62,0.0
20231020:1410,14.29,27.18,20.72,15.72,2.14,0.0
20231020:1510,4.94,14.56,12.21,15.68,2.14,0.0
20231020:1610,0.0,1.89,2.63,14.96,1.86,0.0
20231020:1710,0.0,0.0,0.0,14.09,1.72,0.0
20231020:1810,0.0,0.0,0.0,13.82,1.59,0.0
20231020:1910,0.0,0.0,0.0,12.97,1.31,0.0
20231020:2010,0.0,0.0,0.0,13.01,1.31,0.0
20231020:2110,0.0,0.0,0.0,13.14,1.17,0.0
20231020:2210,0.0,0.0,0.0,13.22,1.24,0.0
20231020:2310,0.0,0.0,0.0,13.25,1.31,0.0
20231021:0010,0.0,0.0,0.0,13.05,1.45,0.0
20231021:0110,0.0,0.0,0.0,12.97,1.45,0.0
20231021:0210,0.0,0.0,0.0,12.92,1.38,0.0
20231021:0310,0.0,0.0,0.0,12.96,1.31,0.0
20231021:0410,0.0,0.0,0.0,12.86,1.24,0.0
20231021:0510,0.0,0.0,0.0,12.91,1.17,0.0
20231021:0610,0.0,1.89,2.78,12.89,1.38,0.0
20231021:0710,66.37,84.26,12.3,13.24,0.9,0.0
20231021:0810,32.43,48.28,20.74,14.6,0.9,0.0
20231021:0910,60.48,78.62,27.52,15.03,1.38,0.0
20231021:1010,66.0,84.44,31.97,15.24,1.79,0.0
20231021:1110,56.51,74.74,33.49,16.23,2.14,0.0
20231021:1210,70.58,89.3,31.83,15.49,1.93,0.0
20231021:1310,62.85,81.53,27.27,16.53,2.28,0.0
20231021:1410,43.95,61.15,20.4,15.81,2.07,0.0
20231021:1510,10.53,22.32,11.9,15.21,1.31,0.0
20231021:1610,1.33,8.52,2.34,14.27,0.76,0.0
20231021:1710,0.0,0.0,0.0,13.12,1.03,0.0
20231021:1810,0.0,0.0,0.0,13.25,0.9,0.0
20231021:1910,0.0,0.0,0.0,12.57,0.76,0.0
20231021:2010,0.0,0.0,0.0,12.31,0.97,0.0
20231021:2110,0.0,0.0,0.0,12.27,0.9,0.0
20231021:2210,0.0,0.0,0.0,12.3,0.76,0.0
20231021:2310,0.0,0.0,0.0,12.23,0.62,0.0
20231022:0010,0.0,0.0,0.0,11.97,0.69,0.0
20231022:0110,0.0,0.0,0.0,12.25,0.48,0.0
20231022:0210,0.0,0.0,0.0,12.25,0.41,0.0
20231022:0310,0.0,0.0,0.0,11.64,0.76,0.0
20231022:0410,0.0,0.0,0.0,11.89,0.69,0.0
20231022:0510,0.0,0.0,0.0,11.54,0.69,0.0
20231022:0610,3.64,12.31,2.54,9.76,1.17,0.0
20231022:0710,65.75,82.36,12.04,9.52,0.9,0.0
20231022:0810,103.45,122.13,20.46,12.92,0.83,0.0
20231022:0910,183.38,211.55,27.21,14.28,0.55,0.0
20231022:1010,120.33,140.74,31.63,15.44,0.76,0.0
20231022:1110,266.52,304.91,33.13,15.89,0.62,0.0
20231022:1210,277.11,312.73,31.48,16.34,0.55,0.0
20231022:1310,203.86,229.22,26.93,16.5,0.9,0.0
20231022:1410,170.09,196.55,20.08,16.62,1.1,0.0
20231022:1510,96.4,122.19,11.61,16.25,0.83,0.0
20231022:1610,0.0,3.79,2.06,15.49,0.41,0.0
20231022:1710,0.0,0.0,0.0,14.95,0.48,0.0
20231022:1810,0.0,0.0,0.0,13.66,0.9,0.0
20231022:1910,0.0,0.0,0.0,13.6,0.9,0.0
20231022:2010,0.0,0.0,0.0,13.33,0.9,0.0
20231022:2110,0.0,0.0,0.0,12.74,1.03,0.0
20231022:2210,0.0,0.0,0.0,12.18,1.17,0.0
20231022:2310,0.0,0.0,0.0,11.59,1.31,0.0
20231023:0010,0.0,0.0,0.0,11.58,1.31,0.0
20231023:0110,0.0,0.0,0.0,11.65,1.24,0.0
20231023:0210,0.0,0.0,0.0,11.24,1.31,0.0
20231023:0310,0.0,0.0,0.0,11.14,1.31,0.0
20231023:0410,0.0,0.0,0.0,11.03,1.31,0.0
20231023:0510,0.0,0.0,0.0,11.01,1.38,0.0
20231023:0610,0.01,5.68,2.3,10.73,1.38,0.0
20231023:0710,48.64,65.32,11.78,12.07,0.83,0.0
20231023:0810,37.75,53.96,20.17,13.59,0.76,0.0
20231023:0910,132.42,152.44,26.89,14.15,0.83,0.0
20231023:1010,73.5,92.21,31.29,14.88,1.17,0.0
20231023:1110,29.97,45.62,32.78,15.2,1.17,0.0
20231023:1210,28.26,43.68,31.13,15.19,0.97,0.0
20231023:1310,22.36,36.88,26.59,15.2,0.69,0.0
20231023:1410,48.49,66.0,19.77,15.11,0.28,0.0
20231023:1510,12.04,24.27,11.31,14.87,0.48,0.0
20231023:1610,0.0,1.89,1.78,14.39,0.97,0.0
20231023:1710,0.0,0.0,0.0,14.0,1.17,0.0
20231023:1810,0.0,0.0,0.0,13.49,1.03,0.0
20231023:1910,0.0,0.0,0.0,12.79,0.9,0.0
20231023:2010,0.0,0.0,0.0,12.91,1.03,0.0
20231023:2110,0.0,0.0,0.0,12.74,0.97,0.0
20231023:2210,0.0,0.0,0.0,12.68,0.97,0.0
20231023:2310,0.0,0.0,0.0,12.57,0.9,0.0
20231024:0010,0.0,0.0,0.0,12.65,0.76,0.0
20231024:0110,0.0,0.0,0.0,12.6,0.69,0.0
20231024:0210,0.0,0.0,0.0,12.56,0.97,0.0
20231024:0310,0.0,0.0,0.0,12.33,0.76,0.0
20231024:0410,0.0,0.0,0.0,12.25,0.9,0.0
20231024:0510,0.0,0.0,0.0,12.17,0.83,0.0
20231024:0610,0.0,2.84,2.05,12.23,0.69,0.0
20231024:0710,8.85,19.88,11.52,12.26,0.83,0.0
20231024:0810,26.87,41.66,19.88,12.43,0.83,0.0
20231024:0910,22.67,36.88,26.58,12.63,0.83,0.0
20231024:1010,57.4,74.74,30.95,12.76,0.9,0.0
20231024:1110,62.99,80.56,32.43,12.69,0.83,0.0
20231024:1210,44.54,61.15,30.78,12.94,1.03,0.0
20231024:1310,29.4,44.65,26.26,13.24,0.76,0.0
20231024:1410,26.79,41.74,19.46,13.44,0.62,0.0
20231024:1510,9.89,21.35,11.02,13.51,0.48,0.0
20231024:1610,0.0,0.95,1.5,13.38,0.07,0.0
20231024:1710,0.0,0.0,0.0,13.13,0.41,0.0
20231024:1810,0.0,0.0,0.0,12.78,0.48,0.0
20231024:1910,0.0,0.0,0.0,11.54,1.03,0.0
20231024:2010,0.0,0.0,0.0,12.19,0.62,0.0
20231024:2110,0.0,0.0,0.0,11.88,0.76,0.0
20231024:2210,0.0,0.0,0.0,10.49,1.17,0.0
20231024:2310,0.0,0.0,0.0,9.61,1.31,0.0
20231025:0010,0.0,0.0,0.0,9.47,1.31,0.0
20231025:0110,0.0,0.0,0.0,8.48,1.52,0.0
20231025:0210,0.0,0.0,0.0,8.27,1.45,0.0
20231025:0310,0.0,0.0,0.0,7.84,1.45,0.0
20231025:0410,0.0,0.0,0.0,7.39,1.38,0.0
20231025:0510,0.0,0.0,0.0,8.17,1.45,0.0
20231025:0610,0.0,3.79,1.81,8.31,1.59,0.0
20231025:0710,60.13,76.68,11.26,9.82,0.9,0.0
20231025:0810,108.01,125.91,19.6,11.22,0.62,0.0
20231025:0910,96.04,114.53,26.27,12.47,0.28,0.0
20231025:1010,197.33,220.82,30.62,13.96,0.0,0.0
20231025:1110,168.93,190.38,32.08,15.02,0.62,0.0
20231025:1210,27.32,42.71,30.44,15.78,1.03,0.0
20231025:1310,204.19,229.54,25.93,16.05,1.45,0.0
20231025:1410,40.41,57.27,19.15,15.57,1.59,0.0
20231025:1510,28.26,43.68,10.73,15.21,1.24,0.0
20231025:1610,0.0,0.0,0.0,14.62,0.62,0.0
20231025:1710,0.0,0.0,0.0,14.08,0.41,0.0
20231025:1810,0.0,0.0,0.0,12.65,0.97,0.0
20231025:1910,0.0,0.0,0.0,12.35,1.1,0.0
20231025:2010,0.0,0.0,0.0,12.01,1.17,0.0
20231025:2110,0.0,0.0,0.0,12.07,1.17,0.0
20231025:2210,0.0,0.0,0.0,11.98,1.24,0.0
20231025:2310,0.0,0.0,0.0,11.95,1.1,0.0
20231026:0010,0.0,0.0,0.0,12.05,0.97,0.0
20231026:0110,0.0,0.0,0.0,12.61,0.62,0.0
20231026:0210,0.0,0.0,0.0,12.42,0.69,0.0
20231026:0310,0.0,0.0,0.0,11.95,0.83,0.0
20231026:0410,0.0,0.0,0.0,11.78,0.83,0.0
20231026:0510,0.0,0.0,0.0,11.76,0.83,0.0
20231026:0610,0.0,0.95,1.57,11.49,0.83,0.0
20231026:0710,51.6,68.16,11.0,10.98,0.69,0.0
20231026:0810,123.09,142.01,19.31,12.53,0.28,0.0
20231026:0910,97.4,116.47,25.96,13.75,0.48,0.0
20231026:1010,110.36,130.06,30.28,14.32,0.34,0.0
20231026:1110,52.3,69.88,31.74,14.36,0.21,0.0
20231026:1210,227.77,253.53,30.1,14.58,0.41,0.0
20231026:1310,154.87,176.39,25.61,14.74,0.48,0.0
20231026:1410,30.89,46.59,18.85,14.78,0.69,0.0
20231026:1510,25.81,40.77,10.45,14.44,0.69,0.0
20231026:1610,0.0,0.0,0.0,13.91,0.41,0.0
20231026:1710,0.0,0.0,0.0,13.23,0.55,0.0
20231026:1810,0.0,0.0,0.0,12.91,1.1,0.0
20231026:1910,0.0,0.0,0.0,12.7,1.17,0.0
20231026:2010,0.0,0.0,0.0,12.58,0.62,0.0
20231026:2110,0.0,0.0,0.0,12.67,0.62,0.0
20231026:2210,0.0,0.0,0.0,12.62,0.9,0.0
20231026:2310,0.0,0.0,0.0,12.62,0.97,0.0
20231027:0010,0.0,0.0,0.0,12.75,1.1,0.0
20231027:0110,0.0,0.0,0.0,12.74,1.1,0.0
20231027:0210,0.0,0.0,0.0,12.67,0.83,0.0
20231027:0310,0.0,0.0,0.0,12.63,0.76,0.0
20231027:0410,0.0,0.0,0.0,12.26,0.9,0.0
20231027:0510,0.0,0.0,0.0,11.53,1.24,0.0
20231027:0610,0.0,3.79,1.33,10.78,1.38,0.0
20231027:0710,48.97,65.32,10.74,10.84,1.17,0.0
20231027:0810,82.84,101.3,19.03,13.47,1.17,0.0
20231027:0910,63.82,112.25,25.65,15.24,1.45,0.0
20231027:1010,140.33,201.32,29.95,16.7,1.59,0.0
20231027:1110,215.01,270.71,31.4,17.94,1.66,0.0
20231027:1210,252.1,305.57,29.76,18.75,1.45,0.0
20231027:1310,250.9,301.71,25.29,19.06,1.24,0.0
20231027:1410,143.32,170.39,18.55,19.01,1.31,0.0
20231027:1510,81.02,108.14,10.17,18.31,0.83,0.0
20231027:1610,0.0,0.0,0.0,16.41,1.17,0.0
20231027:1710,0.0,0.0,0.0,14.51,1.38,0.0
20231027:1810,0.0,0.0,0.0,13.17,1.52,0.0
20231027:1910,0.0,0.0,0.0,11.56,1.59,0.0
20231027:2010,0.0,0.0,0.0,10.66,1.59,0.0
20231027:2110,0.0,0.0,0.0,10.13,1.66,0.0
20231027:2210,0.0,0.0,0.0,9.62,1.72,0.0
20231027:2310,0.0,0.0,0.0,8.8,1.79,0.0
20231028:0010,0.0,0.0,0.0,8.5,1.72,0.0
20231028:0110,0.0,0.0,0.0,8.01,1.79,0.0
20231028:0210,0.0,0.0,0.0,7.64,1.93,0.0
20231028:0310,0.0,0.0,0.0,7.58,1.79,0.0
20231028:0410,0.0,0.0,0.0,7.78,1.59,0.0
20231028:0510,0.0,0.0,0.0,7.82,1.45,0.0
20231028:0610,0.0,0.0,0.0,8.0,1.31,0.0
20231028:0710,39.05,53.96,10.48,7.05,1.45,0.0
20231028:0810,62.56,79.52,18.75,10.94,1.03,0.0
20231028:0910,163.38,191.09,25.34,13.63,0.62,0.0
20231028:1010,213.37,240.94,29.62,14.93,1.03,0.0
20231028:1110,222.45,272.13,31.06,15.63,1.38,0.0
20231028:1210,229.94,256.92,29.43,15.86,1.24,0.0
20231028:1310,225.49,257.12,24.97,16.12,1.03,0.0
20231028:1410,171.56,202.55,18.25,16.14,1.17,0.0
20231028:1510,43.4,60.59,9.9,15.66,0.9,0.0
20231028:1610,0.0,0.0,0.0,14.84,0.55,0.0
20231028:1710,0.0,0.0,0.0,14.61,0.62,0.0
20231028:1810,0.0,0.0,0.0,14.07,0.55,0.0
20231028:1910,0.0,0.0,0.0,10.7,1.52,0.0
20231028:2010,0.0,0.0,0.0,10.64,1.52,0.0
20231028:2110,0.0,0.0,0.0,10.66,1.45,0.0
20231028:2210,0.0,0.0,0.0,10.67,1.45,0.0
20231028:2310,0.0,0.0,0.0,10.63,1.38,0.0
20231029:0010,0.0,0.0,0.0,10.82,1.45,0.0
20231029:0110,0.0,0.0,0.0,11.16,1.52,0.0
20231029:0210,0.0,0.0,0.0,11.29,1.38,0.0
20231029:0310,0.0,0.0,0.0,11.27,1.38,0.0
20231029:0410,0.0,0.0,0.0,11.53,1.45,0.0
20231029:0510,0.0,0.0,0.0,11.49,1.45,0.0
20231029:0610,0.0,0.0,0.0,11.47,1.59,0.0
20231029:0710,23.7,37.87,10.22,11.22,1.03,0.0
20231029:0810,111.53,129.7,18.47,11.91,1.03,0.0
20231029:0910,28.67,43.68,25.03,12.37,0.97,0.0
20231029:1010,26.05,40.77,29.3,12.73,1.24,0.0
20231029:1110,28.59,43.68,30.72,13.01,1.45,0.0
20231029:1210,25.99,40.77,29.1,13.28,1.66,0.0
20231029:1310,20.1,33.97,24.66,13.5,1.79,0.0
20231029:1410,32.01,47.56,17.96,13.35,1.45,0.0
20231029:1510,8.1,18.93,9.63,13.29,1.59,0.0
20231029:1610,0.0,0.0,0.0,13.07,1.59,0.0
20231029:1710,0.0,0.0,0.0,12.97,1.72,0.0
20231029:1810,0.0,0.0,0.0,12.91,1.72,0.0
20231029:1910,0.0,0.0,0.0,12.22,0.97,0.0
20231029:2010,0.0,0.0,0.0,12.18,0.83,0.0
20231029:2110,0.0,0.0,0.0,12.3,0.9,0.0
20231029:2210,0.0,0.0,0.0,12.26,0.83,0.0
20231029:2310,0.0,0.0,0.0,12.45,0.97,0.0
20231030:0010,0.0,0.0,0.0,12.56,0.97,0.0
20231030:0110,0.0,0.0,0.0,12.6,1.03,0.0
20231030:0210,0.0,0.0,0.0,12.6,0.97,0.0
20231030:0310,0.0,0.0,0.0,12.6,0.97,0.0
20231030:0410,0.0,0.0,0.0,12.55,0.9,0.0
20231030:0510,0.0,0.0,0.0,12.52,0.9,0.0
20231030:0610,0.0,0.0,0.0,12.64,1.03,0.0
20231030:0710,10.27,21.77,9.96,12.53,0.41,0.0
20231030:0810,16.26,29.35,18.19,13.1,0.55,0.0
20231030:0910,20.08,33.97,24.73,13.43,0.48,0.0
20231030:1010,38.97,55.33,28.98,13.64,0.48,0.0
20231030:1110,27.61,42.71,30.39,13.69,0.69,0.0
20231030:1210,25.06,39.8,28.77,13.68,0.76,0.0
20231030:1310,30.18,45.62,24.35,13.75,0.48,0.0
20231030:1410,21.69,35.91,17.68,13.81,0.69,0.0
20231030:1510,10.92,22.72,9.36,13.8,0.76,0.0
20231030:1610,0.0,0.0,0.0,13.57,0.69,0.0
20231030:1710,0.0,0.0,0.0,13.5,0.62,0.0
20231030:1810,0.0,0.0,0.0,13.59,1.45,0.0
20231030:1910,0.0,0.0,0.0,13.74,2.34,0.0
20231030:2010,0.0,0.0,0.0,13.7,1.79,0.0
20231030:2110,0.0,0.0,0.0,13.65,1.52,0.0
20231030:2210,0.0,0.0,0.0,13.28,1.03,0.0
20231030:2310,0.0,0.0,0.0,12.88,0.55,0.0
20231031:0010,0.0,0.0,0.0,12.76,0.34,0.0
20231031:0110,0.0,0.0,0.0,11.95,0.97,0.0
20231031:0210,0.0,0.0,0.0,11.49,1.38,0.0
20231031:0310,0.0,0.0,0.0,11.87,1.86,0.0
20231031:0410,0.0,0.0,0.0,11.78,2.07,0.0
20231031:0510,0.0,0.0,0.0,11.42,1.86,0.0
20231031:0610,0.0,0.0,0.0,11.51,1.86,0.0
20231031:0710,6.15,16.09,9.7,11.28,2.21,0.0
20231031:0810,65.23,82.36,17.91,11.42,1.72,0.0
20231031:0910,155.66,175.93,24.43,12.59,1.45,0.0
20231031:1010,166.06,211.28,28.66,13.95,1.31,0.0
20231031:1110,192.23,249.02,30.07,15.23,1.38,0.0
20231031:1210,231.93,285.32,28.45,16.16,1.24,0.0
20231031:1310,231.2,280.93,24.05,16.54,1.1,0.0
20231031:1410,161.7,194.81,17.4,16.62,0.83,0.0
20231031:1510,32.99,49.23,9.1,16.23,0.55,0.0
20231031:1610,0.0,0.0,0.0,14.97,0.76,0.0
20231031:1710,0.0,0.0,0.0,13.27,1.17,0.0
20231031:1810,0.0,0.0,0.0,11.69,1.38,0.0
20231031:1910,0.0,0.0,0.0,10.98,1.45,0.0
20231031:2010,0.0,0.0,0.0,10.0,1.52,0.0
20231031:2110,0.0,0.0,0.0,8.97,1.79,0.0
20231031:2210,0.0,0.0,0.0,8.13,2.14,0.0
20231031:2310,0.0,0.0,0.0,7.86,2.28,0.0
20231101:0010,0.0,0.0,0.0,7.74,2.28,0.0
20231101:0110,0.0,0.0,0.0,7.19,2.14,0.0
20231101:0210,0.0,0.0,0.0,6.57,1.93,0.0
20231101:0310,0.0,0.0,0.0,6.19,1.93,0.0
20231101:0410,0.0,0.0,0.0,5.78,1.93,0.0
20231101:0510,0.0,0.0,0.0,5.74,1.79,0.0
20231101:0610,0.0,0.0,0.0,6.22,1.66,0.0
20231101:0710,43.75,58.7,9.45,6.19,1.66,0.0
20231101:0810,111.74,128.75,17.63,9.89,1.24,0.0
20231101:0910,102.18,120.36,24.13,12.05,0.97,0.0
20231101:1010,169.25,189.4,28.34,12.64,0.76,0.0
20231101:1110,108.58,127.15,29.74,12.79,1.17,0.0
20231101:1210,151.26,170.27,28.14,12.67,1.24,0.0
20231101:1310,42.83,59.21,23.75,12.54,1.17,0.0
20231101:1410,19.39,33.0,17.12,12.35,1.17,0.0
20231101:1510,35.45,51.12,8.85,12.06,0.97,0.0
20231101:1610,0.0,0.0,0.0,11.56,0.97,0.0
20231101:1710,0.0,0.0,0.0,11.01,1.1,0.0
20231101:1810,0.0,0.0,0.0,10.78,1.1,0.0
20231101:1910,0.0,0.0,0.0,10.32,1.03,0.0
20231101:2010,0.0,0.0,0.0,10.27,0.83,0.0
20231101:2110,0.0,0.0,0.0,10.33,0.83,0.0
20231101:2210,0.0,0.0,0.0,10.27,0.9,0.0
20231101:2310,0.0,0.0,0.0,10.21,0.97,0.0
20231102:0010,0.0,0.0,0.0,10.01,1.03,0.0
20231102:0110,0.0,0.0,0.0,9.86,1.1,0.0
20231102:0210,0.0,0.0,0.0,9.91,1.03,0.0
20231102:0310,0.0,0.0,0.0,10.04,1.17,0.0
20231102:0410,0.0,0.0,0.0,10.05,1.1,0.0
20231102:0510,0.0,0.0,0.0,10.08,1.24,0.0
20231102:0610,0.0,0.0,0.0,10.08,1.59,0.0
20231102:0710,8.98,19.88,9.19,9.92,1.17,0.0
20231102:0810,20.56,34.08,17.35,10.03,1.17,0.0
20231102:0910,32.54,47.56,23.83,10.15,1.38,0.0
20231102:1010,25.54,39.8,28.02,10.16,0.97,0.0
20231102:1110,36.94,52.41,29.42,10.41,0.83,0.0
20231102:1210,25.49,39.8,27.83,10.47,0.69,0.0
20231102:1310,24.63,38.82,23.46,10.48,0.62,0.0
20231102:1410,10.82,22.32,16.85,10.46,0.76,0.0
20231102:1510,9.67,20.83,8.6,10.45,0.9,0.0
20231102:1610,0.0,0.0,0.0,10.45,1.1,0.0
20231102:1710,0.0,0.0,0.0,10.33,0.9,0.0
20231102:1810,0.0,0.0,0.0,10.37,1.1,0.0
20231102:1910,0.0,0.0,0.0,10.64,0.76,0.0
20231102:2010,0.0,0.0,0.0,11.13,0.14,0.0
20231102:2110,0.0,0.0,0.0,10.4,0.55,0.0
20231102:2210,0.0,0.0,0.0,9.88,0.76,0.0
20231102:2310,0.0,0.0,0.0,9.23,0.9,0.0
20231103:0010,0.0,0.0,0.0,8.49,1.38,0.0
20231103:0110,0.0,0.0,0.0,7.97,1.38,0.0
20231103:0210,0.0,0.0,0.0,7.88,1.17,0.0
20231103:0310,0.0,0.0,0.0,7.81,1.1,0.0
20231103:0410,0.0,0.0,0.0,7.69,1.45,0.0
20231103:0510,0.0,0.0,0.0,8.13,1.66,0.0
20231103:0610,0.0,0.0,0.0,8.35,1.79,0.0
20231103:0710,12.02,23.67,8.94,8.37,1.59,0.0
20231103:0810,59.59,75.74,17.08,8.7,1.45,0.0
20231103:0910,138.95,156.0,23.53,9.48,1.31,0.0
20231103:1010,133.0,182.44,27.71,10.41,1.31,0.0
20231103:1110,184.22,235.98,29.11,11.53,1.17,0.0
20231103:1210,218.11,268.26,27.52,12.82,1.17,0.0
20231103:1310,214.91,252.49,23.17,13.58,1.17,0.0
20231103:1410,168.46,208.32,16.58,13.64,0.97,0.0
20231103:1510,20.2,34.08,8.35,13.26,0.97,0.0
20231103:1610,0.0,0.0,0.0,11.67,1.1,0.0
20231103:1710,0.0,0.0,0.0,11.39,1.03,0.0
20231103:1810,0.0,0.0,0.0,10.44,1.17,0.0
20231103:1910,0.0,0.0,0.0,7.43,1.79,0.0
20231103:2010,0.0,0.0,0.0,7.32,1.66,0.0
20231103:2110,0.0,0.0,0.0,6.78,1.66,0.0
20231103:2210,0.0,0.0,0.0,6.31,1.66,0.0
20231103:2310,0.0,0.0,0.0,6.02,1.66,0.0
20231104:0010,0.0,0.0,0.0,5.41,1.72,0.0
20231104:0110,0.0,0.0,0.0,5.07,1.66,0.0
20231104:0210,0.0,0.0,0.0,4.49,1.72,0.0
20231104:0310,0.0,0.0,0.0,4.04,1.72,0.0
20231104:0410,0.0,0.0,0.0,4.01,1.66,0.0
20231104:0510,0.0,0.0,0.0,4.47,1.52,0.0
20231104:0610,0.0,0.0,0.0,4.89,1.38,0.0
20231104:0710,44.24,58.7,8.68,3.89,1.38,0.0
20231104:0810,73.46,88.99,16.8,6.2,1.1,0.0
20231104:0910,61.7,77.65,23.24,7.73,0.9,0.0
20231104:1010,88.3,104.83,27.41,8.86,1.38,0.0
20231104:1110,107.62,124.24,28.8,9.33,1.72,0.0
20231104:1210,190.38,207.88,27.22,9.41,1.66,0.0
20231104:1310,83.33,99.97,22.89,9.26,1.66,0.0
20231104:1410,58.46,74.74,16.32,9.19,1.17,0.0
20231104:1510,2.49,10.41,8.11,8.79,1.1,0.0
20231104:1610,0.0,0.0,0.0,8.57,1.17,0.0
20231104:1710,0.0,0.0,0.0,8.39,1.17,0.0
20231104:1810,0.0,0.0,0.0,8.28,1.52,0.0
20231104:1910,0.0,0.0,0.0,7.59,1.31,0.0
20231104:2010,0.0,0.0,0.0,7.48,1.59,0.0
20231104:2110,0.0,0.0,0.0,7.4,1.72,0.0
20231104:2210,0.0,0.0,0.0,7.31,1.72,0.0
20231104:2310,0.0,0.0,0.0,7.3,1.59,0.0
20231105:0010,0.0,0.0,0.0,7.32,1.66,0.0
20231105:0110,0.0,0.0,0.0,7.32,1.38,0.0
20231105:0210,0.0,0.0,0.0,7.01,1.03,0.0
20231105:0310,0.0,0.0,0.0,6.9,0.76,0.0
20231105:0410,0.0,0.0,0.0,7.2,0.48,0.0
20231105:0510,0.0,0.0,0.0,6.91,0.55,0.0
20231105:0610,0.0,0.0,0.0,6.71,0.48,0.0
20231105:0710,41.6,56.8,8.43,7.53,0.48,0.0
20231105:0810,77.42,93.72,16.53,8.12,0.76,0.0
20231105:0910,74.86,101.28,22.95,9.2,0.97,0.0
20231105:1010,141.13,184.91,27.1,10.24,0.83,0.0
20231105:1110,174.95,226.65,28.49,11.1,0.34,0.0
20231105:1210,213.01,257.43,26.92,11.69,0.07,0.0
20231105:1310,204.84,252.3,22.61,12.19,0.14,0.0
20231105:1410,163.71,210.24,16.06,12.23,0.14,0.0
20231105:1510,31.99,47.34,7.87,11.97,0.28,0.0
20231105:1610,0.0,0.0,0.0,11.01,0.83,0.0
20231105:1710,0.0,0.0,0.0,8.89,1.38,0.0
20231105:1810,0.0,0.0,0.0,7.88,1.66,0.0
20231105:1910,0.0,0.0,0.0,7.91,1.66,0.0
20231105:2010,0.0,0.0,0.0,7.15,1.72,0.0
20231105:2110,0.0,0.0,0.0,6.24,1.79,0.0
20231105:2210,0.0,0.0,0.0,5.42,1.93,0.0
20231105:2310,0.0,0.0,0.0,4.86,1.93,0.0
20231106:0010,0.0,0.0,0.0,4.8,1.86,0.0
20231106:0110,0.0,0.0,0.0,4.8,1.86,0.0
20231106:0210,0.0,0.0,0.0,4.56,2.07,0.0
20231106:0310,0.0,0.0,0.0,4.43,2.34,0.0
20231106:0410,0.0,0.0,0.0,4.28,2.48,0.0
20231106:0510,0.0,0.0,0.0,4.24,2.48,0.0
20231106:0610,0.0,0.0,0.0,4.19,2.21,0.0
20231106:0710,27.11,40.71,8.18,4.8,1.86,0.0
20231106:0810,45.5,60.59,16.26,6.45,1.52,0.0
20231106:0910,33.1,58.91,22.66,8.81,1.17,0.0
20231106:1010,87.53,146.58,26.8,11.68,0.83,0.0
20231106:1110,151.23,213.55,28.19,13.29,1.03,0.0
20231106:1210,197.17,252.21,26.62,13.91,1.17,0.0
20231106:1310,200.15,248.46,22.33,14.07,1.24,0.0
20231106:1410,138.15,168.15,15.81,13.88,1.31,0.0
20231106:1510,33.51,49.23,7.65,13.33,1.24,0.0
20231106:1610,0.0,0.0,0.0,12.33,1.24,0.0
20231106:1710,0.0,0.0,0.0,10.95,1.1,0.0
20231106:1810,0.0,0.0,0.0,10.47,1.1,0.0
20231106:1910,0.0,0.0,0.0,10.89,0.97,0.0
20231106:2010,0.0,0.0,0.0,10.43,1.03,0.0
20231106:2110,0.0,0.0,0.0,9.66,1.1,0.0
20231106:2210,0.0,0.0,0.0,8.91,1.17,0.0
20231106:2310,0.0,0.0,0.0,8.7,1.1,0.0
20231107:0010,0.0,0.0,0.0,9.34,0.9,0.0
20231107:0110,0.0,0.0,0.0,7.96,1.03,0.0
20231107:0210,0.0,0.0,0.0,7.12,1.38,0.0
20231107:0310,0.0,0.0,0.0,7.26,1.31,0.0
20231107:0410,0.0,0.0,0.0,7.14,1.31,0.0
20231107:0510,0.0,0.0,0.0,7.41,1.31,0.0
20231107:0610,0.0,0.0,0.0,7.09,1.45,0.0
20231107:0710,37.04,52.07,7.93,8.21,1.1,0.0
20231107:0810,30.77,45.44,16.0,9.1,1.03,0.0
20231107:0910,27.35,41.74,22.38,9.54,1.03,0.0
20231107:1010,119.88,136.86,26.51,9.7,0.9,0.0
20231107:1110,190.51,231.38,27.89,9.98,0.69,0.0
20231107:1210,200.97,222.13,26.34,10.07,0.69,0.0
20231107:1310,42.39,58.24,22.06,10.34,1.17,0.0
20231107:1410,31.58,46.59,15.57,10.58,1.17,0.0
20231107:1510,33.97,49.23,7.42,10.59,0.76,0.0
20231107:1610,0.0,0.0,0.0,10.08,0.55,0.0
20231107:1710,0.0,0.0,0.0,9.83,0.62,0.0
20231107:1810,0.0,0.0,0.0,9.1,0.83,0.0
20231107:1910,0.0,0.0,0.0,6.91,1.52,0.0
20231107:2010,0.0,0.0,0.0,5.52,1.72,0.0
20231107:2110,0.0,0.0,0.0,4.53,1.79,0.0
20231107:2210,0.0,0.0,0.0,4.2,1.79,0.0
20231107:2310,0.0,0.0,0.0,4.24,1.93,0.0
20231108:0010,0.0,0.0,0.0,3.88,1.93,0.0
20231108:0110,0.0,0.0,0.0,3.56,2.07,0.0
20231108:0210,0.0,0.0,0.0,3.41,2.28,0.0
20231108:0310,0.0,0.0,0.0,3.41,2.41,0.0
20231108:0410,0.0,0.0,0.0,3.5,2.41,0.0
20231108:0510,0.0,0.0,0.0,3.42,2.41,0.0
20231108:0610,0.0,0.0,0.0,3.31,2.34,0.0
20231108:0710,29.82,43.55,7.68,4.15,2.07,0.0
20231108:0810,45.67,60.59,15.73,5.71,1.59,0.0
20231108:0910,20.8,39.57,22.1,8.12,1.03,0.0
20231108:1010,77.24,136.37,26.21,10.19,0.48,0.0
20231108:1110,142.36,205.82,27.59,11.63,0.07,0.0
20231108:1210,188.39,245.18,26.05,12.38,0.62,0.0
20231108:1310,192.46,245.69,21.8,12.63,0.83,0.0
20231108:1410,153.38,203.59,15.33,12.48,0.97,0.0
20231108:1510,26.11,40.71,7.2,11.87,0.9,0.0
20231108:1610,0.0,0.0,0.0,10.48,0.76,0.0
20231108:1710,0.0,0.0,0.0,10.41,0.21,0.0
20231108:1810,0.0,0.0,0.0,9.79,0.48,0.0
20231108:1910,0.0,0.0,0.0,7.69,1.31,0.0
20231108:2010,0.0,0.0,0.0,6.24,1.45,0.0
20231108:2110,0.0,0.0,0.0,5.73,1.45,0.0
20231108:2210,0.0,0.0,0.0,5.31,1.45,0.0
20231108:2310,0.0,0.0,0.0,5.22,1.45,0.0
20231109:0010,0.0,0.0,0.0,5.22,1.38,0.0
20231109:0110,0.0,0.0,0.0,4.94,1.45,0.0
20231109:0210,0.0,0.0,0.0,5.5,1.31,0.0
20231109:0310,0.0,0.0,0.0,5.18,1.38,0.0
20231109:0410,0.0,0.0,0.0,4.73,1.45,0.0
20231109:0510,0.0,0.0,0.0,4.73,1.52,0.0
20231109:0610,0.0,0.0,0.0,5.7,1.52,0.0
20231109:0710,25.22,38.82,7.44,6.01,1.66,0.0
20231109:0810,32.01,46.39,15.47,6.87,1.45,0.0
20231109:0910,47.61,63.09,21.82,7.66,1.24,0.0
20231109:1010,74.16,90.27,25.92,7.91,1.38,0.0
20231109:1110,54.05,69.88,27.3,8.2,1.52,0.0
20231109:1210,84.56,100.94,25.78,8.5,1.31,0.0
20231109:1310,40.03,55.33,21.54,8.43,0.69,0.0
20231109:1410,30.15,44.65,15.09,8.36,0.69,0.0
20231109:1510,30.9,45.44,6.99,8.19,0.83,0.0
20231109:1610,0.0,0.0,0.0,7.97,0.9,0.0
20231109:1710,0.0,0.0,0.0,7.86,1.1,0.0
20231109:1810,0.0,0.0,0.0,7.81,1.31,0.0
20231109:1910,0.0,0.0,0.0,7.37,1.24,0.0
20231109:2010,0.0,0.0,0.0,7.34,1.31,0.0
20231109:2110,0.0,0.0,0.0,7.31,1.24,0.0
20231109:2210,0.0,0.0,0.0,7.2,1.17,0.0
20231109:2310,0.0,0.0,0.0,7.23,1.1,0.0
20231110:0010,0.0,0.0,0.0,6.9,0.97,0.0
20231110:0110,0.0,0.0,0.0,6.88,0.69,0.0
20231110:0210,0.0,0.0,0.0,6.81,0.62,0.0
20231110:0310,0.0,0.0,0.0,6.88,0.48,0.0
20231110:0410,0.0,0.0,0.0,6.79,0.55,0.0
20231110:0510,0.0,0.0,0.0,6.85,0.62,0.0
20231110:0610,0.0,0.0,0.0,6.87,0.55,0.0
20231110:0710,31.11,45.44,7.19,6.81,0.34,0.0
20231110:0810,72.95,88.99,15.21,7.38,0.48,0.0
20231110:0910,105.06,121.18,21.54,7.73,0.62,0.0
20231110:1010,177.9,196.91,25.64,8.45,0.62,0.0
20231110:1110,201.36,231.29,27.02,9.14,0.41,0.0
20231110:1210,190.04,235.87,25.5,9.65,0.21,0.0
20231110:1310,184.95,217.29,21.29,10.08,0.34,0.0
20231110:1410,133.98,167.56,14.86,10.27,0.62,0.0
20231110:1510,29.77,44.5,6.78,9.96,0.9,0.0
20231110:1610,0.0,0.0,0.0,9.19,1.17,0.0
20231110:1710,0.0,0.0,0.0,7.44,1.31,0.0
20231110:1810,0.0,0.0,0.0,6.73,1.24,0.0
20231110:1910,0.0,0.0,0.0,6.55,1.31,0.0
20231110:2010,0.0,0.0,0.0,5.98,1.38,0.0
20231110:2110,0.0,0.0,0.0,5.22,1.52,0.0
20231110:2210,0.0,0.0,0.0,4.36,1.66,0.0
20231110:2310,0.0,0.0,0.0,3.18,1.79,0.0
20231111:0010,0.0,0.0,0.0,2.13,1.93,0.0
20231111:0110,0.0,0.0,0.0,1.57,1.93,0.0
20231111:0210,0.0,0.0,0.0,1.66,2.0,0.0
20231111:0310,0.0,0.0,0.0,1.47,2.07,0.0
20231111:0410,0.0,0.0,0.0,1.34,2.14,0.0
20231111:0510,0.0,0.0,0.0,1.25,2.21,0.0
20231111:0610,0.0,0.0,0.0,1.27,2.34,0.0
20231111:0710,20.65,33.13,6.95,1.63,2.14,0.0
20231111:0810,38.62,53.02,14.95,4.72,1.79,0.0
20231111:0910,60.73,76.68,21.27,8.0,1.45,0.0
20231111:1010,65.42,121.92,25.36,10.06,1.17,0.0
20231111:1110,126.24,190.34,26.74,11.54,1.03,0.0
20231111:1210,172.04,230.46,25.24,12.45,0.97,0.0
20231111:1310,176.58,231.97,21.04,12.77,1.17,0.0
20231111:1410,139.1,190.53,14.64,12.68,1.17,0.0
20231111:1510,22.79,36.92,6.58,11.89,0.97,0.0
20231111:1610,0.0,0.0,0.0,9.64,1.31,0.0
20231111:1710,0.0,0.0,0.0,7.61,1.59,0.0
20231111:1810,0.0,0.0,0.0,6.24,1.66,0.0
20231111:1910,0.0,0.0,0.0,6.24,1.59,0.0
20231111:2010,0.0,0.0,0.0,5.17,1.79,0.0
20231111:2110,0.0,0.0,0.0,4.0,2.0,0.0
20231111:2210,0.0,0.0,0.0,3.2,2.07,0.0
20231111:2310,0.0,0.0,0.0,2.81,2.21,0.0
20231112:0010,0.0,0.0,0.0,2.51,2.28,0.0
20231112:0110,0.0,0.0,0.0,2.69,2.41,0.0
20231112:0210,0.0,0.0,0.0,3.1,2.21,0.0
20231112:0310,0.0,0.0,0.0,3.72,2.07,0.0
20231112:0410,0.0,0.0,0.0,4.16,1.93,0.0
20231112:0510,0.0,0.0,0.0,4.48,1.66,0.0
20231112:0610,0.0,0.0,0.0,4.72,1.66,0.0
20231112:0710,29.63,43.55,6.71,5.32,1.66,0.0
20231112:0810,90.84,106.03,14.7,5.86,1.59,0.0
20231112:0910,120.45,135.38,21.0,6.52,1.66,0.0
20231112:1010,142.26,157.3,25.08,6.73,1.52,0.0
20231112:1110,202.01,222.57,26.47,7.02,1.45,0.0
20231112:1210,189.03,229.23,24.97,7.47,1.38,0.0
20231112:1310,173.75,223.69,20.8,7.96,1.24,0.0
20231112:1410,135.94,184.42,14.42,8.32,1.1,0.0
20231112:1510,24.08,37.87,6.38,8.19,0.83,0.0
20231112:1610,0.0,0.0,0.0,7.56,0.9,0.0
20231112:1710,0.0,0.0,0.0,6.26,1.1,0.0
20231112:1810,0.0,0.0,0.0,6.51,0.9,0.0
20231112:1910,0.0,0.0,0.0,7.12,0.55,0.0
20231112:2010,0.0,0.0,0.0,6.66,0.41,0.0
20231112:2110,0.0,0.0,0.0,6.34,0.48,0.0
20231112:2210,0.0,0.0,0.0,6.11,0.69,0.0
20231112:2310,0.0,0.0,0.0,5.92,0.97,0.0
20231113:0010,0.0,0.0,0.0,4.96,1.17,0.0
20231113:0110,0.0,0.0,0.0,4.88,1.17,0.0
20231113:0210,0.0,0.0,0.0,3.99,1.59,0.0
20231113:0310,0.0,0.0,0.0,3.91,1.66,0.0
20231113:0410,0.0,0.0,0.0,4.35,1.66,0.0
20231113:0510,0.0,0.0,0.0,4.87,1.59,0.0
20231113:0610,0.0,0.0,0.0,5.31,1.52,0.0
20231113:0710,21.1,34.08,6.47,5.16,1.38,0.0
20231113:0810,44.46,59.64,14.44,6.93,0.97,0.0
20231113:0910,59.99,76.68,20.74,10.12,0.41,0.0
20231113:1010,69.54,119.87,24.81,11.57,0.41,0.0
20231113:1110,152.29,198.96,26.2,12.47,0.55,0.0
20231113:1210,162.4,216.33,24.72,13.31,0.21,0.0
20231113:1310,166.03,199.53,20.57,13.71,0.14,0.0
20231113:1410,100.29,125.0,14.21,13.67,0.14,0.0
20231113:1510,24.25,38.82,6.19,13.27,0.14,0.0
20231113:1610,0.0,0.0,0.0,12.1,0.62,0.0
20231113:1710,0.0,0.0,0.0,11.45,0.28,0.0
20231113:1810,0.0,0.0,0.0,10.96,0.55,0.0
20231113:1910,0.0,0.0,0.0,8.39,1.03,0.0
20231113:2010,0.0,0.0,0.0,8.81,0.76,0.0
20231113:2110,0.0,0.0,0.0,6.4,0.97,0.0
20231113:2210,0.0,0.0,0.0,6.43,1.24,0.0
20231113:2310,0.0,0.0,0.0,6.68,1.38,0.0
20231114:0010,0.0,0.0,0.0,7.04,1.52,0.0
20231114:0110,0.0,0.0,0.0,7.44,1.59,0.0
20231114:0210,0.0,0.0,0.0,7.53,1.52,0.0
20231114:0310,0.0,0.0,0.0,7.15,1.45,0.0
20231114:0410,0.0,0.0,0.0,6.68,1.45,0.0
20231114:0510,0.0,0.0,0.0,6.79,1.38,0.0
20231114:0610,0.0,0.0,0.0,6.95,1.31,0.0
20231114:0710,25.0,38.82,6.23,7.56,0.97,0.0
20231114:0810,66.04,82.36,14.19,8.61,0.83,0.0
20231114:0910,118.59,136.33,20.48,10.88,0.69,0.0
20231114:1010,63.71,113.25,24.54,12.12,0.48,0.0
20231114:1110,111.14,172.18,25.93,13.54,0.28,0.0
20231114:1210,150.91,208.8,24.47,14.46,0.14,0.0
20231114:1310,151.54,178.21,20.34,14.74,0.76,0.0
20231114:1410,25.0,39.8,14.0,14.27,1.24,0.0
20231114:1510,18.6,32.19,6.01,13.36,1.03,0.0
20231114:1610,0.0,0.0,0.0,12.51,0.62,0.0
20231114:1710,0.0,0.0,0.0,11.43,0.9,0.0
20231114:1810,0.0,0.0,0.0,10.76,0.83,0.0
20231114:1910,0.0,0.0,0.0,9.74,0.9,0.0
20231114:2010,0.0,0.0,0.0,10.16,0.76,0.0
20231114:2110,0.0,0.0,0.0,10.33,0.48,0.0
20231114:2210,0.0,0.0,0.0,9.93,0.62,0.0
20231114:2310,0.0,0.0,0.0,8.78,1.03,0.0
20231115:0010,0.0,0.0,0.0,6.89,1.17,0.0
20231115:0110,0.0,0.0,0.0,6.92,1.66,0.0
20231115:0210,0.0,0.0,0.0,7.2,2.0,0.0
20231115:0310,0.0,0.0,0.0,7.37,2.28,0.0
20231115:0410,0.0,0.0,0.0,7.47,2.55,0.0
20231115:0510,0.0,0.0,0.0,7.63,2.62,0.0
20231115:0610,0.0,0.0,0.0,7.8,2.69,0.0
20231115:0710,23.44,36.92,6.0,6.82,2.76,0.0
20231115:0810,57.09,72.9,13.95,8.04,2.55,0.0
20231115:0910,60.1,76.68,20.22,10.35,2.34,0.0
20231115:1010,52.27,103.99,24.28,13.0,2.28,0.0
20231115:1110,107.55,170.99,25.67,14.9,2.34,0.0
20231115:1210,150.61,209.74,24.22,15.69,2.62,0.0
20231115:1310,154.34,209.27,20.11,15.74,2.83,0.0
20231115:1410,118.95,169.25,13.8,15.31,2.48,0.0
20231115:1510,21.73,35.97,5.83,14.18,2.55,0.0
20231115:1610,0.0,0.0,0.0,12.56,2.55,0.0
20231115:1710,0.0,0.0,0.0,10.94,2.34,0.0
20231115:1810,0.0,0.0,0.0,9.24,2.21,0.0
20231115:1910,0.0,0.0,0.0,8.26,2.21,0.0
20231115:2010,0.0,0.0,0.0,7.09,2.21,0.0
20231115:2110,0.0,0.0,0.0,6.26,2.34,0.0
20231115:2210,0.0,0.0,0.0,5.86,2.48,0.0
20231115:2310,0.0,0.0,0.0,5.53,2.48,0.0
20231116:0010,0.0,0.0,0.0,5.34,2.55,0.0
20231116:0110,0.0,0.0,0.0,5.52,2.55,0.0
20231116:0210,0.0,0.0,0.0,5.25,2.55,0.0
20231116:0310,0.0,0.0,0.0,4.95,2.41,0.0
20231116:0410,0.0,0.0,0.0,4.65,2.41,0.0
20231116:0510,0.0,0.0,0.0,4.4,2.34,0.0
20231116:0610,0.0,0.0,0.0,4.45,2.21,0.0
20231116:0710,19.45,32.19,5.77,5.05,2.14,0.0
20231116:0810,80.02,95.62,13.7,6.59,1.59,0.0
20231116:0910,102.42,119.29,19.97,9.44,1.03,0.0
20231116:1010,86.68,128.77,24.02,10.96,0.55,0.0
20231116:1110,142.55,189.55,25.42,11.88,0.76,0.0
20231116:1210,160.43,181.1,23.98,12.06,0.9,0.0
20231116:1310,160.9,200.64,19.9,12.04,0.9,0.0
20231116:1410,73.64,92.68,13.61,11.91,0.34,0.0
20231116:1510,8.91,19.88,5.66,11.21,0.62,0.0
20231116:1610,0.0,0.0,0.0,10.16,0.83,0.0
20231116:1710,0.0,0.0,0.0,8.86,1.03,0.0
20231116:1810,0.0,0.0,0.0,7.79,1.17,0.0
20231116:1910,0.0,0.0,0.0,8.4,0.97,0.0
20231116:2010,0.0,0.0,0.0,7.68,1.03,0.0
20231116:2110,0.0,0.0,0.0,6.86,1.1,0.0
20231116:2210,0.0,0.0,0.0,6.3,1.17,0.0
20231116:2310,0.0,0.0,0.0,5.61,1.31,0.0
20231117:0010,0.0,0.0,0.0,4.84,1.52,0.0
20231117:0110,0.0,0.0,0.0,3.68,1.86,0.0
20231117:0210,0.0,0.0,0.0,3.48,2.21,0.0
20231117:0310,0.0,0.0,0.0,3.65,2.41,0.0
20231117:0410,0.0,0.0,0.0,4.02,2.62,0.0
20231117:0510,0.0,0.0,0.0,4.72,2.9,0.0
20231117:0610,0.0,0.0,0.0,5.64,3.03,0.0
20231117:0710,17.69,30.29,5.54,6.45,3.03,0.0
20231117:0810,40.59,55.86,13.46,8.59,3.1,0.0
20231117:0910,56.25,72.9,19.72,11.15,3.17,0.0
20231117:1010,45.88,95.47,23.77,12.69,3.03,0.0
20231117:1110,101.51,164.24,25.17,13.45,3.59,0.0
20231117:1210,143.33,202.93,23.75,13.65,3.86,0.0
20231117:1310,149.45,204.15,19.69,13.5,3.45,0.0
20231117:1410,114.53,165.22,13.42,12.97,3.66,0.0
20231117:1510,19.56,33.13,5.49,11.99,3.66,0.0
20231117:1610,0.0,0.0,0.0,11.07,3.31,0.0
20231117:1710,0.0,0.0,0.0,10.46,3.1,0.0
20231117:1810,0.0,0.0,0.0,9.72,2.76,0.0
20231117:1910,0.0,0.0,0.0,8.59,2.76,0.0
20231117:2010,0.0,0.0,0.0,7.47,2.55,0.0
20231117:2110,0.0,0.0,0.0,6.22,2.41,0.0
20231117:2210,0.0,0.0,0.0,5.07,2.34,0.0
20231117:2310,0.0,0.0,0.0,4.28,2.41,0.0
20231118:0010,0.0,0.0,0.0,4.02,2.62,0.0
20231118:0110,0.0,0.0,0.0,3.88,2.62,0.0
20231118:0210,0.0,0.0,0.0,3.84,2.69,0.0
20231118:0310,0.0,0.0,0.0,3.75,2.69,0.0
20231118:0410,0.0,0.0,0.0,3.65,2.69,0.0
20231118:0510,0.0,0.0,0.0,3.68,2.69,0.0
20231118:0610,0.0,0.0,0.0,3.66,2.62,0.0
20231118:0710,17.18,29.35,5.32,3.1,2.55,0.0
20231118:0810,41.31,55.86,13.23,4.95,2.28,0.0
20231118:0910,58.15,73.84,19.47,7.44,2.0,0.0
20231118:1010,47.41,93.28,23.52,9.25,1.66,0.0
20231118:1110,114.08,167.61,24.93,10.49,1.17,0.0
20231118:1210,145.55,198.76,23.52,10.88,0.83,0.0
20231118:1310,141.77,196.63,19.48,11.68,0.48,0.0
20231118:1410,108.89,162.28,13.24,11.48,0.28,0.0
20231118:1510,19.66,33.13,5.33,10.71,0.48,0.0
20231118:1610,0.0,0.0,0.0,9.63,0.76,0.0
20231118:1710,0.0,0.0,0.0,9.44,0.76,0.0
20231118:1810,0.0,0.0,0.0,8.5,0.9,0.0
20231118:1910,0.0,0.0,0.0,6.99,1.17,0.0
20231118:2010,0.0,0.0,0.0,6.39,1.24,0.0
20231118:2110,0.0,0.0,0.0,6.36,1.17,0.0
20231118:2210,0.0,0.0,0.0,6.3,1.1,0.0
20231118:2310,0.0,0.0,0.0,5.98,1.17,0.0
20231119:0010,0.0,0.0,0.0,5.74,1.17,0.0
20231119:0110,0.0,0.0,0.0,5.92,1.03,0.0
20231119:0210,0.0,0.0,0.0,6.02,0.97,0.0
20231119:0310,0.0,0.0,0.0,5.36,1.17,0.0
20231119:0410,0.0,0.0,0.0,5.26,1.17,0.0
20231119:0510,0.0,0.0,0.0,4.93,1.17,0.0
20231119:0610,0.0,0.0,0.0,4.67,1.24,0.0
20231119:0710,17.01,29.35,5.09,4.84,1.1,0.0
20231119:0810,48.2,63.43,12.99,6.42,0.83,0.0
20231119:0910,115.33,131.59,19.23,8.04,0.41,0.0
20231119:1010,57.38,99.31,23.27,9.79,0.34,0.0
20231119:1110,98.5,155.84,24.69,10.92,0.41,0.0
20231119:1210,133.77,190.74,23.3,11.74,0.55,0.0
20231119:1310,135.68,193.68,19.28,12.07,0.62,0.0
20231119:1410,103.81,151.66,13.06,11.94,0.69,0.0
20231119:1510,17.21,30.29,5.18,11.16,0.41,0.0
20231119:1610,0.0,0.0,0.0,10.22,0.34,0.0
20231119:1710,0.0,0.0,0.0,8.63,0.83,0.0
20231119:1810,0.0,0.0,0.0,7.34,1.03,0.0
20231119:1910,0.0,0.0,0.0,7.04,1.03,0.0
20231119:2010,0.0,0.0,0.0,6.35,1.17,0.0
20231119:2110,0.0,0.0,0.0,5.83,1.24,0.0
20231119:2210,0.0,0.0,0.0,5.11,1.31,0.0
20231119:2310,0.0,0.0,0.0,4.74,1.38,0.0
20231120:0010,0.0,0.0,0.0,4.56,1.38,0.0
20231120:0110,0.0,0.0,0.0,4.36,1.38,0.0
20231120:0210,0.0,0.0,0.0,4.1,1.38,0.0
20231120:0310,0.0,0.0,0.0,3.34,1.52,0.0
20231120:0410,0.0,0.0,0.0,2.59,1.66,0.0
20231120:0510,0.0,0.0,0.0,2.25,1.66,0.0
20231120:0610,0.0,0.0,0.0,2.03,1.72,0.0
20231120:0710,15.57,27.45,4.87,2.89,1.59,0.0
20231120:0810,36.06,50.18,12.77,3.89,1.17,0.0
20231120:0910,51.77,67.22,18.99,6.8,0.76,0.0
20231120:1010,55.49,96.02,23.04,8.79,0.41,0.0
20231120:1110,89.86,149.67,24.46,10.87,0.14,0.0
20231120:1210,173.58,203.52,23.09,11.84,0.55,0.0
20231120:1310,132.94,189.01,19.09,12.15,0.97,0.0
20231120:1410,101.71,147.33,12.89,11.89,1.1,0.0
20231120:1510,18.03,31.24,5.03,11.05,0.97,0.0
20231120:1610,0.0,0.0,0.0,9.51,0.9,0.0
20231120:1710,0.0,0.0,0.0,8.71,0.76,0.0
20231120:1810,0.0,0.0,0.0,8.25,0.83,0.0
20231120:1910,0.0,0.0,0.0,8.09,0.83,0.0
20231120:2010,0.0,0.0,0.0,7.44,0.97,0.0
20231120:2110,0.0,0.0,0.0,6.59,0.83,0.0
20231120:2210,0.0,0.0,0.0,6.54,0.69,0.0
20231120:2310,0.0,0.0,0.0,5.98,0.69,0.0
20231121:0010,0.0,0.0,0.0,5.76,1.03,0.0
20231121:0110,0.0,0.0,0.0,5.93,1.1,0.0
20231121:0210,0.0,0.0,0.0,5.94,1.03,0.0
20231121:0310,0.0,0.0,0.0,5.88,1.1,0.0
20231121:0410,0.0,0.0,0.0,5.56,1.31,0.0
20231121:0510,0.0,0.0,0.0,5.36,1.52,0.0
20231121:0610,0.0,0.0,0.0,5.07,1.66,0.0
20231121:0710,14.51,26.51,4.66,5.98,1.38,0.0
20231121:0810,46.39,61.54,12.54,6.53,1.38,0.0
20231121:0910,55.09,71.0,18.76,8.29,1.31,0.0
20231121:1010,38.28,79.89,22.8,9.97,1.03,0.0
20231121:1110,86.18,146.08,24.23,11.29,1.03,0.0
20231121:1210,126.53,184.84,22.88,12.32,1.1,0.0
20231121:1310,131.9,185.94,18.9,12.97,0.97,0.0
20231121:1410,97.52,147.22,12.73,13.17,0.48,0.0
20231121:1510,16.31,29.35,4.89,12.52,0.41,0.0
20231121:1610,0.0,0.0,0.0,11.59,0.69,0.0
20231121:1710,0.0,0.0,0.0,10.53,0.83,0.0
20231121:1810,0.0,0.0,0.0,9.2,1.17,0.0
20231121:1910,0.0,0.0,0.0,8.81,0.83,0.0
20231121:2010,0.0,0.0,0.0,7.3,1.31,0.0
20231121:2110,0.0,0.0,0.0,5.98,1.52,0.0
20231121:2210,0.0,0.0,0.0,4.4,1.86,0.0
20231121:2310,0.0,0.0,0.0,3.42,1.93,0.0
20231122:0010,0.0,0.0,0.0,2.6,2.0,0.0
20231122:0110,0.0,0.0,0.0,2.19,2.07,0.0
20231122:0210,0.0,0.0,0.0,1.93,2.07,0.0
20231122:0310,0.0,0.0,0.0,1.92,2.14,0.0
20231122:0410,0.0,0.0,0.0,1.88,2.07,0.0
20231122:0510,0.0,0.0,0.0,1.77,2.14,0.0
20231122:0610,0.0,0.0,0.0,1.73,2.21,0.0
20231122:0710,13.2,24.61,4.44,2.65,2.28,0.0
20231122:0810,40.44,54.91,12.32,4.73,1.93,0.0
20231122:0910,53.98,70.06,18.53,9.07,1.45,0.0
20231122:1010,35.8,76.35,22.58,11.76,1.24,0.0
20231122:1110,82.21,143.09,24.02,12.79,1.45,0.0
20231122:1210,121.48,181.99,22.68,13.29,1.38,0.0
20231122:1310,128.66,183.93,18.72,13.41,1.1,0.0
20231122:1410,95.43,145.3,12.57,13.16,0.55,0.0
20231122:1510,16.3,29.35,4.75,12.57,0.07,0.0
20231122:1610,0.0,0.0,0.0,11.61,0.55,0.0
20231122:1710,0.0,0.0,0.0,9.1,1.31,0.0
20231122:1810,0.0,0.0,0.0,5.86,2.07,0.0
20231122:1910,0.0,0.0,0.0,4.78,2.07,0.0
20231122:2010,0.0,0.0,0.0,3.98,2.21,0.0
20231122:2110,0.0,0.0,0.0,3.56,2.07,0.0
20231122:2210,0.0,0.0,0.0,2.97,2.0,0.0
20231122:2310,0.0,0.0,0.0,2.51,2.0,0.0
20231123:0010,0.0,0.0,0.0,2.39,1.86,0.0
20231123:0110,0.0,0.0,0.0,2.13,1.72,0.0
20231123:0210,0.0,0.0,0.0,2.03,1.66,0.0
20231123:0310,0.0,0.0,0.0,2.23,1.52,0.0
20231123:0410,0.0,0.0,0.0,2.5,1.45,0.0
20231123:0510,0.0,0.0,0.0,2.73,1.38,0.0
20231123:0610,0.0,0.0,0.0,2.04,1.31,0.0
20231123:0710,13.29,24.61,4.23,1.33,1.93,0.0
20231123:0810,40.81,54.91,12.1,2.82,1.59,0.0
20231123:0910,56.68,71.95,18.31,5.84,1.17,0.0
20231123:1010,32.72,70.82,22.35,8.84,0.55,0.0
20231123:1110,85.35,142.4,23.8,10.42,0.07,0.0
20231123:1210,120.89,178.49,22.48,11.08,0.28,0.0
20231123:1310,125.12,179.56,18.55,11.31,0.41,0.0
20231123:1410,93.48,141.62,12.42,11.12,0.41,0.0
20231123:1510,14.93,27.45,4.62,10.43,0.41,0.0
20231123:1610,0.0,0.0,0.0,9.61,0.41,0.0
20231123:1710,0.0,0.0,0.0,8.84,0.62,0.0
20231123:1810,0.0,0.0,0.0,8.18,0.9,0.0
20231123:1910,0.0,0.0,0.0,6.24,1.31,0.0
20231123:2010,0.0,0.0,0.0,5.62,1.31,0.0
20231123:2110,0.0,0.0,0.0,5.44,1.24,0.0
20231123:2210,0.0,0.0,0.0,5.37,1.24,0.0
20231123:2310,0.0,0.0,0.0,5.52,1.24,0.0
20231124:0010,0.0,0.0,0.0,5.44,1.31,0.0
20231124:0110,0.0,0.0,0.0,4.67,1.52,0.0
20231124:0210,0.0,0.0,0.0,3.61,1.72,0.0
20231124:0310,0.0,0.0,0.0,2.71,1.86,0.0
20231124:0410,0.0,0.0,0.0,2.25,1.93,0.0
20231124:0510,0.0,0.0,0.0,1.89,2.07,0.0
20231124:0610,0.0,0.0,0.0,1.86,2.28,0.0
20231124:0710,11.7,22.72,4.03,1.8,2.28,0.0
20231124:0810,37.8,52.07,11.89,4.39,2.21,0.0
20231124:0910,53.22,69.11,18.09,8.58,1.86,0.0
20231124:1010,34.5,70.82,22.14,11.41,1.66,0.0
20231124:1110,79.09,137.51,23.6,12.84,1.52,0.0
20231124:1210,115.11,174.99,22.29,13.91,1.52,0.0
20231124:1310,121.82,177.44,18.38,14.21,1.38,0.0
20231124:1410,90.04,139.1,12.28,13.87,1.17,0.0
20231124:1510,9.55,20.83,4.5,12.51,1.45,0.0
20231124:1610,0.0,0.0,0.0,10.0,2.0,0.0
20231124:1710,0.0,0.0,0.0,8.04,2.48,0.0
20231124:1810,0.0,0.0,0.0,7.41,2.9,0.0
20231124:1910,0.0,0.0,0.0,8.15,3.17,0.0
20231124:2010,0.0,0.0,0.0,8.9,4.55,0.0
20231124:2110,0.0,0.0,0.0,8.93,5.59,0.0
20231124:2210,0.0,0.0,0.0,8.31,5.24,0.0
20231124:2310,0.0,0.0,0.0,7.71,4.14,0.0
20231125:0010,0.0,0.0,0.0,6.92,3.17,0.0
20231125:0110,0.0,0.0,0.0,5.9,2.55,0.0
20231125:0210,0.0,0.0,0.0,4.49,2.41,0.0
20231125:0310,0.0,0.0,0.0,3.09,1.93,0.0
20231125:0410,0.0,0.0,0.0,1.95,2.0,0.0
20231125:0510,0.0,0.0,0.0,0.99,2.14,0.0
20231125:0610,0.0,0.0,0.0,0.99,2.0,0.0
20231125:0710,10.92,21.77,3.82,1.81,1.79,0.0
20231125:0810,38.2,52.07,11.68,2.24,1.79,0.0
20231125:0910,54.86,70.06,17.88,5.95,2.07,0.0
20231125:1010,28.14,62.64,21.93,7.08,3.24,0.0
20231125:1110,77.77,134.78,23.4,7.26,3.66,0.0
20231125:1210,115.49,173.69,22.11,7.39,3.72,0.0
20231125:1310,125.05,177.57,18.22,7.31,3.24,0.0
20231125:1410,91.79,140.23,12.14,6.97,2.55,0.0
20231125:1510,14.5,26.51,4.38,6.16,1.79,0.0
20231125:1610,0.0,0.0,0.0,4.28,1.52,0.0
20231125:1710,0.0,0.0,0.0,2.41,1.66,0.0
20231125:1810,0.0,0.0,0.0,1.38,1.79,0.0
20231125:1910,0.0,0.0,0.0,1.5,1.72,0.0
20231125:2010,0.0,0.0,0.0,0.62,1.86,0.0
20231125:2110,0.0,0.0,0.0,-0.23,2.0,0.0
20231125:2210,0.0,0.0,0.0,-0.55,2.0,0.0
20231125:2310,0.0,0.0,0.0,-0.82,2.0,0.0
20231126:0010,0.0,0.0,0.0,-1.05,2.0,0.0
20231126:0110,0.0,0.0,0.0,-1.25,2.0,0.0
20231126:0210,0.0,0.0,0.0,-1.42,2.07,0.0
20231126:0310,0.0,0.0,0.0,-1.58,2.14,0.0
20231126:0410,0.0,0.0,0.0,-1.52,2.14,0.0
20231126:0510,0.0,0.0,0.0,-1.54,2.14,0.0
20231126:0610,0.0,0.0,0.0,-1.37,2.07,0.0
20231126:0710,10.32,20.83,3.62,-0.8,2.14,0.0
20231126:0810,36.64,50.18,11.47,0.87,2.0,0.0
20231126:0910,50.44,65.32,17.67,5.05,1.72,0.0
20231126:1010,29.43,61.39,21.72,7.36,1.66,0.0
20231126:1110,70.41,128.16,23.2,8.43,1.72,0.0
20231126:1210,109.91,168.52,21.93,9.02,1.86,0.0
20231126:1310,118.52,171.87,18.07,9.16,1.59,0.0
20231126:1410,86.81,134.74,12.01,8.99,0.9,0.0
20231126:1510,13.55,25.56,4.27,8.24,0.62,0.0
20231126:1610,0.0,0.0,0.0,7.54,0.9,0.0
20231126:1710,0.0,0.0,0.0,6.68,0.97,0.0
20231126:1810,0.0,0.0,0.0,5.74,1.1,0.0
20231126:1910,0.0,0.0,0.0,3.2,1.59,0.0
20231126:2010,0.0,0.0,0.0,2.54,1.66,0.0
20231126:2110,0.0,0.0,0.0,1.75,1.79,0.0
20231126:2210,0.0,0.0,0.0,1.23,1.86,0.0
20231126:2310,0.0,0.0,0.0,0.92,1.86,0.0
20231127:0010,0.0,0.0,0.0,0.6,1.79,0.0
20231127:0110,0.0,0.0,0.0,0.46,1.79,0.0
20231127:0210,0.0,0.0,0.0,0.22,1.72,0.0
20231127:0310,0.0,0.0,0.0,0.36,1.66,0.0
20231127:0410,0.0,0.0,0.0,0.4,1.59,0.0
20231127:0510,0.0,0.0,0.0,0.8,1.52,0.0
20231127:0610,0.0,0.0,0.0,1.14,1.38,0.0
20231127:0710,8.7,18.93,3.43,1.13,1.45,0.0
20231127:0810,40.9,54.91,11.27,2.27,1.17,0.0
20231127:0910,46.0,60.59,17.47,4.06,0.76,0.0
20231127:1010,130.76,146.12,21.52,6.17,0.48,0.0
20231127:1110,163.11,186.13,23.01,6.88,0.55,0.0
20231127:1210,151.25,185.27,21.76,7.05,0.62,0.0
20231127:1310,136.13,166.11,17.92,7.03,0.62,0.0
20231127:1410,85.15,110.29,11.89,6.7,0.41,0.0
20231127:1510,11.4,22.72,4.17,6.19,0.21,0.0
20231127:1610,0.0,0.0,0.0,5.92,0.34,0.0
20231127:1710,0.0,0.0,0.0,5.43,0.69,0.0
20231127:1810,0.0,0.0,0.0,4.36,0.9,0.0
20231127:1910,0.0,0.0,0.0,2.84,0.83,0.0
20231127:2010,0.0,0.0,0.0,2.62,0.83,0.0
20231127:2110,0.0,0.0,0.0,2.46,0.83,0.0
20231127:2210,0.0,0.0,0.0,2.64,0.69,0.0
20231127:2310,0.0,0.0,0.0,2.55,0.83,0.0
20231128:0010,0.0,0.0,0.0,2.37,0.9,0.0
20231128:0110,0.0,0.0,0.0,2.25,0.97,0.0
20231128:0210,0.0,0.0,0.0,2.44,0.9,0.0
20231128:0310,0.0,0.0,0.0,2.32,0.9,0.0
20231128:0410,0.0,0.0,0.0,2.15,0.83,0.0
20231128:0510,0.0,0.0,0.0,2.08,0.83,0.0
20231128:0610,0.0,0.0,0.0,1.37,1.1,0.0
20231128:0710,8.01,17.99,3.24,0.32,1.38,0.0
20231128:0810,37.41,51.12,11.08,1.46,1.17,0.0
20231128:0910,56.23,71.0,17.27,4.05,1.03,0.0
20231128:1010,28.26,55.62,21.33,5.82,1.03,0.0
20231128:1110,65.5,121.05,22.83,7.09,1.24,0.0
20231128:1210,103.53,161.04,21.6,8.11,1.38,0.0
20231128:1310,110.56,164.57,17.78,8.73,1.45,0.0
20231128:1410,81.16,127.42,11.77,8.78,1.45,0.0
20231128:1510,12.03,23.67,4.07,8.22,1.93,0.0
20231128:1610,0.0,0.0,0.0,6.81,2.48,0.0
20231128:1710,0.0,0.0,0.0,5.56,2.62,0.0
20231128:1810,0.0,0.0,0.0,4.7,2.76,0.0
20231128:1910,0.0,0.0,0.0,4.68,3.17,0.0
20231128:2010,0.0,0.0,0.0,4.24,3.1,0.0
20231128:2110,0.0,0.0,0.0,3.73,3.03,0.0
20231128:2210,0.0,0.0,0.0,2.91,2.83,0.0
20231128:2310,0.0,0.0,0.0,1.94,2.76,0.0
20231129:0010,0.0,0.0,0.0,1.16,2.83,0.0
20231129:0110,0.0,0.0,0.0,0.71,2.9,0.0
20231129:0210,0.0,0.0,0.0,0.51,2.97,0.0
20231129:0310,0.0,0.0,0.0,0.38,2.97,0.0
20231129:0410,0.0,0.0,0.0,0.14,2.83,0.0
20231129:0510,0.0,0.0,0.0,-0.36,2.62,0.0
20231129:0610,0.0,0.0,0.0,-1.07,2.41,0.0
20231129:0710,7.36,17.04,3.05,-1.21,2.34,0.0
20231129:0810,35.86,49.23,10.89,0.15,2.07,0.0
20231129:0910,53.59,68.16,17.08,3.63,1.72,0.0
20231129:1010,30.3,55.61,21.14,5.71,1.45,0.0
20231129:1110,67.19,121.47,22.66,6.99,1.31,0.0
20231129:1210,102.49,159.67,21.44,7.53,1.59,0.0
20231129:1310,111.03,163.82,17.64,7.49,1.59,0.0
20231129:1410,81.9,126.17,11.66,7.07,1.38,0.0
20231129:1510,12.17,23.67,3.98,6.09,0.83,0.0
20231129:1610,0.0,0.0,0.0,5.77,0.62,0.0
20231129:1710,0.0,0.0,0.0,5.25,0.48,0.0
20231129:1810,0.0,0.0,0.0,4.86,0.76,0.0
20231129:1910,0.0,0.0,0.0,3.5,1.24,0.0
20231129:2010,0.0,0.0,0.0,2.45,1.31,0.0
20231129:2110,0.0,0.0,0.0,2.15,1.24,0.0
20231129:2210,0.0,0.0,0.0,2.59,1.1,0.0
20231129:2310,0.0,0.0,0.0,3.07,0.9,0.0
20231130:0010,0.0,0.0,0.0,2.09,1.17,0.0
20231130:0110,0.0,0.0,0.0,1.86,1.24,0.0
20231130:0210,0.0,0.0,0.0,1.78,1.17,0.0
20231130:0310,0.0,0.0,0.0,1.62,1.1,0.0
20231130:0410,0.0,0.0,0.0,1.43,1.17,0.0
20231130:0510,0.0,0.0,0.0,1.35,1.03,0.0
20231130:0610,0.0,0.0,0.0,1.33,0.9,0.0
20231130:0710,0.0,2.84,2.87,1.14,0.48,0.0
20231130:0810,15.69,27.45,10.7,1.28,0.69,0.0
20231130:0910,48.5,62.48,16.9,1.32,0.83,0.0
20231130:1010,102.19,115.34,20.96,1.61,0.97,0.0
20231130:1110,59.48,73.77,22.49,2.29,0.97,0.0
20231130:1210,108.82,122.78,21.29,3.08,0.76,0.0
20231130:1310,102.55,117.79,17.52,3.65,0.55,0.0
20231130:1410,63.13,79.84,11.56,3.9,0.34,0.0
20231130:1510,9.29,19.88,3.9,3.87,0.41,0.0
20231130:1610,0.0,0.0,0.0,3.42,0.41,0.0
20231130:1710,0.0,0.0,0.0,3.51,0.48,0.0
20231130:1810,0.0,0.0,0.0,3.48,0.34,0.0
20231130:1910,0.0,0.0,0.0,2.39,0.55,0.0
20231130:2010,0.0,0.0,0.0,1.59,0.97,0.0
20231130:2110,0.0,0.0,0.0,1.5,1.24,0.0
20231130:2210,0.0,0.0,0.0,2.04,1.17,0.0
20231130:2310,0.0,0.0,0.0,2.21,1.24,0.0
20231201:0010,0.0,0.0,0.0,3.18,0.97,0.0
20231201:0110,0.0,0.0,0.0,4.09,0.69,0.0
20231201:0210,0.0,0.0,0.0,4.17,0.62,0.0
20231201:0310,0.0,0.0,0.0,4.23,0.69,0.0
20231201:0410,0.0,0.0,0.0,4.07,0.76,0.0
20231201:0510,0.0,0.0,0.0,3.53,1.03,0.0
20231201:0610,0.0,0.0,0.0,3.88,0.97,0.0
20231201:0710,0.0,3.79,2.69,4.06,0.83,0.0
20231201:0810,10.72,21.77,10.52,5.02,0.48,0.0
20231201:0910,22.74,35.97,16.72,5.28,0.41,0.0
20231201:1010,20.86,33.97,20.79,6.18,0.0,0.0
20231201:1110,70.57,86.39,22.33,6.63,0.14,0.0
20231201:1210,30.42,44.65,21.15,6.53,0.14,0.0
20231201:1310,12.63,24.27,17.4,6.44,0.28,0.0
20231201:1410,5.24,14.56,11.46,6.42,0.21,0.0
20231201:1510,0.0,3.79,3.82,6.24,0.41,0.0
20231201:1610,0.0,0.0,0.0,5.89,0.76,0.0
20231201:1710,0.0,0.0,0.0,5.79,0.97,0.0
20231201:1810,0.0,0.0,0.0,5.76,1.1,0.0
20231201:1910,0.0,0.0,0.0,5.52,1.31,0.0
20231201:2010,0.0,0.0,0.0,5.61,1.66,0.0
20231201:2110,0.0,0.0,0.0,5.73,1.79,0.0
20231201:2210,0.0,0.0,0.0,5.81,1.66,0.0
20231201:2310,0.0,0.0,0.0,5.87,1.59,0.0
20231202:0010,0.0,0.0,0.0,5.94,1.59,0.0
20231202:0110,0.0,0.0,0.0,5.99,1.59,0.0
20231202:0210,0.0,0.0,0.0,6.0,1.45,0.0
20231202:0310,0.0,0.0,0.0,6.03,1.52,0.0
20231202:0410,0.0,0.0,0.0,6.04,1.66,0.0
20231202:0510,0.0,0.0,0.0,6.1,1.93,0.0
20231202:0610,0.0,0.0,0.0,6.12,2.28,0.0
20231202:0710,0.0,1.89,2.51,5.7,2.83,0.0
20231202:0810,5.03,14.2,10.34,5.64,3.31,0.0
20231202:0910,21.87,35.03,16.54,5.92,3.45,0.0
20231202:1010,42.38,57.27,20.62,6.52,3.45,0.0
20231202:1110,94.32,109.68,22.17,7.02,3.59,0.0
20231202:1210,152.94,178.63,21.02,7.46,3.79,0.0
20231202:1310,99.63,151.63,17.29,7.84,3.86,0.0
20231202:1410,73.71,116.13,11.37,7.67,3.86,0.0
20231202:1510,9.87,20.83,3.75,7.02,3.79,0.0
20231202:1610,0.0,0.0,0.0,6.2,3.79,0.0
20231202:1710,0.0,0.0,0.0,5.62,4.0,0.0
20231202:1810,0.0,0.0,0.0,5.14,3.93,0.0
20231202:1910,0.0,0.0,0.0,4.72,4.34,0.0
20231202:2010,0.0,0.0,0.0,4.27,4.21,0.0
20231202:2110,0.0,0.0,0.0,3.76,4.0,0.0
20231202:2210,0.0,0.0,0.0,3.34,3.79,0.0
20231202:2310,0.0,0.0,0.0,2.94,3.59,0.0
20231203:0010,0.0,0.0,0.0,2.6,3.45,0.0
20231203:0110,0.0,0.0,0.0,2.15,3.24,0.0
20231203:0210,0.0,0.0,0.0,1.74,2.97,0.0
20231203:0310,0.0,0.0,0.0,1.18,2.76,0.0
20231203:0410,0.0,0.0,0.0,0.61,2.62,0.0
20231203:0510,0.0,0.0,0.0,0.04,2.41,0.0
20231203:0610,0.0,0.0,0.0,-0.36,2.28,0.0
20231203:0710,3.92,12.31,2.34,-1.03,2.41,0.0
20231203:0810,30.56,43.55,10.17,-0.66,2.21,0.0
20231203:0910,44.84,58.7,16.37,1.27,1.86,0.0
20231203:1010,20.6,36.52,20.46,3.07,1.66,0.0
20231203:1110,53.25,105.77,22.03,4.33,1.38,0.0
20231203:1210,89.05,146.74,20.89,5.08,1.1,0.0
20231203:1310,98.72,152.77,17.18,5.28,0.97,0.0
20231203:1410,71.93,119.57,11.29,5.16,0.9,0.0
20231203:1510,9.99,20.83,3.69,4.7,0.62,0.0
20231203:1610,0.0,0.0,0.0,4.15,0.34,0.0
20231203:1710,0.0,0.0,0.0,3.61,0.62,0.0
20231203:1810,0.0,0.0,0.0,3.15,0.9,0.0
20231203:1910,0.0,0.0,0.0,1.55,1.24,0.0
20231203:2010,0.0,0.0,0.0,1.22,1.17,0.0
20231203:2110,0.0,0.0,0.0,0.5,1.31,0.0
20231203:2210,0.0,0.0,0.0,0.08,1.31,0.0
20231203:2310,0.0,0.0,0.0,-0.59,1.31,0.0
20231204:0010,0.0,0.0,0.0,-1.43,1.38,0.0
20231204:0110,0.0,0.0,0.0,-2.6,1.52,0.0
20231204:0210,0.0,0.0,0.0,-1.95,1.59,0.0
20231204:0310,0.0,0.0,0.0,-1.61,1.66,0.0
20231204:0410,0.0,0.0,0.0,-1.4,1.72,0.0
20231204:0510,0.0,0.0,0.0,-1.24,1.66,0.0
20231204:0610,0.0,0.0,0.0,-0.93,1.52,0.0
20231204:0710,0.0,1.89,2.18,-0.36,1.45,0.0
20231204:0810,19.1,31.24,10.0,0.2,1.24,0.0
20231204:0910,47.57,61.54,16.21,1.32,0.9,0.0
20231204:1010,101.99,115.3,20.3,1.92,0.83,0.0
20231204:1110,101.11,114.53,21.89,2.11,0.83,0.0
20231204:1210,152.82,170.1,20.77,2.26,0.76,0.0
20231204:1310,28.44,41.74,17.08,1.91,0.62,0.0
20231204:1410,5.41,14.56,11.21,1.72,0.62,0.0
20231204:1510,9.43,19.88,3.63,1.37,0.62,0.0
20231204:1610,0.0,0.0,0.0,1.04,0.62,0.0
20231204:1710,0.0,0.0,0.0,0.83,0.76,0.0
20231204:1810,0.0,0.0,0.0,0.74,0.76,0.0
20231204:1910,0.0,0.0,0.0,0.31,0.83,0.0
20231204:2010,0.0,0.0,0.0,0.25,0.97,0.0
20231204:2110,0.0,0.0,0.0,0.28,0.9,0.0
20231204:2210,0.0,0.0,0.0,0.12,0.97,0.0
20231204:2310,0.0,0.0,0.0,0.0,1.03,0.0
20231205:0010,0.0,0.0,0.0,0.23,0.9,0.0
20231205:0110,0.0,0.0,0.0,0.21,0.97,0.0
20231205:0210,0.0,0.0,0.0,0.5,0.9,0.0
20231205:0310,0.0,0.0,0.0,0.84,0.76,0.0
20231205:0410,0.0,0.0,0.0,0.83,0.69,0.0
20231205:0510,0.0,0.0,0.0,0.74,0.62,0.0
20231205:0610,0.0,0.0,0.0,0.75,0.41,0.0
20231205:0710,0.0,1.89,2.02,-0.73,0.83,0.0
20231205:0810,24.25,36.92,9.84,0.0,0.69,0.0
20231205:0910,84.85,98.46,16.05,1.22,0.48,0.0
20231205:1010,137.0,149.58,20.16,2.37,0.14,0.0
20231205:1110,143.48,157.97,21.75,3.54,0.48,0.0
20231205:1210,92.11,106.77,20.65,4.29,0.69,0.0
20231205:1310,94.61,110.1,16.99,4.62,0.69,0.0
20231205:1410,74.9,98.65,11.14,4.6,0.55,0.0
20231205:1510,8.55,18.93,3.58,4.22,0.69,0.0
20231205:1610,0.0,0.0,0.0,2.8,0.9,0.0
20231205:1710,0.0,0.0,0.0,2.94,0.76,0.0
20231205:1810,0.0,0.0,0.0,2.46,0.62,0.0
20231205:1910,0.0,0.0,0.0,1.75,1.24,0.0
20231205:2010,0.0,0.0,0.0,1.26,1.31,0.0
20231205:2110,0.0,0.0,0.0,1.16,1.31,0.0
20231205:2210,0.0,0.0,0.0,0.2,1.31,0.0
20231205:2310,0.0,0.0,0.0,-0.27,1.45,0.0
20231206:0010,0.0,0.0,0.0,-1.27,1.52,0.0
20231206:0110,0.0,0.0,0.0,-2.19,1.66,0.0
20231206:0210,0.0,0.0,0.0,-2.71,1.86,0.0
20231206:0310,0.0,0.0,0.0,-2.52,2.0,0.0
20231206:0410,0.0,0.0,0.0,-2.49,2.14,0.0
20231206:0510,0.0,0.0,0.0,-2.5,2.14,0.0
20231206:0610,0.0,0.0,0.0,-2.44,2.14,0.0
20231206:0710,1.03,7.57,1.86,-2.38,2.07,0.0
20231206:0810,27.03,39.76,9.69,-0.98,1.72,0.0
20231206:0910,82.54,96.56,15.9,2.52,1.31,0.0
20231206:1010,62.47,77.63,20.01,5.13,0.83,0.0
20231206:1110,54.5,102.86,21.63,6.55,0.41,0.0
20231206:1210,77.59,136.57,20.55,7.45,0.28,0.0
20231206:1310,88.4,144.05,16.91,7.89,0.34,0.0
20231206:1410,64.79,111.81,11.08,7.85,0.28,0.0
20231206:1510,9.1,19.88,3.53,7.39,0.14,0.0
20231206:1610,0.0,0.0,0.0,6.33,0.34,0.0
20231206:1710,0.0,0.0,0.0,5.6,0.9,0.0
20231206:1810,0.0,0.0,0.0,2.71,1.66,0.0
20231206:1910,0.0,0.0,0.0,0.43,2.0,0.0
20231206:2010,0.0,0.0,0.0,-0.32,2.0,0.0
20231206:2110,0.0,0.0,0.0,-0.71,1.93,0.0
20231206:2210,0.0,0.0,0.0,-0.92,1.93,0.0
20231206:2310,0.0,0.0,0.0,-1.33,2.0,0.0
20231207:0010,0.0,0.0,0.0,-1.74,2.07,0.0
20231207:0110,0.0,0.0,0.0,-1.97,2.14,0.0
20231207:0210,0.0,0.0,0.0,-2.02,2.07,0.0
20231207:0310,0.0,0.0,0.0,-2.11,2.07,0.0
20231207:0410,0.0,0.0,0.0,-2.19,2.07,0.0
20231207:0510,0.0,0.0,0.0,-2.17,2.14,0.0
20231207:0610,0.0,0.0,0.0,-2.16,2.14,0.0
20231207:0710,0.54,6.63,1.71,-2.41,2.07,0.0
20231207:0810,28.84,41.66,9.54,-1.17,1.86,0.0
20231207:0910,43.59,57.75,15.76,2.64,1.38,0.0
20231207:1010,47.55,62.48,19.88,5.39,1.03,0.0
20231207:1110,40.1,91.24,21.51,6.84,0.69,0.0
20231207:1210,82.27,137.92,20.45,7.39,0.62,0.0
20231207:1310,97.79,145.73,16.83,7.51,0.76,0.0
20231207:1410,59.54,114.42,11.02,7.07,0.83,0.0
20231207:1510,9.18,19.88,3.5,6.09,0.76,0.0
20231207:1610,0.0,0.0,0.0,6.03,0.14,0.0
20231207:1710,0.0,0.0,0.0,5.44,0.07,0.0
20231207:1810,0.0,0.0,0.0,5.02,0.62,0.0
20231207:1910,0.0,0.0,0.0,2.5,1.24,0.0
20231207:2010,0.0,0.0,0.0,1.85,1.17,0.0
20231207:2110,0.0,0.0,0.0,1.23,1.31,0.0
20231207:2210,0.0,0.0,0.0,0.76,1.38,0.0
20231207:2310,0.0,0.0,0.0,0.78,1.38,0.0
20231208:0010,0.0,0.0,0.0,1.2,1.31,0.0
20231208:0110,0.0,0.0,0.0,1.38,1.24,0.0
20231208:0210,0.0,0.0,0.0,1.44,1.31,0.0
20231208:0310,0.0,0.0,0.0,1.57,1.31,0.0
20231208:0410,0.0,0.0,0.0,2.34,1.03,0.0
20231208:0510,0.0,0.0,0.0,2.81,0.83,0.0
20231208:0610,0.0,0.0,0.0,2.21,0.9,0.0
20231208:0710,0.0,0.95,1.56,1.0,1.31,0.0
20231208:0810,20.72,33.13,9.39,0.94,1.31,0.0
20231208:0910,74.01,88.04,15.62,1.93,0.97,0.0
20231208:1010,51.83,66.27,19.75,2.87,0.55,0.0
20231208:1110,64.84,79.59,21.39,3.58,0.34,0.0
20231208:1210,109.21,123.81,20.36,3.8,0.34,0.0
20231208:1310,44.71,59.21,16.76,3.72,0.28,0.0
20231208:1410,59.97,76.95,10.97,3.66,0.14,0.0
20231208:1510,5.09,14.2,3.47,3.57,0.21,0.0
20231208:1610,0.0,0.0,0.0,3.34,0.48,0.0
20231208:1710,0.0,0.0,0.0,3.12,0.48,0.0
20231208:1810,0.0,0.0,0.0,3.01,0.28,0.0
20231208:1910,0.0,0.0,0.0,2.33,0.28,0.0
20231208:2010,0.0,0.0,0.0,2.33,0.41,0.0
20231208:2110,0.0,0.0,0.0,2.26,0.14,0.0
20231208:2210,0.0,0.0,0.0,2.25,0.14,0.0
20231208:2310,0.0,0.0,0.0,2.08,0.28,0.0
20231209:0010,0.0,0.0,0.0,2.02,0.28,0.0
20231209:0110,0.0,0.0,0.0,1.97,0.34,0.0
20231209:0210,0.0,0.0,0.0,2.19,0.21,0.0
20231209:0310,0.0,0.0,0.0,2.39,0.07,0.0
20231209:0410,0.0,0.0,0.0,2.33,0.07,0.0
20231209:0510,0.0,0.0,0.0,2.29,0.14,0.0
20231209:0610,0.0,0.0,0.0,2.26,0.07,0.0
20231209:0710,0.0,1.89,1.42,1.86,0.14,0.0
20231209:0810,36.32,50.18,9.26,2.2,0.21,0.0
20231209:0910,97.7,111.71,15.48,2.82,0.21,0.0
20231209:1010,136.08,149.58,19.63,3.8,0.14,0.0
20231209:1110,126.64,141.52,21.29,4.23,0.0,0.0
20231209:1210,128.51,144.32,20.27,4.49,0.07,0.0
20231209:1310,58.73,73.77,16.7,4.53,0.0,0.0
20231209:1410,30.67,44.65,10.93,4.93,0.21,0.0
20231209:1510,0.0,2.84,3.44,4.68,0.21,0.0
20231209:1610,0.0,0.0,0.0,4.03,0.41,0.0
20231209:1710,0.0,0.0,0.0,3.73,0.0,0.0
20231209:1810,0.0,0.0,0.0,3.48,0.48,0.0
20231209:1910,0.0,0.0,0.0,2.51,0.69,0.0
20231209:2010,0.0,0.0,0.0,2.58,0.69,0.0
20231209:2110,0.0,0.0,0.0,2.41,1.24,0.0
20231209:2210,0.0,0.0,0.0,2.05,1.31,0.0
20231209:2310,0.0,0.0,0.0,2.51,0.97,0.0
20231210:0010,0.0,0.0,0.0,3.53,0.69,0.0
20231210:0110,0.0,0.0,0.0,3.44,0.62,0.0
20231210:0210,0.0,0.0,0.0,3.1,0.83,0.0
20231210:0310,0.0,0.0,0.0,1.53,1.17,0.0
20231210:0410,0.0,0.0,0.0,0.32,1.52,0.0
20231210:0510,0.0,0.0,0.0,-0.3,1.72,0.0
20231210:0610,0.0,0.0,0.0,0.4,1.52,0.0
20231210:0710,0.0,0.0,0.0,0.81,1.52,0.0
20231210:0810,42.01,55.86,9.12,1.47,1.59,0.0
20231210:0910,69.43,84.26,15.36,4.25,1.45,0.0
20231210:1010,135.35,150.53,19.52,7.39,1.52,0.0
20231210:1110,102.98,136.31,21.19,9.23,1.52,0.0
20231210:1210,69.88,127.67,20.2,10.56,1.38,0.0
20231210:1310,80.7,135.92,16.64,11.23,0.97,0.0
20231210:1410,60.01,104.69,10.9,10.96,0.62,0.0
20231210:1510,7.59,17.99,3.42,9.28,0.69,0.0
20231210:1610,0.0,0.0,0.0,8.31,0.83,0.0
20231210:1710,0.0,0.0,0.0,7.33,0.69,0.0
20231210:1810,0.0,0.0,0.0,5.39,1.24,0.0
20231210:1910,0.0,0.0,0.0,3.18,1.72,0.0
20231210:2010,0.0,0.0,0.0,2.57,1.86,0.0
20231210:2110,0.0,0.0,0.0,2.78,1.72,0.0
20231210:2210,0.0,0.0,0.0,2.74,1.66,0.0
20231210:2310,0.0,0.0,0.0,3.25,1.45,0.0
20231211:0010,0.0,0.0,0.0,3.51,1.31,0.0
20231211:0110,0.0,0.0,0.0,3.95,1.03,0.0
20231211:0210,0.0,0.0,0.0,3.64,1.03,0.0
20231211:0310,0.0,0.0,0.0,4.12,0.83,0.0
20231211:0410,0.0,0.0,0.0,3.37,1.03,0.0
20231211:0510,0.0,0.0,0.0,3.49,0.97,0.0
20231211:0610,0.0,0.0,0.0,2.82,1.17,0.0
20231211:0710,0.0,0.0,0.0,2.56,1.38,0.0
20231211:0810,3.79,12.31,9.0,3.87,0.97,0.0
20231211:0910,81.24,96.56,15.24,5.42,0.41,0.0
20231211:1010,90.21,106.03,19.41,6.75,0.41,0.0
20231211:1110,54.27,96.76,21.1,7.87,0.48,0.0
20231211:1210,60.24,121.46,20.13,8.64,0.34,0.0
20231211:1310,88.87,135.76,16.6,8.88,0.34,0.0
20231211:1410,54.6,102.67,10.87,9.1,0.41,0.0
20231211:1510,5.59,15.15,3.41,8.27,0.34,0.0
20231211:1610,0.0,0.0,0.0,7.71,0.34,0.0
20231211:1710,0.0,0.0,0.0,7.03,0.83,0.0
20231211:1810,0.0,0.0,0.0,5.94,0.97,0.0
20231211:1910,0.0,0.0,0.0,5.28,0.97,0.0
20231211:2010,0.0,0.0,0.0,5.13,0.97,0.0
20231211:2110,0.0,0.0,0.0,4.13,1.1,0.0
20231211:2210,0.0,0.0,0.0,3.89,1.1,0.0
20231211:2310,0.0,0.0,0.0,3.42,1.17,0.0
20231212:0010,0.0,0.0,0.0,2.69,1.17,0.0
20231212:0110,0.0,0.0,0.0,2.33,1.24,0.0
20231212:0210,0.0,0.0,0.0,2.45,1.24,0.0
20231212:0310,0.0,0.0,0.0,2.62,1.17,0.0
20231212:0410,0.0,0.0,0.0,2.86,1.1,0.0
20231212:0510,0.0,0.0,0.0,2.75,1.17,0.0
20231212:0610,0.0,0.0,0.0,3.04,1.1,0.0
20231212:0710,0.0,0.0,0.0,3.2,1.17,0.0
20231212:0810,43.19,57.75,8.87,4.38,0.83,0.0
20231212:0910,73.57,88.99,15.13,5.58,0.34,0.0
20231212:1010,117.95,133.49,19.31,6.79,0.41,0.0
20231212:1110,105.01,135.86,21.02,7.68,0.34,0.0
20231212:1210,99.06,141.7,20.06,8.36,0.55,0.0
20231212:1310,107.13,140.64,16.55,8.63,0.62,0.0
20231212:1410,67.31,95.19,10.85,8.43,0.41,0.0
20231212:1510,1.41,8.52,3.41,7.85,0.41,0.0
20231212:1610,0.0,0.0,0.0,7.17,0.41,0.0
20231212:1710,0.0,0.0,0.0,6.69,0.14,0.0
20231212:1810,0.0,0.0,0.0,6.46,0.55,0.0
20231212:1910,0.0,0.0,0.0,5.34,0.76,0.0
20231212:2010,0.0,0.0,0.0,4.91,0.83,0.0
20231212:2110,0.0,0.0,0.0,5.02,0.83,0.0
20231212:2210,0.0,0.0,0.0,5.27,0.76,0.0
20231212:2310,0.0,0.0,0.0,5.19,0.76,0.0
20231213:0010,0.0,0.0,0.0,5.19,0.76,0.0
20231213:0110,0.0,0.0,0.0,4.96,0.9,0.0
20231213:0210,0.0,0.0,0.0,5.7,0.62,0.0
20231213:0310,0.0,0.0,0.0,5.02,0.9,0.0
20231213:0410,0.0,0.0,0.0,4.92,0.83,0.0
20231213:0510,0.0,0.0,0.0,5.25,0.76,0.0
20231213:0610,0.0,0.0,0.0,5.06,0.83,0.0
20231213:0710,0.0,0.0,0.0,4.88,0.76,0.0
20231213:0810,12.21,23.67,8.76,5.43,0.62,0.0
20231213:0910,79.24,94.67,15.02,5.73,0.55,0.0
20231213:1010,20.89,34.08,19.22,6.84,0.41,0.0
20231213:1110,132.1,149.5,20.94,7.63,0.28,0.0
20231213:1210,83.7,99.97,20.01,7.96,0.69,0.0
20231213:1310,74.09,90.59,16.52,8.17,0.62,0.0
20231213:1410,14.09,26.21,10.83,8.17,0.62,0.0
20231213:1510,0.0,3.79,3.41,7.57,0.83,0.0
20231213:1610,0.0,0.0,0.0,6.26,0.62,0.0
20231213:1710,0.0,0.0,0.0,6.03,0.28,0.0
20231213:1810,0.0,0.0,0.0,5.7,0.76,0.0
20231213:1910,0.0,0.0,0.0,2.98,1.1,0.0
20231213:2010,0.0,0.0,0.0,2.33,1.17,0.0
20231213:2110,0.0,0.0,0.0,2.28,1.38,0.0
20231213:2210,0.0,0.0,0.0,2.14,1.52,0.0
20231213:2310,0.0,0.0,0.0,1.98,1.59,0.0
20231214:0010,0.0,0.0,0.0,1.76,1.66,0.0
20231214:0110,0.0,0.0,0.0,1.68,1.79,0.0
20231214:0210,0.0,0.0,0.0,1.77,1.66,0.0
20231214:0310,0.0,0.0,0.0,2.06,1.66,0.0
20231214:0410,0.0,0.0,0.0,2.22,1.66,0.0
20231214:0510,0.0,0.0,0.0,2.14,1.66,0.0
20231214:0610,0.0,0.0,0.0,1.81,1.66,0.0
20231214:0710,0.0,0.0,0.0,1.7,1.59,0.0
20231214:0810,32.75,46.39,8.65,2.37,1.52,0.0
20231214:0910,64.39,79.52,14.92,5.16,1.38,0.0
20231214:1010,57.15,72.9,19.13,7.54,1.38,0.0
20231214:1110,31.86,77.96,20.88,9.24,1.31,0.0
20231214:1210,64.18,121.67,19.96,10.55,1.24,0.0
20231214:1310,77.2,131.97,16.5,11.47,1.24,0.0
20231214:1410,55.09,102.32,10.83,11.48,1.24,0.0
20231214:1510,8.24,18.93,3.42,10.37,1.66,0.0
20231214:1610,0.0,0.0,0.0,7.81,2.07,0.0
20231214:1710,0.0,0.0,0.0,5.4,2.14,0.0
20231214:1810,0.0,0.0,0.0,4.02,2.28,0.0
20231214:1910,0.0,0.0,0.0,3.07,2.34,0.0
20231214:2010,0.0,0.0,0.0,2.56,2.55,0.0
20231214:2110,0.0,0.0,0.0,2.3,2.62,0.0
20231214:2210,0.0,0.0,0.0,2.24,2.76,0.0
20231214:2310,0.0,0.0,0.0,2.13,2.76,0.0
20231215:0010,0.0,0.0,0.0,1.99,2.69,0.0
20231215:0110,0.0,0.0,0.0,1.82,2.69,0.0
20231215:0210,0.0,0.0,0.0,1.71,2.69,0.0
20231215:0310,0.0,0.0,0.0,1.44,2.62,0.0
20231215:0410,0.0,0.0,0.0,1.25,2.62,0.0
20231215:0510,0.0,0.0,0.0,1.1,2.62,0.0
20231215:0610,0.0,0.0,0.0,0.99,2.62,0.0
20231215:0710,0.0,0.0,0.0,1.39,2.83,0.0
20231215:0810,24.83,37.87,8.55,2.55,2.83,0.0
20231215:0910,42.92,57.75,14.83,6.04,2.76,0.0
20231215:1010,40.5,55.86,19.05,8.98,2.62,0.0
20231215:1110,30.9,76.8,20.82,10.17,2.76,0.0
20231215:1210,66.71,123.38,19.92,10.73,2.62,0.0
20231215:1310,76.88,132.22,16.48,10.92,2.28,0.0
20231215:1410,55.83,103.79,10.83,10.55,2.07,0.0
20231215:1510,8.3,18.93,3.44,9.23,2.0,0.0
20231215:1610,0.0,0.0,0.0,6.74,2.07,0.0
20231215:1710,0.0,0.0,0.0,4.51,2.14,0.0
20231215:1810,0.0,0.0,0.0,3.03,2.28,0.0
20231215:1910,0.0,0.0,0.0,3.07,2.34,0.0
20231215:2010,0.0,0.0,0.0,2.5,2.28,0.0
20231215:2110,0.0,0.0,0.0,1.91,2.41,0.0
20231215:2210,0.0,0.0,0.0,2.19,2.07,0.0
20231215:2310,0.0,0.0,0.0,2.37,1.86,0.0
20231216:0010,0.0,0.0,0.0,2.53,1.66,0.0
20231216:0110,0.0,0.0,0.0,2.44,1.52,0.0
20231216:0210,0.0,0.0,0.0,2.32,1.52,0.0
20231216:0310,0.0,0.0,0.0,2.29,1.38,0.0
20231216:0410,0.0,0.0,0.0,2.46,1.24,0.0
20231216:0510,0.0,0.0,0.0,2.45,1.17,0.0
20231216:0610,0.0,0.0,0.0,2.58,1.1,0.0
20231216:0710,0.0,0.0,0.0,2.27,1.24,0.0
20231216:0810,24.68,37.87,8.45,3.45,1.03,0.0
20231216:0910,40.34,54.91,14.74,4.87,0.48,0.0
20231216:1010,46.29,61.54,18.98,6.64,0.34,0.0
20231216:1110,35.45,79.03,20.76,7.48,0.62,0.0
20231216:1210,66.98,121.71,19.89,7.76,0.97,0.0
20231216:1310,78.95,130.81,16.47,7.79,1.17,0.0
20231216:1410,56.51,101.97,10.84,7.45,1.17,0.0
20231216:1510,7.71,17.99,3.46,6.6,0.83,0.0
20231216:1610,0.0,0.0,0.0,6.08,0.62,0.0
20231216:1710,0.0,0.0,0.0,5.42,0.69,0.0
20231216:1810,0.0,0.0,0.0,4.86,0.69,0.0
20231216:1910,0.0,0.0,0.0,4.64,0.9,0.0
20231216:2010,0.0,0.0,0.0,4.33,0.97,0.0
20231216:2110,0.0,0.0,0.0,3.97,1.03,0.0
20231216:2210,0.0,0.0,0.0,3.67,1.03,0.0
20231216:2310,0.0,0.0,0.0,3.34,1.03,0.0
20231217:0010,0.0,0.0,0.0,2.41,1.1,0.0
20231217:0110,0.0,0.0,0.0,1.89,1.1,0.0
20231217:0210,0.0,0.0,0.0,1.66,1.1,0.0
20231217:0310,0.0,0.0,0.0,1.93,0.97,0.0
20231217:0410,0.0,0.0,0.0,-0.02,1.1,0.0
20231217:0510,0.0,0.0,0.0,-0.97,1.38,0.0
20231217:0610,0.0,0.0,0.0,-0.55,1.59,0.0
20231217:0710,0.0,0.0,0.0,0.08,1.38,0.0
20231217:0810,27.67,40.71,8.36,0.67,1.24,0.0
20231217:0910,49.86,64.38,14.66,3.44,1.03,0.0
20231217:1010,43.87,58.7,18.92,5.38,0.62,0.0
20231217:1110,32.74,75.99,20.72,7.09,0.34,0.0
20231217:1210,65.87,120.54,19.87,8.48,0.34,0.0
20231217:1310,76.57,129.45,16.46,9.24,0.34,0.0
20231217:1410,55.41,101.05,10.85,9.22,0.55,0.0
20231217:1510,7.65,17.99,3.49,8.02,0.69,0.0
20231217:1610,0.0,0.0,0.0,7.48,0.62,0.0
20231217:1710,0.0,0.0,0.0,6.81,0.69,0.0
20231217:1810,0.0,0.0,0.0,5.16,1.24,0.0
20231217:1910,0.0,0.0,0.0,3.44,1.66,0.0
20231217:2010,0.0,0.0,0.0,2.51,1.72,0.0
20231217:2110,0.0,0.0,0.0,1.81,1.72,0.0
20231217:2210,0.0,0.0,0.0,1.23,1.79,0.0
20231217:2310,0.0,0.0,0.0,0.62,1.86,0.0
20231218:0010,0.0,0.0,0.0,0.27,1.93,0.0
20231218:0110,0.0,0.0,0.0,0.1,1.93,0.0
20231218:0210,0.0,0.0,0.0,-0.11,1.93,0.0
20231218:0310,0.0,0.0,0.0,-0.32,1.93,0.0
20231218:0410,0.0,0.0,0.0,-0.49,1.93,0.0
20231218:0510,0.0,0.0,0.0,-0.6,1.93,0.0
20231218:0610,0.0,0.0,0.0,-0.7,1.93,0.0
20231218:0710,0.0,0.0,0.0,0.11,2.0,0.0
20231218:0810,24.96,37.87,8.28,1.42,1.79,0.0
20231218:0910,39.5,53.96,14.59,4.74,1.17,0.0
20231218:1010,43.22,58.7,18.86,8.38,0.69,0.0
20231218:1110,29.89,73.73,20.68,10.53,0.0,0.0
20231218:1210,64.29,120.06,19.85,11.69,0.28,0.0
20231218:1310,75.17,129.28,16.47,12.08,0.14,0.0
20231218:1410,53.23,101.16,10.87,12.02,0.07,0.0
20231218:1510,8.18,18.93,3.52,11.52,0.48,0.0
20231218:1610,0.0,0.0,0.0,10.45,0.97,0.0
20231218:1710,0.0,0.0,0.0,7.54,1.45,0.0
20231218:1810,0.0,0.0,0.0,5.49,1.66,0.0
20231218:1910,0.0,0.0,0.0,3.13,1.86,0.0
20231218:2010,0.0,0.0,0.0,1.77,1.93,0.0
20231218:2110,0.0,0.0,0.0,0.82,2.0,0.0
20231218:2210,0.0,0.0,0.0,0.12,2.14,0.0
20231218:2310,0.0,0.0,0.0,-0.26,2.07,0.0
20231219:0010,0.0,0.0,0.0,-0.52,2.0,0.0
20231219:0110,0.0,0.0,0.0,-0.67,2.0,0.0
20231219:0210,0.0,0.0,0.0,-0.78,2.0,0.0
20231219:0310,0.0,0.0,0.0,-0.76,1.93,0.0
20231219:0410,0.0,0.0,0.0,-0.84,1.93,0.0
20231219:0510,0.0,0.0,0.0,-0.91,1.93,0.0
20231219:0610,0.0,0.0,0.0,-1.01,1.93,0.0
20231219:0710,0.0,0.0,0.0,-0.1,1.93,0.0
20231219:0810,22.41,35.03,8.2,1.1,1.79,0.0
20231219:0910,38.68,53.02,14.52,4.35,1.31,0.0
20231219:1010,40.55,55.86,18.81,8.35,0.76,0.0
20231219:1110,29.22,73.03,20.65,10.95,0.14,0.0
20231219:1210,63.23,119.62,19.84,12.14,0.28,0.0
20231219:1310,72.76,128.89,16.48,12.46,0.34,0.0
20231219:1410,54.19,101.5,10.9,11.97,0.28,0.0
20231219:1510,8.18,18.93,3.57,11.64,0.07,0.0
20231219:1610,0.0,0.0,0.0,10.59,0.34,0.0
20231219:1710,0.0,0.0,0.0,9.44,1.03,0.0
20231219:1810,0.0,0.0,0.0,6.04,1.59,0.0
20231219:1910,0.0,0.0,0.0,3.68,1.72,0.0
20231219:2010,0.0,0.0,0.0,2.11,1.79,0.0
20231219:2110,0.0,0.0,0.0,1.24,1.93,0.0
20231219:2210,0.0,0.0,0.0,0.67,1.93,0.0
20231219:2310,0.0,0.0,0.0,0.27,1.93,0.0
20231220:0010,0.0,0.0,0.0,0.02,1.86,0.0
20231220:0110,0.0,0.0,0.0,-0.16,1.86,0.0
20231220:0210,0.0,0.0,0.0,0.18,1.72,0.0
20231220:0310,0.0,0.0,0.0,0.83,1.59,0.0
20231220:0410,0.0,0.0,0.0,1.13,1.59,0.0
20231220:0510,0.0,0.0,0.0,1.27,1.59,0.0
20231220:0610,0.0,0.0,0.0,1.59,1.52,0.0
20231220:0710,0.0,0.0,0.0,1.72,1.66,0.0
20231220:0810,34.58,48.28,8.13,2.18,1.59,0.0
20231220:0910,40.38,54.91,14.47,4.89,1.24,0.0
20231220:1010,42.54,57.75,18.77,7.47,1.1,0.0
20231220:1110,19.64,64.76,20.63,9.68,1.03,0.0
20231220:1210,61.6,117.64,19.84,10.85,1.1,0.0
20231220:1310,72.58,127.87,16.5,11.69,1.17,0.0
20231220:1410,53.63,100.89,10.93,11.63,1.24,0.0
20231220:1510,8.96,19.88,3.61,10.28,2.0,0.0
20231220:1610,0.0,0.0,0.0,7.62,2.41,0.0
20231220:1710,0.0,0.0,0.0,5.13,2.34,0.0
20231220:1810,0.0,0.0,0.0,3.53,2.28,0.0
20231220:1910,0.0,0.0,0.0,2.57,2.34,0.0
20231220:2010,0.0,0.0,0.0,1.62,2.48,0.0
20231220:2110,0.0,0.0,0.0,1.12,2.48,0.0
20231220:2210,0.0,0.0,0.0,0.92,2.48,0.0
20231220:2310,0.0,0.0,0.0,0.83,2.41,0.0
20231221:0010,0.0,0.0,0.0,0.57,2.34,0.0
20231221:0110,0.0,0.0,0.0,0.3,2.41,0.0
20231221:0210,0.0,0.0,0.0,0.28,2.34,0.0
20231221:0310,0.0,0.0,0.0,0.63,2.21,0.0
20231221:0410,0.0,0.0,0.0,0.82,2.14,0.0
20231221:0510,0.0,0.0,0.0,1.17,1.93,0.0
20231221:0610,0.0,0.0,0.0,1.29,1.79,0.0
20231221:0710,0.0,0.0,0.0,1.41,1.79,0.0
20231221:0810,40.86,54.91,8.06,2.54,1.45,0.0
20231221:0910,75.74,90.88,14.42,5.06,0.9,0.0
20231221:1010,103.29,119.29,18.74,7.38,0.48,0.0
20231221:1110,133.03,150.63,20.62,7.71,0.28,0.0
20231221:1210,113.26,149.02,19.85,8.63,0.28,0.0
20231221:1310,97.88,137.19,16.52,8.84,0.41,0.0
20231221:1410,62.79,99.72,10.98,8.42,0.41,0.0
20231221:1510,8.37,18.93,3.67,7.82,0.55,0.0
20231221:1610,0.0,0.0,0.0,6.71,0.83,0.0
20231221:1710,0.0,0.0,0.0,5.75,1.1,0.0
20231221:1810,0.0,0.0,0.0,4.86,1.24,0.0
20231221:1910,0.0,0.0,0.0,4.13,1.45,0.0
20231221:2010,0.0,0.0,0.0,4.11,1.45,0.0
20231221:2110,0.0,0.0,0.0,3.52,1.59,0.0
20231221:2210,0.0,0.0,0.0,2.95,1.79,0.0
20231221:2310,0.0,0.0,0.0,2.73,1.93,0.0
20231222:0010,0.0,0.0,0.0,2.57,2.07,0.0
20231222:0110,0.0,0.0,0.0,2.53,2.14,0.0
20231222:0210,0.0,0.0,0.0,2.7,2.21,0.0
20231222:0310,0.0,0.0,0.0,2.98,2.34,0.0
20231222:0410,0.0,0.0,0.0,3.73,2.41,0.0
20231222:0510,0.0,0.0,0.0,4.45,2.55,0.0
20231222:0610,0.0,0.0,0.0,4.85,2.69,0.0
20231222:0710,0.0,0.0,0.0,6.18,3.31,0.0
20231222:0810,24.28,37.87,8.0,6.86,2.9,0.0
20231222:0910,46.08,61.54,14.37,8.0,2.07,0.0
20231222:1010,42.79,58.7,18.71,10.56,1.38,0.0
20231222:1110,32.71,74.38,20.61,11.65,1.31,0.0
20231222:1210,61.13,116.77,19.86,11.96,1.17,0.0
20231222:1310,72.53,127.1,16.56,11.73,1.31,0.0
20231222:1410,54.7,101.2,11.03,11.32,0.83,0.0
20231222:1510,8.96,19.88,3.73,10.24,0.9,0.0
20231222:1610,0.0,0.0,0.0,8.11,1.31,0.0
20231222:1710,0.0,0.0,0.0,6.95,1.38,0.0
20231222:1810,0.0,0.0,0.0,6.43,1.38,0.0
20231222:1910,0.0,0.0,0.0,7.58,1.31,0.0
20231222:2010,0.0,0.0,0.0,7.23,1.31,0.0
20231222:2110,0.0,0.0,0.0,6.9,1.38,0.0
20231222:2210,0.0,0.0,0.0,6.73,1.38,0.0
20231222:2310,0.0,0.0,0.0,6.22,1.52,0.0
20231223:0010,0.0,0.0,0.0,5.6,1.72,0.0
20231223:0110,0.0,0.0,0.0,5.0,1.93,0.0
20231223:0210,0.0,0.0,0.0,4.67,2.07,0.0
20231223:0310,0.0,0.0,0.0,3.77,2.41,0.0
20231223:0410,0.0,0.0,0.0,3.76,2.62,0.0
20231223:0510,0.0,0.0,0.0,3.58,2.76,0.0
20231223:0610,0.0,0.0,0.0,3.54,2.69,0.0
20231223:0710,0.0,0.0,0.0,3.48,2.69,0.0
20231223:0810,18.73,31.24,7.95,4.11,2.48,0.0
20231223:0910,42.77,57.75,14.33,6.63,2.21,0.0
20231223:1010,40.11,55.86,18.69,10.77,1.93,0.0
20231223:1110,32.23,74.09,20.61,12.37,2.07,0.0
20231223:1210,70.42,122.96,19.89,13.25,2.28,0.0
20231223:1310,64.6,126.02,16.6,13.63,2.28,0.0
20231223:1410,50.22,102.42,11.08,13.33,2.0,0.0
20231223:1510,8.16,18.93,3.8,12.1,2.07,0.0
20231223:1610,0.0,0.0,0.0,10.07,2.34,0.0
20231223:1710,0.0,0.0,0.0,7.99,2.48,0.0
20231223:1810,0.0,0.0,0.0,6.31,2.55,0.0
20231223:1910,0.0,0.0,0.0,6.21,2.55,0.0
20231223:2010,0.0,0.0,0.0,5.04,2.48,0.0
20231223:2110,0.0,0.0,0.0,4.14,2.55,0.0
20231223:2210,0.0,0.0,0.0,3.47,2.55,0.0
20231223:2310,0.0,0.0,0.0,2.76,2.55,0.0
20231224:0010,0.0,0.0,0.0,2.34,2.62,0.0
20231224:0110,0.0,0.0,0.0,2.05,2.76,0.0
20231224:0210,0.0,0.0,0.0,2.01,2.83,0.0
20231224:0310,0.0,0.0,0.0,1.89,2.9,0.0
20231224:0410,0.0,0.0,0.0,1.74,2.76,0.0
20231224:0510,0.0,0.0,0.0,1.3,2.69,0.0
20231224:0610,0.0,0.0,0.0,1.0,2.62,0.0
20231224:0710,0.0,0.0,0.0,1.25,2.48,0.0
20231224:0810,25.78,38.82,7.91,1.83,2.28,0.0
20231224:0910,43.17,57.75,14.3,4.67,1.79,0.0
20231224:1010,77.22,93.72,18.68,8.92,1.45,0.0
20231224:1110,33.44,74.88,20.62,11.01,1.31,0.0
20231224:1210,62.62,118.51,19.92,12.45,1.1,0.0
20231224:1310,69.1,127.26,16.65,13.14,0.97,0.0
20231224:1410,53.68,102.44,11.14,12.92,0.9,0.0
20231224:1510,9.61,20.83,3.87,11.47,0.9,0.0
20231224:1610,0.0,0.0,0.0,10.29,1.03,0.0
20231224:1710,0.0,0.0,0.0,9.63,1.1,0.0
20231224:1810,0.0,0.0,0.0,9.66,1.1,0.0
20231224:1910,0.0,0.0,0.0,9.06,1.31,0.0
20231224:2010,0.0,0.0,0.0,9.89,1.1,0.0
20231224:2110,0.0,0.0,0.0,9.28,1.17,0.0
20231224:2210,0.0,0.0,0.0,8.62,1.17,0.0
20231224:2310,0.0,0.0,0.0,7.68,1.24,0.0
20231225:0010,0.0,0.0,0.0,6.65,1.31,0.0
20231225:0110,0.0,0.0,0.0,5.87,1.45,0.0
20231225:0210,0.0,0.0,0.0,5.46,1.45,0.0
20231225:0310,0.0,0.0,0.0,5.18,1.45,0.0
20231225:0410,0.0,0.0,0.0,5.16,1.38,0.0
20231225:0510,0.0,0.0,0.0,5.27,1.31,0.0
20231225:0610,0.0,0.0,0.0,5.62,1.24,0.0
20231225:0710,0.0,0.0,0.0,5.21,1.17,0.0
20231225:0810,34.83,49.23,7.87,5.73,1.03,0.0
20231225:0910,55.45,71.0,14.28,6.7,0.41,0.0
20231225:1010,51.29,67.22,18.67,8.42,0.07,0.0
20231225:1110,35.4,75.69,20.64,9.73,0.28,0.0
20231225:1210,63.44,117.24,19.95,10.4,0.48,0.0
20231225:1310,71.78,126.18,16.7,10.73,0.55,0.0
20231225:1410,49.9,102.45,11.21,10.54,0.41,0.0
20231225:1510,10.43,21.77,3.95,9.76,0.21,0.0
20231225:1610,0.0,0.0,0.0,8.3,0.76,0.0
20231225:1710,0.0,0.0,0.0,7.13,0.9,0.0
20231225:1810,0.0,0.0,0.0,6.26,0.97,0.0
20231225:1910,0.0,0.0,0.0,6.82,0.9,0.0
20231225:2010,0.0,0.0,0.0,5.5,1.03,0.0
20231225:2110,0.0,0.0,0.0,4.59,1.03,0.0
20231225:2210,0.0,0.0,0.0,4.25,1.03,0.0
20231225:2310,0.0,0.0,0.0,3.59,1.03,0.0
20231226:0010,0.0,0.0,0.0,2.51,0.97,0.0
20231226:0110,0.0,0.0,0.0,1.56,0.97,0.0
20231226:0210,0.0,0.0,0.0,2.2,0.97,0.0
20231226:0310,0.0,0.0,0.0,2.92,0.9,0.0
20231226:0410,0.0,0.0,0.0,3.61,0.83,0.0
20231226:0510,0.0,0.0,0.0,4.03,0.69,0.0
20231226:0610,0.0,0.0,0.0,4.46,0.62,0.0
20231226:0710,0.0,0.0,0.0,5.65,0.55,0.0
20231226:0810,35.68,50.18,7.84,5.8,0.48,0.0
20231226:0910,17.66,30.29,14.26,6.35,0.21,0.0
20231226:1010,16.0,28.4,18.68,6.98,0.28,0.0
20231226:1110,31.16,45.62,20.66,7.55,0.41,0.0
20231226:1210,115.61,132.68,20.0,7.92,0.41,0.0
20231226:1310,86.77,103.73,16.76,8.1,0.34,0.0
20231226:1410,61.21,102.83,11.29,8.16,0.34,0.0
20231226:1510,9.08,19.88,4.04,7.85,0.28,0.0
20231226:1610,0.0,0.0,0.0,7.07,0.21,0.0
20231226:1710,0.0,0.0,0.0,6.71,0.28,0.0
20231226:1810,0.0,0.0,0.0,6.41,0.41,0.0
20231226:1910,0.0,0.0,0.0,5.42,0.76,0.0
20231226:2010,0.0,0.0,0.0,4.11,0.97,0.0
20231226:2110,0.0,0.0,0.0,3.64,1.1,0.0
20231226:2210,0.0,0.0,0.0,4.0,1.03,0.0
20231226:2310,0.0,0.0,0.0,4.06,1.17,0.0
20231227:0010,0.0,0.0,0.0,3.94,1.17,0.0
20231227:0110,0.0,0.0,0.0,4.01,1.1,0.0
20231227:0210,0.0,0.0,0.0,3.59,1.03,0.0
20231227:0310,0.0,0.0,0.0,3.52,0.97,0.0
20231227:0410,0.0,0.0,0.0,3.8,0.9,0.0
20231227:0510,0.0,0.0,0.0,2.96,0.76,0.0
20231227:0610,0.0,0.0,0.0,2.35,0.83,0.0
20231227:0710,0.0,0.0,0.0,4.49,0.76,0.0
20231227:0810,36.12,50.18,7.81,3.45,0.69,0.0
20231227:0910,88.09,103.19,14.26,5.02,0.41,0.0
20231227:1010,87.21,103.19,18.69,6.94,0.14,0.0
20231227:1110,80.14,113.01,20.69,8.1,0.21,0.0
20231227:1210,109.46,147.2,20.05,8.79,0.28,0.0
20231227:1310,88.12,134.42,16.83,9.02,0.41,0.0
20231227:1410,62.26,103.23,11.37,8.97,0.48,0.0
20231227:1510,10.52,21.77,4.13,8.35,0.62,0.0
20231227:1610,0.0,0.0,0.0,7.4,0.48,0.0
20231227:1710,0.0,0.0,0.0,6.82,0.21,0.0
20231227:1810,0.0,0.0,0.0,6.3,0.69,0.0
20231227:1910,0.0,0.0,0.0,5.62,0.83,0.0
20231227:2010,0.0,0.0,0.0,5.34,0.83,0.0
20231227:2110,0.0,0.0,0.0,5.2,0.83,0.0
20231227:2210,0.0,0.0,0.0,4.97,0.83,0.0
20231227:2310,0.0,0.0,0.0,4.58,0.9,0.0
20231228:0010,0.0,0.0,0.0,4.09,1.03,0.0
20231228:0110,0.0,0.0,0.0,3.13,1.1,0.0
20231228:0210,0.0,0.0,0.0,2.39,1.03,0.0
20231228:0310,0.0,0.0,0.0,2.11,1.17,0.0
20231228:0410,0.0,0.0,0.0,2.11,1.31,0.0
20231228:0510,0.0,0.0,0.0,2.29,1.38,0.0
20231228:0610,0.0,0.0,0.0,2.55,1.38,0.0
20231228:0710,0.0,0.0,0.0,4.67,1.03,0.0
20231228:0810,1.45,8.52,7.8,5.17,0.9,0.0
20231228:0910,62.27,77.63,14.25,5.75,0.76,0.0
20231228:1010,38.18,53.02,18.71,6.71,0.48,0.0
20231228:1110,37.46,52.41,20.73,7.52,0.34,0.0
20231228:1210,54.99,70.86,20.11,7.84,0.34,0.0
20231228:1310,65.42,81.53,16.91,7.86,0.41,0.0
20231228:1410,26.71,40.77,11.46,7.84,0.55,0.0
20231228:1510,3.7,12.31,4.23,7.52,0.48,0.0
20231228:1610,0.0,0.0,0.0,6.78,0.55,0.0
20231228:1710,0.0,0.0,0.0,6.39,0.62,0.0
20231228:1810,0.0,0.0,0.0,6.02,0.76,0.0
20231228:1910,0.0,0.0,0.0,6.29,0.69,0.0
20231228:2010,0.0,0.0,0.0,5.81,0.76,0.0
20231228:2110,0.0,0.0,0.0,5.8,0.76,0.0
20231228:2210,0.0,0.0,0.0,5.85,0.76,0.0
20231228:2310,0.0,0.0,0.0,5.94,0.69,0.0
20231229:0010,0.0,0.0,0.0,5.89,0.76,0.0
20231229:0110,0.0,0.0,0.0,5.91,0.76,0.0
20231229:0210,0.0,0.0,0.0,5.95,0.69,0.0
20231229:0310,0.0,0.0,0.0,6.02,0.62,0.0
20231229:0410,0.0,0.0,0.0,5.97,0.55,0.0
20231229:0510,0.0,0.0,0.0,6.04,0.55,0.0
20231229:0610,0.0,0.0,0.0,5.96,0.41,0.0
20231229:0710,0.0,0.0,0.0,5.87,0.55,0.0
20231229:0810,6.35,16.09,7.78,6.05,0.55,0.0
20231229:0910,16.03,28.4,14.26,6.73,0.41,0.0
20231229:1010,23.29,36.92,18.73,7.64,0.28,0.0
20231229:1110,27.5,41.74,20.78,8.35,0.21,0.0
20231229:1210,35.45,50.47,20.18,8.53,0.14,0.0
20231229:1310,18.09,31.06,16.99,8.71,0.14,0.0
20231229:1410,65.03,84.06,11.56,8.74,0.07,0.0
20231229:1510,7.63,17.99,4.33,8.41,0.21,0.0
20231229:1610,0.0,0.0,0.0,7.67,0.55,0.0
20231229:1710,0.0,0.0,0.0,6.64,0.83,0.0
20231229:1810,0.0,0.0,0.0,6.3,0.9,0.0
20231229:1910,0.0,0.0,0.0,7.1,0.69,0.0
20231229:2010,0.0,0.0,0.0,7.09,0.62,0.0
20231229:2110,0.0,0.0,0.0,6.62,0.69,0.0
20231229:2210,0.0,0.0,0.0,6.37,0.76,0.0
20231229:2310,0.0,0.0,0.0,6.34,0.76,0.0
20231230:0010,0.0,0.0,0.0,6.18,0.76,0.0
20231230:0110,0.0,0.0,0.0,5.87,0.9,0.0
20231230:0210,0.0,0.0,0.0,5.52,0.97,0.0
20231230:0310,0.0,0.0,0.0,5.26,0.97,0.0
20231230:0410,0.0,0.0,0.0,5.06,0.97,0.0
20231230:0510,0.0,0.0,0.0,4.92,0.97,0.0
20231230:0610,0.0,0.0,0.0,4.4,1.03,0.0
20231230:0710,0.0,0.0,0.0,4.06,1.03,0.0
20231230:0810,17.83,30.29,7.78,4.67,0.9,0.0
20231230:0910,34.81,49.23,14.27,5.69,0.34,0.0
20231230:1010,45.93,61.54,18.77,8.17,0.21,0.0
20231230:1110,33.27,74.77,20.83,9.21,0.48,0.0
20231230:1210,65.61,120.24,20.25,9.47,0.69,0.0
20231230:1310,84.84,134.6,17.08,9.7,0.83,0.0
20231230:1410,62.18,106.68,11.66,9.51,0.97,0.0
20231230:1510,12.74,24.61,4.44,8.92,0.83,0.0
20231230:1610,0.0,0.0,0.0,7.63,0.76,0.0
20231230:1710,0.0,0.0,0.0,7.5,0.48,0.0
20231230:1810,0.0,0.0,0.0,6.95,0.62,0.0
20231230:1910,0.0,0.0,0.0,6.93,0.48,0.0
20231230:2010,0.0,0.0,0.0,6.72,0.69,0.0
20231230:2110,0.0,0.0,0.0,6.1,0.9,0.0
20231230:2210,0.0,0.0,0.0,5.59,0.9,0.0
20231230:2310,0.0,0.0,0.0,5.25,0.97,0.0
20231231:0010,0.0,0.0,0.0,5.02,0.97,0.0
20231231:0110,0.0,0.0,0.0,5.24,0.83,0.0
20231231:0210,0.0,0.0,0.0,5.27,0.9,0.0
20231231:0310,0.0,0.0,0.0,5.28,0.9,0.0
20231231:0410,0.0,0.0,0.0,5.42,0.83,0.0
20231231:0510,0.0,0.0,0.0,5.51,0.76,0.0
20231231:0610,0.0,0.0,0.0,5.64,0.62,0.0
20231231:0710,0.0,0.0,0.0,5.21,0.62,0.0
20231231:0810,23.59,36.92,7.78,5.3,0.62,0.0
20231231:0910,22.71,35.97,14.29,5.59,0.55,0.0
20231231:1010,36.51,51.12,18.81,6.13,0.48,0.0
20231231:1110,36.79,51.44,20.9,6.27,0.41,0.0
20231231:1210,31.37,45.62,20.33,6.19,0.28,0.0
20231231:1310,27.8,41.74,17.18,6.16,0.0,0.0
20231231:1410,6.63,16.5,11.77,6.21,0.28,0.0
20231231:1510,11.4,22.72,4.56,6.15,0.69,0.0
20231231:1610,0.0,0.0,0.0,5.91,0.9,0.0
20231231:1710,0.0,0.0,0.0,5.78,1.1,0.0
20231231:1810,0.0,0.0,0.0,5.73,0.9,0.0
20231231:1910,0.0,0.0,0.0,5.48,1.17,0.0
20231231:2010,0.0,0.0,0.0,5.37,1.03,0.0
20231231:2110,0.0,0.0,0.0,5.16,0.83,0.0
20231231:2210,0.0,0.0,0.0,4.82,0.83,0.0
20231231:2310,0.0,0.0,0.0,4.7,0.76,0.0

P: PV system power (W)
G(i): Global irradiance on the inclined plane (plane of the array) (W/m2)
H_sun: Sun height (degree)
T2m: 2-m air temperature (degree Celsius)
WS10m: 10-m total wind speed (m/s)
Int: 1 means solar radiation values are reconstructed



PVGIS (c) European Union, 2001-2025