Latitude (decimal degrees):	45.791
Longitude (decimal degrees):	8.751
Elevation (m):	274
Radiation database:	PVGIS-SARAH3


Slope: 22 deg. 
Azimuth: 90 deg. 
Nominal power of the PV system (c-Si) (kWp):	1.0
System losses (%):	0.0
time,P,G(i),H_sun,T2m,WS10m,Int
20230101:0010,0.0,0.0,0.0,8.05,1.38,0.0
20230101:0110,0.0,0.0,0.0,8.01,1.31,0.0
20230101:0210,0.0,0.0,0.0,7.98,1.17,0.0
20230101:0310,0.0,0.0,0.0,7.95,1.17,0.0
20230101:0410,0.0,0.0,0.0,7.95,1.24,0.0
20230101:0510,0.0,0.0,0.0,8.08,1.31,0.0
20230101:0610,0.0,0.0,0.0,8.11,1.45,0.0
20230101:0710,0.0,0.0,0.0,7.77,1.03,0.0
20230101:0810,34.45,49.23,7.88,7.88,0.97,0.0
20230101:0910,68.8,85.34,14.42,8.47,0.9,0.0
20230101:1010,105.34,122.83,18.97,9.13,0.97,0.0
20230101:1110,102.17,119.27,21.08,9.71,0.97,0.0
20230101:1210,119.52,136.9,20.53,10.03,0.97,0.0
20230101:1310,84.81,102.12,17.39,10.42,0.97,0.0
20230101:1410,53.03,69.57,11.97,10.37,0.97,0.0
20230101:1510,19.05,32.84,4.75,10.19,0.97,0.0
20230101:1610,0.0,0.0,0.0,9.77,1.1,0.0
20230101:1710,0.0,0.0,0.0,9.19,1.03,0.0
20230101:1810,0.0,0.0,0.0,8.89,0.76,0.0
20230101:1910,0.0,0.0,0.0,8.53,0.83,0.0
20230101:2010,0.0,0.0,0.0,8.7,0.76,0.0
20230101:2110,0.0,0.0,0.0,8.66,0.76,0.0
20230101:2210,0.0,0.0,0.0,8.55,0.83,0.0
20230101:2310,0.0,0.0,0.0,8.36,0.97,0.0
20230102:0010,0.0,0.0,0.0,8.41,1.03,0.0
20230102:0110,0.0,0.0,0.0,8.45,0.97,0.0
20230102:0210,0.0,0.0,0.0,8.51,0.83,0.0
20230102:0310,0.0,0.0,0.0,8.63,0.76,0.0
20230102:0410,0.0,0.0,0.0,8.36,0.83,0.0
20230102:0510,0.0,0.0,0.0,8.44,0.83,0.0
20230102:0610,0.0,0.0,0.0,8.66,0.62,0.0
20230102:0710,0.0,0.0,0.0,7.98,0.76,0.0
20230102:0810,1.41,8.52,7.9,8.33,0.55,0.0
20230102:0910,8.67,19.41,14.46,8.85,0.34,0.0
20230102:1010,36.19,51.44,19.02,9.46,0.34,0.0
20230102:1110,70.49,87.36,21.16,9.8,0.48,0.0
20230102:1210,112.24,129.68,20.63,10.12,0.69,0.0
20230102:1310,66.58,83.47,17.5,10.25,0.69,0.0
20230102:1410,61.66,78.66,12.1,10.4,0.34,0.0
20230102:1510,7.88,18.44,4.88,10.21,0.28,0.0
20230102:1610,0.0,0.0,0.0,9.76,0.62,0.0
20230102:1710,0.0,0.0,0.0,9.4,0.97,0.0
20230102:1810,0.0,0.0,0.0,9.31,1.1,0.0
20230102:1910,0.0,0.0,0.0,9.12,0.69,0.0
20230102:2010,0.0,0.0,0.0,9.33,0.62,0.0
20230102:2110,0.0,0.0,0.0,9.2,0.69,0.0
20230102:2210,0.0,0.0,0.0,8.96,0.76,0.0
20230102:2310,0.0,0.0,0.0,8.72,0.9,0.0
20230103:0010,0.0,0.0,0.0,8.68,1.03,0.0
20230103:0110,0.0,0.0,0.0,8.59,1.1,0.0
20230103:0210,0.0,0.0,0.0,8.55,0.97,0.0
20230103:0310,0.0,0.0,0.0,8.51,0.9,0.0
20230103:0410,0.0,0.0,0.0,8.36,0.76,0.0
20230103:0510,0.0,0.0,0.0,8.38,0.62,0.0
20230103:0610,0.0,0.0,0.0,8.34,0.69,0.0
20230103:0710,0.0,0.0,0.0,8.27,0.62,0.0
20230103:0810,33.48,48.28,7.92,8.36,0.62,0.0
20230103:0910,65.75,82.44,14.5,8.9,0.41,0.0
20230103:1010,97.53,115.05,19.09,9.47,0.34,0.0
20230103:1110,52.63,68.91,21.25,9.62,0.21,0.0
20230103:1210,85.64,102.89,20.74,9.96,0.14,0.0
20230103:1310,50.66,66.97,17.62,10.01,0.07,0.0
20230103:1410,89.86,107.78,12.23,10.22,0.21,0.0
20230103:1510,0.08,5.82,5.02,10.3,0.21,0.0
20230103:1610,0.0,0.0,0.0,9.9,0.41,0.0
20230103:1710,0.0,0.0,0.0,9.1,0.69,0.0
20230103:1810,0.0,0.0,0.0,7.31,1.17,0.0
20230103:1910,0.0,0.0,0.0,6.98,1.31,0.0
20230103:2010,0.0,0.0,0.0,6.24,1.45,0.0
20230103:2110,0.0,0.0,0.0,5.69,1.52,0.0
20230103:2210,0.0,0.0,0.0,5.38,1.45,0.0
20230103:2310,0.0,0.0,0.0,4.73,1.45,0.0
20230104:0010,0.0,0.0,0.0,4.09,1.52,0.0
20230104:0110,0.0,0.0,0.0,3.65,1.66,0.0
20230104:0210,0.0,0.0,0.0,3.73,1.72,0.0
20230104:0310,0.0,0.0,0.0,3.63,1.72,0.0
20230104:0410,0.0,0.0,0.0,3.81,1.79,0.0
20230104:0510,0.0,0.0,0.0,3.33,1.79,0.0
20230104:0610,0.0,0.0,0.0,2.95,1.86,0.0
20230104:0710,0.0,0.0,0.0,3.74,1.86,0.0
20230104:0810,17.92,30.29,7.95,3.9,1.79,0.0
20230104:0910,19.85,54.08,14.55,5.07,1.52,0.0
20230104:1010,148.25,192.5,19.16,6.79,1.1,0.0
20230104:1110,189.96,210.01,21.34,8.82,0.69,0.0
20230104:1210,243.08,264.87,20.85,10.1,0.34,0.0
20230104:1310,180.96,200.29,17.75,10.61,0.0,0.0
20230104:1410,165.21,184.9,12.36,10.6,0.41,0.0
20230104:1510,36.51,52.96,5.16,10.1,0.83,0.0
20230104:1610,0.0,0.0,0.0,8.65,0.97,0.0
20230104:1710,0.0,0.0,0.0,7.71,0.97,0.0
20230104:1810,0.0,0.0,0.0,6.9,1.1,0.0
20230104:1910,0.0,0.0,0.0,5.74,1.45,0.0
20230104:2010,0.0,0.0,0.0,4.49,1.59,0.0
20230104:2110,0.0,0.0,0.0,3.37,1.72,0.0
20230104:2210,0.0,0.0,0.0,2.65,1.72,0.0
20230104:2310,0.0,0.0,0.0,2.34,1.52,0.0
20230105:0010,0.0,0.0,0.0,2.34,1.45,0.0
20230105:0110,0.0,0.0,0.0,2.33,1.38,0.0
20230105:0210,0.0,0.0,0.0,2.49,1.45,0.0
20230105:0310,0.0,0.0,0.0,2.7,1.45,0.0
20230105:0410,0.0,0.0,0.0,2.8,1.45,0.0
20230105:0510,0.0,0.0,0.0,2.35,1.59,0.0
20230105:0610,0.0,0.0,0.0,2.33,1.52,0.0
20230105:0710,0.0,0.0,0.0,3.22,1.31,0.0
20230105:0810,27.19,40.71,7.99,4.09,1.03,0.0
20230105:0910,62.27,88.81,14.61,6.44,0.76,0.0
20230105:1010,144.8,193.44,19.24,8.56,0.69,0.0
20230105:1110,266.46,306.93,21.44,9.8,0.9,0.0
20230105:1210,347.35,379.8,20.97,10.83,0.97,0.0
20230105:1310,363.14,392.02,17.88,11.7,1.03,0.0
20230105:1410,325.83,354.05,12.51,12.11,1.03,0.0
20230105:1510,185.73,213.13,5.3,11.62,0.97,0.0
20230105:1610,0.0,0.0,0.0,9.85,1.52,0.0
20230105:1710,0.0,0.0,0.0,7.67,1.86,0.0
20230105:1810,0.0,0.0,0.0,6.19,2.14,0.0
20230105:1910,0.0,0.0,0.0,5.48,1.93,0.0
20230105:2010,0.0,0.0,0.0,4.56,1.93,0.0
20230105:2110,0.0,0.0,0.0,3.8,1.86,0.0
20230105:2210,0.0,0.0,0.0,3.25,1.86,0.0
20230105:2310,0.0,0.0,0.0,2.65,1.93,0.0
20230106:0010,0.0,0.0,0.0,2.14,1.93,0.0
20230106:0110,0.0,0.0,0.0,2.04,1.79,0.0
20230106:0210,0.0,0.0,0.0,2.05,1.66,0.0
20230106:0310,0.0,0.0,0.0,2.01,1.59,0.0
20230106:0410,0.0,0.0,0.0,2.17,1.52,0.0
20230106:0510,0.0,0.0,0.0,2.41,1.52,0.0
20230106:0610,0.0,0.0,0.0,2.63,1.52,0.0
20230106:0710,0.0,0.0,0.0,2.54,1.66,0.0
20230106:0810,35.35,49.23,8.04,2.92,1.52,0.0
20230106:0910,73.02,88.25,14.68,4.73,1.17,0.0
20230106:1010,59.99,75.71,19.33,7.03,0.69,0.0
20230106:1110,59.37,75.71,21.55,8.94,0.21,0.0
20230106:1210,52.57,68.91,21.1,9.88,0.28,0.0
20230106:1310,49.73,66.0,18.02,10.17,0.48,0.0
20230106:1410,32.51,47.56,12.65,10.14,0.55,0.0
20230106:1510,19.07,32.49,5.45,9.58,0.62,0.0
20230106:1610,0.0,0.0,0.0,8.27,0.69,0.0
20230106:1710,0.0,0.0,0.0,8.04,0.21,0.0
20230106:1810,0.0,0.0,0.0,7.61,0.34,0.0
20230106:1910,0.0,0.0,0.0,5.34,1.1,0.0
20230106:2010,0.0,0.0,0.0,4.05,1.31,0.0
20230106:2110,0.0,0.0,0.0,3.86,1.24,0.0
20230106:2210,0.0,0.0,0.0,3.57,1.17,0.0
20230106:2310,0.0,0.0,0.0,2.38,1.31,0.0
20230107:0010,0.0,0.0,0.0,1.51,1.17,0.0
20230107:0110,0.0,0.0,0.0,1.79,1.17,0.0
20230107:0210,0.0,0.0,0.0,1.93,1.24,0.0
20230107:0310,0.0,0.0,0.0,1.82,1.31,0.0
20230107:0410,0.0,0.0,0.0,1.72,1.38,0.0
20230107:0510,0.0,0.0,0.0,1.88,1.45,0.0
20230107:0610,0.0,0.0,0.0,1.78,1.52,0.0
20230107:0710,0.0,0.0,0.0,2.39,1.52,0.0
20230107:0810,38.02,52.07,8.09,3.06,1.38,0.0
20230107:0910,85.6,101.31,14.75,4.24,1.1,0.0
20230107:1010,96.45,112.12,19.42,6.31,0.62,0.0
20230107:1110,76.19,92.21,21.67,7.2,0.34,0.0
20230107:1210,83.66,99.97,21.24,7.89,0.34,0.0
20230107:1310,89.39,105.93,18.17,8.19,0.21,0.0
20230107:1410,66.81,83.27,12.81,8.33,0.14,0.0
20230107:1510,55.36,72.97,5.61,8.08,0.21,0.0
20230107:1610,0.0,0.0,0.0,7.66,0.14,0.0
20230107:1710,0.0,0.0,0.0,7.36,0.34,0.0
20230107:1810,0.0,0.0,0.0,6.92,0.69,0.0
20230107:1910,0.0,0.0,0.0,6.52,1.17,0.0
20230107:2010,0.0,0.0,0.0,6.6,1.24,0.0
20230107:2110,0.0,0.0,0.0,6.58,1.24,0.0
20230107:2210,0.0,0.0,0.0,6.35,1.38,0.0
20230107:2310,0.0,0.0,0.0,6.28,1.38,0.0
20230108:0010,0.0,0.0,0.0,6.2,1.24,0.0
20230108:0110,0.0,0.0,0.0,6.11,1.24,0.0
20230108:0210,0.0,0.0,0.0,5.96,1.17,0.0
20230108:0310,0.0,0.0,0.0,5.99,1.03,0.0
20230108:0410,0.0,0.0,0.0,6.03,1.1,0.0
20230108:0510,0.0,0.0,0.0,6.01,1.17,0.0
20230108:0610,0.0,0.0,0.0,5.8,1.17,0.0
20230108:0710,0.0,0.0,0.0,5.56,0.9,0.0
20230108:0810,26.95,40.71,8.15,5.74,0.69,0.0
20230108:0910,71.47,87.29,14.83,6.21,0.62,0.0
20230108:1010,94.42,110.18,19.53,6.46,0.62,0.0
20230108:1110,44.07,59.21,21.79,6.74,0.69,0.0
20230108:1210,131.24,146.67,21.38,6.79,0.69,0.0
20230108:1310,43.15,58.24,18.33,6.79,0.97,0.0
20230108:1410,8.04,18.44,12.97,7.0,1.24,0.0
20230108:1510,66.52,84.14,5.77,6.89,1.31,0.0
20230108:1610,0.0,0.0,0.0,6.72,1.31,0.0
20230108:1710,0.0,0.0,0.0,6.61,1.17,0.0
20230108:1810,0.0,0.0,0.0,6.55,1.24,0.0
20230108:1910,0.0,0.0,0.0,5.9,1.24,0.0
20230108:2010,0.0,0.0,0.0,5.91,1.59,0.0
20230108:2110,0.0,0.0,0.0,5.85,2.21,0.0
20230108:2210,0.0,0.0,0.0,5.64,2.55,0.0
20230108:2310,0.0,0.0,0.0,5.52,2.48,0.0
20230109:0010,0.0,0.0,0.0,5.53,2.28,0.0
20230109:0110,0.0,0.0,0.0,5.63,1.86,0.0
20230109:0210,0.0,0.0,0.0,5.78,1.45,0.0
20230109:0310,0.0,0.0,0.0,5.92,0.97,0.0
20230109:0410,0.0,0.0,0.0,5.43,1.1,0.0
20230109:0510,0.0,0.0,0.0,4.36,1.45,0.0
20230109:0610,0.0,0.0,0.0,3.45,1.45,0.0
20230109:0710,0.0,0.0,0.0,3.96,1.17,0.0
20230109:0810,22.94,35.97,8.21,3.71,1.03,0.0
20230109:0910,25.81,60.59,14.92,5.65,1.24,0.0
20230109:1010,145.89,202.57,19.64,7.41,1.66,0.0
20230109:1110,284.87,324.96,21.93,9.02,1.79,0.0
20230109:1210,377.34,407.99,21.53,10.18,1.86,0.0
20230109:1310,403.26,429.88,18.49,10.86,1.93,0.0
20230109:1410,359.59,384.48,13.13,10.97,2.0,0.0
20230109:1510,224.97,250.21,5.94,10.2,1.93,0.0
20230109:1610,0.0,0.0,0.0,8.54,2.48,0.0
20230109:1710,0.0,0.0,0.0,7.18,2.76,0.0
20230109:1810,0.0,0.0,0.0,6.35,2.9,0.0
20230109:1910,0.0,0.0,0.0,5.18,2.34,0.0
20230109:2010,0.0,0.0,0.0,3.96,2.41,0.0
20230109:2110,0.0,0.0,0.0,3.35,2.55,0.0
20230109:2210,0.0,0.0,0.0,2.93,2.55,0.0
20230109:2310,0.0,0.0,0.0,2.41,2.48,0.0
20230110:0010,0.0,0.0,0.0,1.82,2.62,0.0
20230110:0110,0.0,0.0,0.0,1.69,2.76,0.0
20230110:0210,0.0,0.0,0.0,1.72,2.83,0.0
20230110:0310,0.0,0.0,0.0,1.68,2.9,0.0
20230110:0410,0.0,0.0,0.0,1.66,2.97,0.0
20230110:0510,0.0,0.0,0.0,1.61,3.03,0.0
20230110:0610,0.0,0.0,0.0,1.57,3.03,0.0
20230110:0710,0.0,0.0,0.0,2.36,2.83,0.0
20230110:0810,14.8,26.51,8.28,2.48,2.76,0.0
20230110:0910,18.5,55.94,15.01,4.98,2.62,0.0
20230110:1010,150.15,207.42,19.75,7.45,2.55,0.0
20230110:1110,292.12,330.01,22.06,8.87,3.17,0.0
20230110:1210,384.91,411.25,21.68,9.53,3.17,0.0
20230110:1310,411.87,434.25,18.65,9.84,2.76,0.0
20230110:1410,373.19,395.75,13.3,9.68,2.14,0.0
20230110:1510,223.49,246.48,6.11,8.79,2.07,0.0
20230110:1610,0.0,0.0,0.0,7.06,2.28,0.0
20230110:1710,0.0,0.0,0.0,5.66,2.28,0.0
20230110:1810,0.0,0.0,0.0,4.6,2.34,0.0
20230110:1910,0.0,0.0,0.0,3.96,2.21,0.0
20230110:2010,0.0,0.0,0.0,2.9,2.28,0.0
20230110:2110,0.0,0.0,0.0,2.11,2.21,0.0
20230110:2210,0.0,0.0,0.0,1.81,2.14,0.0
20230110:2310,0.0,0.0,0.0,1.13,2.28,0.0
20230111:0010,0.0,0.0,0.0,0.57,2.28,0.0
20230111:0110,0.0,0.0,0.0,0.25,2.28,0.0
20230111:0210,0.0,0.0,0.0,-0.02,2.21,0.0
20230111:0310,0.0,0.0,0.0,-0.2,2.21,0.0
20230111:0410,0.0,0.0,0.0,-0.15,2.21,0.0
20230111:0510,0.0,0.0,0.0,-0.05,2.28,0.0
20230111:0610,0.0,0.0,0.0,-0.12,2.14,0.0
20230111:0710,0.0,0.0,0.0,0.09,1.93,0.0
20230111:0810,42.18,55.86,8.36,0.63,1.66,0.0
20230111:0910,94.47,110.39,15.11,2.99,1.38,0.0
20230111:1010,132.24,148.4,19.88,5.79,1.1,0.0
20230111:1110,253.82,281.36,22.21,8.14,0.83,0.0
20230111:1210,270.25,291.69,21.85,9.51,0.48,0.0
20230111:1310,257.99,278.1,18.83,9.98,0.21,0.0
20230111:1410,221.51,241.63,13.48,9.92,0.0,0.0
20230111:1510,46.13,62.93,6.29,9.4,0.14,0.0
20230111:1610,0.0,0.0,0.0,8.69,0.48,0.0
20230111:1710,0.0,0.0,0.0,6.49,1.17,0.0
20230111:1810,0.0,0.0,0.0,5.34,1.45,0.0
20230111:1910,0.0,0.0,0.0,6.63,0.83,0.0
20230111:2010,0.0,0.0,0.0,5.22,1.17,0.0
20230111:2110,0.0,0.0,0.0,4.45,1.24,0.0
20230111:2210,0.0,0.0,0.0,4.21,1.17,0.0
20230111:2310,0.0,0.0,0.0,3.72,1.31,0.0
20230112:0010,0.0,0.0,0.0,1.59,1.93,0.0
20230112:0110,0.0,0.0,0.0,0.31,2.0,0.0
20230112:0210,0.0,0.0,0.0,-0.48,1.93,0.0
20230112:0310,0.0,0.0,0.0,-1.03,1.86,0.0
20230112:0410,0.0,0.0,0.0,-1.24,1.93,0.0
20230112:0510,0.0,0.0,0.0,-1.44,2.0,0.0
20230112:0610,0.0,0.0,0.0,-1.44,2.0,0.0
20230112:0710,0.0,0.0,0.0,-0.89,2.21,0.0
20230112:0810,40.49,53.96,8.45,-0.07,2.07,0.0
20230112:0910,66.87,93.79,15.22,3.17,1.79,0.0
20230112:1010,153.77,204.56,20.01,5.88,1.45,0.0
20230112:1110,285.25,320.98,22.36,7.44,1.1,0.0
20230112:1210,377.96,408.33,22.01,8.79,0.69,0.0
20230112:1310,392.62,418.86,19.0,9.56,0.69,0.0
20230112:1410,283.03,303.67,13.66,9.71,0.69,0.0
20230112:1510,168.35,190.19,6.47,9.05,0.48,0.0
20230112:1610,0.0,0.0,0.0,8.42,0.76,0.0
20230112:1710,0.0,0.0,0.0,6.94,1.03,0.0
20230112:1810,0.0,0.0,0.0,5.5,1.24,0.0
20230112:1910,0.0,0.0,0.0,3.17,1.72,0.0
20230112:2010,0.0,0.0,0.0,2.74,1.66,0.0
20230112:2110,0.0,0.0,0.0,2.63,1.59,0.0
20230112:2210,0.0,0.0,0.0,2.13,1.66,0.0
20230112:2310,0.0,0.0,0.0,1.76,1.66,0.0
20230113:0010,0.0,0.0,0.0,1.05,1.79,0.0
20230113:0110,0.0,0.0,0.0,0.4,1.93,0.0
20230113:0210,0.0,0.0,0.0,0.21,1.93,0.0
20230113:0310,0.0,0.0,0.0,0.18,1.93,0.0
20230113:0410,0.0,0.0,0.0,0.27,1.86,0.0
20230113:0510,0.0,0.0,0.0,0.02,1.86,0.0
20230113:0610,0.0,0.0,0.0,-0.27,1.86,0.0
20230113:0710,0.0,0.0,0.0,0.2,1.72,0.0
20230113:0810,43.03,56.8,8.54,0.99,1.59,0.0
20230113:0910,95.27,114.27,15.33,2.77,1.38,0.0
20230113:1010,167.5,191.41,20.15,5.26,1.03,0.0
20230113:1110,291.17,330.46,22.52,7.74,0.55,0.0
20230113:1210,373.74,405.07,22.19,8.92,0.28,0.0
20230113:1310,401.07,430.13,19.19,9.33,0.07,0.0
20230113:1410,360.24,386.47,13.85,9.41,0.14,0.0
20230113:1510,219.65,243.69,6.66,8.92,0.14,0.0
20230113:1610,0.0,0.0,0.0,7.6,0.83,0.0
20230113:1710,0.0,0.0,0.0,4.99,1.45,0.0
20230113:1810,0.0,0.0,0.0,2.92,1.79,0.0
20230113:1910,0.0,0.0,0.0,3.52,1.52,0.0
20230113:2010,0.0,0.0,0.0,1.87,1.79,0.0
20230113:2110,0.0,0.0,0.0,0.22,2.0,0.0
20230113:2210,0.0,0.0,0.0,-0.3,2.14,0.0
20230113:2310,0.0,0.0,0.0,-0.31,2.34,0.0
20230114:0010,0.0,0.0,0.0,-0.15,2.41,0.0
20230114:0110,0.0,0.0,0.0,0.08,2.48,0.0
20230114:0210,0.0,0.0,0.0,0.32,2.62,0.0
20230114:0310,0.0,0.0,0.0,0.5,2.69,0.0
20230114:0410,0.0,0.0,0.0,0.76,2.83,0.0
20230114:0510,0.0,0.0,0.0,0.91,2.76,0.0
20230114:0610,0.0,0.0,0.0,0.83,2.69,0.0
20230114:0710,0.0,0.0,0.0,0.31,2.34,0.0
20230114:0810,23.35,35.97,8.64,0.43,2.0,0.0
20230114:0910,37.51,72.3,15.45,3.32,1.52,0.0
20230114:1010,163.67,206.29,20.29,6.78,1.45,0.0
20230114:1110,291.68,327.16,22.69,7.94,1.93,0.0
20230114:1210,348.28,369.62,22.37,8.35,2.07,0.0
20230114:1310,370.49,389.47,19.38,8.38,1.52,0.0
20230114:1410,314.66,333.57,14.05,8.34,0.9,0.0
20230114:1510,225.54,247.75,6.85,7.99,0.62,0.0
20230114:1610,0.0,0.0,0.0,6.58,1.17,0.0
20230114:1710,0.0,0.0,0.0,4.91,1.52,0.0
20230114:1810,0.0,0.0,0.0,4.05,1.52,0.0
20230114:1910,0.0,0.0,0.0,3.25,1.52,0.0
20230114:2010,0.0,0.0,0.0,2.81,1.52,0.0
20230114:2110,0.0,0.0,0.0,2.46,1.52,0.0
20230114:2210,0.0,0.0,0.0,1.98,1.52,0.0
20230114:2310,0.0,0.0,0.0,1.57,1.59,0.0
20230115:0010,0.0,0.0,0.0,1.81,1.45,0.0
20230115:0110,0.0,0.0,0.0,1.99,1.45,0.0
20230115:0210,0.0,0.0,0.0,2.63,1.31,0.0
20230115:0310,0.0,0.0,0.0,3.14,1.38,0.0
20230115:0410,0.0,0.0,0.0,3.27,1.38,0.0
20230115:0510,0.0,0.0,0.0,3.55,1.31,0.0
20230115:0610,0.0,0.0,0.0,3.63,1.31,0.0
20230115:0710,0.0,0.0,0.0,2.89,1.38,0.0
20230115:0810,30.81,44.5,8.74,3.35,1.24,0.0
20230115:0910,37.13,51.44,15.58,4.6,1.24,0.0
20230115:1010,35.03,49.5,20.44,6.13,1.24,0.0
20230115:1110,58.08,73.77,22.86,7.23,1.17,0.0
20230115:1210,49.4,65.03,22.56,7.87,0.9,0.0
20230115:1310,80.7,97.06,19.58,8.26,0.83,0.0
20230115:1410,26.68,40.77,14.24,8.11,0.76,0.0
20230115:1510,12.54,24.27,7.04,7.71,0.76,0.0
20230115:1610,0.0,0.0,0.0,7.0,1.1,0.0
20230115:1710,0.0,0.0,0.0,6.12,1.31,0.0
20230115:1810,0.0,0.0,0.0,5.17,1.24,0.0
20230115:1910,0.0,0.0,0.0,3.11,1.66,0.0
20230115:2010,0.0,0.0,0.0,1.96,1.72,0.0
20230115:2110,0.0,0.0,0.0,0.83,1.72,0.0
20230115:2210,0.0,0.0,0.0,0.32,1.59,0.0
20230115:2310,0.0,0.0,0.0,-0.18,1.66,0.0
20230116:0010,0.0,0.0,0.0,-0.55,1.66,0.0
20230116:0110,0.0,0.0,0.0,-0.96,1.72,0.0
20230116:0210,0.0,0.0,0.0,-1.4,1.79,0.0
20230116:0310,0.0,0.0,0.0,-1.75,1.79,0.0
20230116:0410,0.0,0.0,0.0,-2.13,1.86,0.0
20230116:0510,0.0,0.0,0.0,-2.01,1.66,0.0
20230116:0610,0.0,0.0,0.0,-1.17,1.66,0.0
20230116:0710,0.0,0.0,0.0,-1.26,1.66,0.0
20230116:0810,39.64,53.02,8.86,-0.54,1.45,0.0
20230116:0910,83.82,97.97,15.72,1.68,1.45,0.0
20230116:1010,71.77,86.39,20.6,3.57,1.1,0.0
20230116:1110,60.79,75.71,23.04,4.31,0.69,0.0
20230116:1210,20.21,33.0,22.76,4.44,0.76,0.0
20230116:1310,16.05,28.15,19.78,4.13,1.17,0.0
20230116:1410,54.26,68.91,14.45,3.92,1.72,0.0
20230116:1510,2.16,9.71,7.24,3.6,1.52,0.0
20230116:1610,0.0,0.0,0.0,3.28,1.45,0.0
20230116:1710,0.0,0.0,0.0,2.91,1.38,0.0
20230116:1810,0.0,0.0,0.0,2.67,1.03,0.0
20230116:1910,0.0,0.0,0.0,2.65,0.83,0.0
20230116:2010,0.0,0.0,0.0,2.41,0.76,0.0
20230116:2110,0.0,0.0,0.0,1.59,0.97,0.0
20230116:2210,0.0,0.0,0.0,1.25,0.97,0.0
20230116:2310,0.0,0.0,0.0,0.85,0.97,0.0
20230117:0010,0.0,0.0,0.0,-0.2,1.17,0.0
20230117:0110,0.0,0.0,0.0,-0.13,0.97,0.0
20230117:0210,0.0,0.0,0.0,-0.85,1.17,0.0
20230117:0310,0.0,0.0,0.0,-1.0,1.17,0.0
20230117:0410,0.0,0.0,0.0,-0.38,1.31,0.0
20230117:0510,0.0,0.0,0.0,-0.17,1.45,0.0
20230117:0610,0.0,0.0,0.0,-0.1,2.0,0.0
20230117:0710,0.0,0.0,0.0,0.97,1.72,0.0
20230117:0810,46.71,60.59,8.98,1.21,1.66,0.0
20230117:0910,73.25,87.37,15.86,2.01,1.66,0.0
20230117:1010,53.61,67.94,20.77,2.65,1.45,0.0
20230117:1110,31.05,44.65,23.23,2.69,1.17,0.0
20230117:1210,45.98,60.18,22.96,2.59,1.52,0.0
20230117:1310,101.58,115.02,19.99,2.53,1.59,0.0
20230117:1410,17.0,29.12,14.66,2.7,0.97,0.0
20230117:1510,1.61,8.74,7.45,2.74,0.69,0.0
20230117:1610,0.0,0.0,0.0,2.53,0.55,0.0
20230117:1710,0.0,0.0,0.0,2.51,0.28,0.0
20230117:1810,0.0,0.0,0.0,2.49,0.28,0.0
20230117:1910,0.0,0.0,0.0,2.54,1.1,0.0
20230117:2010,0.0,0.0,0.0,2.7,0.62,0.0
20230117:2110,0.0,0.0,0.0,2.78,0.34,0.0
20230117:2210,0.0,0.0,0.0,2.32,0.62,0.0
20230117:2310,0.0,0.0,0.0,2.06,0.69,0.0
20230118:0010,0.0,0.0,0.0,1.6,0.76,0.0
20230118:0110,0.0,0.0,0.0,0.62,0.97,0.0
20230118:0210,0.0,0.0,0.0,-0.05,0.76,0.0
20230118:0310,0.0,0.0,0.0,-0.69,1.03,0.0
20230118:0410,0.0,0.0,0.0,-0.45,1.1,0.0
20230118:0510,0.0,0.0,0.0,-0.31,1.31,0.0
20230118:0610,0.0,0.0,0.0,-0.45,1.59,0.0
20230118:0710,0.0,0.0,0.0,-1.27,1.38,0.0
20230118:0810,15.86,27.45,9.1,-0.64,1.45,0.0
20230118:0910,25.27,66.57,16.01,0.95,1.52,0.0
20230118:1010,167.58,221.47,20.94,2.39,1.24,0.0
20230118:1110,305.46,334.49,23.42,3.76,0.83,0.0
20230118:1210,294.7,308.82,23.17,4.93,0.76,0.0
20230118:1310,378.79,394.5,20.2,5.59,0.62,0.0
20230118:1410,372.7,389.52,14.87,5.83,0.55,0.0
20230118:1510,86.17,102.82,7.66,5.59,0.41,0.0
20230118:1610,0.0,0.0,0.0,4.58,1.1,0.0
20230118:1710,0.0,0.0,0.0,4.02,0.76,0.0
20230118:1810,0.0,0.0,0.0,3.94,0.14,0.0
20230118:1910,0.0,0.0,0.0,1.56,1.1,0.0
20230118:2010,0.0,0.0,0.0,0.8,1.45,0.0
20230118:2110,0.0,0.0,0.0,0.06,1.52,0.0
20230118:2210,0.0,0.0,0.0,-0.66,1.72,0.0
20230118:2310,0.0,0.0,0.0,-1.21,2.0,0.0
20230119:0010,0.0,0.0,0.0,-0.88,2.28,0.0
20230119:0110,0.0,0.0,0.0,-0.18,2.62,0.0
20230119:0210,0.0,0.0,0.0,0.49,3.03,0.0
20230119:0310,0.0,0.0,0.0,0.97,3.45,0.0
20230119:0410,0.0,0.0,0.0,1.25,3.66,0.0
20230119:0510,0.0,0.0,0.0,1.53,3.66,0.0
20230119:0610,0.0,0.0,0.0,1.47,3.66,0.0
20230119:0710,0.0,0.0,0.0,1.25,3.66,0.0
20230119:0810,24.14,36.92,9.23,1.2,3.38,0.0
20230119:0910,24.03,36.88,16.16,1.84,3.24,0.0
20230119:1010,66.36,80.56,21.12,2.66,2.9,0.0
20230119:1110,101.86,115.5,23.62,3.41,2.69,0.0
20230119:1210,95.61,109.68,23.38,3.86,2.48,0.0
20230119:1310,227.08,237.08,20.42,4.05,1.93,0.0
20230119:1410,71.64,86.43,15.09,4.05,1.1,0.0
20230119:1510,36.33,50.67,7.87,3.85,0.34,0.0
20230119:1610,0.0,0.0,0.0,3.26,0.76,0.0
20230119:1710,0.0,0.0,0.0,1.81,1.1,0.0
20230119:1810,0.0,0.0,0.0,1.08,1.17,0.0
20230119:1910,0.0,0.0,0.0,1.92,0.97,0.0
20230119:2010,0.0,0.0,0.0,1.56,0.9,0.0
20230119:2110,0.0,0.0,0.0,0.46,1.1,0.0
20230119:2210,0.0,0.0,0.0,-1.37,1.52,0.0
20230119:2310,0.0,0.0,0.0,-2.58,1.52,0.0
20230120:0010,0.0,0.0,0.0,-2.34,1.45,0.0
20230120:0110,0.0,0.0,0.0,-2.66,1.72,0.0
20230120:0210,0.0,0.0,0.0,-2.33,2.0,0.0
20230120:0310,0.0,0.0,0.0,-2.21,2.28,0.0
20230120:0410,0.0,0.0,0.0,-2.51,2.48,0.0
20230120:0510,0.0,0.0,0.0,-2.85,2.55,0.0
20230120:0610,0.0,0.0,0.0,-2.89,2.41,0.0
20230120:0710,0.0,0.0,0.0,-2.58,2.55,0.0
20230120:0810,18.48,30.29,9.37,-1.88,2.41,0.0
20230120:0910,26.93,70.3,16.32,-0.01,2.21,0.0
20230120:1010,176.38,228.44,21.3,2.05,2.21,0.0
20230120:1110,332.02,360.8,23.83,3.6,2.48,0.0
20230120:1210,426.51,440.23,23.6,4.29,3.03,0.0
20230120:1310,465.75,473.14,20.65,4.48,3.45,0.0
20230120:1410,305.37,312.55,15.31,4.33,3.59,0.0
20230120:1510,261.65,274.11,8.08,3.73,3.31,0.0
20230120:1610,0.0,0.0,0.0,2.53,3.38,0.0
20230120:1710,0.0,0.0,0.0,1.38,3.38,0.0
20230120:1810,0.0,0.0,0.0,0.7,3.38,0.0
20230120:1910,0.0,0.0,0.0,0.89,3.86,0.0
20230120:2010,0.0,0.0,0.0,0.54,3.66,0.0
20230120:2110,0.0,0.0,0.0,0.16,3.59,0.0
20230120:2210,0.0,0.0,0.0,-0.13,3.52,0.0
20230120:2310,0.0,0.0,0.0,-0.36,3.45,0.0
20230121:0010,0.0,0.0,0.0,-0.71,3.38,0.0
20230121:0110,0.0,0.0,0.0,-1.01,3.31,0.0
20230121:0210,0.0,0.0,0.0,-1.37,3.31,0.0
20230121:0310,0.0,0.0,0.0,-1.69,3.24,0.0
20230121:0410,0.0,0.0,0.0,-1.95,3.17,0.0
20230121:0510,0.0,0.0,0.0,-2.1,3.1,0.0
20230121:0610,0.0,0.0,0.0,-2.19,3.1,0.0
20230121:0710,0.0,0.0,0.0,-1.2,3.66,0.0
20230121:0810,20.06,32.19,9.52,-0.59,3.72,0.0
20230121:0910,22.61,69.19,16.49,0.92,3.59,0.0
20230121:1010,183.61,229.02,21.5,2.62,3.86,0.0
20230121:1110,311.07,330.52,24.04,3.77,4.0,0.0
20230121:1210,429.96,441.36,23.83,4.49,4.07,0.0
20230121:1310,475.99,482.64,20.88,4.84,4.0,0.0
20230121:1410,401.52,408.31,15.54,4.78,3.59,0.0
20230121:1510,324.14,337.19,8.3,4.24,3.1,0.0
20230121:1610,0.0,0.0,0.0,3.15,2.97,0.0
20230121:1710,0.0,0.0,0.0,2.12,3.03,0.0
20230121:1810,0.0,0.0,0.0,1.58,3.17,0.0
20230121:1910,0.0,0.0,0.0,2.17,3.86,0.0
20230121:2010,0.0,0.0,0.0,1.8,3.86,0.0
20230121:2110,0.0,0.0,0.0,1.35,3.66,0.0
20230121:2210,0.0,0.0,0.0,0.79,3.45,0.0
20230121:2310,0.0,0.0,0.0,0.27,3.24,0.0
20230122:0010,0.0,0.0,0.0,-0.13,3.1,0.0
20230122:0110,0.0,0.0,0.0,-0.47,3.03,0.0
20230122:0210,0.0,0.0,0.0,-0.58,3.03,0.0
20230122:0310,0.0,0.0,0.0,-0.66,2.97,0.0
20230122:0410,0.0,0.0,0.0,-0.91,2.83,0.0
20230122:0510,0.0,0.0,0.0,-1.07,2.83,0.0
20230122:0610,0.0,0.0,0.0,-1.23,2.76,0.0
20230122:0710,0.0,0.0,0.0,-0.07,2.76,0.0
20230122:0810,54.5,68.16,9.67,0.41,2.69,0.0
20230122:0910,92.74,118.54,16.67,1.76,2.41,0.0
20230122:1010,193.58,223.6,21.7,3.15,2.55,0.0
20230122:1110,274.41,290.25,24.26,4.4,2.48,0.0
20230122:1210,365.51,378.47,24.06,5.19,2.21,0.0
20230122:1310,460.75,474.49,21.11,5.75,1.93,0.0
20230122:1410,432.55,447.02,15.77,5.94,1.59,0.0
20230122:1510,298.42,315.34,8.53,5.57,1.24,0.0
20230122:1610,0.0,0.0,0.0,3.77,1.31,0.0
20230122:1710,0.0,0.0,0.0,1.62,1.59,0.0
20230122:1810,0.0,0.0,0.0,-0.17,1.86,0.0
20230122:1910,0.0,0.0,0.0,3.46,0.28,0.0
20230122:2010,0.0,0.0,0.0,3.23,0.62,0.0
20230122:2110,0.0,0.0,0.0,2.06,1.1,0.0
20230122:2210,0.0,0.0,0.0,-0.3,1.72,0.0
20230122:2310,0.0,0.0,0.0,-0.96,2.07,0.0
20230123:0010,0.0,0.0,0.0,-1.36,2.55,0.0
20230123:0110,0.0,0.0,0.0,-1.47,2.62,0.0
20230123:0210,0.0,0.0,0.0,-1.47,2.62,0.0
20230123:0310,0.0,0.0,0.0,-1.31,2.69,0.0
20230123:0410,0.0,0.0,0.0,-1.36,2.69,0.0
20230123:0510,0.0,0.0,0.0,-1.26,2.48,0.0
20230123:0610,0.0,0.0,0.0,-1.17,2.48,0.0
20230123:0710,0.0,0.0,0.0,0.34,2.48,0.0
20230123:0810,55.27,69.11,9.82,0.9,1.93,0.0
20230123:0910,109.02,124.12,16.85,1.74,1.1,0.0
20230123:1010,28.28,41.74,21.9,3.05,1.03,0.0
20230123:1110,155.26,167.98,24.49,3.79,1.1,0.0
20230123:1210,91.16,105.8,24.3,4.13,0.55,0.0
20230123:1310,124.46,138.25,21.35,3.99,0.48,0.0
20230123:1410,56.92,71.83,16.0,4.37,0.62,0.0
20230123:1510,50.51,65.52,8.76,4.24,0.48,0.0
20230123:1610,0.0,0.0,0.0,3.45,1.03,0.0
20230123:1710,0.0,0.0,0.0,1.88,1.72,0.0
20230123:1810,0.0,0.0,0.0,0.95,2.14,0.0
20230123:1910,0.0,0.0,0.0,1.61,1.93,0.0
20230123:2010,0.0,0.0,0.0,1.46,1.86,0.0
20230123:2110,0.0,0.0,0.0,1.73,1.72,0.0
20230123:2210,0.0,0.0,0.0,1.4,1.59,0.0
20230123:2310,0.0,0.0,0.0,0.93,1.52,0.0
20230124:0010,0.0,0.0,0.0,0.62,1.59,0.0
20230124:0110,0.0,0.0,0.0,0.38,1.72,0.0
20230124:0210,0.0,0.0,0.0,0.5,1.72,0.0
20230124:0310,0.0,0.0,0.0,0.51,1.86,0.0
20230124:0410,0.0,0.0,0.0,0.06,2.14,0.0
20230124:0510,0.0,0.0,0.0,-0.17,2.21,0.0
20230124:0610,0.0,0.0,0.0,-0.04,2.21,0.0
20230124:0710,0.0,0.0,0.0,0.59,2.0,0.0
20230124:0810,36.66,50.18,9.99,0.72,1.86,0.0
20230124:0910,79.55,111.29,17.04,3.81,1.24,0.0
20230124:1010,179.08,231.64,22.11,6.95,0.69,0.0
20230124:1110,308.29,340.67,24.72,8.5,0.55,0.0
20230124:1210,385.17,409.56,24.54,9.0,0.9,0.0
20230124:1310,453.7,478.14,21.6,9.36,1.03,0.0
20230124:1410,431.1,454.55,16.25,9.43,0.97,0.0
20230124:1510,259.73,279.83,8.99,8.98,0.9,0.0
20230124:1610,0.0,0.0,0.0,7.45,1.1,0.0
20230124:1710,0.0,0.0,0.0,6.95,0.83,0.0
20230124:1810,0.0,0.0,0.0,6.72,0.62,0.0
20230124:1910,0.0,0.0,0.0,3.12,1.59,0.0
20230124:2010,0.0,0.0,0.0,2.05,1.52,0.0
20230124:2110,0.0,0.0,0.0,1.03,1.66,0.0
20230124:2210,0.0,0.0,0.0,0.54,1.72,0.0
20230124:2310,0.0,0.0,0.0,0.17,1.52,0.0
20230125:0010,0.0,0.0,0.0,0.05,1.31,0.0
20230125:0110,0.0,0.0,0.0,0.03,1.31,0.0
20230125:0210,0.0,0.0,0.0,-0.02,1.24,0.0
20230125:0310,0.0,0.0,0.0,-0.19,1.24,0.0
20230125:0410,0.0,0.0,0.0,-0.36,1.24,0.0
20230125:0510,0.0,0.0,0.0,-0.33,1.31,0.0
20230125:0610,0.0,0.0,0.0,-0.83,1.38,0.0
20230125:0710,0.0,0.95,1.64,0.26,1.66,0.0
20230125:0810,41.27,54.91,10.16,0.51,1.31,0.0
20230125:0910,74.26,108.54,17.23,3.69,0.69,0.0
20230125:1010,193.46,222.77,22.33,6.45,0.28,0.0
20230125:1110,300.24,325.62,24.96,7.48,1.31,0.0
20230125:1210,247.03,261.33,24.79,7.99,2.0,0.0
20230125:1310,137.84,153.19,21.85,8.05,2.07,0.0
20230125:1410,119.4,135.0,16.49,7.67,1.72,0.0
20230125:1510,282.76,300.48,9.22,7.24,1.1,0.0
20230125:1610,0.0,0.0,0.0,6.45,0.62,0.0
20230125:1710,0.0,0.0,0.0,6.24,0.0,0.0
20230125:1810,0.0,0.0,0.0,5.85,0.55,0.0
20230125:1910,0.0,0.0,0.0,5.98,0.28,0.0
20230125:2010,0.0,0.0,0.0,5.61,0.21,0.0
20230125:2110,0.0,0.0,0.0,5.28,0.21,0.0
20230125:2210,0.0,0.0,0.0,4.93,0.55,0.0
20230125:2310,0.0,0.0,0.0,3.54,0.83,0.0
20230126:0010,0.0,0.0,0.0,2.83,1.03,0.0
20230126:0110,0.0,0.0,0.0,2.9,1.17,0.0
20230126:0210,0.0,0.0,0.0,2.99,1.1,0.0
20230126:0310,0.0,0.0,0.0,3.33,0.9,0.0
20230126:0410,0.0,0.0,0.0,3.6,0.69,0.0
20230126:0510,0.0,0.0,0.0,3.76,0.48,0.0
20230126:0610,0.0,0.0,0.0,3.87,0.28,0.0
20230126:0710,0.0,0.95,1.8,2.73,0.83,0.0
20230126:0810,53.69,68.16,10.33,3.01,0.83,0.0
20230126:0910,106.51,121.57,17.43,3.47,1.31,0.0
20230126:1010,149.69,163.21,22.56,3.56,1.31,0.0
20230126:1110,179.75,192.13,25.2,3.9,0.97,0.0
20230126:1210,177.32,189.75,25.04,4.19,0.62,0.0
20230126:1310,134.42,148.36,22.11,4.62,0.34,0.0
20230126:1410,273.44,285.3,16.74,4.84,0.21,0.0
20230126:1510,329.57,347.25,9.46,4.95,0.14,0.0
20230126:1610,0.0,0.0,0.0,4.62,0.41,0.0
20230126:1710,0.0,0.0,0.0,3.38,0.76,0.0
20230126:1810,0.0,0.0,0.0,3.25,0.76,0.0
20230126:1910,0.0,0.0,0.0,1.33,1.38,0.0
20230126:2010,0.0,0.0,0.0,-0.14,1.31,0.0
20230126:2110,0.0,0.0,0.0,-0.14,1.31,0.0
20230126:2210,0.0,0.0,0.0,0.72,1.45,0.0
20230126:2310,0.0,0.0,0.0,1.38,1.38,0.0
20230127:0010,0.0,0.0,0.0,1.58,1.52,0.0
20230127:0110,0.0,0.0,0.0,1.47,1.31,0.0
20230127:0210,0.0,0.0,0.0,1.73,1.24,0.0
20230127:0310,0.0,0.0,0.0,1.52,1.03,0.0
20230127:0410,0.0,0.0,0.0,1.51,0.76,0.0
20230127:0510,0.0,0.0,0.0,1.23,0.9,0.0
20230127:0610,0.0,0.0,0.0,1.26,0.69,0.0
20230127:0710,0.0,1.89,1.96,1.33,1.52,0.0
20230127:0810,48.5,62.48,10.52,1.49,1.52,0.0
20230127:0910,72.4,86.39,17.64,1.84,1.31,0.0
20230127:1010,75.25,89.3,22.79,2.08,1.03,0.0
20230127:1110,93.95,107.74,25.45,2.44,0.83,0.0
20230127:1210,54.5,68.91,25.3,2.73,0.69,0.0
20230127:1310,56.34,70.86,22.37,2.97,0.55,0.0
20230127:1410,53.44,67.94,16.99,3.12,0.76,0.0
20230127:1510,33.73,47.56,9.7,3.06,1.03,0.0
20230127:1610,0.0,0.0,0.0,2.63,0.83,0.0
20230127:1710,0.0,0.0,0.0,1.52,0.83,0.0
20230127:1810,0.0,0.0,0.0,1.25,0.83,0.0
20230127:1910,0.0,0.0,0.0,0.78,1.24,0.0
20230127:2010,0.0,0.0,0.0,0.49,1.17,0.0
20230127:2110,0.0,0.0,0.0,0.38,1.17,0.0
20230127:2210,0.0,0.0,0.0,0.48,0.97,0.0
20230127:2310,0.0,0.0,0.0,0.48,0.97,0.0
20230128:0010,0.0,0.0,0.0,0.74,0.76,0.0
20230128:0110,0.0,0.0,0.0,1.36,0.48,0.0
20230128:0210,0.0,0.0,0.0,1.35,0.48,0.0
20230128:0310,0.0,0.0,0.0,1.27,0.55,0.0
20230128:0410,0.0,0.0,0.0,0.97,0.69,0.0
20230128:0510,0.0,0.0,0.0,1.06,0.69,0.0
20230128:0610,0.0,0.0,0.0,1.23,0.62,0.0
20230128:0710,1.01,7.57,2.13,-0.56,1.17,0.0
20230128:0810,26.78,39.76,10.7,0.66,0.76,0.0
20230128:0910,44.52,92.15,17.85,2.56,0.69,0.0
20230128:1010,197.97,247.71,23.02,3.91,0.97,0.0
20230128:1110,355.06,384.32,25.71,4.45,0.97,0.0
20230128:1210,447.26,466.85,25.57,5.39,0.97,0.0
20230128:1310,482.51,499.24,22.63,5.84,0.97,0.0
20230128:1410,452.97,469.79,17.25,6.19,0.76,0.0
20230128:1510,310.11,326.42,9.94,6.02,0.62,0.0
20230128:1610,0.0,0.0,0.0,5.17,0.97,0.0
20230128:1710,0.0,0.0,0.0,3.44,1.03,0.0
20230128:1810,0.0,0.0,0.0,3.78,0.76,0.0
20230128:1910,0.0,0.0,0.0,3.4,0.48,0.0
20230128:2010,0.0,0.0,0.0,3.22,0.34,0.0
20230128:2110,0.0,0.0,0.0,2.95,0.69,0.0
20230128:2210,0.0,0.0,0.0,2.48,1.03,0.0
20230128:2310,0.0,0.0,0.0,1.91,1.17,0.0
20230129:0010,0.0,0.0,0.0,1.37,1.17,0.0
20230129:0110,0.0,0.0,0.0,1.53,1.17,0.0
20230129:0210,0.0,0.0,0.0,0.49,1.31,0.0
20230129:0310,0.0,0.0,0.0,0.02,1.45,0.0
20230129:0410,0.0,0.0,0.0,-0.61,1.66,0.0
20230129:0510,0.0,0.0,0.0,-0.6,1.59,0.0
20230129:0610,0.0,0.0,0.0,-0.68,1.59,0.0
20230129:0710,1.54,8.52,2.3,-1.4,1.72,0.0
20230129:0810,26.12,38.82,10.9,-0.86,1.45,0.0
20230129:0910,48.01,95.76,18.07,2.35,0.76,0.0
20230129:1010,200.06,250.16,23.26,4.29,0.07,0.0
20230129:1110,355.55,386.3,25.97,5.2,0.62,0.0
20230129:1210,450.35,471.41,25.84,5.75,0.76,0.0
20230129:1310,483.08,501.14,22.9,6.08,0.76,0.0
20230129:1410,448.4,464.92,17.5,6.06,0.62,0.0
20230129:1510,292.38,307.25,10.19,5.83,0.76,0.0
20230129:1610,0.0,0.0,0.0,4.88,0.76,0.0
20230129:1710,0.0,0.0,0.0,4.33,0.62,0.0
20230129:1810,0.0,0.0,0.0,3.84,0.69,0.0
20230129:1910,0.0,0.0,0.0,3.6,0.48,0.0
20230129:2010,0.0,0.0,0.0,3.21,0.76,0.0
20230129:2110,0.0,0.0,0.0,2.95,0.83,0.0
20230129:2210,0.0,0.0,0.0,2.73,0.83,0.0
20230129:2310,0.0,0.0,0.0,2.13,1.1,0.0
20230130:0010,0.0,0.0,0.0,-0.79,1.38,0.0
20230130:0110,0.0,0.0,0.0,-1.43,1.59,0.0
20230130:0210,0.0,0.0,0.0,-0.99,1.66,0.0
20230130:0310,0.0,0.0,0.0,-0.82,1.72,0.0
20230130:0410,0.0,0.0,0.0,-0.58,1.72,0.0
20230130:0510,0.0,0.0,0.0,-0.73,1.79,0.0
20230130:0610,0.0,0.0,0.0,-0.98,1.79,0.0
20230130:0710,3.31,11.36,2.48,-2.04,1.52,0.0
20230130:0810,66.29,79.52,11.1,-0.92,1.1,0.0
20230130:0910,73.28,113.99,18.29,2.52,0.69,0.0
20230130:1010,205.27,255.1,23.51,4.96,0.34,0.0
20230130:1110,359.44,392.42,26.23,6.5,0.48,0.0
20230130:1210,452.26,477.0,26.11,7.54,0.76,0.0
20230130:1310,482.01,504.09,23.17,8.24,0.9,0.0
20230130:1410,444.69,464.54,17.77,8.57,0.97,0.0
20230130:1510,363.33,384.17,10.44,8.39,0.83,0.0
20230130:1610,0.0,2.84,1.72,6.96,0.9,0.0
20230130:1710,0.0,0.0,0.0,4.89,1.24,0.0
20230130:1810,0.0,0.0,0.0,2.49,1.86,0.0
20230130:1910,0.0,0.0,0.0,1.64,2.07,0.0
20230130:2010,0.0,0.0,0.0,0.54,2.21,0.0
20230130:2110,0.0,0.0,0.0,-0.53,2.28,0.0
20230130:2210,0.0,0.0,0.0,-1.0,2.41,0.0
20230130:2310,0.0,0.0,0.0,-0.93,2.69,0.0
20230131:0010,0.0,0.0,0.0,-0.17,2.97,0.0
20230131:0110,0.0,0.0,0.0,0.88,3.17,0.0
20230131:0210,0.0,0.0,0.0,1.52,3.03,0.0
20230131:0310,0.0,0.0,0.0,1.18,2.62,0.0
20230131:0410,0.0,0.0,0.0,0.04,2.41,0.0
20230131:0510,0.0,0.0,0.0,-0.81,2.34,0.0
20230131:0610,0.0,0.0,0.0,-1.23,2.41,0.0
20230131:0710,3.3,11.36,2.66,-1.45,2.21,0.0
20230131:0810,24.31,36.92,11.31,-0.29,1.86,0.0
20230131:0910,48.44,99.85,18.52,3.81,1.31,0.0
20230131:1010,209.61,260.66,23.76,6.25,1.03,0.0
20230131:1110,363.02,396.58,26.5,7.78,0.9,0.0
20230131:1210,455.03,482.62,26.39,8.74,0.69,0.0
20230131:1310,488.44,516.35,23.45,9.31,0.41,0.0
20230131:1410,462.45,489.12,18.03,9.48,0.28,0.0
20230131:1510,369.77,391.71,10.69,9.08,0.83,0.0
20230131:1610,0.0,4.73,1.96,7.37,1.45,0.0
20230131:1710,0.0,0.0,0.0,5.07,1.31,0.0
20230131:1810,0.0,0.0,0.0,5.07,1.24,0.0
20230131:1910,0.0,0.0,0.0,5.69,1.38,0.0
20230131:2010,0.0,0.0,0.0,3.65,1.59,0.0
20230131:2110,0.0,0.0,0.0,1.82,1.79,0.0
20230131:2210,0.0,0.0,0.0,0.51,1.93,0.0
20230131:2310,0.0,0.0,0.0,-0.39,2.0,0.0
20230201:0010,0.0,0.0,0.0,-1.04,2.14,0.0
20230201:0110,0.0,0.0,0.0,-1.55,2.14,0.0
20230201:0210,0.0,0.0,0.0,-1.7,2.21,0.0
20230201:0310,0.0,0.0,0.0,-1.75,2.28,0.0
20230201:0410,0.0,0.0,0.0,-1.81,2.28,0.0
20230201:0510,0.0,0.0,0.0,-1.8,2.28,0.0
20230201:0610,0.0,0.0,0.0,-1.87,2.21,0.0
20230201:0710,4.6,13.25,2.85,-1.96,2.07,0.0
20230201:0810,31.4,44.5,11.52,-0.36,1.72,0.0
20230201:0910,57.32,107.39,18.76,4.26,1.24,0.0
20230201:1010,214.25,263.67,24.02,7.67,1.03,0.0
20230201:1110,363.2,398.18,26.78,9.6,1.03,0.0
20230201:1210,448.21,476.38,26.68,10.71,1.24,0.0
20230201:1310,489.9,517.03,23.73,11.36,1.38,0.0
20230201:1410,452.86,477.64,18.3,11.51,1.31,0.0
20230201:1510,352.53,375.77,10.95,10.9,0.97,0.0
20230201:1610,0.03,5.68,2.2,8.71,1.17,0.0
20230201:1710,0.0,0.0,0.0,5.96,1.66,0.0
20230201:1810,0.0,0.0,0.0,3.35,2.07,0.0
20230201:1910,0.0,0.0,0.0,2.46,2.14,0.0
20230201:2010,0.0,0.0,0.0,1.18,2.21,0.0
20230201:2110,0.0,0.0,0.0,-0.02,2.34,0.0
20230201:2210,0.0,0.0,0.0,-0.2,2.48,0.0
20230201:2310,0.0,0.0,0.0,-0.08,2.62,0.0
20230202:0010,0.0,0.0,0.0,0.21,2.76,0.0
20230202:0110,0.0,0.0,0.0,0.75,2.83,0.0
20230202:0210,0.0,0.0,0.0,1.34,2.97,0.0
20230202:0310,0.0,0.0,0.0,1.75,3.1,0.0
20230202:0410,0.0,0.0,0.0,2.02,3.17,0.0
20230202:0510,0.0,0.0,0.0,2.11,3.17,0.0
20230202:0610,0.0,0.0,0.0,2.09,3.17,0.0
20230202:0710,5.15,14.2,3.05,1.97,2.62,0.0
20230202:0810,31.82,45.44,11.73,2.74,2.48,0.0
20230202:0910,58.45,109.71,19.0,5.68,2.21,0.0
20230202:1010,218.77,267.76,24.29,8.13,2.34,0.0
20230202:1110,369.6,400.92,27.06,9.79,2.48,0.0
20230202:1210,456.84,481.06,26.97,11.08,2.55,0.0
20230202:1310,489.71,512.05,24.01,11.77,2.62,0.0
20230202:1410,465.99,487.52,18.58,11.98,2.55,0.0
20230202:1510,359.3,379.97,11.2,11.44,2.34,0.0
20230202:1610,0.99,7.76,2.45,9.91,2.41,0.0
20230202:1710,0.0,0.0,0.0,7.78,2.55,0.0
20230202:1810,0.0,0.0,0.0,5.95,2.55,0.0
20230202:1910,0.0,0.0,0.0,6.38,3.1,0.0
20230202:2010,0.0,0.0,0.0,5.38,2.83,0.0
20230202:2110,0.0,0.0,0.0,4.15,2.69,0.0
20230202:2210,0.0,0.0,0.0,3.22,2.69,0.0
20230202:2310,0.0,0.0,0.0,2.66,2.83,0.0
20230203:0010,0.0,0.0,0.0,2.46,2.97,0.0
20230203:0110,0.0,0.0,0.0,2.39,3.03,0.0
20230203:0210,0.0,0.0,0.0,2.45,3.03,0.0
20230203:0310,0.0,0.0,0.0,2.24,2.97,0.0
20230203:0410,0.0,0.0,0.0,1.93,2.9,0.0
20230203:0510,0.0,0.0,0.0,1.51,2.69,0.0
20230203:0610,0.0,0.0,0.0,0.89,2.55,0.0
20230203:0710,3.85,12.31,3.25,1.54,2.48,0.0
20230203:0810,34.6,48.28,11.96,2.12,2.07,0.0
20230203:0910,60.09,113.01,19.24,5.79,1.59,0.0
20230203:1010,222.41,269.02,24.56,8.63,1.38,0.0
20230203:1110,368.5,404.06,27.35,10.59,1.03,0.0
20230203:1210,454.57,486.68,27.26,11.86,0.9,0.0
20230203:1310,477.13,507.13,24.3,12.66,1.1,0.0
20230203:1410,408.07,432.63,18.85,12.92,1.24,0.0
20230203:1510,193.29,212.81,11.46,12.55,1.1,0.0
20230203:1610,0.98,7.76,2.69,10.89,1.38,0.0
20230203:1710,0.0,0.0,0.0,7.86,1.86,0.0
20230203:1810,0.0,0.0,0.0,5.76,2.0,0.0
20230203:1910,0.0,0.0,0.0,4.61,2.28,0.0
20230203:2010,0.0,0.0,0.0,3.11,2.34,0.0
20230203:2110,0.0,0.0,0.0,2.05,2.34,0.0
20230203:2210,0.0,0.0,0.0,1.65,2.41,0.0
20230203:2310,0.0,0.0,0.0,1.35,2.55,0.0
20230204:0010,0.0,0.0,0.0,1.49,2.69,0.0
20230204:0110,0.0,0.0,0.0,2.02,2.76,0.0
20230204:0210,0.0,0.0,0.0,2.44,2.76,0.0
20230204:0310,0.0,0.0,0.0,3.05,2.62,0.0
20230204:0410,0.0,0.0,0.0,3.47,2.62,0.0
20230204:0510,0.0,0.0,0.0,3.54,2.69,0.0
20230204:0610,0.0,0.0,0.0,4.15,2.83,0.0
20230204:0710,5.74,15.15,3.46,4.15,3.03,0.0
20230204:0810,34.87,49.23,12.19,5.82,2.97,0.0
20230204:0910,65.32,117.2,19.5,9.06,2.76,0.0
20230204:1010,221.33,271.41,24.83,12.27,2.97,0.0
20230204:1110,364.91,399.76,27.64,14.06,3.66,0.0
20230204:1210,455.04,482.9,27.56,14.82,3.93,0.0
20230204:1310,491.08,516.52,24.6,14.92,3.86,0.0
20230204:1410,464.87,489.18,19.13,14.69,3.45,0.0
20230204:1510,359.32,381.23,11.73,13.9,3.59,0.0
20230204:1610,8.32,19.5,2.94,12.42,3.59,0.0
20230204:1710,0.0,0.0,0.0,11.12,3.72,0.0
20230204:1810,0.0,0.0,0.0,10.24,3.52,0.0
20230204:1910,0.0,0.0,0.0,10.56,4.48,0.0
20230204:2010,0.0,0.0,0.0,9.82,3.93,0.0
20230204:2110,0.0,0.0,0.0,8.62,2.97,0.0
20230204:2210,0.0,0.0,0.0,7.05,2.34,0.0
20230204:2310,0.0,0.0,0.0,5.48,2.21,0.0
20230205:0010,0.0,0.0,0.0,4.34,2.14,0.0
20230205:0110,0.0,0.0,0.0,3.63,1.86,0.0
20230205:0210,0.0,0.0,0.0,3.87,1.38,0.0
20230205:0310,0.0,0.0,0.0,5.2,0.69,0.0
20230205:0410,0.0,0.0,0.0,4.9,0.76,0.0
20230205:0510,0.0,0.0,0.0,4.49,0.55,0.0
20230205:0610,0.0,0.0,0.0,4.21,0.55,0.0
20230205:0710,6.48,16.09,3.67,2.68,1.45,0.0
20230205:0810,35.27,49.23,12.42,3.21,0.97,0.0
20230205:0910,68.92,120.87,19.75,4.96,0.62,0.0
20230205:1010,233.06,277.64,25.12,6.05,1.45,0.0
20230205:1110,350.35,370.8,27.94,6.87,1.79,0.0
20230205:1210,477.63,494.97,27.86,7.19,1.86,0.0
20230205:1310,506.84,520.66,24.89,7.17,1.86,0.0
20230205:1410,475.02,485.85,19.41,7.17,2.21,0.0
20230205:1510,365.92,377.47,11.99,6.73,2.21,0.0
20230205:1610,16.47,29.39,3.18,5.81,1.79,0.0
20230205:1710,0.0,0.0,0.0,4.97,1.86,0.0
20230205:1810,0.0,0.0,0.0,4.23,1.79,0.0
20230205:1910,0.0,0.0,0.0,4.05,1.93,0.0
20230205:2010,0.0,0.0,0.0,3.7,1.72,0.0
20230205:2110,0.0,0.0,0.0,3.41,1.59,0.0
20230205:2210,0.0,0.0,0.0,3.21,1.38,0.0
20230205:2310,0.0,0.0,0.0,2.79,1.24,0.0
20230206:0010,0.0,0.0,0.0,2.32,1.03,0.0
20230206:0110,0.0,0.0,0.0,2.05,0.9,0.0
20230206:0210,0.0,0.0,0.0,1.56,0.97,0.0
20230206:0310,0.0,0.0,0.0,1.48,0.97,0.0
20230206:0410,0.0,0.0,0.0,1.56,1.03,0.0
20230206:0510,0.0,0.0,0.0,1.59,1.17,0.0
20230206:0610,0.0,0.0,0.0,1.46,1.17,0.0
20230206:0710,0.0,0.0,0.0,1.3,1.17,0.0
20230206:0810,74.02,88.04,12.66,2.09,1.52,0.0
20230206:0910,104.17,117.74,20.02,2.41,1.66,0.0
20230206:1010,149.49,161.34,25.4,2.39,1.45,0.0
20230206:1110,212.91,222.47,28.24,2.59,1.45,0.0
20230206:1210,252.86,260.5,28.17,2.56,1.38,0.0
20230206:1310,156.49,167.94,25.19,2.84,1.38,0.0
20230206:1410,58.43,72.8,19.7,2.69,1.45,0.0
20230206:1510,17.0,29.12,12.26,2.81,1.72,0.0
20230206:1610,0.0,2.91,3.43,2.49,1.93,0.0
20230206:1710,0.0,0.0,0.0,2.11,2.07,0.0
20230206:1810,0.0,0.0,0.0,1.73,2.0,0.0
20230206:1910,0.0,0.0,0.0,2.02,2.48,0.0
20230206:2010,0.0,0.0,0.0,1.52,2.41,0.0
20230206:2110,0.0,0.0,0.0,1.1,2.21,0.0
20230206:2210,0.0,0.0,0.0,0.79,2.07,0.0
20230206:2310,0.0,0.0,0.0,0.61,1.86,0.0
20230207:0010,0.0,0.0,0.0,0.56,1.24,0.0
20230207:0110,0.0,0.0,0.0,0.22,1.93,0.0
20230207:0210,0.0,0.0,0.0,0.04,2.14,0.0
20230207:0310,0.0,0.0,0.0,-0.27,2.07,0.0
20230207:0410,0.0,0.0,0.0,-0.92,1.79,0.0
20230207:0510,0.0,0.0,0.0,-1.43,1.59,0.0
20230207:0610,0.0,0.0,0.0,-2.09,1.38,0.0
20230207:0710,8.86,18.93,4.12,-2.04,1.31,0.0
20230207:0810,36.7,50.18,12.9,0.24,0.55,0.0
20230207:0910,77.15,129.36,20.28,2.32,1.24,0.0
20230207:1010,249.03,289.51,25.69,3.18,1.79,0.0
20230207:1110,403.68,423.58,28.55,3.96,1.72,0.0
20230207:1210,495.07,507.35,28.48,4.63,1.59,0.0
20230207:1310,532.46,544.28,25.49,5.04,1.31,0.0
20230207:1410,500.32,510.96,19.98,5.2,1.24,0.0
20230207:1510,390.29,400.29,12.52,4.99,1.38,0.0
20230207:1610,18.77,31.77,3.68,4.3,1.31,0.0
20230207:1710,0.0,0.0,0.0,2.71,1.52,0.0
20230207:1810,0.0,0.0,0.0,0.69,1.45,0.0
20230207:1910,0.0,0.0,0.0,-0.57,1.66,0.0
20230207:2010,0.0,0.0,0.0,-1.24,1.59,0.0
20230207:2110,0.0,0.0,0.0,-1.55,1.52,0.0
20230207:2210,0.0,0.0,0.0,-1.71,1.45,0.0
20230207:2310,0.0,0.0,0.0,-1.52,1.31,0.0
20230208:0010,0.0,0.0,0.0,-1.63,1.38,0.0
20230208:0110,0.0,0.0,0.0,-1.85,1.45,0.0
20230208:0210,0.0,0.0,0.0,-2.03,1.38,0.0
20230208:0310,0.0,0.0,0.0,-2.28,1.45,0.0
20230208:0410,0.0,0.0,0.0,-2.14,1.38,0.0
20230208:0510,0.0,0.0,0.0,-1.81,1.31,0.0
20230208:0610,0.0,0.0,0.0,-1.11,1.1,0.0
20230208:0710,10.26,20.83,4.35,0.0,0.34,0.0
20230208:0810,38.5,52.07,13.15,0.39,0.55,0.0
20230208:0910,82.07,133.69,20.56,1.49,1.45,0.0
20230208:1010,256.29,279.99,25.99,2.06,1.66,0.0
20230208:1110,383.12,396.63,28.86,2.67,1.66,0.0
20230208:1210,504.61,513.08,28.8,2.96,1.52,0.0
20230208:1310,543.25,550.41,25.8,3.21,1.31,0.0
20230208:1410,504.92,509.78,20.27,3.18,1.38,0.0
20230208:1510,391.59,396.75,12.79,2.79,1.52,0.0
20230208:1610,19.31,32.08,3.94,2.06,1.38,0.0
20230208:1710,0.0,0.0,0.0,0.89,1.52,0.0
20230208:1810,0.0,0.0,0.0,-0.33,1.52,0.0
20230208:1910,0.0,0.0,0.0,-0.83,1.24,0.0
20230208:2010,0.0,0.0,0.0,-0.8,1.1,0.0
20230208:2110,0.0,0.0,0.0,-0.71,0.97,0.0
20230208:2210,0.0,0.0,0.0,-1.73,1.31,0.0
20230208:2310,0.0,0.0,0.0,-1.72,1.31,0.0
20230209:0010,0.0,0.0,0.0,-1.8,1.24,0.0
20230209:0110,0.0,0.0,0.0,-1.72,1.17,0.0
20230209:0210,0.0,0.0,0.0,-1.78,1.03,0.0
20230209:0310,0.0,0.0,0.0,-1.82,0.69,0.0
20230209:0410,0.0,0.0,0.0,-1.98,0.69,0.0
20230209:0510,0.0,0.0,0.0,-2.39,0.9,0.0
20230209:0610,0.0,0.0,0.0,-2.46,0.9,0.0
20230209:0710,15.11,26.51,4.58,-1.57,0.48,0.0
20230209:0810,78.89,91.83,13.41,-1.13,0.21,0.0
20230209:0910,98.57,144.68,20.84,-0.43,0.62,0.0
20230209:1010,262.28,299.0,26.29,0.12,0.9,0.0
20230209:1110,421.46,437.24,29.18,0.55,0.76,0.0
20230209:1210,516.38,525.16,29.12,0.68,0.48,0.0
20230209:1310,551.19,560.79,26.11,1.36,0.28,0.0
20230209:1410,518.27,524.99,20.56,1.56,0.41,0.0
20230209:1510,402.36,409.07,13.06,1.48,0.28,0.0
20230209:1610,26.97,40.58,4.19,1.15,0.14,0.0
20230209:1710,0.0,0.0,0.0,0.55,0.28,0.0
20230209:1810,0.0,0.0,0.0,-0.03,0.69,0.0
20230209:1910,0.0,0.0,0.0,0.36,0.62,0.0
20230209:2010,0.0,0.0,0.0,0.0,0.76,0.0
20230209:2110,0.0,0.0,0.0,-0.29,0.76,0.0
20230209:2210,0.0,0.0,0.0,-0.65,0.9,0.0
20230209:2310,0.0,0.0,0.0,-0.77,0.83,0.0
20230210:0010,0.0,0.0,0.0,-0.9,0.76,0.0
20230210:0110,0.0,0.0,0.0,-0.89,0.83,0.0
20230210:0210,0.0,0.0,0.0,-1.05,0.9,0.0
20230210:0310,0.0,0.0,0.0,-1.11,0.9,0.0
20230210:0410,0.0,0.0,0.0,-3.08,1.1,0.0
20230210:0510,0.0,0.0,0.0,-3.23,1.38,0.0
20230210:0610,0.0,0.0,0.0,-2.73,1.52,0.0
20230210:0710,9.69,19.88,4.82,-3.25,1.59,0.0
20230210:0810,37.91,51.12,13.67,-1.23,1.17,0.0
20230210:0910,84.81,140.02,21.12,1.45,0.62,0.0
20230210:1010,264.8,306.91,26.59,3.48,0.14,0.0
20230210:1110,421.14,447.24,29.5,4.75,0.28,0.0
20230210:1210,510.94,531.91,29.44,5.53,0.41,0.0
20230210:1310,550.38,570.88,26.42,6.0,0.48,0.0
20230210:1410,524.39,543.2,20.85,6.14,0.41,0.0
20230210:1510,409.79,424.35,13.33,5.85,0.41,0.0
20230210:1610,32.89,47.65,4.44,4.93,0.48,0.0
20230210:1710,0.0,0.0,0.0,4.26,0.14,0.0
20230210:1810,0.0,0.0,0.0,3.47,0.55,0.0
20230210:1910,0.0,0.0,0.0,3.38,0.28,0.0
20230210:2010,0.0,0.0,0.0,2.39,1.1,0.0
20230210:2110,0.0,0.0,0.0,0.29,1.45,0.0
20230210:2210,0.0,0.0,0.0,-0.92,1.52,0.0
20230210:2310,0.0,0.0,0.0,-1.45,1.52,0.0
20230211:0010,0.0,0.0,0.0,-3.09,1.66,0.0
20230211:0110,0.0,0.0,0.0,-2.88,1.72,0.0
20230211:0210,0.0,0.0,0.0,-2.18,2.0,0.0
20230211:0310,0.0,0.0,0.0,-2.32,2.0,0.0
20230211:0410,0.0,0.0,0.0,-2.44,1.93,0.0
20230211:0510,0.0,0.0,0.0,-2.61,1.86,0.0
20230211:0610,0.0,0.0,0.0,-2.7,1.79,0.0
20230211:0710,10.41,20.83,5.06,-2.52,1.66,0.0
20230211:0810,57.63,71.0,13.93,-0.91,1.31,0.0
20230211:0910,116.39,158.31,21.41,2.64,0.9,0.0
20230211:1010,263.05,299.88,26.91,5.47,0.41,0.0
20230211:1110,411.56,442.23,29.82,7.02,0.0,0.0
20230211:1210,497.44,524.08,29.77,7.98,0.28,0.0
20230211:1310,535.85,562.49,26.74,8.6,0.41,0.0
20230211:1410,503.06,526.46,21.15,8.88,0.48,0.0
20230211:1510,399.22,417.93,13.61,8.67,0.55,0.0
20230211:1610,37.69,53.28,4.7,7.31,0.9,0.0
20230211:1710,0.0,0.0,0.0,6.58,0.62,0.0
20230211:1810,0.0,0.0,0.0,5.55,0.76,0.0
20230211:1910,0.0,0.0,0.0,5.14,0.97,0.0
20230211:2010,0.0,0.0,0.0,2.74,1.31,0.0
20230211:2110,0.0,0.0,0.0,0.56,1.52,0.0
20230211:2210,0.0,0.0,0.0,-0.58,1.66,0.0
20230211:2310,0.0,0.0,0.0,-1.39,1.86,0.0
20230212:0010,0.0,0.0,0.0,-1.7,1.93,0.0
20230212:0110,0.0,0.0,0.0,-1.9,1.86,0.0
20230212:0210,0.0,0.0,0.0,-2.05,1.79,0.0
20230212:0310,0.0,0.0,0.0,-2.18,1.79,0.0
20230212:0410,0.0,0.0,0.0,-2.25,1.79,0.0
20230212:0510,0.0,0.0,0.0,-2.29,1.79,0.0
20230212:0610,0.0,0.0,0.0,-2.3,1.86,0.0
20230212:0710,12.75,23.67,5.31,-2.22,1.72,0.0
20230212:0810,40.24,53.96,14.2,1.0,1.1,0.0
20230212:0910,88.33,145.22,21.7,6.25,0.76,0.0
20230212:1010,260.94,307.9,27.22,9.53,0.21,0.0
20230212:1110,403.86,442.0,30.15,11.25,0.0,0.0
20230212:1210,486.55,522.55,30.1,12.39,0.34,0.0
20230212:1310,524.86,559.66,27.05,13.02,0.76,0.0
20230212:1410,502.45,531.3,21.45,13.13,1.31,0.0
20230212:1510,404.48,426.63,13.88,12.54,1.72,0.0
20230212:1610,39.04,55.34,4.95,10.9,2.21,0.0
20230212:1710,0.0,0.0,0.0,8.51,2.21,0.0
20230212:1810,0.0,0.0,0.0,6.39,1.79,0.0
20230212:1910,0.0,0.0,0.0,7.79,1.1,0.0
20230212:2010,0.0,0.0,0.0,8.01,0.83,0.0
20230212:2110,0.0,0.0,0.0,7.48,0.83,0.0
20230212:2210,0.0,0.0,0.0,6.5,1.17,0.0
20230212:2310,0.0,0.0,0.0,3.01,1.86,0.0
20230213:0010,0.0,0.0,0.0,1.06,2.07,0.0
20230213:0110,0.0,0.0,0.0,-0.1,2.07,0.0
20230213:0210,0.0,0.0,0.0,-0.75,2.0,0.0
20230213:0310,0.0,0.0,0.0,-1.19,2.0,0.0
20230213:0410,0.0,0.0,0.0,-1.47,1.93,0.0
20230213:0510,0.0,0.0,0.0,-1.69,1.93,0.0
20230213:0610,0.0,0.0,0.0,-1.83,1.93,0.0
20230213:0710,14.29,25.56,5.57,-1.24,1.86,0.0
20230213:0810,41.16,54.91,14.48,1.11,1.52,0.0
20230213:0910,93.77,149.84,22.0,4.53,0.97,0.0
20230213:1010,268.6,312.85,27.54,8.07,0.28,0.0
20230213:1110,418.21,451.25,30.49,9.66,0.48,0.0
20230213:1210,510.07,539.87,30.43,10.36,0.76,0.0
20230213:1310,537.67,567.23,27.37,10.79,0.76,0.0
20230213:1410,508.97,536.16,21.74,10.92,0.69,0.0
20230213:1510,406.77,428.99,14.16,10.7,0.62,0.0
20230213:1610,40.24,56.4,5.21,9.92,0.76,0.0
20230213:1710,0.0,0.0,0.0,8.89,0.62,0.0
20230213:1810,0.0,0.0,0.0,8.25,0.07,0.0
20230213:1910,0.0,0.0,0.0,7.93,0.21,0.0
20230213:2010,0.0,0.0,0.0,7.14,1.03,0.0
20230213:2110,0.0,0.0,0.0,3.54,1.66,0.0
20230213:2210,0.0,0.0,0.0,1.82,1.72,0.0
20230213:2310,0.0,0.0,0.0,0.8,1.66,0.0
20230214:0010,0.0,0.0,0.0,0.25,1.59,0.0
20230214:0110,0.0,0.0,0.0,-0.92,1.66,0.0
20230214:0210,0.0,0.0,0.0,-1.29,1.72,0.0
20230214:0310,0.0,0.0,0.0,-1.31,1.66,0.0
20230214:0410,0.0,0.0,0.0,-1.49,1.66,0.0
20230214:0510,0.0,0.0,0.0,-1.61,1.66,0.0
20230214:0610,0.0,0.0,0.0,-1.72,1.59,0.0
20230214:0710,14.29,25.56,5.83,-1.27,1.52,0.0
20230214:0810,40.25,53.96,14.75,1.01,1.38,0.0
20230214:0910,98.69,154.78,22.3,4.55,1.1,0.0
20230214:1010,276.07,320.19,27.86,8.3,0.55,0.0
20230214:1110,420.27,456.94,30.82,10.91,0.21,0.0
20230214:1210,503.79,539.38,30.76,12.36,0.55,0.0
20230214:1310,544.89,581.39,27.7,13.19,0.83,0.0
20230214:1410,516.14,550.0,22.04,13.56,0.83,0.0
20230214:1510,416.48,443.59,14.44,13.44,0.9,0.0
20230214:1610,191.8,214.12,5.47,12.37,1.24,0.0
20230214:1710,0.0,0.0,0.0,10.03,1.1,0.0
20230214:1810,0.0,0.0,0.0,10.21,0.41,0.0
20230214:1910,0.0,0.0,0.0,6.34,1.72,0.0
20230214:2010,0.0,0.0,0.0,3.66,2.14,0.0
20230214:2110,0.0,0.0,0.0,1.91,2.28,0.0
20230214:2210,0.0,0.0,0.0,0.73,2.14,0.0
20230214:2310,0.0,0.0,0.0,-0.09,2.0,0.0
20230215:0010,0.0,0.0,0.0,-0.66,2.0,0.0
20230215:0110,0.0,0.0,0.0,-1.07,2.0,0.0
20230215:0210,0.0,0.0,0.0,-1.36,2.0,0.0
20230215:0310,0.0,0.0,0.0,-1.52,2.0,0.0
20230215:0410,0.0,0.0,0.0,-1.65,2.0,0.0
20230215:0510,0.0,0.0,0.0,-1.78,2.0,0.0
20230215:0610,0.0,0.0,0.0,-1.86,2.0,0.0
20230215:0710,13.51,24.61,6.09,-1.6,1.93,0.0
20230215:0810,37.37,51.12,15.04,1.72,1.38,0.0
20230215:0910,100.25,159.51,22.61,7.76,0.83,0.0
20230215:1010,277.6,326.43,28.19,11.33,0.07,0.0
20230215:1110,421.42,460.63,31.16,13.19,0.55,0.0
20230215:1210,508.67,547.27,31.1,14.12,0.83,0.0
20230215:1310,545.49,586.14,28.02,14.66,0.83,0.0
20230215:1410,520.4,558.91,22.35,14.79,0.69,0.0
20230215:1510,424.46,455.61,14.71,14.56,0.62,0.0
20230215:1610,212.52,236.24,5.73,13.1,0.83,0.0
20230215:1710,0.0,0.0,0.0,12.61,0.41,0.0
20230215:1810,0.0,0.0,0.0,11.67,0.55,0.0
20230215:1910,0.0,0.0,0.0,8.14,1.72,0.0
20230215:2010,0.0,0.0,0.0,5.58,2.0,0.0
20230215:2110,0.0,0.0,0.0,3.88,2.0,0.0
20230215:2210,0.0,0.0,0.0,2.45,1.93,0.0
20230215:2310,0.0,0.0,0.0,1.49,1.93,0.0
20230216:0010,0.0,0.0,0.0,0.73,1.93,0.0
20230216:0110,0.0,0.0,0.0,0.07,2.0,0.0
20230216:0210,0.0,0.0,0.0,-0.35,1.93,0.0
20230216:0310,0.0,0.0,0.0,-0.6,1.86,0.0
20230216:0410,0.0,0.0,0.0,-0.84,1.86,0.0
20230216:0510,0.0,0.0,0.0,-1.06,1.72,0.0
20230216:0610,0.0,0.0,0.0,-1.1,1.59,0.0
20230216:0710,19.23,31.24,6.36,-0.99,1.31,0.0
20230216:0810,72.93,87.1,15.32,2.22,0.9,0.0
20230216:0910,156.79,190.35,22.92,5.75,0.48,0.0
20230216:1010,283.27,324.51,28.52,8.61,0.28,0.0
20230216:1110,428.34,460.03,31.51,10.34,0.76,0.0
20230216:1210,523.91,555.22,31.45,11.39,0.97,0.0
20230216:1310,558.3,591.25,28.35,12.05,0.97,0.0
20230216:1410,531.12,560.55,22.65,12.31,1.1,0.0
20230216:1510,424.45,447.54,14.99,12.18,1.17,0.0
20230216:1610,213.16,234.11,5.98,11.29,1.17,0.0
20230216:1710,0.0,0.0,0.0,9.38,1.17,0.0
20230216:1810,0.0,0.0,0.0,9.35,0.69,0.0
20230216:1910,0.0,0.0,0.0,5.77,1.79,0.0
20230216:2010,0.0,0.0,0.0,6.88,1.17,0.0
20230216:2110,0.0,0.0,0.0,6.98,0.55,0.0
20230216:2210,0.0,0.0,0.0,6.36,0.48,0.0
20230216:2310,0.0,0.0,0.0,5.76,0.83,0.0
20230217:0010,0.0,0.0,0.0,2.55,1.31,0.0
20230217:0110,0.0,0.0,0.0,1.33,1.52,0.0
20230217:0210,0.0,0.0,0.0,1.23,1.45,0.0
20230217:0310,0.0,0.0,0.0,1.5,1.38,0.0
20230217:0410,0.0,0.0,0.0,1.5,1.38,0.0
20230217:0510,0.0,0.0,0.0,1.41,1.38,0.0
20230217:0610,0.0,0.0,0.0,1.73,1.17,0.0
20230217:0710,23.24,35.97,6.63,1.26,1.17,0.0
20230217:0810,50.73,65.32,15.62,3.71,1.03,0.0
20230217:0910,118.96,170.47,23.23,6.12,0.69,0.0
20230217:1010,286.67,327.91,28.86,7.85,0.14,0.0
20230217:1110,429.2,460.98,31.86,9.52,0.28,0.0
20230217:1210,507.2,535.99,31.79,10.84,0.83,0.0
20230217:1310,516.46,544.23,28.68,11.82,1.03,0.0
20230217:1410,521.55,548.32,22.95,12.1,1.24,0.0
20230217:1510,423.72,445.47,15.27,12.0,1.31,0.0
20230217:1610,179.48,199.5,6.24,11.38,1.17,0.0
20230217:1710,0.0,0.0,0.0,9.89,1.24,0.0
20230217:1810,0.0,0.0,0.0,8.91,0.83,0.0
20230217:1910,0.0,0.0,0.0,8.56,1.17,0.0
20230217:2010,0.0,0.0,0.0,9.01,0.69,0.0
20230217:2110,0.0,0.0,0.0,8.29,0.21,0.0
20230217:2210,0.0,0.0,0.0,7.62,0.69,0.0
20230217:2310,0.0,0.0,0.0,6.54,1.17,0.0
20230218:0010,0.0,0.0,0.0,4.8,1.31,0.0
20230218:0110,0.0,0.0,0.0,3.75,1.38,0.0
20230218:0210,0.0,0.0,0.0,2.56,1.45,0.0
20230218:0310,0.0,0.0,0.0,1.99,1.45,0.0
20230218:0410,0.0,0.0,0.0,1.25,1.59,0.0
20230218:0510,0.0,0.0,0.0,0.71,1.66,0.0
20230218:0610,0.0,0.0,0.0,0.25,1.66,0.0
20230218:0710,25.82,38.82,6.91,1.44,1.31,0.0
20230218:0810,58.64,73.84,15.91,5.31,0.62,0.0
20230218:0910,141.11,185.02,23.55,8.17,0.07,0.0
20230218:1010,290.14,332.2,29.2,9.83,0.55,0.0
20230218:1110,432.19,463.72,32.21,11.02,0.9,0.0
20230218:1210,516.75,547.15,32.14,12.09,1.17,0.0
20230218:1310,524.91,553.63,29.01,12.78,1.38,0.0
20230218:1410,388.64,409.09,23.26,13.14,1.52,0.0
20230218:1510,274.57,292.63,15.55,13.0,1.59,0.0
20230218:1610,38.32,54.48,6.5,12.21,1.31,0.0
20230218:1710,0.0,0.0,0.0,10.69,1.38,0.0
20230218:1810,0.0,0.0,0.0,8.74,1.17,0.0
20230218:1910,0.0,0.0,0.0,7.48,1.1,0.0
20230218:2010,0.0,0.0,0.0,8.14,0.28,0.0
20230218:2110,0.0,0.0,0.0,7.5,0.62,0.0
20230218:2210,0.0,0.0,0.0,5.59,1.24,0.0
20230218:2310,0.0,0.0,0.0,4.83,1.31,0.0
20230219:0010,0.0,0.0,0.0,4.54,1.31,0.0
20230219:0110,0.0,0.0,0.0,4.59,1.24,0.0
20230219:0210,0.0,0.0,0.0,4.39,1.31,0.0
20230219:0310,0.0,0.0,0.0,4.25,1.38,0.0
20230219:0410,0.0,0.0,0.0,4.02,1.38,0.0
20230219:0510,0.0,0.0,0.0,3.96,1.38,0.0
20230219:0610,0.0,0.0,0.0,4.22,1.31,0.0
20230219:0710,25.36,38.82,7.19,4.85,0.9,0.0
20230219:0810,71.47,87.1,16.21,6.24,0.48,0.0
20230219:0910,169.73,188.91,23.87,7.48,0.41,0.0
20230219:1010,266.61,288.23,29.54,8.51,0.48,0.0
20230219:1110,387.94,412.18,32.56,9.59,0.55,0.0
20230219:1210,500.48,529.71,32.49,10.91,0.62,0.0
20230219:1310,567.32,602.6,29.34,12.42,0.83,0.0
20230219:1410,542.79,575.73,23.57,13.45,1.1,0.0
20230219:1510,444.76,471.26,15.84,13.68,1.24,0.0
20230219:1610,250.29,272.96,6.76,12.98,1.24,0.0
20230219:1710,0.0,0.0,0.0,11.32,1.52,0.0
20230219:1810,0.0,0.0,0.0,9.23,1.52,0.0
20230219:1910,0.0,0.0,0.0,10.25,1.03,0.0
20230219:2010,0.0,0.0,0.0,10.25,0.76,0.0
20230219:2110,0.0,0.0,0.0,9.6,0.69,0.0
20230219:2210,0.0,0.0,0.0,8.94,0.83,0.0
20230219:2310,0.0,0.0,0.0,8.33,0.97,0.0
20230220:0010,0.0,0.0,0.0,6.13,1.38,0.0
20230220:0110,0.0,0.0,0.0,4.07,1.72,0.0
20230220:0210,0.0,0.0,0.0,3.86,1.59,0.0
20230220:0310,0.0,0.0,0.0,3.5,1.52,0.0
20230220:0410,0.0,0.0,0.0,3.45,1.52,0.0
20230220:0510,0.0,0.0,0.0,4.12,1.31,0.0
20230220:0610,0.0,0.0,0.0,4.15,1.31,0.0
20230220:0710,28.14,41.66,7.47,3.56,1.17,0.0
20230220:0810,101.97,117.39,16.52,6.3,0.69,0.0
20230220:0910,80.63,97.06,24.2,8.41,0.76,0.0
20230220:1010,185.5,202.68,29.89,9.83,0.83,0.0
20230220:1110,253.0,271.52,32.92,10.86,0.76,0.0
20230220:1210,370.69,392.34,32.85,11.77,0.9,0.0
20230220:1310,558.89,592.59,29.67,12.48,0.9,0.0
20230220:1410,525.88,557.1,23.88,12.83,0.83,0.0
20230220:1510,248.13,266.54,16.12,12.76,0.83,0.0
20230220:1610,162.16,181.98,7.02,12.2,0.97,0.0
20230220:1710,0.0,0.0,0.0,10.94,1.03,0.0
20230220:1810,0.0,0.0,0.0,10.32,0.48,0.0
20230220:1910,0.0,0.0,0.0,8.9,0.9,0.0
20230220:2010,0.0,0.0,0.0,6.48,1.52,0.0
20230220:2110,0.0,0.0,0.0,5.31,1.59,0.0
20230220:2210,0.0,0.0,0.0,4.5,1.52,0.0
20230220:2310,0.0,0.0,0.0,3.96,1.45,0.0
20230221:0010,0.0,0.0,0.0,3.53,1.38,0.0
20230221:0110,0.0,0.0,0.0,3.13,1.24,0.0
20230221:0210,0.0,0.0,0.0,2.65,1.24,0.0
20230221:0310,0.0,0.0,0.0,2.26,1.31,0.0
20230221:0410,0.0,0.0,0.0,2.28,1.38,0.0
20230221:0510,0.0,0.0,0.0,1.89,1.31,0.0
20230221:0610,0.0,0.0,0.0,1.74,1.17,0.0
20230221:0710,34.95,49.23,7.76,4.94,0.55,0.0
20230221:0810,68.74,84.26,16.82,5.92,0.41,0.0
20230221:0910,127.11,184.44,24.53,6.99,0.14,0.0
20230221:1010,277.76,298.82,30.24,7.74,0.41,0.0
20230221:1110,449.08,476.82,33.28,8.81,0.55,0.0
20230221:1210,338.74,356.06,33.2,9.39,0.62,0.0
20230221:1310,175.9,192.9,30.01,10.02,0.55,0.0
20230221:1410,270.45,287.0,24.18,10.49,0.48,0.0
20230221:1510,317.45,333.98,16.4,10.39,0.55,0.0
20230221:1610,262.22,282.15,7.28,10.16,0.48,0.0
20230221:1710,0.0,0.0,0.0,9.34,0.07,0.0
20230221:1810,0.0,0.0,0.0,8.53,0.76,0.0
20230221:1910,0.0,0.0,0.0,8.56,1.24,0.0
20230221:2010,0.0,0.0,0.0,8.15,1.31,0.0
20230221:2110,0.0,0.0,0.0,7.77,1.31,0.0
20230221:2210,0.0,0.0,0.0,7.37,1.17,0.0
20230221:2310,0.0,0.0,0.0,7.7,0.9,0.0
20230222:0010,0.0,0.0,0.0,8.5,0.69,0.0
20230222:0110,0.0,0.0,0.0,8.14,0.69,0.0
20230222:0210,0.0,0.0,0.0,7.44,0.9,0.0
20230222:0310,0.0,0.0,0.0,7.18,0.9,0.0
20230222:0410,0.0,0.0,0.0,7.05,0.97,0.0
20230222:0510,0.0,0.0,0.0,6.53,1.03,0.0
20230222:0610,0.0,0.0,0.0,6.22,1.03,0.0
20230222:0710,12.87,24.61,8.05,7.04,0.76,0.0
20230222:0810,77.38,93.72,17.14,8.17,0.62,0.0
20230222:0910,76.44,93.18,24.86,9.17,0.48,0.0
20230222:1010,204.36,222.35,30.59,9.76,0.28,0.0
20230222:1110,368.0,392.32,33.65,10.45,0.28,0.0
20230222:1210,300.81,319.81,33.56,10.8,0.48,0.0
20230222:1310,162.83,180.55,30.35,10.96,0.69,0.0
20230222:1410,125.31,143.02,24.49,10.85,0.55,0.0
20230222:1510,197.06,213.78,16.68,10.8,0.41,0.0
20230222:1610,39.42,55.22,7.54,10.59,0.55,0.0
20230222:1710,0.0,0.0,0.0,10.02,0.69,0.0
20230222:1810,0.0,0.0,0.0,9.37,0.76,0.0
20230222:1910,0.0,0.0,0.0,8.88,0.76,0.0
20230222:2010,0.0,0.0,0.0,8.7,0.76,0.0
20230222:2110,0.0,0.0,0.0,8.66,0.83,0.0
20230222:2210,0.0,0.0,0.0,8.45,0.83,0.0
20230222:2310,0.0,0.0,0.0,8.6,0.69,0.0
20230223:0010,0.0,0.0,0.0,8.92,0.48,0.0
20230223:0110,0.0,0.0,0.0,8.78,0.34,0.0
20230223:0210,0.0,0.0,0.0,8.63,0.41,0.0
20230223:0310,0.0,0.0,0.0,8.31,0.62,0.0
20230223:0410,0.0,0.0,0.0,6.96,1.1,0.0
20230223:0510,0.0,0.0,0.0,6.44,1.17,0.0
20230223:0610,0.0,0.0,0.0,6.39,1.1,0.0
20230223:0710,38.37,53.02,8.35,5.85,0.97,0.0
20230223:0810,75.52,91.83,17.45,8.13,0.62,0.0
20230223:0910,150.18,200.11,25.2,10.16,0.41,0.0
20230223:1010,238.24,258.44,30.95,10.97,0.62,0.0
20230223:1110,309.46,329.85,34.01,11.44,0.97,0.0
20230223:1210,109.1,127.15,33.92,11.74,1.03,0.0
20230223:1310,136.05,154.33,30.69,11.88,0.97,0.0
20230223:1410,97.46,115.5,24.8,11.77,0.76,0.0
20230223:1510,164.24,182.05,16.96,11.87,0.48,0.0
20230223:1610,93.35,111.61,7.8,11.63,0.55,0.0
20230223:1710,0.0,0.0,0.0,10.95,0.62,0.0
20230223:1810,0.0,0.0,0.0,10.66,0.55,0.0
20230223:1910,0.0,0.0,0.0,8.48,1.24,0.0
20230223:2010,0.0,0.0,0.0,7.9,1.24,0.0
20230223:2110,0.0,0.0,0.0,7.82,1.1,0.0
20230223:2210,0.0,0.0,0.0,7.7,1.1,0.0
20230223:2310,0.0,0.0,0.0,7.72,1.1,0.0
20230224:0010,0.0,0.0,0.0,7.82,1.1,0.0
20230224:0110,0.0,0.0,0.0,7.69,1.03,0.0
20230224:0210,0.0,0.0,0.0,7.43,1.1,0.0
20230224:0310,0.0,0.0,0.0,7.23,1.1,0.0
20230224:0410,0.0,0.0,0.0,7.28,0.97,0.0
20230224:0510,0.0,0.0,0.0,7.48,0.76,0.0
20230224:0610,0.0,0.0,0.0,7.52,0.62,0.0
20230224:0710,35.36,50.18,8.65,7.57,0.41,0.0
20230224:0810,59.5,75.74,17.77,8.61,0.28,0.0
20230224:0910,72.69,89.3,25.54,9.02,0.62,0.0
20230224:1010,78.33,95.12,31.31,9.51,1.03,0.0
20230224:1110,55.45,71.83,34.38,9.75,0.83,0.0
20230224:1210,129.12,146.56,34.28,10.19,0.41,0.0
20230224:1310,74.82,92.21,31.03,10.8,0.14,0.0
20230224:1410,84.15,101.92,25.11,11.21,0.07,0.0
20230224:1510,114.69,132.31,17.24,11.03,0.41,0.0
20230224:1610,74.51,91.91,8.06,10.69,0.55,0.0
20230224:1710,0.0,0.0,0.0,9.76,0.41,0.0
20230224:1810,0.0,0.0,0.0,9.19,0.55,0.0
20230224:1910,0.0,0.0,0.0,8.7,0.69,0.0
20230224:2010,0.0,0.0,0.0,8.5,0.83,0.0
20230224:2110,0.0,0.0,0.0,8.37,0.76,0.0
20230224:2210,0.0,0.0,0.0,8.06,1.17,0.0
20230224:2310,0.0,0.0,0.0,8.01,1.03,0.0
20230225:0010,0.0,0.0,0.0,7.6,1.1,0.0
20230225:0110,0.0,0.0,0.0,7.54,1.24,0.0
20230225:0210,0.0,0.0,0.0,7.37,1.38,0.0
20230225:0310,0.0,0.0,0.0,7.24,1.31,0.0
20230225:0410,0.0,0.0,0.0,6.73,1.38,0.0
20230225:0510,0.0,0.0,0.0,5.9,1.52,0.0
20230225:0610,0.0,0.0,0.0,5.05,1.52,0.0
20230225:0710,27.09,40.71,8.95,4.84,1.24,0.0
20230225:0810,71.05,87.1,18.09,7.54,0.69,0.0
20230225:0910,147.16,204.48,25.88,9.87,1.03,0.0
20230225:1010,330.12,368.09,31.67,11.24,1.31,0.0
20230225:1110,464.09,496.0,34.76,12.38,1.17,0.0
20230225:1210,561.74,601.08,34.65,13.46,0.83,0.0
20230225:1310,589.77,633.26,31.37,14.3,0.76,0.0
20230225:1410,550.67,585.1,25.43,14.54,1.31,0.0
20230225:1510,497.31,525.29,17.53,14.29,1.72,0.0
20230225:1610,287.26,309.11,8.32,13.51,1.59,0.0
20230225:1710,0.0,0.0,0.0,12.0,1.66,0.0
20230225:1810,0.0,0.0,0.0,9.94,1.38,0.0
20230225:1910,0.0,0.0,0.0,8.71,1.72,0.0
20230225:2010,0.0,0.0,0.0,7.0,1.93,0.0
20230225:2110,0.0,0.0,0.0,5.74,2.14,0.0
20230225:2210,0.0,0.0,0.0,4.99,2.48,0.0
20230225:2310,0.0,0.0,0.0,5.18,2.9,0.0
20230226:0010,0.0,0.0,0.0,5.57,3.31,0.0
20230226:0110,0.0,0.0,0.0,5.53,3.38,0.0
20230226:0210,0.0,0.0,0.0,5.32,3.38,0.0
20230226:0310,0.0,0.0,0.0,4.74,3.38,0.0
20230226:0410,0.0,0.0,0.0,4.28,3.24,0.0
20230226:0510,0.0,0.0,0.0,3.77,2.55,0.0
20230226:0610,0.0,0.0,0.0,2.6,1.79,0.0
20230226:0710,29.09,42.6,9.26,3.1,1.52,0.0
20230226:0810,75.61,90.27,18.42,3.66,0.69,0.0
20230226:0910,47.7,62.12,26.23,3.24,1.03,0.0
20230226:1010,60.35,74.74,32.04,2.67,1.03,0.0
20230226:1110,53.64,67.94,35.13,2.39,0.9,0.0
20230226:1210,47.73,62.12,35.02,3.07,0.76,0.0
20230226:1310,81.63,96.09,31.71,3.68,1.52,0.0
20230226:1410,138.76,151.71,25.74,4.44,2.07,0.0
20230226:1510,122.37,135.92,17.81,4.8,1.86,0.0
20230226:1610,57.67,72.65,8.58,4.72,1.24,0.0
20230226:1710,0.0,0.0,0.0,4.31,0.21,0.0
20230226:1810,0.0,0.0,0.0,3.21,0.83,0.0
20230226:1910,0.0,0.0,0.0,1.96,0.34,0.0
20230226:2010,0.0,0.0,0.0,1.46,0.28,0.0
20230226:2110,0.0,0.0,0.0,1.02,0.69,0.0
20230226:2210,0.0,0.0,0.0,0.75,0.9,0.0
20230226:2310,0.0,0.0,0.0,0.47,0.97,0.0
20230227:0010,0.0,0.0,0.0,0.3,0.76,0.0
20230227:0110,0.0,0.0,0.0,0.15,0.62,0.0
20230227:0210,0.0,0.0,0.0,0.16,0.69,0.0
20230227:0310,0.0,0.0,0.0,0.12,0.69,0.0
20230227:0410,0.0,0.0,0.0,0.09,0.62,0.0
20230227:0510,0.0,0.0,0.0,0.1,0.69,0.0
20230227:0610,0.0,0.0,0.0,0.12,0.69,0.0
20230227:0710,46.7,60.59,9.57,1.03,0.76,0.0
20230227:0810,89.86,103.67,18.75,2.07,0.55,0.0
20230227:0910,186.38,199.58,26.58,2.67,0.21,0.0
20230227:1010,264.87,275.89,32.41,3.31,0.55,0.0
20230227:1110,157.09,169.86,35.51,4.23,0.83,0.0
20230227:1210,129.79,143.65,35.38,4.75,1.03,0.0
20230227:1310,214.74,226.2,32.05,5.27,1.17,0.0
20230227:1410,118.61,132.98,26.05,5.43,1.66,0.0
20230227:1510,93.27,108.12,18.09,5.43,1.79,0.0
20230227:1610,40.4,54.94,8.84,5.04,1.79,0.0
20230227:1710,0.0,0.0,0.0,4.44,1.31,0.0
20230227:1810,0.0,0.0,0.0,3.83,1.31,0.0
20230227:1910,0.0,0.0,0.0,3.21,0.83,0.0
20230227:2010,0.0,0.0,0.0,3.43,0.28,0.0
20230227:2110,0.0,0.0,0.0,3.15,0.14,0.0
20230227:2210,0.0,0.0,0.0,2.75,0.48,0.0
20230227:2310,0.0,0.0,0.0,2.09,0.69,0.0
20230228:0010,0.0,0.0,0.0,1.8,0.76,0.0
20230228:0110,0.0,0.0,0.0,1.49,0.83,0.0
20230228:0210,0.0,0.0,0.0,1.16,0.97,0.0
20230228:0310,0.0,0.0,0.0,0.94,0.97,0.0
20230228:0410,0.0,0.0,0.0,0.49,0.9,0.0
20230228:0510,0.0,0.0,0.0,0.41,0.76,0.0
20230228:0610,0.0,0.0,0.0,0.84,0.55,0.0
20230228:0710,52.11,66.27,9.89,1.79,0.55,0.0
20230228:0810,123.9,138.01,19.08,2.49,0.55,0.0
20230228:0910,192.86,206.68,26.93,3.53,0.55,0.0
20230228:1010,301.35,315.34,32.78,4.56,0.62,0.0
20230228:1110,287.29,299.48,35.89,5.78,0.62,0.0
20230228:1210,328.7,342.31,35.75,6.74,0.34,0.0
20230228:1310,546.4,569.89,32.4,7.2,0.14,0.0
20230228:1410,517.84,536.67,26.36,7.78,0.48,0.0
20230228:1510,515.03,534.63,18.37,7.98,0.48,0.0
20230228:1610,281.83,296.3,9.1,7.77,0.69,0.0
20230228:1710,0.0,0.0,0.0,6.65,1.52,0.0
20230228:1810,0.0,0.0,0.0,4.67,1.45,0.0
20230228:1910,0.0,0.0,0.0,5.45,0.28,0.0
20230228:2010,0.0,0.0,0.0,4.72,0.83,0.0
20230228:2110,0.0,0.0,0.0,4.11,0.83,0.0
20230228:2210,0.0,0.0,0.0,3.47,0.97,0.0
20230228:2310,0.0,0.0,0.0,2.92,1.1,0.0
20230301:0010,0.0,0.0,0.0,1.0,1.03,0.0
20230301:0110,0.0,0.0,0.0,-1.02,1.17,0.0
20230301:0210,0.0,0.0,0.0,-0.62,1.45,0.0
20230301:0310,0.0,0.0,0.0,-0.47,1.86,0.0
20230301:0410,0.0,0.0,0.0,-0.31,1.66,0.0
20230301:0510,0.0,0.0,0.0,-0.08,1.45,0.0
20230301:0610,0.0,0.0,0.0,-0.26,1.1,0.0
20230301:0710,38.55,52.07,10.2,0.25,1.1,0.0
20230301:0810,95.14,113.71,19.41,1.93,0.83,0.0
20230301:0910,178.75,229.94,27.29,3.29,0.69,0.0
20230301:1010,298.15,311.01,33.15,4.57,0.9,0.0
20230301:1110,472.33,487.65,36.27,5.98,1.17,0.0
20230301:1210,277.28,289.63,36.13,7.26,1.38,0.0
20230301:1310,340.23,350.63,32.74,7.64,1.93,0.0
20230301:1410,218.35,230.74,26.67,7.36,1.72,0.0
20230301:1510,105.7,121.05,18.65,7.15,1.79,0.0
20230301:1610,47.95,63.12,9.36,6.54,1.72,0.0
20230301:1710,0.0,0.0,0.0,5.68,1.59,0.0
20230301:1810,0.0,0.0,0.0,4.76,1.45,0.0
20230301:1910,0.0,0.0,0.0,4.53,1.31,0.0
20230301:2010,0.0,0.0,0.0,4.23,0.9,0.0
20230301:2110,0.0,0.0,0.0,4.06,0.83,0.0
20230301:2210,0.0,0.0,0.0,4.02,0.9,0.0
20230301:2310,0.0,0.0,0.0,3.68,0.83,0.0
20230302:0010,0.0,0.0,0.0,3.27,0.62,0.0
20230302:0110,0.0,0.0,0.0,3.21,0.76,0.0
20230302:0210,0.0,0.0,0.0,3.25,1.38,0.0
20230302:0310,0.0,0.0,0.0,3.44,1.72,0.0
20230302:0410,0.0,0.0,0.0,3.53,1.66,0.0
20230302:0510,0.0,0.0,0.0,3.42,1.66,0.0
20230302:0610,0.0,0.0,0.0,3.4,1.66,0.0
20230302:0710,45.1,59.64,10.52,4.15,1.31,0.0
20230302:0810,62.36,77.65,19.75,5.72,1.38,0.0
20230302:0910,169.94,185.07,27.65,7.13,1.38,0.0
20230302:1010,102.08,118.42,33.53,8.4,1.1,0.0
20230302:1110,262.67,278.89,36.65,9.37,0.9,0.0
20230302:1210,192.82,209.82,36.5,10.21,0.83,0.0
20230302:1310,600.11,631.65,33.09,10.66,0.9,0.0
20230302:1410,343.37,360.17,26.98,10.89,0.9,0.0
20230302:1510,319.75,335.35,18.94,10.9,0.97,0.0
20230302:1610,62.79,79.49,9.61,10.44,1.38,0.0
20230302:1710,0.0,0.0,0.0,9.3,1.66,0.0
20230302:1810,0.0,0.0,0.0,7.95,1.45,0.0
20230302:1910,0.0,0.0,0.0,6.31,0.97,0.0
20230302:2010,0.0,0.0,0.0,6.66,0.41,0.0
20230302:2110,0.0,0.0,0.0,6.2,0.62,0.0
20230302:2210,0.0,0.0,0.0,5.14,0.97,0.0
20230302:2310,0.0,0.0,0.0,3.93,1.1,0.0
20230303:0010,0.0,0.0,0.0,3.03,1.31,0.0
20230303:0110,0.0,0.0,0.0,1.67,1.52,0.0
20230303:0210,0.0,0.0,0.0,2.18,1.79,0.0
20230303:0310,0.0,0.0,0.0,1.76,1.86,0.0
20230303:0410,0.0,0.0,0.0,1.79,2.07,0.0
20230303:0510,0.0,0.0,0.0,1.6,2.28,0.0
20230303:0610,0.0,0.0,0.0,1.15,2.28,0.0
20230303:0710,41.92,55.86,10.84,1.84,1.45,0.0
20230303:0810,35.89,65.89,20.09,4.24,1.03,0.0
20230303:0910,191.8,240.56,28.01,7.21,0.41,0.0
20230303:1010,376.54,412.87,33.91,9.21,0.41,0.0
20230303:1110,525.09,557.06,37.04,10.66,0.9,0.0
20230303:1210,582.13,614.27,36.87,11.58,1.17,0.0
20230303:1310,649.27,688.55,33.43,12.14,1.17,0.0
20230303:1410,607.92,643.09,27.3,12.42,1.1,0.0
20230303:1510,365.39,383.28,19.22,12.38,1.31,0.0
20230303:1610,120.07,137.81,9.87,11.85,1.45,0.0
20230303:1710,0.0,0.0,0.0,10.47,1.72,0.0
20230303:1810,0.0,0.0,0.0,8.7,1.66,0.0
20230303:1910,0.0,0.0,0.0,7.3,1.45,0.0
20230303:2010,0.0,0.0,0.0,6.96,1.24,0.0
20230303:2110,0.0,0.0,0.0,7.47,1.03,0.0
20230303:2210,0.0,0.0,0.0,6.34,1.24,0.0
20230303:2310,0.0,0.0,0.0,5.05,1.45,0.0
20230304:0010,0.0,0.0,0.0,4.33,1.38,0.0
20230304:0110,0.0,0.0,0.0,3.89,1.45,0.0
20230304:0210,0.0,0.0,0.0,3.15,1.59,0.0
20230304:0310,0.0,0.0,0.0,2.36,1.86,0.0
20230304:0410,0.0,0.0,0.0,1.64,1.93,0.0
20230304:0510,0.0,0.0,0.0,1.39,1.93,0.0
20230304:0610,0.0,0.0,0.0,1.05,2.0,0.0
20230304:0710,36.36,50.18,11.17,2.3,1.59,0.0
20230304:0810,33.59,67.27,20.43,6.75,1.03,0.0
20230304:0910,192.19,246.48,28.37,9.42,0.48,0.0
20230304:1010,381.66,420.42,34.29,10.8,0.48,0.0
20230304:1110,521.12,555.63,37.43,11.73,0.83,0.0
20230304:1210,582.93,618.24,37.25,12.43,1.1,0.0
20230304:1310,618.22,656.92,33.78,12.87,1.1,0.0
20230304:1410,599.89,635.54,27.61,13.06,1.17,0.0
20230304:1510,504.44,531.19,19.5,12.97,1.17,0.0
20230304:1610,323.14,342.95,10.13,12.48,1.31,0.0
20230304:1710,0.0,0.0,0.0,11.22,1.38,0.0
20230304:1810,0.0,0.0,0.0,9.05,1.31,0.0
20230304:1910,0.0,0.0,0.0,9.56,0.9,0.0
20230304:2010,0.0,0.0,0.0,9.33,0.55,0.0
20230304:2110,0.0,0.0,0.0,7.38,1.24,0.0
20230304:2210,0.0,0.0,0.0,4.35,1.79,0.0
20230304:2310,0.0,0.0,0.0,3.03,2.0,0.0
20230305:0010,0.0,0.0,0.0,2.04,2.0,0.0
20230305:0110,0.0,0.0,0.0,1.31,2.07,0.0
20230305:0210,0.0,0.0,0.0,0.89,2.21,0.0
20230305:0310,0.0,0.0,0.0,0.61,2.28,0.0
20230305:0410,0.0,0.0,0.0,0.26,2.28,0.0
20230305:0510,0.0,0.0,0.0,-0.01,2.28,0.0
20230305:0610,0.0,0.0,0.0,-0.27,2.28,0.0
20230305:0710,40.28,53.96,11.49,0.97,1.93,0.0
20230305:0810,34.63,70.98,20.77,5.63,1.52,0.0
20230305:0910,200.65,253.67,28.73,8.68,1.03,0.0
20230305:1010,390.15,427.68,34.67,10.7,0.69,0.0
20230305:1110,537.65,574.16,37.82,11.93,0.83,0.0
20230305:1210,615.41,655.43,37.62,12.63,1.03,0.0
20230305:1310,661.01,705.97,34.13,13.08,1.1,0.0
20230305:1410,627.45,668.35,27.92,13.24,1.03,0.0
20230305:1510,532.56,562.97,19.78,13.1,1.03,0.0
20230305:1610,341.93,363.11,10.38,12.54,0.97,0.0
20230305:1710,0.0,0.0,0.0,11.2,0.83,0.0
20230305:1810,0.0,0.0,0.0,10.68,0.41,0.0
20230305:1910,0.0,0.0,0.0,6.85,1.72,0.0
20230305:2010,0.0,0.0,0.0,6.65,1.38,0.0
20230305:2110,0.0,0.0,0.0,7.3,0.97,0.0
20230305:2210,0.0,0.0,0.0,7.08,0.62,0.0
20230305:2310,0.0,0.0,0.0,6.56,0.48,0.0
20230306:0010,0.0,0.0,0.0,6.18,0.55,0.0
20230306:0110,0.0,0.0,0.0,6.09,0.69,0.0
20230306:0210,0.0,0.0,0.0,5.73,0.76,0.0
20230306:0310,0.0,0.0,0.0,5.06,0.97,0.0
20230306:0410,0.0,0.0,0.0,4.98,0.97,0.0
20230306:0510,0.0,0.0,0.0,5.1,0.83,0.0
20230306:0610,0.0,0.95,1.76,4.99,0.97,0.0
20230306:0710,67.1,82.36,11.82,5.41,0.97,0.0
20230306:0810,135.75,152.54,21.12,6.59,1.1,0.0
20230306:0910,226.15,244.57,29.1,7.57,1.31,0.0
20230306:1010,220.33,235.41,35.06,8.45,1.24,0.0
20230306:1110,475.03,496.51,38.21,8.99,1.1,0.0
20230306:1210,550.69,573.98,38.0,9.4,1.17,0.0
20230306:1310,572.89,598.16,34.47,9.58,0.97,0.0
20230306:1410,564.7,591.8,28.23,9.72,0.55,0.0
20230306:1510,485.43,509.8,20.05,9.9,0.07,0.0
20230306:1610,327.49,344.71,10.64,9.69,0.41,0.0
20230306:1710,0.0,0.0,0.0,8.92,0.97,0.0
20230306:1810,0.0,0.0,0.0,7.25,1.45,0.0
20230306:1910,0.0,0.0,0.0,6.35,1.79,0.0
20230306:2010,0.0,0.0,0.0,5.52,1.66,0.0
20230306:2110,0.0,0.0,0.0,5.28,1.52,0.0
20230306:2210,0.0,0.0,0.0,5.12,1.59,0.0
20230306:2310,0.0,0.0,0.0,4.71,1.59,0.0
20230307:0010,0.0,0.0,0.0,4.34,1.66,0.0
20230307:0110,0.0,0.0,0.0,4.36,1.59,0.0
20230307:0210,0.0,0.0,0.0,4.22,1.52,0.0
20230307:0310,0.0,0.0,0.0,3.54,1.66,0.0
20230307:0410,0.0,0.0,0.0,3.08,1.66,0.0
20230307:0510,0.0,0.0,0.0,3.18,1.66,0.0
20230307:0610,0.0,4.73,2.08,3.68,1.72,0.0
20230307:0710,69.36,84.26,12.15,4.36,1.1,0.0
20230307:0810,137.15,157.78,21.47,6.6,0.9,0.0
20230307:0910,239.08,261.53,29.47,7.67,0.69,0.0
20230307:1010,302.14,320.47,35.45,8.69,0.55,0.0
20230307:1110,295.14,311.72,38.6,9.36,0.83,0.0
20230307:1210,355.62,372.4,38.38,9.87,1.17,0.0
20230307:1310,313.05,328.81,34.82,10.0,1.17,0.0
20230307:1410,452.11,470.64,28.54,10.05,0.83,0.0
20230307:1510,202.86,218.15,20.33,9.95,0.9,0.0
20230307:1610,159.65,175.47,10.89,9.76,1.17,0.0
20230307:1710,0.0,0.0,0.0,8.94,1.31,0.0
20230307:1810,0.0,0.0,0.0,8.19,1.45,0.0
20230307:1910,0.0,0.0,0.0,7.91,1.79,0.0
20230307:2010,0.0,0.0,0.0,7.37,2.0,0.0
20230307:2110,0.0,0.0,0.0,7.11,1.86,0.0
20230307:2210,0.0,0.0,0.0,6.73,1.66,0.0
20230307:2310,0.0,0.0,0.0,5.03,1.59,0.0
20230308:0010,0.0,0.0,0.0,3.8,1.59,0.0
20230308:0110,0.0,0.0,0.0,2.91,1.59,0.0
20230308:0210,0.0,0.0,0.0,2.03,1.66,0.0
20230308:0310,0.0,0.0,0.0,1.22,1.66,0.0
20230308:0410,0.0,0.0,0.0,0.57,1.86,0.0
20230308:0510,0.0,0.0,0.0,1.06,1.66,0.0
20230308:0610,0.0,3.79,2.4,1.9,1.79,0.0
20230308:0710,67.85,82.36,12.49,3.23,1.24,0.0
20230308:0810,57.46,96.99,21.82,6.78,0.76,0.0
20230308:0910,218.4,265.59,29.84,8.93,0.76,0.0
20230308:1010,365.99,392.39,35.84,9.88,0.55,0.0
20230308:1110,414.74,440.2,39.0,11.04,0.41,0.0
20230308:1210,294.78,314.34,38.76,11.38,0.55,0.0
20230308:1310,374.69,395.6,35.17,11.52,0.62,0.0
20230308:1410,246.46,264.07,28.85,11.44,0.69,0.0
20230308:1510,406.89,426.94,20.61,11.26,0.41,0.0
20230308:1610,233.23,249.72,11.15,10.92,0.76,0.0
20230308:1710,0.0,0.0,0.0,10.01,1.45,0.0
20230308:1810,0.0,0.0,0.0,8.94,2.0,0.0
20230308:1910,0.0,0.0,0.0,8.81,2.07,0.0
20230308:2010,0.0,0.0,0.0,8.54,2.0,0.0
20230308:2110,0.0,0.0,0.0,8.31,1.93,0.0
20230308:2210,0.0,0.0,0.0,8.14,1.86,0.0
20230308:2310,0.0,0.0,0.0,7.84,1.66,0.0
20230309:0010,0.0,0.0,0.0,7.51,1.59,0.0
20230309:0110,0.0,0.0,0.0,7.55,1.72,0.0
20230309:0210,0.0,0.0,0.0,7.54,1.93,0.0
20230309:0310,0.0,0.0,0.0,7.39,2.0,0.0
20230309:0410,0.0,0.0,0.0,7.1,1.66,0.0
20230309:0510,0.0,0.0,0.0,6.08,1.66,0.0
20230309:0610,1.99,9.47,2.73,5.21,1.52,0.0
20230309:0710,46.61,61.54,12.82,5.49,1.1,0.0
20230309:0810,45.96,91.21,22.17,8.66,0.55,0.0
20230309:0910,220.34,272.71,30.21,10.32,0.41,0.0
20230309:1010,406.51,444.39,36.23,11.5,0.48,0.0
20230309:1110,495.74,534.39,39.39,12.74,0.07,0.0
20230309:1210,611.86,663.36,39.14,13.93,0.28,0.0
20230309:1310,577.53,624.74,35.51,14.94,0.41,0.0
20230309:1410,556.02,598.48,29.16,15.62,0.69,0.0
20230309:1510,534.51,572.45,20.89,15.94,1.03,0.0
20230309:1610,143.31,163.54,11.4,15.66,0.83,0.0
20230309:1710,0.0,0.0,0.0,14.1,0.83,0.0
20230309:1810,0.0,0.0,0.0,12.07,1.24,0.0
20230309:1910,0.0,0.0,0.0,13.23,1.03,0.0
20230309:2010,0.0,0.0,0.0,12.92,0.97,0.0
20230309:2110,0.0,0.0,0.0,12.04,0.55,0.0
20230309:2210,0.0,0.0,0.0,11.26,0.14,0.0
20230309:2310,0.0,0.0,0.0,10.37,0.62,0.0
20230310:0010,0.0,0.0,0.0,9.47,0.48,0.0
20230310:0110,0.0,0.0,0.0,8.91,0.83,0.0
20230310:0210,0.0,0.0,0.0,6.69,1.38,0.0
20230310:0310,0.0,0.0,0.0,6.58,1.38,0.0
20230310:0410,0.0,0.0,0.0,6.51,1.31,0.0
20230310:0510,0.0,0.0,0.0,6.48,1.31,0.0
20230310:0610,2.53,10.41,3.05,6.64,1.45,0.0
20230310:0710,73.88,89.94,13.16,7.58,0.9,0.0
20230310:0810,147.42,169.3,22.52,9.22,0.62,0.0
20230310:0910,191.15,208.97,30.59,10.12,0.9,0.0
20230310:1010,384.52,410.9,36.62,10.75,1.38,0.0
20230310:1110,309.05,328.67,39.79,11.86,1.24,0.0
20230310:1210,523.34,552.12,39.52,12.9,1.52,0.0
20230310:1310,605.82,637.52,35.86,13.66,2.14,0.0
20230310:1410,631.98,665.63,29.47,14.4,2.34,0.0
20230310:1510,548.56,576.82,21.16,14.7,2.21,0.0
20230310:1610,107.2,126.1,11.65,14.59,1.66,0.0
20230310:1710,0.0,0.0,0.0,13.3,0.97,0.0
20230310:1810,0.0,0.0,0.0,11.49,2.28,0.0
20230310:1910,0.0,0.0,0.0,10.31,2.0,0.0
20230310:2010,0.0,0.0,0.0,9.53,2.14,0.0
20230310:2110,0.0,0.0,0.0,9.02,2.21,0.0
20230310:2210,0.0,0.0,0.0,8.41,1.86,0.0
20230310:2310,0.0,0.0,0.0,7.46,1.86,0.0
20230311:0010,0.0,0.0,0.0,6.48,2.0,0.0
20230311:0110,0.0,0.0,0.0,5.48,2.14,0.0
20230311:0210,0.0,0.0,0.0,4.77,2.14,0.0
20230311:0310,0.0,0.0,0.0,4.47,2.28,0.0
20230311:0410,0.0,0.0,0.0,4.51,2.48,0.0
20230311:0510,0.0,0.0,0.0,4.68,2.34,0.0
20230311:0610,0.48,6.63,3.38,4.18,2.48,0.0
20230311:0710,63.12,78.58,13.5,6.44,2.07,0.0
20230311:0810,51.38,100.66,22.88,9.88,2.14,0.0
20230311:0910,233.88,282.6,30.96,11.93,2.83,0.0
20230311:1010,425.36,458.02,37.01,13.57,3.38,0.0
20230311:1110,573.76,602.67,40.18,14.74,3.79,0.0
20230311:1210,654.25,685.93,39.9,15.61,4.07,0.0
20230311:1310,697.1,732.04,36.21,16.16,4.21,0.0
20230311:1410,661.88,694.58,29.77,16.38,4.07,0.0
20230311:1510,558.35,584.48,21.44,16.15,3.72,0.0
20230311:1610,367.86,388.62,11.9,15.37,3.1,0.0
20230311:1710,0.0,3.79,1.71,13.76,3.03,0.0
20230311:1810,0.0,0.0,0.0,12.28,3.17,0.0
20230311:1910,0.0,0.0,0.0,12.35,3.72,0.0
20230311:2010,0.0,0.0,0.0,11.52,3.66,0.0
20230311:2110,0.0,0.0,0.0,10.6,3.38,0.0
20230311:2210,0.0,0.0,0.0,9.67,3.1,0.0
20230311:2310,0.0,0.0,0.0,8.72,2.76,0.0
20230312:0010,0.0,0.0,0.0,7.68,2.28,0.0
20230312:0110,0.0,0.0,0.0,6.65,1.86,0.0
20230312:0210,0.0,0.0,0.0,6.68,1.45,0.0
20230312:0310,0.0,0.0,0.0,7.6,0.97,0.0
20230312:0410,0.0,0.0,0.0,7.84,0.76,0.0
20230312:0510,0.0,0.0,0.0,6.49,1.1,0.0
20230312:0610,7.79,17.99,3.71,5.0,1.45,0.0
20230312:0710,45.29,60.59,13.84,7.25,0.9,0.0
20230312:0810,57.55,107.85,23.24,9.75,1.45,0.0
20230312:0910,241.84,291.06,31.34,10.62,1.79,0.0
20230312:1010,433.36,465.6,37.4,11.41,1.79,0.0
20230312:1110,575.99,610.64,40.58,12.47,1.45,0.0
20230312:1210,657.34,704.38,40.28,13.6,1.1,0.0
20230312:1310,684.27,735.56,36.55,14.24,1.17,0.0
20230312:1410,656.59,702.55,30.08,14.53,1.31,0.0
20230312:1510,556.96,589.79,21.71,14.49,1.45,0.0
20230312:1610,377.89,399.65,12.15,13.95,1.59,0.0
20230312:1710,0.06,5.82,1.95,12.8,1.38,0.0
20230312:1810,0.0,0.0,0.0,11.05,1.52,0.0
20230312:1910,0.0,0.0,0.0,10.01,1.59,0.0
20230312:2010,0.0,0.0,0.0,8.74,1.66,0.0
20230312:2110,0.0,0.0,0.0,8.18,1.59,0.0
20230312:2210,0.0,0.0,0.0,7.2,1.72,0.0
20230312:2310,0.0,0.0,0.0,6.74,1.59,0.0
20230313:0010,0.0,0.0,0.0,6.97,1.38,0.0
20230313:0110,0.0,0.0,0.0,6.4,1.31,0.0
20230313:0210,0.0,0.0,0.0,6.1,1.24,0.0
20230313:0310,0.0,0.0,0.0,5.33,1.31,0.0
20230313:0410,0.0,0.0,0.0,4.22,1.66,0.0
20230313:0510,0.0,0.0,0.0,3.98,1.66,0.0
20230313:0610,8.56,18.93,4.04,4.05,1.52,0.0
20230313:0710,82.74,98.46,14.18,6.65,0.9,0.0
20230313:0810,116.02,133.04,23.59,9.28,0.83,0.0
20230313:0910,215.9,234.74,31.72,10.56,1.03,0.0
20230313:1010,326.98,349.06,37.8,11.64,1.03,0.0
20230313:1110,468.26,497.38,40.98,12.55,0.97,0.0
20230313:1210,445.65,473.7,40.66,13.3,0.9,0.0
20230313:1310,343.15,365.43,36.9,13.31,0.9,0.0
20230313:1410,228.79,248.15,30.39,13.33,1.03,0.0
20230313:1510,268.11,286.11,21.98,13.09,1.03,0.0
20230313:1610,23.5,37.85,12.4,12.77,1.03,0.0
20230313:1710,0.0,0.97,2.19,12.11,0.83,0.0
20230313:1810,0.0,0.0,0.0,11.37,0.83,0.0
20230313:1910,0.0,0.0,0.0,10.42,1.03,0.0
20230313:2010,0.0,0.0,0.0,10.14,1.1,0.0
20230313:2110,0.0,0.0,0.0,9.78,1.52,0.0
20230313:2210,0.0,0.0,0.0,9.57,1.72,0.0
20230313:2310,0.0,0.0,0.0,9.34,2.07,0.0
20230314:0010,0.0,0.0,0.0,9.16,2.62,0.0
20230314:0110,0.0,0.0,0.0,8.93,2.9,0.0
20230314:0210,0.0,0.0,0.0,8.79,2.28,0.0
20230314:0310,0.0,0.0,0.0,8.64,1.93,0.0
20230314:0410,0.0,0.0,0.0,8.52,1.72,0.0
20230314:0510,0.0,0.0,0.0,8.31,1.72,0.0
20230314:0610,4.94,14.2,4.38,8.1,1.79,0.0
20230314:0710,58.03,73.84,14.52,7.75,1.52,0.0
20230314:0810,50.29,66.0,23.95,8.27,1.72,0.0
20230314:0910,73.81,90.27,32.1,8.96,1.66,0.0
20230314:1010,315.44,331.84,38.2,9.76,2.0,0.0
20230314:1110,410.51,430.76,41.38,11.19,1.66,0.0
20230314:1210,355.48,377.44,41.04,12.47,0.97,0.0
20230314:1310,520.45,553.61,37.24,13.13,0.69,0.0
20230314:1410,483.17,515.54,30.69,13.98,0.41,0.0
20230314:1510,271.5,292.48,22.25,14.24,0.28,0.0
20230314:1610,92.66,111.33,12.65,14.22,0.97,0.0
20230314:1710,0.0,2.91,2.42,13.25,1.72,0.0
20230314:1810,0.0,0.0,0.0,11.59,2.48,0.0
20230314:1910,0.0,0.0,0.0,10.77,2.69,0.0
20230314:2010,0.0,0.0,0.0,10.08,3.03,0.0
20230314:2110,0.0,0.0,0.0,9.76,3.17,0.0
20230314:2210,0.0,0.0,0.0,9.09,3.17,0.0
20230314:2310,0.0,0.0,0.0,8.41,3.17,0.0
20230315:0010,0.0,0.0,0.0,7.9,3.17,0.0
20230315:0110,0.0,0.0,0.0,7.41,3.1,0.0
20230315:0210,0.0,0.0,0.0,6.71,2.83,0.0
20230315:0310,0.0,0.0,0.0,5.63,2.69,0.0
20230315:0410,0.0,0.0,0.0,5.09,2.9,0.0
20230315:0510,0.0,0.0,0.0,5.43,3.52,0.0
20230315:0610,13.72,25.56,4.71,6.3,4.07,0.0
20230315:0710,45.42,60.59,14.87,7.35,4.9,0.0
20230315:0810,69.35,124.24,24.31,8.22,4.55,0.0
20230315:0910,272.19,316.04,32.48,9.05,4.69,0.0
20230315:1010,475.33,497.07,38.59,9.95,4.41,0.0
20230315:1110,629.11,647.42,41.78,10.84,4.07,0.0
20230315:1210,723.0,747.46,41.42,11.5,3.72,0.0
20230315:1310,751.8,781.82,37.59,11.95,3.38,0.0
20230315:1410,703.51,730.6,31.0,12.16,3.17,0.0
20230315:1510,446.0,460.72,22.52,12.11,2.76,0.0
20230315:1610,407.4,424.92,12.9,11.67,1.72,0.0
20230315:1710,8.22,19.11,2.66,10.1,1.03,0.0
20230315:1810,0.0,0.0,0.0,7.82,1.38,0.0
20230315:1910,0.0,0.0,0.0,5.88,2.07,0.0
20230315:2010,0.0,0.0,0.0,4.89,2.14,0.0
20230315:2110,0.0,0.0,0.0,4.03,2.41,0.0
20230315:2210,0.0,0.0,0.0,3.54,2.48,0.0
20230315:2310,0.0,0.0,0.0,3.13,2.48,0.0
20230316:0010,0.0,0.0,0.0,2.78,2.55,0.0
20230316:0110,0.0,0.0,0.0,2.55,2.48,0.0
20230316:0210,0.0,0.0,0.0,2.13,2.34,0.0
20230316:0310,0.0,0.0,0.0,1.56,2.21,0.0
20230316:0410,0.0,0.0,0.0,1.16,2.07,0.0
20230316:0510,0.0,0.0,0.0,0.8,1.93,0.0
20230316:0610,16.58,28.4,5.05,0.64,1.86,0.0
20230316:0710,51.95,66.27,15.21,2.71,1.66,0.0
20230316:0810,76.26,129.79,24.67,7.55,1.31,0.0
20230316:0910,269.01,312.65,32.86,9.4,1.59,0.0
20230316:1010,454.81,483.0,38.99,10.29,1.72,0.0
20230316:1110,604.25,633.23,42.18,10.96,1.79,0.0
20230316:1210,694.71,733.15,41.8,11.45,1.59,0.0
20230316:1310,715.55,760.01,37.93,11.74,1.31,0.0
20230316:1410,680.94,722.19,31.3,11.74,1.1,0.0
20230316:1510,541.11,568.48,22.79,11.7,0.83,0.0
20230316:1610,366.59,385.05,13.14,11.34,0.69,0.0
20230316:1710,8.46,19.44,2.89,10.57,0.48,0.0
20230316:1810,0.0,0.0,0.0,8.98,0.83,0.0
20230316:1910,0.0,0.0,0.0,7.71,1.24,0.0
20230316:2010,0.0,0.0,0.0,6.6,1.31,0.0
20230316:2110,0.0,0.0,0.0,5.34,1.52,0.0
20230316:2210,0.0,0.0,0.0,4.56,1.52,0.0
20230316:2310,0.0,0.0,0.0,4.01,1.59,0.0
20230317:0010,0.0,0.0,0.0,3.42,1.72,0.0
20230317:0110,0.0,0.0,0.0,2.8,1.79,0.0
20230317:0210,0.0,0.0,0.0,2.07,1.79,0.0
20230317:0310,0.0,0.0,0.0,1.55,1.79,0.0
20230317:0410,0.0,0.0,0.0,1.13,1.72,0.0
20230317:0510,0.0,0.0,0.0,0.75,1.66,0.0
20230317:0610,17.41,29.35,5.38,0.54,1.66,0.0
20230317:0710,66.83,81.42,15.56,3.43,1.24,0.0
20230317:0810,96.06,144.96,25.03,7.82,1.17,0.0
20230317:0910,277.42,317.1,33.24,8.66,0.62,0.0
20230317:1010,426.33,455.09,39.39,9.6,0.28,0.0
20230317:1110,524.59,558.26,42.58,10.4,0.14,0.0
20230317:1210,643.87,693.0,42.18,11.09,0.07,0.0
20230317:1310,615.89,660.84,38.27,11.54,0.14,0.0
20230317:1410,571.97,608.69,31.6,11.76,0.28,0.0
20230317:1510,413.36,434.81,23.06,11.74,0.34,0.0
20230317:1610,203.78,220.59,13.39,11.44,0.41,0.0
20230317:1710,0.07,5.82,3.13,10.79,0.48,0.0
20230317:1810,0.0,0.0,0.0,10.0,0.21,0.0
20230317:1910,0.0,0.0,0.0,9.18,0.41,0.0
20230317:2010,0.0,0.0,0.0,8.35,0.9,0.0
20230317:2110,0.0,0.0,0.0,6.96,1.17,0.0
20230317:2210,0.0,0.0,0.0,6.25,1.24,0.0
20230317:2310,0.0,0.0,0.0,5.64,1.31,0.0
20230318:0010,0.0,0.0,0.0,4.56,1.52,0.0
20230318:0110,0.0,0.0,0.0,3.33,1.79,0.0
20230318:0210,0.0,0.0,0.0,2.54,1.79,0.0
20230318:0310,0.0,0.0,0.0,2.0,1.79,0.0
20230318:0410,0.0,0.0,0.0,1.56,1.45,0.0
20230318:0510,0.0,0.0,0.0,1.55,1.38,0.0
20230318:0610,18.14,30.29,5.72,1.55,1.45,0.0
20230318:0710,50.44,65.32,15.9,4.84,0.97,0.0
20230318:0810,88.87,142.59,25.39,8.93,0.41,0.0
20230318:0910,278.29,324.57,33.62,10.52,0.48,0.0
20230318:1010,462.29,496.29,39.79,11.59,0.97,0.0
20230318:1110,600.43,638.18,42.98,12.46,1.17,0.0
20230318:1210,680.7,728.13,42.56,13.14,1.17,0.0
20230318:1310,690.0,743.29,38.61,13.63,0.9,0.0
20230318:1410,644.22,692.93,31.9,13.89,0.69,0.0
20230318:1510,309.82,330.3,23.33,13.93,0.69,0.0
20230318:1610,368.37,390.82,13.63,13.63,0.69,0.0
20230318:1710,9.83,21.38,3.36,12.85,0.97,0.0
20230318:1810,0.0,0.0,0.0,10.9,0.97,0.0
20230318:1910,0.0,0.0,0.0,11.21,0.34,0.0
20230318:2010,0.0,0.0,0.0,10.74,0.69,0.0
20230318:2110,0.0,0.0,0.0,9.58,1.03,0.0
20230318:2210,0.0,0.0,0.0,7.8,1.31,0.0
20230318:2310,0.0,0.0,0.0,6.85,1.52,0.0
20230319:0010,0.0,0.0,0.0,6.19,1.59,0.0
20230319:0110,0.0,0.0,0.0,5.38,1.72,0.0
20230319:0210,0.0,0.0,0.0,5.13,1.66,0.0
20230319:0310,0.0,0.0,0.0,4.83,1.59,0.0
20230319:0410,0.0,0.0,0.0,4.77,1.52,0.0
20230319:0510,0.0,0.0,0.0,4.76,1.52,0.0
20230319:0610,22.0,35.03,6.06,4.57,1.52,0.0
20230319:0710,86.49,102.24,16.25,6.77,0.83,0.0
20230319:0810,114.95,162.43,25.76,10.24,0.34,0.0
20230319:0910,288.92,324.9,34.0,11.63,0.07,0.0
20230319:1010,420.12,452.24,40.19,12.38,0.48,0.0
20230319:1110,554.48,592.51,43.39,13.12,0.83,0.0
20230319:1210,525.5,557.9,42.94,13.64,1.31,0.0
20230319:1310,266.36,286.51,38.96,13.44,1.38,0.0
20230319:1410,251.57,271.33,32.2,13.27,0.9,0.0
20230319:1510,228.78,248.06,23.59,13.09,0.21,0.0
20230319:1610,218.42,236.51,13.88,12.91,0.48,0.0
20230319:1710,1.47,8.74,3.59,12.26,1.31,0.0
20230319:1810,0.0,0.0,0.0,10.78,1.86,0.0
20230319:1910,0.0,0.0,0.0,9.52,1.59,0.0
20230319:2010,0.0,0.0,0.0,7.95,1.52,0.0
20230319:2110,0.0,0.0,0.0,7.37,1.45,0.0
20230319:2210,0.0,0.0,0.0,6.5,1.52,0.0
20230319:2310,0.0,0.0,0.0,5.87,1.52,0.0
20230320:0010,0.0,0.0,0.0,5.06,1.59,0.0
20230320:0110,0.0,0.0,0.0,4.41,1.52,0.0
20230320:0210,0.0,0.0,0.0,3.84,1.52,0.0
20230320:0310,0.0,0.0,0.0,3.1,1.66,0.0
20230320:0410,0.0,0.0,0.0,2.49,1.72,0.0
20230320:0510,0.0,0.0,0.0,2.08,1.72,0.0
20230320:0610,23.16,35.97,6.4,1.95,1.66,0.0
20230320:0710,64.38,79.52,16.6,5.09,1.03,0.0
20230320:0810,102.65,155.56,26.12,8.55,0.55,0.0
20230320:0910,289.27,332.87,34.38,10.82,0.41,0.0
20230320:1010,444.93,480.58,40.59,12.41,0.34,0.0
20230320:1110,579.49,626.26,43.79,13.65,0.34,0.0
20230320:1210,685.48,747.71,43.32,14.66,0.55,0.0
20230320:1310,710.81,773.37,39.29,15.04,0.9,0.0
20230320:1410,669.71,719.89,32.5,15.23,1.31,0.0
20230320:1510,569.15,603.91,23.86,15.15,1.52,0.0
20230320:1610,409.87,433.44,14.12,14.74,1.52,0.0
20230320:1710,9.95,21.55,3.82,13.62,1.66,0.0
20230320:1810,0.0,0.0,0.0,11.95,1.79,0.0
20230320:1910,0.0,0.0,0.0,10.51,1.59,0.0
20230320:2010,0.0,0.0,0.0,9.15,1.66,0.0
20230320:2110,0.0,0.0,0.0,8.33,1.59,0.0
20230320:2210,0.0,0.0,0.0,8.33,1.31,0.0
20230320:2310,0.0,0.0,0.0,8.54,1.17,0.0
20230321:0010,0.0,0.0,0.0,7.38,1.45,0.0
20230321:0110,0.0,0.0,0.0,5.56,1.59,0.0
20230321:0210,0.0,0.0,0.0,4.87,1.45,0.0
20230321:0310,0.0,0.0,0.0,5.12,1.59,0.0
20230321:0410,0.0,0.0,0.0,5.16,1.79,0.0
20230321:0510,0.0,0.0,0.0,4.78,1.86,0.0
20230321:0610,25.39,38.82,6.74,4.73,2.0,0.0
20230321:0710,0.0,0.0,0.0,7.9,1.24,0.0
20230321:0810,0.0,0.0,0.0,11.24,0.83,0.0
20230321:0910,295.67,336.67,34.76,12.97,0.41,0.0
20230321:1010,429.26,463.81,40.98,14.14,0.83,0.0
20230321:1110,586.48,631.74,44.19,15.1,1.03,0.0
20230321:1210,673.88,730.32,43.7,15.85,1.17,0.0
20230321:1310,624.11,674.98,39.63,16.35,1.17,0.0
20230321:1410,586.68,632.58,32.79,16.63,1.1,0.0
20230321:1510,419.9,448.48,24.12,16.58,1.1,0.0
20230321:1610,175.86,196.29,14.36,16.16,1.03,0.0
20230321:1710,11.89,24.21,4.05,15.34,1.03,0.0
20230321:1810,0.0,0.0,0.0,14.16,0.69,0.0
20230321:1910,0.0,0.0,0.0,14.44,0.14,0.0
20230321:2010,0.0,0.0,0.0,13.92,0.76,0.0
20230321:2110,0.0,0.0,0.0,11.22,1.38,0.0
20230321:2210,0.0,0.0,0.0,9.56,1.72,0.0
20230321:2310,0.0,0.0,0.0,8.58,1.72,0.0
20230322:0010,0.0,0.0,0.0,7.69,1.72,0.0
20230322:0110,0.0,0.0,0.0,6.95,1.86,0.0
20230322:0210,0.0,0.0,0.0,6.4,1.93,0.0
20230322:0310,0.0,0.0,0.0,5.73,1.93,0.0
20230322:0410,0.0,0.0,0.0,5.25,1.86,0.0
20230322:0510,0.0,0.0,0.0,4.82,1.93,0.0
20230322:0610,25.39,38.82,7.07,4.76,1.86,0.0
20230322:0710,0.0,0.0,0.0,8.31,1.31,0.0
20230322:0810,112.27,167.17,26.84,12.96,0.76,0.0
20230322:0910,294.11,343.35,35.15,14.71,0.34,0.0
20230322:1010,466.96,511.07,41.38,15.71,0.62,0.0
20230322:1110,602.38,655.37,44.59,16.51,0.9,0.0
20230322:1210,696.81,766.25,44.08,17.23,0.9,0.0
20230322:1310,696.55,766.18,39.97,17.68,0.97,0.0
20230322:1410,657.58,716.71,33.09,17.94,1.24,0.0
20230322:1510,567.27,610.37,24.38,17.82,1.45,0.0
20230322:1610,373.96,400.98,14.6,17.4,1.38,0.0
20230322:1710,110.3,132.5,4.28,16.56,0.97,0.0
20230322:1810,0.0,0.0,0.0,15.64,0.62,0.0
20230322:1910,0.0,0.0,0.0,15.76,0.69,0.0
20230322:2010,0.0,0.0,0.0,14.82,0.97,0.0
20230322:2110,0.0,0.0,0.0,14.11,0.55,0.0
20230322:2210,0.0,0.0,0.0,13.54,0.34,0.0
20230322:2310,0.0,0.0,0.0,12.52,0.55,0.0
20230323:0010,0.0,0.0,0.0,11.71,0.41,0.0
20230323:0110,0.0,0.0,0.0,11.28,0.48,0.0
20230323:0210,0.0,0.0,0.0,10.68,0.83,0.0
20230323:0310,0.0,0.0,0.0,9.12,1.1,0.0
20230323:0410,0.0,0.0,0.0,7.99,1.31,0.0
20230323:0510,0.0,0.0,0.0,7.36,1.52,0.0
20230323:0610,17.57,30.29,7.41,7.52,1.24,0.0
20230323:0710,107.64,124.97,17.64,9.9,0.28,0.0
20230323:0810,107.45,165.6,27.21,11.89,0.34,0.0
20230323:0910,300.99,347.81,35.53,13.33,0.41,0.0
20230323:1010,462.16,502.78,41.78,14.69,0.55,0.0
20230323:1110,581.83,627.98,44.99,15.62,1.03,0.0
20230323:1210,675.94,733.51,44.45,16.34,1.24,0.0
20230323:1310,693.35,753.88,40.31,16.75,1.31,0.0
20230323:1410,652.56,707.16,33.38,17.0,1.24,0.0
20230323:1510,573.14,615.84,24.64,16.99,1.24,0.0
20230323:1610,172.92,193.44,14.84,16.63,1.38,0.0
20230323:1710,32.21,48.53,4.51,15.74,1.45,0.0
20230323:1810,0.0,0.0,0.0,14.3,1.79,0.0
20230323:1910,0.0,0.0,0.0,13.73,1.72,0.0
20230323:2010,0.0,0.0,0.0,12.53,1.72,0.0
20230323:2110,0.0,0.0,0.0,11.49,1.38,0.0
20230323:2210,0.0,0.0,0.0,10.73,1.17,0.0
20230323:2310,0.0,0.0,0.0,10.04,1.1,0.0
20230324:0010,0.0,0.0,0.0,9.62,0.9,0.0
20230324:0110,0.0,0.0,0.0,9.83,0.55,0.0
20230324:0210,0.0,0.0,0.0,9.63,0.41,0.0
20230324:0310,0.0,0.0,0.0,9.21,0.41,0.0
20230324:0410,0.0,0.0,0.0,9.05,0.41,0.0
20230324:0510,0.0,0.0,0.0,8.61,0.62,0.0
20230324:0610,13.51,25.56,7.75,8.81,0.69,0.0
20230324:0710,23.79,37.87,17.98,10.38,0.48,0.0
20230324:0810,89.97,107.74,27.57,11.28,0.55,0.0
20230324:0910,84.92,102.89,35.91,12.07,0.83,0.0
20230324:1010,147.26,165.98,42.18,12.55,1.1,0.0
20230324:1110,87.49,105.8,45.39,12.89,1.17,0.0
20230324:1210,234.45,254.64,44.83,13.15,0.97,0.0
20230324:1310,101.34,120.36,40.64,13.66,0.83,0.0
20230324:1410,70.07,88.33,33.67,13.66,0.34,0.0
20230324:1510,30.24,45.62,24.9,13.39,0.69,0.0
20230324:1610,143.33,161.56,15.08,13.27,0.9,0.0
20230324:1710,39.24,55.74,4.74,12.85,0.83,0.0
20230324:1810,0.0,0.0,0.0,12.25,1.03,0.0
20230324:1910,0.0,0.0,0.0,11.55,1.17,0.0
20230324:2010,0.0,0.0,0.0,10.98,0.76,0.0
20230324:2110,0.0,0.0,0.0,10.57,0.76,0.0
20230324:2210,0.0,0.0,0.0,10.33,0.83,0.0
20230324:2310,0.0,0.0,0.0,10.48,1.03,0.0
20230325:0010,0.0,0.0,0.0,10.33,1.17,0.0
20230325:0110,0.0,0.0,0.0,9.84,0.83,0.0
20230325:0210,0.0,0.0,0.0,10.02,0.55,0.0
20230325:0310,0.0,0.0,0.0,9.4,0.9,0.0
20230325:0410,0.0,0.0,0.0,8.8,1.1,0.0
20230325:0510,0.0,0.0,0.0,8.38,1.03,0.0
20230325:0610,34.52,49.23,8.09,7.52,1.24,0.0
20230325:0710,116.7,133.49,18.33,9.48,1.17,0.0
20230325:0810,119.85,178.55,27.93,12.0,0.97,0.0
20230325:0910,320.19,366.48,36.29,13.61,1.1,0.0
20230325:1010,499.79,538.8,42.58,15.05,1.59,0.0
20230325:1110,638.39,681.87,45.79,15.98,2.28,0.0
20230325:1210,717.3,771.68,45.21,16.85,2.34,0.0
20230325:1310,747.56,808.45,40.97,17.46,2.34,0.0
20230325:1410,709.66,768.49,33.96,17.76,2.0,0.0
20230325:1510,598.59,643.1,25.15,17.7,1.72,0.0
20230325:1610,448.15,480.66,15.31,17.24,1.17,0.0
20230325:1710,100.96,121.8,4.97,15.68,1.1,0.0
20230325:1810,0.0,0.0,0.0,12.85,1.59,0.0
20230325:1910,0.0,0.0,0.0,11.47,2.34,0.0
20230325:2010,0.0,0.0,0.0,10.1,2.21,0.0
20230325:2110,0.0,0.0,0.0,8.75,2.14,0.0
20230325:2210,0.0,0.0,0.0,7.5,2.14,0.0
20230325:2310,0.0,0.0,0.0,6.68,2.21,0.0
20230326:0010,0.0,0.0,0.0,6.11,2.28,0.0
20230326:0110,0.0,0.0,0.0,5.8,2.41,0.0
20230326:0210,0.0,0.0,0.0,6.26,2.41,0.0
20230326:0310,0.0,0.0,0.0,6.26,2.28,0.0
20230326:0410,0.0,0.0,0.0,5.16,1.93,0.0
20230326:0510,0.0,0.0,0.0,4.76,1.72,0.0
20230326:0610,34.99,49.23,8.43,4.93,1.52,0.0
20230326:0710,113.58,129.7,18.68,8.28,1.31,0.0
20230326:0810,205.04,230.75,28.29,10.62,2.07,0.0
20230326:0910,215.54,233.86,36.67,11.93,1.72,0.0
20230326:1010,57.32,74.74,42.98,13.21,1.38,0.0
20230326:1110,292.51,315.11,46.19,13.81,0.97,0.0
20230326:1210,64.5,82.5,45.58,13.73,0.62,0.0
20230326:1310,93.83,112.59,41.31,13.42,0.76,0.0
20230326:1410,129.14,148.51,34.25,13.36,0.55,0.0
20230326:1510,63.67,81.53,25.41,13.35,0.41,0.0
20230326:1610,456.96,486.24,15.55,13.15,0.14,0.0
20230326:1710,147.73,168.06,5.2,12.74,0.55,0.0
20230326:1810,0.0,0.0,0.0,11.4,1.03,0.0
20230326:1910,0.0,0.0,0.0,9.08,1.72,0.0
20230326:2010,0.0,0.0,0.0,7.78,1.93,0.0
20230326:2110,0.0,0.0,0.0,6.59,2.14,0.0
20230326:2210,0.0,0.0,0.0,6.03,2.21,0.0
20230326:2310,0.0,0.0,0.0,5.91,2.41,0.0
20230327:0010,0.0,0.0,0.0,5.77,2.62,0.0
20230327:0110,0.0,0.0,0.0,5.66,2.76,0.0
20230327:0210,0.0,0.0,0.0,5.48,2.9,0.0
20230327:0310,0.0,0.0,0.0,5.21,2.9,0.0
20230327:0410,0.0,0.0,0.0,4.95,2.97,0.0
20230327:0510,0.0,0.0,0.0,4.8,2.97,0.0
20230327:0610,26.22,39.76,8.76,5.12,2.97,0.0
20230327:0710,55.39,71.0,19.02,7.51,2.55,0.0
20230327:0810,129.63,190.94,28.65,11.02,2.9,0.0
20230327:0910,346.88,387.9,37.05,13.24,3.86,0.0
20230327:1010,540.63,566.05,43.37,14.12,5.17,0.0
20230327:1110,692.39,716.28,46.58,14.31,5.66,0.0
20230327:1210,793.34,822.02,45.95,14.36,5.72,0.0
20230327:1310,802.68,830.37,41.64,14.29,5.93,0.0
20230327:1410,773.24,795.72,34.54,13.75,5.93,0.0
20230327:1510,671.85,685.04,25.66,12.92,5.93,0.0
20230327:1610,507.1,515.51,15.78,11.73,5.52,0.0
20230327:1710,205.49,221.61,5.42,10.44,5.1,0.0
20230327:1810,0.0,0.0,0.0,9.16,4.9,0.0
20230327:1910,0.0,0.0,0.0,8.47,5.72,0.0
20230327:2010,0.0,0.0,0.0,7.97,5.93,0.0
20230327:2110,0.0,0.0,0.0,7.58,5.79,0.0
20230327:2210,0.0,0.0,0.0,7.28,5.38,0.0
20230327:2310,0.0,0.0,0.0,6.95,4.69,0.0
20230328:0010,0.0,0.0,0.0,6.5,3.72,0.0
20230328:0110,0.0,0.0,0.0,5.81,2.97,0.0
20230328:0210,0.0,0.0,0.0,4.83,2.41,0.0
20230328:0310,0.0,0.0,0.0,3.57,2.21,0.0
20230328:0410,0.0,0.0,0.0,2.43,2.21,0.0
20230328:0510,0.0,0.0,0.0,1.55,2.21,0.0
20230328:0610,32.01,45.44,9.1,1.52,2.14,0.0
20230328:0710,61.57,76.68,19.36,5.27,1.72,0.0
20230328:0810,140.23,197.69,29.01,7.95,2.14,0.0
20230328:0910,355.31,391.7,37.43,9.38,2.0,0.0
20230328:1010,538.36,568.91,43.77,10.64,1.38,0.0
20230328:1110,668.75,718.3,46.98,11.65,0.55,0.0
20230328:1210,744.56,810.93,46.32,12.44,0.48,0.0
20230328:1310,767.76,830.55,41.96,12.86,1.03,0.0
20230328:1410,739.84,790.17,34.82,12.76,1.45,0.0
20230328:1510,640.22,674.56,25.92,12.41,1.45,0.0
20230328:1610,493.76,516.68,16.01,11.96,1.17,0.0
20230328:1710,204.5,223.93,5.65,11.35,0.76,0.0
20230328:1810,0.0,0.0,0.0,9.91,0.83,0.0
20230328:1910,0.0,0.0,0.0,10.02,1.03,0.0
20230328:2010,0.0,0.0,0.0,9.53,1.03,0.0
20230328:2110,0.0,0.0,0.0,9.51,0.83,0.0
20230328:2210,0.0,0.0,0.0,9.03,0.34,0.0
20230328:2310,0.0,0.0,0.0,8.62,0.41,0.0
20230329:0010,0.0,0.0,0.0,8.1,0.9,0.0
20230329:0110,0.0,0.0,0.0,7.28,1.03,0.0
20230329:0210,0.0,0.0,0.0,5.82,1.17,0.0
20230329:0310,0.0,0.0,0.0,4.79,1.38,0.0
20230329:0410,0.0,0.0,0.0,3.7,1.52,0.0
20230329:0510,0.0,0.0,0.0,2.38,1.72,0.0
20230329:0610,46.38,60.59,9.44,2.56,1.45,0.0
20230329:0710,124.83,140.11,19.71,6.64,0.55,0.0
20230329:0810,163.37,211.89,29.36,9.34,0.34,0.0
20230329:0910,345.67,385.62,37.8,10.48,0.41,0.0
20230329:1010,524.43,562.62,44.16,11.43,0.34,0.0
20230329:1110,653.3,702.67,47.38,12.67,0.62,0.0
20230329:1210,742.17,807.85,46.7,13.7,0.76,0.0
20230329:1310,750.28,818.29,42.29,14.45,0.9,0.0
20230329:1410,715.94,776.55,35.11,14.76,0.97,0.0
20230329:1510,617.89,660.22,26.17,14.74,1.1,0.0
20230329:1610,441.42,466.3,16.24,14.54,1.24,0.0
20230329:1710,138.48,158.74,5.87,13.83,0.83,0.0
20230329:1810,0.0,0.0,0.0,12.69,0.62,0.0
20230329:1910,0.0,0.0,0.0,10.43,1.45,0.0
20230329:2010,0.0,0.0,0.0,9.22,1.59,0.0
20230329:2110,0.0,0.0,0.0,8.97,1.24,0.0
20230329:2210,0.0,0.0,0.0,10.12,0.41,0.0
20230329:2310,0.0,0.0,0.0,8.59,1.17,0.0
20230330:0010,0.0,0.0,0.0,6.78,1.45,0.0
20230330:0110,0.0,0.0,0.0,6.5,1.38,0.0
20230330:0210,0.0,0.0,0.0,6.01,1.45,0.0
20230330:0310,0.0,0.0,0.0,5.96,1.38,0.0
20230330:0410,0.0,0.0,0.0,5.8,1.38,0.0
20230330:0510,0.0,0.0,0.0,5.75,1.38,0.0
20230330:0610,7.04,17.04,9.77,6.04,1.24,0.0
20230330:0710,58.34,74.79,20.05,9.55,0.55,0.0
20230330:0810,70.24,87.36,29.72,10.6,0.62,0.0
20230330:0910,219.18,237.42,38.18,11.14,0.9,0.0
20230330:1010,101.35,119.39,44.56,11.55,0.55,0.0
20230330:1110,115.68,133.95,47.77,11.8,0.62,0.0
20230330:1210,354.18,377.51,47.06,12.2,0.48,0.0
20230330:1310,294.16,315.59,42.62,12.64,0.48,0.0
20230330:1410,65.66,83.47,35.39,12.84,0.21,0.0
20230330:1510,63.87,81.53,26.42,12.9,0.9,0.0
20230330:1610,65.44,83.01,16.47,12.68,1.17,0.0
20230330:1710,42.91,59.35,6.09,12.39,1.24,0.0
20230330:1810,0.0,0.0,0.0,11.61,1.38,0.0
20230330:1910,0.0,0.0,0.0,11.37,0.21,0.0
20230330:2010,0.0,0.0,0.0,11.05,0.07,0.0
20230330:2110,0.0,0.0,0.0,10.71,0.14,0.0
20230330:2210,0.0,0.0,0.0,10.32,0.14,0.0
20230330:2310,0.0,0.0,0.0,9.99,0.14,0.0
20230331:0010,0.0,0.0,0.0,9.79,0.0,0.0
20230331:0110,0.0,0.0,0.0,9.57,0.07,0.0
20230331:0210,0.0,0.0,0.0,9.14,0.34,0.0
20230331:0310,0.0,0.0,0.0,8.43,0.76,0.0
20230331:0410,0.0,0.0,0.0,8.03,0.83,0.0
20230331:0510,0.0,0.0,0.0,8.0,0.83,0.0
20230331:0610,12.03,23.67,10.11,8.2,0.97,0.0
20230331:0710,95.03,111.71,20.39,8.93,0.83,0.0
20230331:0810,87.92,104.83,30.07,9.53,0.9,0.0
20230331:0910,106.0,123.27,38.55,10.18,0.9,0.0
20230331:1010,80.86,98.03,44.95,10.23,0.69,0.0
20230331:1110,115.5,132.98,48.17,10.2,0.34,0.0
20230331:1210,59.02,75.71,47.43,10.56,1.38,0.0
20230331:1310,44.09,60.18,42.94,11.05,1.66,0.0
20230331:1410,34.11,49.5,35.67,11.33,1.38,0.0
20230331:1510,37.62,53.38,26.66,11.59,1.17,0.0
20230331:1610,383.9,400.08,16.7,11.54,1.17,0.0
20230331:1710,0.07,5.82,6.32,11.24,1.79,0.0
20230331:1810,0.0,0.0,0.0,10.21,1.79,0.0
20230331:1910,0.0,0.0,0.0,8.9,2.14,0.0
20230331:2010,0.0,0.0,0.0,8.14,1.66,0.0
20230331:2110,0.0,0.0,0.0,7.6,0.55,0.0
20230331:2210,0.0,0.0,0.0,6.35,1.52,0.0
20230331:2310,0.0,0.0,0.0,5.55,1.86,0.0
20230401:0010,0.0,0.0,0.0,4.89,1.93,0.0
20230401:0110,0.0,0.0,0.0,4.11,1.93,0.0
20230401:0210,0.0,0.0,0.0,3.59,1.93,0.0
20230401:0310,0.0,0.0,0.0,3.68,2.07,0.0
20230401:0410,0.0,0.0,0.0,3.72,2.21,0.0
20230401:0510,0.0,0.0,0.0,3.85,2.21,0.0
20230401:0610,37.75,52.07,10.44,4.64,2.0,0.0
20230401:0710,64.82,80.47,20.73,6.81,1.45,0.0
20230401:0810,160.99,218.82,30.43,10.55,1.03,0.0
20230401:0910,367.33,409.99,38.93,13.19,1.03,0.0
20230401:1010,538.99,582.82,45.34,14.89,0.97,0.0
20230401:1110,534.61,577.7,48.56,16.04,1.1,0.0
20230401:1210,717.84,782.38,47.8,16.65,1.45,0.0
20230401:1310,735.42,803.29,43.26,16.8,1.45,0.0
20230401:1410,613.62,662.12,35.95,17.0,1.45,0.0
20230401:1510,633.26,682.1,26.91,16.89,1.45,0.0
20230401:1610,484.78,517.15,16.93,16.45,1.31,0.0
20230401:1710,196.61,218.62,6.54,15.48,1.31,0.0
20230401:1810,0.0,0.0,0.0,13.16,1.79,0.0
20230401:1910,0.0,0.0,0.0,10.95,2.28,0.0
20230401:2010,0.0,0.0,0.0,9.54,2.48,0.0
20230401:2110,0.0,0.0,0.0,8.54,2.69,0.0
20230401:2210,0.0,0.0,0.0,7.94,2.69,0.0
20230401:2310,0.0,0.0,0.0,7.41,2.76,0.0
20230402:0010,0.0,0.0,0.0,7.23,2.9,0.0
20230402:0110,0.0,0.0,0.0,7.0,2.97,0.0
20230402:0210,0.0,0.0,0.0,6.68,2.76,0.0
20230402:0310,0.0,0.0,0.0,6.17,2.55,0.0
20230402:0410,0.0,0.0,0.0,5.45,2.34,0.0
20230402:0510,0.0,0.0,0.0,4.71,2.21,0.0
20230402:0610,37.69,52.07,10.77,4.95,2.0,0.0
20230402:0710,123.94,140.11,21.06,8.79,1.66,0.0
20230402:0810,166.22,224.46,30.78,11.71,0.0,0.0
20230402:0910,374.61,414.88,39.3,12.96,1.52,0.0
20230402:1010,546.41,586.43,45.73,13.77,1.1,0.0
20230402:1110,668.51,731.05,48.95,14.95,0.48,0.0
20230402:1210,710.8,787.59,48.16,15.85,0.34,0.0
20230402:1310,697.53,771.91,43.58,16.54,0.48,0.0
20230402:1410,270.36,295.88,36.22,16.84,0.69,0.0
20230402:1510,653.02,710.58,27.15,16.98,0.97,0.0
20230402:1610,142.38,162.89,17.16,16.66,1.31,0.0
20230402:1710,96.21,115.95,6.76,15.6,1.66,0.0
20230402:1810,0.0,0.0,0.0,13.61,2.0,0.0
20230402:1910,0.0,0.0,0.0,13.49,0.76,0.0
20230402:2010,0.0,0.0,0.0,13.05,0.55,0.0
20230402:2110,0.0,0.0,0.0,11.1,1.17,0.0
20230402:2210,0.0,0.0,0.0,8.87,1.45,0.0
20230402:2310,0.0,0.0,0.0,6.87,1.93,0.0
20230403:0010,0.0,0.0,0.0,5.9,2.14,0.0
20230403:0110,0.0,0.0,0.0,5.67,2.41,0.0
20230403:0210,0.0,0.0,0.0,5.94,2.69,0.0
20230403:0310,0.0,0.0,0.0,6.22,2.9,0.0
20230403:0410,0.0,0.0,0.0,6.41,2.97,0.0
20230403:0510,0.0,0.0,0.0,6.26,2.9,0.0
20230403:0610,41.0,55.86,11.1,6.47,2.41,0.0
20230403:0710,35.1,51.8,21.4,9.75,1.86,0.0
20230403:0810,171.51,229.46,31.13,12.83,1.93,0.0
20230403:0910,382.58,420.73,39.67,13.65,2.76,0.0
20230403:1010,560.55,591.54,46.12,13.6,2.69,0.0
20230403:1110,698.51,739.45,49.34,14.17,2.55,0.0
20230403:1210,790.51,843.19,48.52,14.5,2.62,0.0
20230403:1310,787.37,838.85,43.9,14.52,2.69,0.0
20230403:1410,689.71,722.38,36.5,13.36,2.9,0.0
20230403:1510,627.61,649.18,27.4,12.85,3.31,0.0
20230403:1610,448.07,461.17,17.38,12.55,3.52,0.0
20230403:1710,204.44,221.92,6.98,11.99,2.55,0.0
20230403:1810,0.0,0.0,0.0,10.79,1.93,0.0
20230403:1910,0.0,0.0,0.0,9.82,2.28,0.0
20230403:2010,0.0,0.0,0.0,8.57,2.07,0.0
20230403:2110,0.0,0.0,0.0,7.36,1.93,0.0
20230403:2210,0.0,0.0,0.0,6.56,2.0,0.0
20230403:2310,0.0,0.0,0.0,5.83,1.93,0.0
20230404:0010,0.0,0.0,0.0,5.34,1.59,0.0
20230404:0110,0.0,0.0,0.0,4.97,1.38,0.0
20230404:0210,0.0,0.0,0.0,4.7,1.1,0.0
20230404:0310,0.0,0.0,0.0,4.15,1.17,0.0
20230404:0410,0.0,0.0,0.0,3.24,1.66,0.0
20230404:0510,0.0,0.0,0.0,3.22,1.72,0.0
20230404:0610,28.17,41.66,11.42,3.36,1.59,0.0
20230404:0710,53.82,73.4,21.73,6.24,2.0,0.0
20230404:0810,185.48,236.3,31.48,6.66,2.9,0.0
20230404:0910,398.2,421.64,40.04,6.97,2.62,0.0
20230404:1010,570.9,589.27,46.5,7.86,2.07,0.0
20230404:1110,707.55,736.9,49.73,8.55,1.66,0.0
20230404:1210,806.8,849.47,48.88,9.33,1.79,0.0
20230404:1310,800.72,847.46,44.21,10.03,1.66,0.0
20230404:1410,767.14,808.69,36.77,10.05,1.59,0.0
20230404:1510,656.77,685.31,27.64,10.44,1.52,0.0
20230404:1610,494.21,509.87,17.61,10.2,1.59,0.0
20230404:1710,180.69,196.82,7.2,9.67,1.38,0.0
20230404:1810,0.0,0.0,0.0,8.53,1.1,0.0
20230404:1910,0.0,0.0,0.0,7.52,1.93,0.0
20230404:2010,0.0,0.0,0.0,6.37,2.0,0.0
20230404:2110,0.0,0.0,0.0,5.66,2.07,0.0
20230404:2210,0.0,0.0,0.0,5.03,2.21,0.0
20230404:2310,0.0,0.0,0.0,4.91,2.07,0.0
20230405:0010,0.0,0.0,0.0,4.97,1.93,0.0
20230405:0110,0.0,0.0,0.0,4.45,1.86,0.0
20230405:0210,0.0,0.0,0.0,4.57,1.79,0.0
20230405:0310,0.0,0.0,0.0,4.24,1.79,0.0
20230405:0410,0.0,0.0,0.0,4.22,1.72,0.0
20230405:0510,0.0,0.0,0.0,3.93,1.52,0.0
20230405:0610,64.76,79.52,11.75,3.99,1.31,0.0
20230405:0710,45.34,67.95,22.07,5.27,1.72,0.0
20230405:0810,191.37,241.97,31.82,6.0,1.93,0.0
20230405:0910,403.68,429.74,40.4,6.88,1.79,0.0
20230405:1010,575.92,600.08,46.89,7.72,1.1,0.0
20230405:1110,684.93,724.01,50.11,8.76,0.69,0.0
20230405:1210,719.84,768.42,49.24,9.53,0.62,0.0
20230405:1310,795.41,851.6,44.52,10.15,1.03,0.0
20230405:1410,776.68,817.55,37.04,10.39,1.86,0.0
20230405:1510,665.09,689.46,27.88,10.53,2.14,0.0
20230405:1610,501.21,514.64,17.83,10.2,2.14,0.0
20230405:1710,192.27,207.62,7.42,9.58,2.07,0.0
20230405:1810,0.0,0.0,0.0,8.32,1.86,0.0
20230405:1910,0.0,0.0,0.0,7.42,1.59,0.0
20230405:2010,0.0,0.0,0.0,5.7,1.72,0.0
20230405:2110,0.0,0.0,0.0,4.64,1.79,0.0
20230405:2210,0.0,0.0,0.0,3.9,1.79,0.0
20230405:2310,0.0,0.0,0.0,3.19,1.79,0.0
20230406:0010,0.0,0.0,0.0,2.72,1.72,0.0
20230406:0110,0.0,0.0,0.0,2.29,1.66,0.0
20230406:0210,0.0,0.0,0.0,1.77,1.66,0.0
20230406:0310,0.0,0.0,0.0,1.2,1.72,0.0
20230406:0410,0.0,0.0,0.0,0.76,1.72,0.0
20230406:0510,0.0,0.95,1.64,0.38,1.72,0.0
20230406:0610,52.11,66.27,12.07,1.95,1.17,0.0
20230406:0710,46.86,72.55,22.4,5.85,0.62,0.0
20230406:0810,194.65,246.95,32.17,7.71,0.34,0.0
20230406:0910,403.82,437.63,40.76,8.95,0.69,0.0
20230406:1010,577.3,608.83,47.27,10.08,1.03,0.0
20230406:1110,707.21,749.66,50.5,11.03,1.31,0.0
20230406:1210,682.32,725.26,49.6,11.82,1.38,0.0
20230406:1310,653.04,690.27,44.84,12.33,1.72,0.0
20230406:1410,719.37,763.48,37.31,12.64,1.72,0.0
20230406:1510,447.95,468.37,28.12,12.85,1.59,0.0
20230406:1610,249.77,265.92,18.05,12.57,1.52,0.0
20230406:1710,44.06,60.37,7.63,11.97,0.97,0.0
20230406:1810,0.0,0.0,0.0,11.28,0.41,0.0
20230406:1910,0.0,0.0,0.0,10.5,0.76,0.0
20230406:2010,0.0,0.0,0.0,8.83,1.17,0.0
20230406:2110,0.0,0.0,0.0,7.47,1.31,0.0
20230406:2210,0.0,0.0,0.0,7.77,1.1,0.0
20230406:2310,0.0,0.0,0.0,8.29,0.9,0.0
20230407:0010,0.0,0.0,0.0,7.69,0.9,0.0
20230407:0110,0.0,0.0,0.0,6.75,1.03,0.0
20230407:0210,0.0,0.0,0.0,4.7,1.31,0.0
20230407:0310,0.0,0.0,0.0,3.28,1.59,0.0
20230407:0410,0.0,0.0,0.0,2.47,1.66,0.0
20230407:0510,0.0,4.73,1.96,1.87,1.66,0.0
20230407:0610,46.15,60.59,12.39,3.5,1.1,0.0
20230407:0710,144.2,160.56,22.72,7.18,0.76,0.0
20230407:0810,236.98,272.46,32.51,9.04,0.83,0.0
20230407:0910,311.21,329.91,41.13,9.77,0.9,0.0
20230407:1010,154.25,171.8,47.65,10.61,0.69,0.0
20230407:1110,117.34,134.92,50.88,10.77,0.97,0.0
20230407:1210,338.57,356.36,49.95,10.92,1.66,0.0
20230407:1310,312.38,328.74,45.14,10.94,2.07,0.0
20230407:1410,269.38,285.63,37.57,10.94,1.72,0.0
20230407:1510,235.13,250.87,28.35,10.73,1.31,0.0
20230407:1610,168.9,184.23,18.27,10.27,1.72,0.0
20230407:1710,90.25,106.73,7.85,9.37,2.0,0.0
20230407:1810,0.0,0.0,0.0,8.12,1.86,0.0
20230407:1910,0.0,0.0,0.0,8.36,0.9,0.0
20230407:2010,0.0,0.0,0.0,7.12,1.1,0.0
20230407:2110,0.0,0.0,0.0,5.84,1.38,0.0
20230407:2210,0.0,0.0,0.0,5.19,1.38,0.0
20230407:2310,0.0,0.0,0.0,4.61,1.45,0.0
20230408:0010,0.0,0.0,0.0,3.93,1.59,0.0
20230408:0110,0.0,0.0,0.0,3.22,1.72,0.0
20230408:0210,0.0,0.0,0.0,2.62,1.79,0.0
20230408:0310,0.0,0.0,0.0,2.27,1.86,0.0
20230408:0410,0.0,0.0,0.0,1.92,1.93,0.0
20230408:0510,0.07,5.68,2.28,1.58,2.07,0.0
20230408:0610,51.94,66.27,12.71,2.77,1.72,0.0
20230408:0710,46.21,77.58,23.05,6.86,1.45,0.0
20230408:0810,202.78,255.45,32.84,9.7,1.1,0.0
20230408:0910,406.72,445.64,41.48,11.93,0.69,0.0
20230408:1010,570.54,614.9,48.03,13.54,0.62,0.0
20230408:1110,696.58,757.61,51.26,14.66,0.83,0.0
20230408:1210,774.29,851.79,50.31,15.46,0.97,0.0
20230408:1310,703.4,772.52,45.45,15.92,0.76,0.0
20230408:1410,616.74,674.58,37.84,16.29,0.41,0.0
20230408:1510,480.77,516.06,28.59,16.44,0.76,0.0
20230408:1610,320.01,340.67,18.49,16.03,1.86,0.0
20230408:1710,65.64,83.82,8.06,14.93,2.07,0.0
20230408:1810,0.0,0.0,0.0,13.27,2.21,0.0
20230408:1910,0.0,0.0,0.0,11.46,2.48,0.0
20230408:2010,0.0,0.0,0.0,10.12,2.76,0.0
20230408:2110,0.0,0.0,0.0,9.09,2.48,0.0
20230408:2210,0.0,0.0,0.0,7.92,2.07,0.0
20230408:2310,0.0,0.0,0.0,7.12,1.72,0.0
20230409:0010,0.0,0.0,0.0,6.8,1.31,0.0
20230409:0110,0.0,0.0,0.0,6.99,1.17,0.0
20230409:0210,0.0,0.0,0.0,6.14,1.24,0.0
20230409:0310,0.0,0.0,0.0,5.73,1.31,0.0
20230409:0410,0.0,0.0,0.0,5.25,1.45,0.0
20230409:0510,0.94,7.57,2.6,5.17,1.38,0.0
20230409:0610,53.78,69.11,13.03,6.23,1.03,0.0
20230409:0710,68.4,100.39,23.37,9.17,0.9,0.0
20230409:0810,217.72,264.97,33.18,10.42,1.66,0.0
20230409:0910,405.9,436.06,41.84,11.62,1.79,0.0
20230409:1010,484.76,512.77,48.4,12.69,1.72,0.0
20230409:1110,601.09,638.9,51.63,13.13,1.52,0.0
20230409:1210,739.77,797.94,50.66,13.61,1.31,0.0
20230409:1310,685.32,737.96,45.76,14.33,1.31,0.0
20230409:1410,604.05,643.65,38.1,14.52,1.45,0.0
20230409:1510,645.81,688.88,28.82,14.81,1.45,0.0
20230409:1610,486.84,511.78,18.71,14.69,1.79,0.0
20230409:1710,182.16,201.53,8.28,14.02,1.38,0.0
20230409:1810,0.0,0.0,0.0,12.7,1.45,0.0
20230409:1910,0.0,0.0,0.0,11.32,2.14,0.0
20230409:2010,0.0,0.0,0.0,10.14,2.48,0.0
20230409:2110,0.0,0.0,0.0,9.45,2.55,0.0
20230409:2210,0.0,0.0,0.0,8.91,2.41,0.0
20230409:2310,0.0,0.0,0.0,8.55,2.28,0.0
20230410:0010,0.0,0.0,0.0,8.3,2.0,0.0
20230410:0110,0.0,0.0,0.0,7.81,1.66,0.0
20230410:0210,0.0,0.0,0.0,7.2,1.45,0.0
20230410:0310,0.0,0.0,0.0,7.04,1.24,0.0
20230410:0410,0.0,0.0,0.0,6.66,1.31,0.0
20230410:0510,0.0,1.89,2.91,6.1,1.38,0.0
20230410:0610,71.4,87.1,13.34,6.65,1.03,0.0
20230410:0710,71.91,105.46,23.69,9.35,1.45,0.0
20230410:0810,214.59,265.04,33.51,10.1,1.17,0.0
20230410:0910,416.94,452.0,42.19,11.13,0.97,0.0
20230410:1010,578.02,614.74,48.77,12.09,1.03,0.0
20230410:1110,674.89,723.97,52.01,13.38,1.17,0.0
20230410:1210,722.41,783.08,51.0,13.91,1.03,0.0
20230410:1310,782.13,859.09,46.06,14.41,0.83,0.0
20230410:1410,568.98,611.75,38.36,14.9,0.76,0.0
20230410:1510,414.99,441.41,29.05,14.89,0.83,0.0
20230410:1610,179.13,198.51,18.92,14.76,0.97,0.0
20230410:1710,84.44,102.99,8.49,14.17,1.1,0.0
20230410:1810,0.0,0.0,0.0,12.87,1.1,0.0
20230410:1910,0.0,0.0,0.0,12.6,0.48,0.0
20230410:2010,0.0,0.0,0.0,10.73,1.03,0.0
20230410:2110,0.0,0.0,0.0,9.14,1.45,0.0
20230410:2210,0.0,0.0,0.0,8.27,1.45,0.0
20230410:2310,0.0,0.0,0.0,7.61,1.45,0.0
20230411:0010,0.0,0.0,0.0,7.04,1.45,0.0
20230411:0110,0.0,0.0,0.0,6.56,1.52,0.0
20230411:0210,0.0,0.0,0.0,6.29,1.52,0.0
20230411:0310,0.0,0.0,0.0,6.11,1.59,0.0
20230411:0410,0.0,0.0,0.0,6.09,1.52,0.0
20230411:0510,0.0,4.73,3.23,5.74,1.52,0.0
20230411:0610,49.05,64.38,13.65,6.8,1.17,0.0
20230411:0710,102.36,133.58,24.01,10.49,0.62,0.0
20230411:0810,214.81,266.93,33.84,11.88,0.21,0.0
20230411:0910,405.5,444.28,42.54,12.81,0.28,0.0
20230411:1010,535.38,581.55,49.14,14.09,0.14,0.0
20230411:1110,656.28,720.7,52.38,15.18,0.28,0.0
20230411:1210,708.25,780.06,51.35,16.05,0.69,0.0
20230411:1310,745.25,823.71,46.36,16.77,0.9,0.0
20230411:1410,721.7,793.76,38.62,17.32,1.03,0.0
20230411:1510,613.33,664.12,29.28,17.58,1.17,0.0
20230411:1610,488.73,522.37,19.14,17.47,1.45,0.0
20230411:1710,220.78,243.42,8.7,16.79,1.24,0.0
20230411:1810,0.0,0.0,0.0,15.21,1.17,0.0
20230411:1910,0.0,0.0,0.0,12.69,1.52,0.0
20230411:2010,0.0,0.0,0.0,11.74,1.17,0.0
20230411:2110,0.0,0.0,0.0,11.64,0.97,0.0
20230411:2210,0.0,0.0,0.0,12.01,0.76,0.0
20230411:2310,0.0,0.0,0.0,11.67,0.41,0.0
20230412:0010,0.0,0.0,0.0,11.03,0.21,0.0
20230412:0110,0.0,0.0,0.0,10.46,0.48,0.0
20230412:0210,0.0,0.0,0.0,9.88,0.76,0.0
20230412:0310,0.0,0.0,0.0,7.42,1.38,0.0
20230412:0410,0.0,0.0,0.0,6.99,1.45,0.0
20230412:0510,0.0,1.89,3.54,7.17,1.17,0.0
20230412:0610,20.72,34.08,13.96,8.5,0.83,0.0
20230412:0710,47.87,64.06,24.32,10.46,1.24,0.0
20230412:0810,70.14,87.36,34.17,11.27,1.72,0.0
20230412:0910,141.13,159.18,42.89,12.3,2.28,0.0
20230412:1010,67.71,85.41,49.51,13.03,2.28,0.0
20230412:1110,100.82,119.39,52.75,13.38,2.14,0.0
20230412:1210,144.88,164.04,51.69,13.7,1.93,0.0
20230412:1310,284.56,306.02,46.65,14.37,1.79,0.0
20230412:1410,238.61,259.06,38.87,14.14,1.45,0.0
20230412:1510,61.68,79.59,29.51,14.17,1.59,0.0
20230412:1610,46.13,63.09,19.35,14.07,1.72,0.0
20230412:1710,29.31,44.57,8.92,13.65,1.45,0.0
20230412:1810,0.0,0.0,0.0,13.1,1.72,0.0
20230412:1910,0.0,0.0,0.0,10.66,0.83,0.0
20230412:2010,0.0,0.0,0.0,10.3,0.76,0.0
20230412:2110,0.0,0.0,0.0,10.05,1.17,0.0
20230412:2210,0.0,0.0,0.0,9.83,1.24,0.0
20230412:2310,0.0,0.0,0.0,9.74,1.17,0.0
20230413:0010,0.0,0.0,0.0,9.64,1.03,0.0
20230413:0110,0.0,0.0,0.0,9.57,0.76,0.0
20230413:0210,0.0,0.0,0.0,9.58,0.69,0.0
20230413:0310,0.0,0.0,0.0,9.48,0.76,0.0
20230413:0410,0.0,0.0,0.0,9.3,0.76,0.0
20230413:0510,0.0,2.84,3.85,9.2,1.17,0.0
20230413:0610,70.56,87.1,14.27,9.19,1.31,0.0
20230413:0710,123.44,153.67,24.63,9.54,1.59,0.0
20230413:0810,230.85,279.58,34.49,10.81,2.0,0.0
20230413:0910,391.68,412.76,43.23,11.92,3.31,0.0
20230413:1010,303.37,320.45,49.88,12.87,4.28,0.0
20230413:1110,143.17,161.12,53.12,12.65,3.38,0.0
20230413:1210,145.46,163.06,52.03,12.08,3.17,0.0
20230413:1310,136.37,153.36,46.95,11.27,3.79,0.0
20230413:1410,207.4,222.68,39.13,10.6,3.66,0.0
20230413:1510,96.64,113.56,29.74,10.34,3.1,0.0
20230413:1610,95.36,112.22,19.57,10.33,2.62,0.0
20230413:1710,79.59,96.33,9.13,10.39,2.07,0.0
20230413:1810,0.0,0.0,0.0,9.78,1.79,0.0
20230413:1910,0.0,0.0,0.0,9.17,1.45,0.0
20230413:2010,0.0,0.0,0.0,8.18,1.59,0.0
20230413:2110,0.0,0.0,0.0,7.3,1.72,0.0
20230413:2210,0.0,0.0,0.0,6.55,1.59,0.0
20230413:2310,0.0,0.0,0.0,6.03,1.52,0.0
20230414:0010,0.0,0.0,0.0,5.25,1.72,0.0
20230414:0110,0.0,0.0,0.0,4.96,1.86,0.0
20230414:0210,0.0,0.0,0.0,4.48,2.21,0.0
20230414:0310,0.0,0.0,0.0,4.3,2.48,0.0
20230414:0410,0.0,0.0,0.0,4.37,2.76,0.0
20230414:0510,10.01,20.83,4.15,4.48,2.9,0.0
20230414:0610,53.95,69.11,14.57,6.06,2.9,0.0
20230414:0710,53.63,99.52,24.94,9.07,2.76,0.0
20230414:0810,247.39,292.27,34.81,11.73,3.59,0.0
20230414:0910,449.36,479.76,43.57,13.43,4.07,0.0
20230414:1010,626.47,657.29,50.24,14.6,3.79,0.0
20230414:1110,747.0,791.52,53.49,15.27,3.31,0.0
20230414:1210,832.8,898.2,52.37,15.98,2.76,0.0
20230414:1310,838.95,913.33,47.24,16.43,2.34,0.0
20230414:1410,776.54,842.14,39.38,16.72,2.14,0.0
20230414:1510,672.21,724.24,29.96,16.69,1.66,0.0
20230414:1610,539.02,576.23,19.78,16.41,1.24,0.0
20230414:1710,281.51,305.78,9.34,15.72,0.48,0.0
20230414:1810,0.0,0.0,0.0,13.79,0.97,0.0
20230414:1910,0.0,0.0,0.0,11.55,1.24,0.0
20230414:2010,0.0,0.0,0.0,12.66,0.34,0.0
20230414:2110,0.0,0.0,0.0,12.23,0.41,0.0
20230414:2210,0.0,0.0,0.0,11.39,1.17,0.0
20230414:2310,0.0,0.0,0.0,7.05,1.93,0.0
20230415:0010,0.0,0.0,0.0,5.44,2.21,0.0
20230415:0110,0.0,0.0,0.0,4.77,2.28,0.0
20230415:0210,0.0,0.0,0.0,4.29,2.34,0.0
20230415:0310,0.0,0.0,0.0,3.83,2.21,0.0
20230415:0410,0.0,0.0,0.0,3.12,2.07,0.0
20230415:0510,7.18,17.04,4.45,2.84,2.0,0.0
20230415:0610,82.53,97.51,14.87,5.0,1.38,0.0
20230415:0710,160.85,185.25,25.24,9.3,1.03,0.0
20230415:0810,273.57,307.74,35.13,11.19,1.17,0.0
20230415:0910,418.64,450.61,43.91,12.8,1.1,0.0
20230415:1010,533.44,573.31,50.6,14.06,0.9,0.0
20230415:1110,690.2,754.67,53.85,15.09,0.69,0.0
20230415:1210,709.61,781.31,52.7,15.68,0.69,0.0
20230415:1310,576.63,630.12,47.53,16.09,0.41,0.0
20230415:1410,78.47,98.03,39.63,16.22,0.48,0.0
20230415:1510,668.28,729.45,30.19,16.54,0.76,0.0
20230415:1610,542.65,581.8,19.99,16.49,1.03,0.0
20230415:1710,39.1,55.84,9.55,15.83,1.1,0.0
20230415:1810,0.0,0.0,0.0,13.84,1.17,0.0
20230415:1910,0.0,0.0,0.0,12.08,2.48,0.0
20230415:2010,0.0,0.0,0.0,10.75,2.41,0.0
20230415:2110,0.0,0.0,0.0,9.21,2.07,0.0
20230415:2210,0.0,0.0,0.0,8.22,1.59,0.0
20230415:2310,0.0,0.0,0.0,7.5,1.45,0.0
20230416:0010,0.0,0.0,0.0,6.3,1.59,0.0
20230416:0110,0.0,0.0,0.0,5.35,1.66,0.0
20230416:0210,0.0,0.0,0.0,4.35,1.72,0.0
20230416:0310,0.0,0.0,0.0,3.75,1.86,0.0
20230416:0410,0.0,0.0,0.0,3.9,1.93,0.0
20230416:0510,12.34,23.67,4.75,3.69,2.07,0.0
20230416:0610,55.8,71.0,15.17,5.84,1.79,0.0
20230416:0710,62.01,110.33,25.54,11.45,2.0,0.0
20230416:0810,242.04,294.33,35.44,13.92,2.21,0.0
20230416:0910,447.36,485.82,44.25,15.31,2.28,0.0
20230416:1010,600.62,642.38,50.95,16.33,2.34,0.0
20230416:1110,731.76,789.78,54.21,17.22,2.41,0.0
20230416:1210,737.77,801.57,53.04,18.32,2.55,0.0
20230416:1310,607.87,653.91,47.82,19.03,3.1,0.0
20230416:1410,376.59,404.27,39.88,19.08,3.59,0.0
20230416:1510,374.32,399.09,30.41,18.98,4.0,0.0
20230416:1610,513.68,540.55,20.2,18.1,3.93,0.0
20230416:1710,290.03,311.85,9.75,16.83,2.97,0.0
20230416:1810,0.0,0.0,0.0,14.85,2.55,0.0
20230416:1910,0.0,0.0,0.0,13.47,2.28,0.0
20230416:2010,0.0,0.0,0.0,11.4,2.0,0.0
20230416:2110,0.0,0.0,0.0,10.12,1.72,0.0
20230416:2210,0.0,0.0,0.0,9.89,1.24,0.0
20230416:2310,0.0,0.0,0.0,8.93,1.38,0.0
20230417:0010,0.0,0.0,0.0,7.15,1.66,0.0
20230417:0110,0.0,0.0,0.0,6.1,1.72,0.0
20230417:0210,0.0,0.0,0.0,5.13,1.72,0.0
20230417:0310,0.0,0.0,0.0,4.14,1.86,0.0
20230417:0410,0.0,0.0,0.0,3.55,1.93,0.0
20230417:0510,14.71,26.51,5.05,3.57,2.0,0.0
20230417:0610,57.63,72.9,15.46,5.93,1.66,0.0
20230417:0710,65.33,114.87,25.84,11.45,1.17,0.0
20230417:0810,245.82,298.58,35.75,13.81,1.17,0.0
20230417:0910,446.59,489.29,44.58,15.34,1.1,0.0
20230417:1010,609.14,662.21,51.3,16.39,1.03,0.0
20230417:1110,733.33,808.01,54.57,17.04,1.03,0.0
20230417:1210,803.65,901.25,53.37,17.48,0.83,0.0
20230417:1310,803.98,905.49,48.1,17.9,0.76,0.0
20230417:1410,764.96,855.2,40.12,17.96,0.76,0.0
20230417:1510,669.16,733.16,30.63,17.94,0.97,0.0
20230417:1610,524.93,560.16,20.4,17.43,1.72,0.0
20230417:1710,242.74,264.02,9.96,16.59,2.21,0.0
20230417:1810,0.0,0.0,0.0,15.02,2.0,0.0
20230417:1910,0.0,0.0,0.0,13.19,1.66,0.0
20230417:2010,0.0,0.0,0.0,11.59,1.24,0.0
20230417:2110,0.0,0.0,0.0,12.58,0.55,0.0
20230417:2210,0.0,0.0,0.0,12.14,0.69,0.0
20230417:2310,0.0,0.0,0.0,10.15,1.24,0.0
20230418:0010,0.0,0.0,0.0,8.33,1.59,0.0
20230418:0110,0.0,0.0,0.0,6.89,2.0,0.0
20230418:0210,0.0,0.0,0.0,6.16,2.0,0.0
20230418:0310,0.0,0.0,0.0,5.91,2.14,0.0
20230418:0410,0.0,0.0,0.0,5.5,2.21,0.0
20230418:0510,16.17,28.4,5.34,5.32,2.21,0.0
20230418:0610,94.98,110.77,15.75,7.42,1.86,0.0
20230418:0710,169.07,189.84,26.13,11.66,1.66,0.0
20230418:0810,264.57,308.85,36.06,14.52,1.59,0.0
20230418:0910,446.18,489.61,44.9,16.26,1.24,0.0
20230418:1010,591.95,655.35,51.65,17.54,0.21,0.0
20230418:1110,699.81,777.95,54.92,18.41,0.76,0.0
20230418:1210,767.88,856.06,53.69,18.69,1.17,0.0
20230418:1310,799.58,894.82,48.39,18.85,1.24,0.0
20230418:1410,721.41,802.73,40.36,19.04,0.97,0.0
20230418:1510,157.79,181.75,30.84,19.07,0.69,0.0
20230418:1610,65.59,85.41,20.61,18.84,0.55,0.0
20230418:1710,122.8,144.23,10.17,18.34,1.03,0.0
20230418:1810,0.0,0.0,0.0,16.65,1.79,0.0
20230418:1910,0.0,0.0,0.0,14.6,1.45,0.0
20230418:2010,0.0,0.0,0.0,12.83,1.59,0.0
20230418:2110,0.0,0.0,0.0,11.19,2.14,0.0
20230418:2210,0.0,0.0,0.0,10.28,2.21,0.0
20230418:2310,0.0,0.0,0.0,9.54,2.0,0.0
20230419:0010,0.0,0.0,0.0,9.16,1.79,0.0
20230419:0110,0.0,0.0,0.0,8.51,1.79,0.0
20230419:0210,0.0,0.0,0.0,7.63,1.86,0.0
20230419:0310,0.0,0.0,0.0,7.13,1.72,0.0
20230419:0410,0.0,0.0,0.0,6.58,1.72,0.0
20230419:0510,17.69,30.29,5.63,6.31,1.72,0.0
20230419:0610,62.32,78.58,16.03,8.77,1.17,0.0
20230419:0710,74.38,125.57,26.42,13.4,1.1,0.0
20230419:0810,253.73,306.44,36.36,15.21,1.17,0.0
20230419:0910,449.48,494.21,45.23,16.42,1.03,0.0
20230419:1010,602.42,657.2,52.0,17.48,1.1,0.0
20230419:1110,730.44,805.84,55.27,18.33,1.31,0.0
20230419:1210,805.01,901.2,54.02,19.09,1.31,0.0
20230419:1310,809.84,910.29,48.67,19.64,1.31,0.0
20230419:1410,766.28,859.75,40.61,19.94,1.1,0.0
20230419:1510,672.6,743.05,31.06,20.09,1.17,0.0
20230419:1610,442.35,477.78,20.82,19.89,1.45,0.0
20230419:1710,290.71,318.02,10.37,19.39,1.52,0.0
20230419:1810,0.0,0.0,0.0,17.9,1.52,0.0
20230419:1910,0.0,0.0,0.0,15.6,1.31,0.0
20230419:2010,0.0,0.0,0.0,13.44,2.0,0.0
20230419:2110,0.0,0.0,0.0,12.41,2.34,0.0
20230419:2210,0.0,0.0,0.0,11.41,1.79,0.0
20230419:2310,0.0,0.0,0.0,10.67,1.17,0.0
20230420:0010,0.0,0.0,0.0,10.04,1.1,0.0
20230420:0110,0.0,0.0,0.0,9.14,1.38,0.0
20230420:0210,0.0,0.0,0.0,8.81,1.45,0.0
20230420:0310,0.0,0.0,0.0,9.3,1.45,0.0
20230420:0410,0.0,0.0,0.0,9.5,1.59,0.0
20230420:0510,5.55,15.15,5.91,9.58,1.79,0.0
20230420:0610,35.9,51.12,16.31,9.76,1.86,0.0
20230420:0710,64.09,80.56,26.71,9.8,2.9,0.0
20230420:0810,163.49,179.57,36.66,10.01,2.62,0.0
20230420:0910,137.73,154.33,45.54,10.33,2.83,0.0
20230420:1010,60.95,77.65,52.34,10.73,2.76,0.0
20230420:1110,111.7,129.09,55.62,11.18,2.55,0.0
20230420:1210,55.92,72.8,54.34,11.91,2.76,0.0
20230420:1310,59.6,76.68,48.94,12.13,2.9,0.0
20230420:1410,60.65,77.65,40.84,11.83,3.24,0.0
20230420:1510,34.09,49.5,31.27,11.81,3.79,0.0
20230420:1610,14.63,27.18,21.02,11.59,3.66,0.0
20230420:1710,3.2,11.65,10.58,10.97,3.93,0.0
20230420:1810,0.0,0.0,0.0,10.42,3.59,0.0
20230420:1910,0.0,0.0,0.0,9.49,2.21,0.0
20230420:2010,0.0,0.0,0.0,9.52,2.41,0.0
20230420:2110,0.0,0.0,0.0,9.46,2.69,0.0
20230420:2210,0.0,0.0,0.0,9.31,2.62,0.0
20230420:2310,0.0,0.0,0.0,9.09,2.28,0.0
20230421:0010,0.0,0.0,0.0,8.92,2.21,0.0
20230421:0110,0.0,0.0,0.0,8.92,2.28,0.0
20230421:0210,0.0,0.0,0.0,8.87,2.0,0.0
20230421:0310,0.0,0.0,0.0,8.85,1.59,0.0
20230421:0410,0.0,0.0,0.0,8.79,1.45,0.0
20230421:0510,0.03,5.68,6.19,8.69,1.38,0.0
20230421:0610,29.95,44.5,16.59,8.86,1.31,0.0
20230421:0710,79.65,96.09,26.99,8.75,1.52,0.0
20230421:0810,90.12,106.77,36.95,9.26,1.72,0.0
20230421:0910,115.19,132.0,45.86,9.9,1.93,0.0
20230421:1010,99.33,116.47,52.68,10.34,1.72,0.0
20230421:1110,121.33,138.8,55.96,10.94,1.59,0.0
20230421:1210,586.59,618.57,54.66,11.57,1.52,0.0
20230421:1310,410.28,431.92,49.22,11.93,1.45,0.0
20230421:1410,379.11,397.96,41.08,12.19,1.79,0.0
20230421:1510,237.41,254.46,31.49,12.44,2.14,0.0
20230421:1610,134.62,152.34,21.22,12.41,2.07,0.0
20230421:1710,32.22,47.56,10.78,12.16,1.66,0.0
20230421:1810,0.0,0.0,0.0,11.6,1.79,0.0
20230421:1910,0.0,0.0,0.0,11.01,1.66,0.0
20230421:2010,0.0,0.0,0.0,10.51,1.66,0.0
20230421:2110,0.0,0.0,0.0,9.98,1.72,0.0
20230421:2210,0.0,0.0,0.0,9.16,1.86,0.0
20230421:2310,0.0,0.0,0.0,9.04,1.86,0.0
20230422:0010,0.0,0.0,0.0,8.59,2.0,0.0
20230422:0110,0.0,0.0,0.0,8.57,2.07,0.0
20230422:0210,0.0,0.0,0.0,8.12,2.14,0.0
20230422:0310,0.0,0.0,0.0,7.63,2.14,0.0
20230422:0410,0.0,0.0,0.0,7.28,2.14,0.0
20230422:0510,23.38,36.92,6.47,7.23,2.07,0.0
20230422:0610,93.55,109.82,16.87,8.41,1.72,0.0
20230422:0710,164.58,195.76,27.27,11.25,1.59,0.0
20230422:0810,294.31,323.93,37.24,13.22,1.24,0.0
20230422:0910,412.62,444.61,46.17,14.14,1.03,0.0
20230422:1010,579.03,628.46,53.01,14.78,0.48,0.0
20230422:1110,623.21,685.27,56.3,15.66,0.28,0.0
20230422:1210,573.17,628.39,54.97,16.39,0.41,0.0
20230422:1310,489.47,531.31,49.49,16.51,0.62,0.0
20230422:1410,621.05,672.42,41.31,16.35,1.1,0.0
20230422:1510,524.06,560.14,31.7,16.45,1.31,0.0
20230422:1610,315.58,337.11,21.42,16.24,1.52,0.0
20230422:1710,71.93,90.61,10.98,15.79,1.45,0.0
20230422:1810,0.0,0.0,0.0,14.58,1.66,0.0
20230422:1910,0.0,0.0,0.0,13.85,1.66,0.0
20230422:2010,0.0,0.0,0.0,12.63,1.72,0.0
20230422:2110,0.0,0.0,0.0,11.56,1.72,0.0
20230422:2210,0.0,0.0,0.0,10.74,1.72,0.0
20230422:2310,0.0,0.0,0.0,9.99,1.66,0.0
20230423:0010,0.0,0.0,0.0,9.17,1.66,0.0
20230423:0110,0.0,0.0,0.0,9.22,1.52,0.0
20230423:0210,0.0,0.0,0.0,9.04,1.52,0.0
20230423:0310,0.0,0.0,0.0,8.94,1.45,0.0
20230423:0410,0.0,0.0,0.0,8.27,1.52,0.0
20230423:0510,24.97,38.82,6.75,7.87,1.52,0.0
20230423:0610,101.18,118.34,17.14,10.03,1.03,0.0
20230423:0710,164.85,186.68,27.54,13.83,0.62,0.0
20230423:0810,128.25,148.51,37.53,15.01,0.9,0.0
20230423:0910,407.15,440.77,46.48,15.74,1.31,0.0
20230423:1010,635.16,685.66,53.34,16.31,1.52,0.0
20230423:1110,719.11,782.21,56.64,17.37,1.79,0.0
20230423:1210,798.35,875.39,55.28,17.77,2.0,0.0
20230423:1310,697.03,756.86,49.76,18.23,2.28,0.0
20230423:1410,271.39,297.0,41.55,18.25,2.07,0.0
20230423:1510,150.68,173.18,31.91,18.15,1.66,0.0
20230423:1610,123.41,144.86,21.62,17.99,1.38,0.0
20230423:1710,22.95,37.85,11.18,17.25,1.1,0.0
20230423:1810,0.0,0.0,0.0,16.11,1.45,0.0
20230423:1910,0.0,0.0,0.0,14.8,1.38,0.0
20230423:2010,0.0,0.0,0.0,13.41,1.72,0.0
20230423:2110,0.0,0.0,0.0,12.34,1.59,0.0
20230423:2210,0.0,0.0,0.0,11.45,1.17,0.0
20230423:2310,0.0,0.0,0.0,10.84,0.83,0.0
20230424:0010,0.0,0.0,0.0,11.33,0.28,0.0
20230424:0110,0.0,0.0,0.0,10.21,0.83,0.0
20230424:0210,0.0,0.0,0.0,9.76,1.1,0.0
20230424:0310,0.0,0.0,0.0,9.42,1.17,0.0
20230424:0410,0.0,0.0,0.0,9.1,0.9,0.0
20230424:0510,23.23,36.92,7.01,8.34,1.52,0.0
20230424:0610,66.49,83.31,17.4,10.09,0.9,0.0
20230424:0710,87.01,143.13,27.81,12.63,0.9,0.0
20230424:0810,278.41,328.57,37.81,14.5,1.17,0.0
20230424:0910,475.27,517.08,46.78,16.01,1.52,0.0
20230424:1010,630.73,683.45,53.66,17.38,1.66,0.0
20230424:1110,745.72,821.18,56.97,18.51,1.59,0.0
20230424:1210,695.8,771.26,55.59,19.22,1.31,0.0
20230424:1310,799.08,890.98,50.02,19.36,1.59,0.0
20230424:1410,754.9,837.95,41.78,19.65,1.52,0.0
20230424:1510,639.05,697.14,32.12,19.52,1.59,0.0
20230424:1610,417.58,448.89,21.82,19.17,1.59,0.0
20230424:1710,256.62,280.81,11.38,18.32,1.38,0.0
20230424:1810,0.0,0.0,0.0,16.37,2.07,0.0
20230424:1910,0.0,0.0,0.0,15.12,2.62,0.0
20230424:2010,0.0,0.0,0.0,14.18,3.24,0.0
20230424:2110,0.0,0.0,0.0,13.5,3.45,0.0
20230424:2210,0.0,0.0,0.0,12.67,3.38,0.0
20230424:2310,0.0,0.0,0.0,11.83,3.24,0.0
20230425:0010,0.0,0.0,0.0,10.97,2.62,0.0
20230425:0110,0.0,0.0,0.0,9.77,2.14,0.0
20230425:0210,0.0,0.0,0.0,8.45,1.72,0.0
20230425:0310,0.0,0.0,0.0,7.61,1.45,0.0
20230425:0410,0.0,0.0,0.0,7.65,1.17,0.0
20230425:0510,29.21,43.55,7.28,7.99,0.97,0.0
20230425:0610,62.29,78.58,17.66,8.58,0.41,0.0
20230425:0710,93.17,149.0,28.07,11.37,1.17,0.0
20230425:0810,296.63,337.16,38.09,12.18,1.31,0.0
20230425:0910,469.06,505.93,47.07,13.39,0.9,0.0
20230425:1010,584.82,629.87,53.99,14.55,1.03,0.0
20230425:1110,544.53,593.92,57.3,15.05,0.28,0.0
20230425:1210,139.03,160.15,55.9,15.89,0.76,0.0
20230425:1310,848.83,941.66,50.28,16.88,1.52,0.0
20230425:1410,788.01,863.21,42.0,17.5,1.86,0.0
20230425:1510,719.2,773.09,32.32,17.81,2.62,0.0
20230425:1610,558.26,590.89,22.02,17.58,2.83,0.0
20230425:1710,322.87,345.43,11.58,16.81,2.34,0.0
20230425:1810,0.0,0.0,0.0,15.01,2.41,0.0
20230425:1910,0.0,0.0,0.0,13.29,2.48,0.0
20230425:2010,0.0,0.0,0.0,11.57,2.21,0.0
20230425:2110,0.0,0.0,0.0,10.16,1.66,0.0
20230425:2210,0.0,0.0,0.0,9.39,1.38,0.0
20230425:2310,0.0,0.0,0.0,8.0,1.66,0.0
20230426:0010,0.0,0.0,0.0,6.63,1.86,0.0
20230426:0110,0.0,0.0,0.0,5.46,2.0,0.0
20230426:0210,0.0,0.0,0.0,5.07,2.21,0.0
20230426:0310,0.0,0.0,0.0,5.08,2.34,0.0
20230426:0410,0.0,0.0,0.0,5.12,2.41,0.0
20230426:0510,30.55,44.5,7.54,5.15,2.48,0.0
20230426:0610,61.96,77.63,17.92,7.21,2.21,0.0
20230426:0710,95.09,152.15,28.33,10.92,1.72,0.0
20230426:0810,293.26,340.75,38.36,13.3,1.24,0.0
20230426:0910,484.55,529.14,47.37,14.8,0.55,0.0
20230426:1010,640.98,700.3,54.3,15.9,0.69,0.0
20230426:1110,750.41,828.51,57.63,16.6,0.97,0.0
20230426:1210,801.49,892.64,56.2,17.17,1.1,0.0
20230426:1310,829.44,926.87,50.54,17.58,1.24,0.0
20230426:1410,626.78,683.46,42.23,17.76,1.24,0.0
20230426:1510,699.48,764.8,32.52,17.42,1.17,0.0
20230426:1610,401.27,429.44,22.21,17.35,1.17,0.0
20230426:1710,264.2,287.83,11.77,16.91,0.69,0.0
20230426:1810,0.0,0.0,0.0,15.81,0.62,0.0
20230426:1910,0.0,0.0,0.0,15.47,0.76,0.0
20230426:2010,0.0,0.0,0.0,13.33,1.17,0.0
20230426:2110,0.0,0.0,0.0,12.72,1.17,0.0
20230426:2210,0.0,0.0,0.0,11.49,1.31,0.0
20230426:2310,0.0,0.0,0.0,9.84,1.52,0.0
20230427:0010,0.0,0.0,0.0,8.09,1.72,0.0
20230427:0110,0.0,0.0,0.0,6.97,1.86,0.0
20230427:0210,0.0,0.0,0.0,6.24,1.86,0.0
20230427:0310,0.0,0.0,0.0,5.76,1.86,0.0
20230427:0410,0.0,0.0,0.0,5.51,1.79,0.0
20230427:0510,33.09,47.34,7.8,5.66,1.66,0.0
20230427:0610,70.56,87.1,18.17,9.03,0.9,0.0
20230427:0710,105.74,160.45,28.59,12.82,1.03,0.0
20230427:0810,298.96,342.46,38.63,14.08,1.31,0.0
20230427:0910,475.76,514.82,47.65,15.24,1.38,0.0
20230427:1010,577.77,624.0,54.62,16.25,1.45,0.0
20230427:1110,732.14,802.73,57.95,17.16,1.38,0.0
20230427:1210,792.93,881.19,56.5,17.86,1.31,0.0
20230427:1310,778.19,864.03,50.8,18.19,1.38,0.0
20230427:1410,656.59,716.87,42.45,18.53,1.59,0.0
20230427:1510,600.81,651.76,32.73,18.45,1.38,0.0
20230427:1610,529.6,571.64,22.41,18.35,1.1,0.0
20230427:1710,306.09,332.58,11.97,17.91,0.83,0.0
20230427:1810,0.0,1.89,1.79,17.24,0.34,0.0
20230427:1910,0.0,0.0,0.0,14.2,1.38,0.0
20230427:2010,0.0,0.0,0.0,12.64,1.66,0.0
20230427:2110,0.0,0.0,0.0,11.83,1.59,0.0
20230427:2210,0.0,0.0,0.0,11.38,1.52,0.0
20230427:2310,0.0,0.0,0.0,10.6,1.66,0.0
20230428:0010,0.0,0.0,0.0,10.17,1.66,0.0
20230428:0110,0.0,0.0,0.0,9.98,1.59,0.0
20230428:0210,0.0,0.0,0.0,9.57,1.59,0.0
20230428:0310,0.0,0.0,0.0,9.04,1.59,0.0
20230428:0410,0.0,0.0,0.0,8.46,1.52,0.0
20230428:0510,34.33,49.23,8.05,8.62,1.31,0.0
20230428:0610,108.96,126.86,18.42,11.2,0.62,0.0
20230428:0710,187.16,210.36,28.84,13.56,1.38,0.0
20230428:0810,302.93,331.16,38.89,14.36,1.52,0.0
20230428:0910,461.18,497.33,47.94,15.29,1.59,0.0
20230428:1010,617.19,664.43,54.92,15.94,1.52,0.0
20230428:1110,738.66,809.36,58.27,16.65,1.24,0.0
20230428:1210,777.05,865.59,56.79,17.5,0.97,0.0
20230428:1310,751.27,846.91,51.05,18.24,0.48,0.0
20230428:1410,648.7,719.64,42.67,18.31,0.48,0.0
20230428:1510,611.7,671.32,32.93,18.8,0.76,0.0
20230428:1610,434.16,467.93,22.6,18.88,1.1,0.0
20230428:1710,242.37,265.67,12.16,18.39,1.59,0.0
20230428:1810,0.0,2.84,1.99,17.29,1.24,0.0
20230428:1910,0.0,0.0,0.0,17.44,0.76,0.0
20230428:2010,0.0,0.0,0.0,14.74,1.52,0.0
20230428:2110,0.0,0.0,0.0,13.86,1.31,0.0
20230428:2210,0.0,0.0,0.0,14.01,0.97,0.0
20230428:2310,0.0,0.0,0.0,13.7,0.83,0.0
20230429:0010,0.0,0.0,0.0,12.43,1.03,0.0
20230429:0110,0.0,0.0,0.0,11.8,1.17,0.0
20230429:0210,0.0,0.0,0.0,11.72,0.97,0.0
20230429:0310,0.0,0.0,0.0,12.54,0.62,0.0
20230429:0410,0.0,0.0,0.0,12.12,0.62,0.0
20230429:0510,0.87,7.57,8.3,11.9,0.14,0.0
20230429:0610,19.53,33.13,18.66,11.92,0.34,0.0
20230429:0710,115.24,134.92,29.09,13.99,0.21,0.0
20230429:0810,229.58,253.54,39.15,14.94,0.21,0.0
20230429:0910,355.61,386.8,48.22,16.4,0.9,0.0
20230429:1010,498.03,541.7,55.23,17.94,1.38,0.0
20230429:1110,573.82,629.3,58.58,19.43,1.52,0.0
20230429:1210,650.34,721.74,57.08,20.06,1.24,0.0
20230429:1310,338.67,374.31,51.31,20.73,1.1,0.0
20230429:1410,256.51,287.18,42.89,21.31,1.03,0.0
20230429:1510,362.09,397.7,33.12,21.44,1.1,0.0
20230429:1610,302.91,331.79,22.79,21.22,1.52,0.0
20230429:1710,253.5,280.15,12.36,20.53,1.31,0.0
20230429:1810,0.0,2.84,2.2,19.24,1.59,0.0
20230429:1910,0.0,0.0,0.0,17.11,0.83,0.0
20230429:2010,0.0,0.0,0.0,15.32,1.24,0.0
20230429:2110,0.0,0.0,0.0,14.03,1.52,0.0
20230429:2210,0.0,0.0,0.0,13.24,1.45,0.0
20230429:2310,0.0,0.0,0.0,12.6,1.52,0.0
20230430:0010,0.0,0.0,0.0,12.11,1.52,0.0
20230430:0110,0.0,0.0,0.0,12.02,1.38,0.0
20230430:0210,0.0,0.0,0.0,12.36,1.17,0.0
20230430:0310,0.0,0.0,0.0,12.59,1.1,0.0
20230430:0410,0.0,0.0,0.0,12.47,1.17,0.0
20230430:0510,25.98,40.71,8.54,12.8,0.9,0.0
20230430:0610,44.63,61.54,18.9,13.94,0.41,0.0
20230430:0710,81.97,100.94,29.33,14.92,1.52,0.0
20230430:0810,117.94,137.83,39.4,15.19,1.72,0.0
20230430:0910,360.19,388.89,48.49,15.79,1.45,0.0
20230430:1010,369.35,400.36,55.53,16.78,1.24,0.0
20230430:1110,292.41,319.98,58.89,16.88,0.83,0.0
20230430:1210,315.93,345.66,57.37,17.12,0.62,0.0
20230430:1310,95.94,116.47,51.55,17.02,0.83,0.0
20230430:1410,148.9,170.83,43.1,16.92,1.1,0.0
20230430:1510,90.81,110.65,33.32,16.37,1.79,0.0
20230430:1610,57.3,75.71,22.98,16.62,1.93,0.0
20230430:1710,18.2,32.03,12.55,16.03,1.45,0.0
20230430:1810,0.0,2.84,2.4,15.47,1.45,0.0
20230430:1910,0.0,0.0,0.0,13.95,1.72,0.0
20230430:2010,0.0,0.0,0.0,13.47,1.93,0.0
20230430:2110,0.0,0.0,0.0,13.04,2.07,0.0
20230430:2210,0.0,0.0,0.0,13.01,2.14,0.0
20230430:2310,0.0,0.0,0.0,12.94,2.14,0.0
20230501:0010,0.0,0.0,0.0,12.72,2.0,0.0
20230501:0110,0.0,0.0,0.0,12.34,1.79,0.0
20230501:0210,0.0,0.0,0.0,12.03,1.52,0.0
20230501:0310,0.0,0.0,0.0,11.79,1.52,0.0
20230501:0410,0.0,0.0,0.0,11.64,1.52,0.0
20230501:0510,33.85,49.23,8.78,11.39,1.31,0.0
20230501:0610,93.48,111.71,19.14,12.25,0.69,0.0
20230501:0710,149.32,168.28,29.56,12.82,1.72,0.0
20230501:0810,81.76,99.97,39.64,13.17,1.72,0.0
20230501:0910,185.19,204.8,48.76,13.65,1.52,0.0
20230501:1010,144.78,164.04,55.82,13.77,1.79,0.0
20230501:1110,183.53,202.86,59.2,13.79,2.14,0.0
20230501:1210,293.31,312.98,57.65,13.26,2.34,0.0
20230501:1310,358.59,379.13,51.8,13.49,2.55,0.0
20230501:1410,211.83,230.87,43.32,13.84,2.76,0.0
20230501:1510,244.15,262.45,33.51,13.9,2.76,0.0
20230501:1610,164.14,182.48,23.16,14.1,2.76,0.0
20230501:1710,8.42,19.41,12.74,14.04,2.48,0.0
20230501:1810,0.0,0.97,2.6,13.68,1.79,0.0
20230501:1910,0.0,0.0,0.0,12.65,1.45,0.0
20230501:2010,0.0,0.0,0.0,12.24,1.1,0.0
20230501:2110,0.0,0.0,0.0,11.56,0.9,0.0
20230501:2210,0.0,0.0,0.0,11.49,0.62,0.0
20230501:2310,0.0,0.0,0.0,11.75,0.48,0.0
20230502:0010,0.0,0.0,0.0,11.56,0.55,0.0
20230502:0110,0.0,0.0,0.0,10.72,0.9,0.0
20230502:0210,0.0,0.0,0.0,10.27,1.1,0.0
20230502:0310,0.0,0.0,0.0,9.95,1.31,0.0
20230502:0410,0.0,0.0,0.0,9.78,1.31,0.0
20230502:0510,10.45,21.77,9.01,9.62,1.17,0.0
20230502:0610,118.24,136.33,19.37,11.52,0.76,0.0
20230502:0710,0.0,0.0,0.0,13.49,0.83,0.0
20230502:0810,317.36,351.03,39.89,15.33,0.55,0.0
20230502:0910,486.01,533.85,49.02,16.97,0.62,0.0
20230502:1010,630.51,694.52,56.11,18.49,0.9,0.0
20230502:1110,741.89,833.33,59.5,19.76,0.9,0.0
20230502:1210,812.03,932.86,57.93,20.71,0.69,0.0
20230502:1310,807.75,941.34,52.04,21.2,0.28,0.0
20230502:1410,778.46,883.86,43.53,21.32,1.03,0.0
20230502:1510,679.53,746.56,33.71,20.83,1.86,0.0
20230502:1610,557.34,592.5,23.35,19.41,3.38,0.0
20230502:1710,271.48,292.13,12.93,17.6,3.52,0.0
20230502:1810,1.95,9.71,2.8,16.06,2.9,0.0
20230502:1910,0.0,0.0,0.0,14.57,2.21,0.0
20230502:2010,0.0,0.0,0.0,13.48,1.38,0.0
20230502:2110,0.0,0.0,0.0,13.03,0.69,0.0
20230502:2210,0.0,0.0,0.0,12.99,0.69,0.0
20230502:2310,0.0,0.0,0.0,12.45,0.83,0.0
20230503:0010,0.0,0.0,0.0,12.33,0.76,0.0
20230503:0110,0.0,0.0,0.0,12.03,0.48,0.0
20230503:0210,0.0,0.0,0.0,11.94,0.55,0.0
20230503:0310,0.0,0.0,0.0,10.51,1.1,0.0
20230503:0410,0.0,0.0,0.0,8.75,1.72,0.0
20230503:0510,36.94,52.07,9.24,8.87,1.72,0.0
20230503:0610,82.84,100.35,19.59,11.29,1.38,0.0
20230503:0710,126.37,182.38,30.02,13.25,0.83,0.0
20230503:0810,316.54,362.68,40.12,14.78,0.28,0.0
20230503:0910,497.62,541.65,49.28,16.28,1.1,0.0
20230503:1010,637.38,691.43,56.39,17.43,1.66,0.0
20230503:1110,716.34,782.98,59.8,18.16,1.93,0.0
20230503:1210,796.37,879.18,58.21,18.45,1.93,0.0
20230503:1310,816.65,907.85,52.28,18.68,1.72,0.0
20230503:1410,777.5,860.1,43.73,19.24,1.79,0.0
20230503:1510,698.84,762.09,33.9,19.38,2.0,0.0
20230503:1610,547.65,587.63,23.54,19.12,2.07,0.0
20230503:1710,319.13,344.2,13.11,18.56,2.07,0.0
20230503:1810,6.9,17.77,2.99,17.35,1.79,0.0
20230503:1910,0.0,0.0,0.0,16.08,2.41,0.0
20230503:2010,0.0,0.0,0.0,15.09,2.41,0.0
20230503:2110,0.0,0.0,0.0,14.26,2.14,0.0
20230503:2210,0.0,0.0,0.0,13.42,1.59,0.0
20230503:2310,0.0,0.0,0.0,13.25,1.17,0.0
20230504:0010,0.0,0.0,0.0,12.94,1.17,0.0
20230504:0110,0.0,0.0,0.0,12.77,1.24,0.0
20230504:0210,0.0,0.0,0.0,12.46,1.38,0.0
20230504:0310,0.0,0.0,0.0,12.45,1.38,0.0
20230504:0410,0.0,0.0,0.0,12.34,1.45,0.0
20230504:0510,26.86,41.66,9.47,12.57,1.24,0.0
20230504:0610,113.18,132.54,19.81,14.03,1.03,0.0
20230504:0710,206.78,237.57,30.24,14.89,1.1,0.0
20230504:0810,315.08,362.57,40.36,15.81,0.9,0.0
20230504:0910,490.44,535.42,49.53,16.41,0.83,0.0
20230504:1010,610.39,670.81,56.67,17.21,0.62,0.0
20230504:1110,692.87,774.58,60.09,17.81,0.41,0.0
20230504:1210,718.89,814.48,58.48,18.4,0.21,0.0
20230504:1310,592.74,660.32,52.51,18.75,0.28,0.0
20230504:1410,709.41,794.57,43.94,18.98,0.62,0.0
20230504:1510,618.25,680.52,34.09,19.3,0.83,0.0
20230504:1610,502.6,546.26,23.72,19.39,0.83,0.0
20230504:1710,331.15,361.0,13.3,19.27,0.76,0.0
20230504:1810,0.0,3.88,3.19,18.33,0.62,0.0
20230504:1910,0.0,0.0,0.0,18.57,0.97,0.0
20230504:2010,0.0,0.0,0.0,15.95,1.31,0.0
20230504:2110,0.0,0.0,0.0,13.89,1.66,0.0
20230504:2210,0.0,0.0,0.0,12.65,1.72,0.0
20230504:2310,0.0,0.0,0.0,11.95,1.72,0.0
20230505:0010,0.0,0.0,0.0,11.42,1.72,0.0
20230505:0110,0.0,0.0,0.0,10.7,1.79,0.0
20230505:0210,0.0,0.0,0.0,10.08,1.79,0.0
20230505:0310,0.0,0.0,0.0,9.51,1.79,0.0
20230505:0410,0.0,0.0,0.0,8.96,1.79,0.0
20230505:0510,34.24,49.23,9.69,9.21,1.52,0.0
20230505:0610,123.07,142.01,20.02,12.99,0.9,0.0
20230505:0710,156.65,206.04,30.46,16.76,0.76,0.0
20230505:0810,314.31,363.22,40.58,18.01,0.76,0.0
20230505:0910,482.66,533.35,49.77,19.03,0.83,0.0
20230505:1010,586.9,649.15,56.94,19.78,0.97,0.0
20230505:1110,669.1,750.47,60.38,20.71,0.9,0.0
20230505:1210,668.06,752.75,58.75,21.1,0.83,0.0
20230505:1310,680.06,769.83,52.75,21.68,0.76,0.0
20230505:1410,767.36,874.45,44.14,22.05,0.97,0.0
20230505:1510,676.81,759.59,34.27,21.95,0.9,0.0
20230505:1610,515.91,566.26,23.9,21.73,1.03,0.0
20230505:1710,324.52,356.26,13.48,21.37,1.17,0.0
20230505:1810,8.35,19.94,3.38,20.06,1.72,0.0
20230505:1910,0.0,0.0,0.0,18.27,1.38,0.0
20230505:2010,0.0,0.0,0.0,17.71,0.9,0.0
20230505:2110,0.0,0.0,0.0,17.34,0.83,0.0
20230505:2210,0.0,0.0,0.0,16.43,0.76,0.0
20230505:2310,0.0,0.0,0.0,14.95,0.97,0.0
20230506:0010,0.0,0.0,0.0,13.68,1.1,0.0
20230506:0110,0.0,0.0,0.0,12.95,1.1,0.0
20230506:0210,0.0,0.0,0.0,12.5,1.1,0.0
20230506:0310,0.0,0.0,0.0,11.94,1.24,0.0
20230506:0410,0.0,0.0,0.0,11.5,1.45,0.0
20230506:0510,47.02,63.43,9.9,11.54,1.31,0.0
20230506:0610,93.59,112.66,20.23,14.09,0.83,0.0
20230506:0710,144.68,198.96,30.67,17.67,0.48,0.0
20230506:0810,311.63,365.72,40.8,19.13,0.07,0.0
20230506:0910,487.48,545.97,50.02,20.62,0.41,0.0
20230506:1010,624.5,698.81,57.21,21.74,0.9,0.0
20230506:1110,716.08,808.57,60.66,22.53,1.24,0.0
20230506:1210,751.56,853.63,59.02,23.14,1.45,0.0
20230506:1310,761.03,865.6,52.98,23.48,1.52,0.0
20230506:1410,730.89,828.0,44.34,23.63,1.45,0.0
20230506:1510,651.59,731.81,34.46,23.57,1.17,0.0
20230506:1610,512.92,572.43,24.08,23.29,0.41,0.0
20230506:1710,302.02,337.66,13.67,22.92,0.07,0.0
20230506:1810,8.76,20.59,3.58,21.35,1.03,0.0
20230506:1910,0.0,0.0,0.0,19.38,1.03,0.0
20230506:2010,0.0,0.0,0.0,17.27,1.38,0.0
20230506:2110,0.0,0.0,0.0,16.13,1.45,0.0
20230506:2210,0.0,0.0,0.0,16.04,1.1,0.0
20230506:2310,0.0,0.0,0.0,15.38,1.03,0.0
20230507:0010,0.0,0.0,0.0,15.41,0.76,0.0
20230507:0110,0.0,0.0,0.0,13.4,1.38,0.0
20230507:0210,0.0,0.0,0.0,12.95,1.45,0.0
20230507:0310,0.0,0.0,0.0,12.88,1.38,0.0
20230507:0410,0.0,0.0,0.0,12.5,1.24,0.0
20230507:0510,11.0,22.72,10.11,12.62,1.31,0.0
20230507:0610,113.45,133.49,20.44,15.26,1.1,0.0
20230507:0710,204.89,239.5,30.87,16.63,1.17,0.0
20230507:0810,301.84,336.15,41.02,18.34,0.55,0.0
20230507:0910,392.0,434.49,50.25,19.61,0.48,0.0
20230507:1010,548.43,608.41,57.47,20.6,0.97,0.0
20230507:1110,723.24,807.0,60.94,21.31,1.59,0.0
20230507:1210,378.51,416.75,59.28,21.53,2.07,0.0
20230507:1310,801.78,903.83,53.2,21.71,1.72,0.0
20230507:1410,718.64,814.0,44.54,21.69,0.83,0.0
20230507:1510,270.35,301.72,34.64,21.73,0.83,0.0
20230507:1610,204.86,231.04,24.26,21.08,0.97,0.0
20230507:1710,91.11,112.07,13.85,19.32,0.97,0.0
20230507:1810,0.0,4.85,3.77,17.52,1.45,0.0
20230507:1910,0.0,0.0,0.0,16.95,1.66,0.0
20230507:2010,0.0,0.0,0.0,16.26,1.66,0.0
20230507:2110,0.0,0.0,0.0,15.72,1.59,0.0
20230507:2210,0.0,0.0,0.0,15.07,1.72,0.0
20230507:2310,0.0,0.0,0.0,14.88,1.66,0.0
20230508:0010,0.0,0.0,0.0,14.25,1.59,0.0
20230508:0110,0.0,0.0,0.0,13.77,1.45,0.0
20230508:0210,0.0,0.0,0.0,13.51,1.38,0.0
20230508:0310,0.0,0.0,0.0,13.43,1.24,0.0
20230508:0410,0.0,0.0,0.0,13.3,1.1,0.0
20230508:0510,39.51,55.86,10.31,13.46,0.83,0.0
20230508:0610,93.97,113.61,20.64,15.12,0.55,0.0
20230508:0710,138.16,195.06,31.07,16.16,1.03,0.0
20230508:0810,322.82,371.71,41.23,17.51,1.1,0.0
20230508:0910,459.8,503.94,50.48,18.47,1.17,0.0
20230508:1010,378.06,414.65,57.73,19.28,1.24,0.0
20230508:1110,593.35,650.86,61.21,20.41,2.07,0.0
20230508:1210,542.51,592.73,59.54,20.59,2.34,0.0
20230508:1310,733.63,810.96,53.42,20.7,2.21,0.0
20230508:1410,696.54,764.34,44.74,20.45,2.21,0.0
20230508:1510,75.32,96.09,34.82,20.26,2.07,0.0
20230508:1610,160.06,183.33,24.43,19.73,1.93,0.0
20230508:1710,102.2,123.33,14.03,19.37,1.79,0.0
20230508:1810,65.13,86.39,3.96,18.73,1.38,0.0
20230508:1910,0.0,0.0,0.0,16.93,1.1,0.0
20230508:2010,0.0,0.0,0.0,16.1,1.38,0.0
20230508:2110,0.0,0.0,0.0,15.28,1.45,0.0
20230508:2210,0.0,0.0,0.0,14.75,1.24,0.0
20230508:2310,0.0,0.0,0.0,14.81,0.97,0.0
20230509:0010,0.0,0.0,0.0,15.01,1.38,0.0
20230509:0110,0.0,0.0,0.0,14.65,1.31,0.0
20230509:0210,0.0,0.0,0.0,14.34,1.1,0.0
20230509:0310,0.0,0.0,0.0,14.21,1.31,0.0
20230509:0410,0.0,0.0,0.0,14.04,1.52,0.0
20230509:0510,6.71,17.04,10.51,13.95,1.52,0.0
20230509:0610,25.0,39.76,20.83,14.09,1.59,0.0
20230509:0710,69.88,88.33,31.27,14.75,1.72,0.0
20230509:0810,196.4,217.33,41.43,15.17,1.93,0.0
20230509:0910,199.48,221.3,50.7,16.35,2.28,0.0
20230509:1010,272.5,296.44,57.98,16.59,2.28,0.0
20230509:1110,399.36,430.86,61.48,17.59,2.28,0.0
20230509:1210,299.41,326.73,59.79,18.22,2.21,0.0
20230509:1310,375.62,407.88,53.64,18.7,1.93,0.0
20230509:1410,177.85,201.89,44.93,18.87,1.66,0.0
20230509:1510,77.63,98.03,35.0,18.95,1.86,0.0
20230509:1610,46.08,64.06,24.61,18.18,1.93,0.0
20230509:1710,34.0,50.47,14.2,17.04,1.79,0.0
20230509:1810,3.08,11.65,4.14,15.87,1.93,0.0
20230509:1910,0.0,0.0,0.0,15.04,2.14,0.0
20230509:2010,0.0,0.0,0.0,14.58,2.55,0.0
20230509:2110,0.0,0.0,0.0,14.27,2.83,0.0
20230509:2210,0.0,0.0,0.0,13.94,3.24,0.0
20230509:2310,0.0,0.0,0.0,13.58,3.66,0.0
20230510:0010,0.0,0.0,0.0,13.19,3.45,0.0
20230510:0110,0.0,0.0,0.0,12.82,3.1,0.0
20230510:0210,0.0,0.0,0.0,12.6,2.41,0.0
20230510:0310,0.0,0.0,0.0,12.61,1.66,0.0
20230510:0410,0.0,0.0,0.0,12.63,1.1,0.0
20230510:0510,9.55,20.83,10.71,12.48,0.76,0.0
20230510:0610,42.32,58.7,21.02,12.73,1.45,0.0
20230510:0710,145.14,164.22,31.46,12.99,1.17,0.0
20230510:0810,119.87,138.8,41.63,13.3,1.31,0.0
20230510:0910,136.25,155.3,50.92,13.35,1.45,0.0
20230510:1010,134.11,153.36,58.23,13.91,1.86,0.0
20230510:1110,282.2,303.7,61.75,14.18,1.86,0.0
20230510:1210,329.12,353.3,60.04,14.86,1.72,0.0
20230510:1310,510.86,543.64,53.86,15.22,2.07,0.0
20230510:1410,450.71,478.48,45.12,15.43,2.07,0.0
20230510:1510,450.03,475.44,35.17,15.54,2.14,0.0
20230510:1610,139.63,159.38,24.78,15.16,1.93,0.0
20230510:1710,147.86,166.68,14.38,14.54,1.31,0.0
20230510:1810,71.52,91.25,4.33,13.83,1.24,0.0
20230510:1910,0.0,0.0,0.0,13.45,0.69,0.0
20230510:2010,0.0,0.0,0.0,12.27,1.17,0.0
20230510:2110,0.0,0.0,0.0,11.18,1.17,0.0
20230510:2210,0.0,0.0,0.0,10.96,0.83,0.0
20230510:2310,0.0,0.0,0.0,11.24,0.48,0.0
20230511:0010,0.0,0.0,0.0,10.67,0.69,0.0
20230511:0110,0.0,0.0,0.0,9.69,0.9,0.0
20230511:0210,0.0,0.0,0.0,8.82,1.1,0.0
20230511:0310,0.0,0.0,0.0,8.13,1.38,0.0
20230511:0410,0.0,0.0,0.0,7.62,1.38,0.0
20230511:0510,51.44,67.22,10.9,8.19,1.1,0.0
20230511:0610,134.41,152.42,21.2,11.32,0.76,0.0
20230511:0710,219.66,251.4,31.64,13.74,0.48,0.0
20230511:0810,332.19,366.04,41.82,15.31,0.28,0.0
20230511:0910,412.07,452.7,51.14,16.74,0.07,0.0
20230511:1010,587.57,651.13,58.47,17.73,0.28,0.0
20230511:1110,691.51,773.76,62.01,18.41,0.55,0.0
20230511:1210,785.6,887.89,60.28,18.7,0.76,0.0
20230511:1310,640.05,707.23,54.07,18.95,1.1,0.0
20230511:1410,43.26,61.15,45.31,18.63,0.97,0.0
20230511:1510,52.74,70.86,35.35,16.84,2.69,0.0
20230511:1610,32.76,48.53,24.95,14.34,2.9,0.0
20230511:1710,30.26,45.62,14.55,13.54,2.21,0.0
20230511:1810,0.95,7.76,4.51,13.16,1.24,0.0
20230511:1910,0.0,0.0,0.0,12.43,2.0,0.0
20230511:2010,0.0,0.0,0.0,12.12,1.79,0.0
20230511:2110,0.0,0.0,0.0,11.7,1.59,0.0
20230511:2210,0.0,0.0,0.0,11.11,1.31,0.0
20230511:2310,0.0,0.0,0.0,10.55,1.03,0.0
20230512:0010,0.0,0.0,0.0,10.27,0.9,0.0
20230512:0110,0.0,0.0,0.0,10.14,0.97,0.0
20230512:0210,0.0,0.0,0.0,9.82,1.1,0.0
20230512:0310,0.0,0.0,0.0,9.54,0.97,0.0
20230512:0410,0.0,0.0,0.0,9.28,0.97,0.0
20230512:0510,3.05,11.36,11.08,9.54,0.76,0.0
20230512:0610,22.84,36.92,21.38,11.37,0.34,0.0
20230512:0710,179.58,199.37,31.82,12.31,0.69,0.0
20230512:0810,159.24,178.59,42.01,13.25,1.03,0.0
20230512:0910,269.17,291.07,51.34,14.04,1.24,0.0
20230512:1010,194.07,215.48,58.7,15.28,1.31,0.0
20230512:1110,592.17,639.5,62.26,16.05,1.59,0.0
20230512:1210,126.66,147.53,60.52,16.47,1.59,0.0
20230512:1310,74.82,94.15,54.28,16.63,2.0,0.0
20230512:1410,188.72,210.62,45.49,16.41,1.93,0.0
20230512:1510,280.97,301.36,35.52,14.88,2.14,0.0
20230512:1610,53.56,70.86,25.12,13.67,2.28,0.0
20230512:1710,56.02,73.5,14.73,13.63,0.83,0.0
20230512:1810,0.0,3.88,4.69,13.42,0.55,0.0
20230512:1910,0.0,0.0,0.0,12.04,1.38,0.0
20230512:2010,0.0,0.0,0.0,11.47,1.38,0.0
20230512:2110,0.0,0.0,0.0,10.96,1.1,0.0
20230512:2210,0.0,0.0,0.0,10.62,0.9,0.0
20230512:2310,0.0,0.0,0.0,10.52,0.76,0.0
20230513:0010,0.0,0.0,0.0,10.39,0.76,0.0
20230513:0110,0.0,0.0,0.0,10.57,0.76,0.0
20230513:0210,0.0,0.0,0.0,10.59,1.1,0.0
20230513:0310,0.0,0.0,0.0,10.32,0.9,0.0
20230513:0410,0.0,0.0,0.0,10.5,0.62,0.0
20230513:0510,18.88,32.19,11.26,10.53,0.69,0.0
20230513:0610,120.53,138.22,21.55,10.92,0.9,0.0
20230513:0710,197.37,217.11,31.99,11.58,1.03,0.0
20230513:0810,260.33,280.6,42.19,12.54,1.24,0.0
20230513:0910,102.62,121.33,51.54,13.16,1.1,0.0
20230513:1010,108.68,128.12,58.93,14.45,1.24,0.0
20230513:1110,604.9,651.28,62.51,14.95,1.45,0.0
20230513:1210,705.11,768.83,60.76,15.59,1.31,0.0
20230513:1310,634.29,686.08,54.49,15.7,1.38,0.0
20230513:1410,526.13,563.84,45.67,15.68,1.31,0.0
20230513:1510,288.39,311.71,35.69,15.82,1.17,0.0
20230513:1610,538.95,574.99,25.28,15.74,1.03,0.0
20230513:1710,311.59,332.95,14.9,15.25,0.97,0.0
20230513:1810,0.0,3.88,4.87,14.71,1.1,0.0
20230513:1910,0.0,0.0,0.0,13.57,1.17,0.0
20230513:2010,0.0,0.0,0.0,12.29,1.03,0.0
20230513:2110,0.0,0.0,0.0,11.88,0.9,0.0
20230513:2210,0.0,0.0,0.0,11.1,1.17,0.0
20230513:2310,0.0,0.0,0.0,10.89,1.31,0.0
20230514:0010,0.0,0.0,0.0,10.75,1.24,0.0
20230514:0110,0.0,0.0,0.0,10.95,1.24,0.0
20230514:0210,0.0,0.0,0.0,10.98,1.1,0.0
20230514:0310,0.0,0.0,0.0,10.79,1.1,0.0
20230514:0410,0.0,0.95,1.63,10.62,1.1,0.0
20230514:0510,14.93,27.45,11.43,10.46,0.97,0.0
20230514:0610,132.07,150.53,21.72,11.97,0.69,0.0
20230514:0710,114.36,132.98,32.16,12.25,0.34,0.0
20230514:0810,352.4,390.21,42.37,13.5,1.1,0.0
20230514:0910,449.66,481.31,51.74,14.44,1.52,0.0
20230514:1010,651.42,699.6,59.15,15.08,1.59,0.0
20230514:1110,457.98,492.29,62.75,16.12,1.72,0.0
20230514:1210,588.1,634.39,60.99,16.84,2.0,0.0
20230514:1310,756.05,822.75,54.69,17.13,2.21,0.0
20230514:1410,589.24,634.35,45.85,17.38,1.93,0.0
20230514:1510,547.58,587.03,35.86,17.28,1.66,0.0
20230514:1610,132.1,153.33,25.45,16.9,1.1,0.0
20230514:1710,161.3,181.34,15.06,15.88,0.97,0.0
20230514:1810,99.44,120.6,5.05,14.99,1.45,0.0
20230514:1910,0.0,0.0,0.0,13.28,1.03,0.0
20230514:2010,0.0,0.0,0.0,12.51,1.17,0.0
20230514:2110,0.0,0.0,0.0,11.49,1.24,0.0
20230514:2210,0.0,0.0,0.0,10.76,1.17,0.0
20230514:2310,0.0,0.0,0.0,10.03,1.24,0.0
20230515:0010,0.0,0.0,0.0,9.61,1.24,0.0
20230515:0110,0.0,0.0,0.0,9.32,1.17,0.0
20230515:0210,0.0,0.0,0.0,8.81,1.17,0.0
20230515:0310,0.0,0.0,0.0,8.08,1.24,0.0
20230515:0410,0.0,1.89,1.8,7.73,1.31,0.0
20230515:0510,43.26,58.7,11.6,8.32,1.17,0.0
20230515:0610,72.5,89.94,21.88,11.37,0.76,0.0
20230515:0710,156.43,214.23,32.32,14.28,0.76,0.0
20230515:0810,347.51,396.17,42.54,15.92,0.21,0.0
20230515:0910,530.16,583.51,51.93,17.3,0.48,0.0
20230515:1010,665.7,744.24,59.37,18.39,0.28,0.0
20230515:1110,768.58,882.33,62.99,19.41,0.14,0.0
20230515:1210,824.23,965.69,61.22,20.29,0.07,0.0
20230515:1310,831.34,967.35,54.89,20.72,0.41,0.0
20230515:1410,795.56,916.79,46.03,21.18,0.55,0.0
20230515:1510,203.56,231.51,36.02,21.22,0.69,0.0
20230515:1610,243.54,270.87,25.61,20.82,1.03,0.0
20230515:1710,408.83,443.04,15.23,20.18,1.52,0.0
20230515:1810,102.88,125.97,5.22,18.76,1.79,0.0
20230515:1910,0.0,0.0,0.0,15.49,1.66,0.0
20230515:2010,0.0,0.0,0.0,14.01,1.31,0.0
20230515:2110,0.0,0.0,0.0,12.64,1.66,0.0
20230515:2210,0.0,0.0,0.0,11.5,1.66,0.0
20230515:2310,0.0,0.0,0.0,10.53,1.72,0.0
20230516:0010,0.0,0.0,0.0,9.75,1.79,0.0
20230516:0110,0.0,0.0,0.0,9.39,2.0,0.0
20230516:0210,0.0,0.0,0.0,9.57,2.34,0.0
20230516:0310,0.0,0.0,0.0,9.59,2.55,0.0
20230516:0410,0.0,3.79,1.98,9.67,2.62,0.0
20230516:0510,61.02,77.63,11.76,10.37,2.48,0.0
20230516:0610,94.83,113.72,22.04,12.17,2.21,0.0
20230516:0710,231.89,261.16,32.48,15.0,2.69,0.0
20230516:0810,350.46,383.07,42.7,17.0,2.62,0.0
20230516:0910,355.41,385.73,52.11,18.2,2.34,0.0
20230516:1010,181.32,204.8,59.58,18.56,2.28,0.0
20230516:1110,242.17,266.92,63.22,17.98,2.28,0.0
20230516:1210,150.1,171.8,61.44,17.23,2.14,0.0
20230516:1310,154.05,175.68,55.08,16.65,1.52,0.0
20230516:1410,147.15,168.89,46.2,16.78,1.17,0.0
20230516:1510,190.6,213.08,36.18,17.02,1.66,0.0
20230516:1610,353.34,377.43,25.77,17.38,1.93,0.0
20230516:1710,73.88,93.23,15.39,17.16,1.79,0.0
20230516:1810,0.0,4.85,5.39,16.52,2.07,0.0
20230516:1910,0.0,0.0,0.0,16.04,2.14,0.0
20230516:2010,0.0,0.0,0.0,15.0,2.07,0.0
20230516:2110,0.0,0.0,0.0,13.88,1.86,0.0
20230516:2210,0.0,0.0,0.0,12.94,1.45,0.0
20230516:2310,0.0,0.0,0.0,12.22,1.24,0.0
20230517:0010,0.0,0.0,0.0,11.63,1.31,0.0
20230517:0110,0.0,0.0,0.0,11.27,1.45,0.0
20230517:0210,0.0,0.0,0.0,11.43,1.79,0.0
20230517:0310,0.0,0.0,0.0,11.69,2.07,0.0
20230517:0410,0.0,1.89,2.14,11.99,2.34,0.0
20230517:0510,22.76,36.92,11.91,12.42,2.62,0.0
20230517:0610,51.87,68.91,22.19,13.21,2.62,0.0
20230517:0710,58.9,76.68,32.63,14.37,2.28,0.0
20230517:0810,110.39,130.06,42.86,15.31,2.34,0.0
20230517:0910,123.36,143.65,52.28,16.09,2.55,0.0
20230517:1010,89.09,108.71,59.79,16.05,1.93,0.0
20230517:1110,156.2,177.62,63.45,16.23,1.38,0.0
20230517:1210,205.61,228.1,61.66,15.91,1.1,0.0
20230517:1310,539.83,579.7,55.27,15.68,1.52,0.0
20230517:1410,424.66,451.81,46.37,15.39,1.93,0.0
20230517:1510,91.42,110.65,36.34,15.08,2.0,0.0
20230517:1610,82.98,101.92,25.92,14.92,1.93,0.0
20230517:1710,234.51,253.03,15.55,14.71,1.59,0.0
20230517:1810,74.45,93.93,5.56,14.43,1.38,0.0
20230517:1910,0.0,0.0,0.0,14.28,1.59,0.0
20230517:2010,0.0,0.0,0.0,12.42,1.66,0.0
20230517:2110,0.0,0.0,0.0,11.44,1.66,0.0
20230517:2210,0.0,0.0,0.0,11.45,1.52,0.0
20230517:2310,0.0,0.0,0.0,11.86,1.52,0.0
20230518:0010,0.0,0.0,0.0,12.18,1.59,0.0
20230518:0110,0.0,0.0,0.0,12.12,1.52,0.0
20230518:0210,0.0,0.0,0.0,11.9,1.38,0.0
20230518:0310,0.0,0.0,0.0,11.81,1.31,0.0
20230518:0410,0.0,0.95,2.3,11.47,0.9,0.0
20230518:0510,6.78,17.04,12.07,12.15,0.07,0.0
20230518:0610,30.33,45.62,22.33,12.72,0.28,0.0
20230518:0710,98.03,116.47,32.77,12.55,0.69,0.0
20230518:0810,275.76,297.37,43.01,12.72,0.9,0.0
20230518:0910,217.63,237.8,52.46,13.3,0.97,0.0
20230518:1010,512.97,551.8,59.98,13.94,0.76,0.0
20230518:1110,731.59,803.51,63.67,14.14,0.55,0.0
20230518:1210,686.06,750.3,61.87,14.65,0.76,0.0
20230518:1310,335.33,360.41,55.46,14.78,1.24,0.0
20230518:1410,285.6,308.46,46.54,15.15,1.52,0.0
20230518:1510,144.25,165.01,36.5,15.69,1.45,0.0
20230518:1610,300.89,322.21,26.08,15.71,1.38,0.0
20230518:1710,39.44,56.3,15.71,15.9,1.17,0.0
20230518:1810,5.6,15.53,5.73,15.49,0.83,0.0
20230518:1910,0.0,0.0,0.0,14.65,1.1,0.0
20230518:2010,0.0,0.0,0.0,13.72,1.38,0.0
20230518:2110,0.0,0.0,0.0,13.15,1.45,0.0
20230518:2210,0.0,0.0,0.0,12.8,1.59,0.0
20230518:2310,0.0,0.0,0.0,12.66,1.66,0.0
20230519:0010,0.0,0.0,0.0,12.53,1.66,0.0
20230519:0110,0.0,0.0,0.0,12.58,1.72,0.0
20230519:0210,0.0,0.0,0.0,12.69,1.66,0.0
20230519:0310,0.0,0.0,0.0,12.66,1.59,0.0
20230519:0410,0.0,1.89,2.46,12.54,1.38,0.0
20230519:0510,16.32,29.35,12.21,12.46,0.9,0.0
20230519:0610,56.34,73.77,22.47,13.05,0.34,0.0
20230519:0710,165.93,186.03,32.91,13.76,1.03,0.0
20230519:0810,238.99,260.83,43.16,14.08,0.9,0.0
20230519:0910,280.5,305.0,52.62,14.49,0.41,0.0
20230519:1010,186.8,207.71,60.18,14.54,0.9,0.0
20230519:1110,162.24,182.48,63.88,14.38,1.1,0.0
20230519:1210,139.33,159.18,62.08,14.27,1.1,0.0
20230519:1310,131.71,151.42,55.65,14.3,1.24,0.0
20230519:1410,108.92,128.12,46.7,13.77,0.83,0.0
20230519:1510,74.72,93.18,36.65,13.65,0.14,0.0
20230519:1610,57.16,74.74,26.23,13.64,0.97,0.0
20230519:1710,70.57,88.54,15.87,13.44,1.1,0.0
20230519:1810,0.0,4.85,5.9,13.2,1.1,0.0
20230519:1910,0.0,0.0,0.0,12.67,1.45,0.0
20230519:2010,0.0,0.0,0.0,12.55,1.52,0.0
20230519:2110,0.0,0.0,0.0,12.47,1.52,0.0
20230519:2210,0.0,0.0,0.0,12.37,1.59,0.0
20230519:2310,0.0,0.0,0.0,12.25,1.59,0.0
20230520:0010,0.0,0.0,0.0,12.15,1.52,0.0
20230520:0110,0.0,0.0,0.0,12.07,1.52,0.0
20230520:0210,0.0,0.0,0.0,11.97,1.59,0.0
20230520:0310,0.0,0.0,0.0,11.88,1.66,0.0
20230520:0410,0.0,1.89,2.61,11.87,1.79,0.0
20230520:0510,12.52,24.61,12.35,12.11,1.72,0.0
20230520:0610,116.94,135.67,22.6,12.75,1.45,0.0
20230520:0710,78.63,97.06,33.05,13.98,1.86,0.0
20230520:0810,78.11,97.06,43.3,15.13,1.38,0.0
20230520:0910,106.92,127.15,52.78,15.8,0.9,0.0
20230520:1010,154.28,175.68,60.36,15.67,0.62,0.0
20230520:1110,118.31,138.8,64.09,15.74,0.9,0.0
20230520:1210,123.12,143.65,62.28,16.07,1.66,0.0
20230520:1310,161.1,182.48,55.83,16.41,1.93,0.0
20230520:1410,77.68,97.06,46.87,16.44,1.93,0.0
20230520:1510,41.23,58.24,36.81,15.95,1.79,0.0
20230520:1610,41.31,58.24,26.38,15.63,2.0,0.0
20230520:1710,22.38,36.88,16.02,15.25,2.0,0.0
20230520:1810,5.63,15.53,6.06,14.8,1.79,0.0
20230520:1910,0.0,0.0,0.0,13.94,2.41,0.0
20230520:2010,0.0,0.0,0.0,13.64,2.69,0.0
20230520:2110,0.0,0.0,0.0,13.44,2.76,0.0
20230520:2210,0.0,0.0,0.0,13.28,2.55,0.0
20230520:2310,0.0,0.0,0.0,13.16,2.14,0.0
20230521:0010,0.0,0.0,0.0,13.1,2.0,0.0
20230521:0110,0.0,0.0,0.0,13.14,1.93,0.0
20230521:0210,0.0,0.0,0.0,13.09,1.93,0.0
20230521:0310,0.0,0.0,0.0,13.0,2.07,0.0
20230521:0410,0.0,1.89,2.75,12.98,2.07,0.0
20230521:0510,4.16,13.25,12.48,13.16,1.93,0.0
20230521:0610,74.03,92.21,22.73,13.68,1.93,0.0
20230521:0710,171.19,191.12,33.18,14.36,2.48,0.0
20230521:0810,221.24,243.53,43.44,16.16,2.14,0.0
20230521:0910,157.74,179.57,52.93,17.3,2.34,0.0
20230521:1010,70.58,90.27,60.54,18.36,2.83,0.0
20230521:1110,134.8,157.24,64.3,19.23,3.03,0.0
20230521:1210,518.87,563.94,62.48,20.29,2.83,0.0
20230521:1310,535.48,585.66,56.0,21.23,2.41,0.0
20230521:1410,633.81,696.82,47.02,21.41,2.14,0.0
20230521:1510,718.48,796.18,36.96,21.79,1.93,0.0
20230521:1610,546.87,598.22,26.53,21.96,1.59,0.0
20230521:1710,405.39,443.87,16.17,21.61,1.03,0.0
20230521:1810,130.57,156.05,6.22,20.55,0.69,0.0
20230521:1910,0.0,0.0,0.0,20.27,0.69,0.0
20230521:2010,0.0,0.0,0.0,17.03,1.45,0.0
20230521:2110,0.0,0.0,0.0,15.26,2.14,0.0
20230521:2210,0.0,0.0,0.0,14.5,2.21,0.0
20230521:2310,0.0,0.0,0.0,13.98,2.28,0.0
20230522:0010,0.0,0.0,0.0,13.42,2.07,0.0
20230522:0110,0.0,0.0,0.0,13.16,2.07,0.0
20230522:0210,0.0,0.0,0.0,12.91,2.21,0.0
20230522:0310,0.0,0.0,0.0,12.55,2.34,0.0
20230522:0410,0.0,1.89,2.89,12.51,2.34,0.0
20230522:0510,18.64,32.19,12.61,13.01,2.21,0.0
20230522:0610,70.76,89.3,22.86,14.97,1.93,0.0
20230522:0710,75.07,95.12,33.3,18.29,1.52,0.0
20230522:0810,97.99,120.36,43.57,20.59,1.03,0.0
20230522:0910,412.79,463.67,53.07,21.86,0.28,0.0
20230522:1010,608.63,687.49,60.71,22.67,0.69,0.0
20230522:1110,713.19,810.33,64.5,23.18,1.17,0.0
20230522:1210,836.32,963.45,62.67,23.6,1.45,0.0
20230522:1310,826.64,941.12,56.18,23.85,2.07,0.0
20230522:1410,814.5,929.03,47.18,23.83,1.79,0.0
20230522:1510,631.65,714.77,37.1,23.36,0.62,0.0
20230522:1610,571.27,630.59,26.68,22.13,1.1,0.0
20230522:1710,379.42,415.01,16.32,21.76,1.24,0.0
20230522:1810,130.67,156.07,6.37,20.91,1.17,0.0
20230522:1910,0.0,0.0,0.0,20.81,0.48,0.0
20230522:2010,0.0,0.0,0.0,19.36,0.97,0.0
20230522:2110,0.0,0.0,0.0,16.29,1.66,0.0
20230522:2210,0.0,0.0,0.0,15.18,1.79,0.0
20230522:2310,0.0,0.0,0.0,14.45,1.86,0.0
20230523:0010,0.0,0.0,0.0,13.89,1.86,0.0
20230523:0110,0.0,0.0,0.0,13.4,1.93,0.0
20230523:0210,0.0,0.0,0.0,13.22,1.93,0.0
20230523:0310,0.0,0.0,0.0,12.95,1.93,0.0
20230523:0410,0.41,6.63,3.03,12.53,2.0,0.0
20230523:0510,60.11,77.63,12.74,13.21,1.79,0.0
20230523:0610,54.86,82.8,22.97,16.18,1.38,0.0
20230523:0710,173.18,232.05,33.41,19.92,0.83,0.0
20230523:0810,351.4,409.0,43.69,22.19,0.48,0.0
20230523:0910,516.47,585.26,53.21,23.54,0.48,0.0
20230523:1010,654.75,745.8,60.88,24.51,0.9,0.0
20230523:1110,765.93,880.87,64.69,25.15,1.38,0.0
20230523:1210,822.78,951.02,62.86,25.51,1.72,0.0
20230523:1310,830.06,957.08,56.34,25.77,2.0,0.0
20230523:1410,634.81,711.94,47.33,25.63,2.34,0.0
20230523:1510,573.12,642.04,37.25,25.53,1.66,0.0
20230523:1610,357.52,397.68,26.82,24.94,1.24,0.0
20230523:1710,207.3,236.25,16.47,24.22,0.97,0.0
20230523:1810,40.57,59.39,6.53,22.77,0.97,0.0
20230523:1910,0.0,0.0,0.0,22.41,0.83,0.0
20230523:2010,0.0,0.0,0.0,21.83,0.62,0.0
20230523:2110,0.0,0.0,0.0,21.0,0.28,0.0
20230523:2210,0.0,0.0,0.0,20.07,0.62,0.0
20230523:2310,0.0,0.0,0.0,17.11,1.31,0.0
20230524:0010,0.0,0.0,0.0,15.5,1.45,0.0
20230524:0110,0.0,0.0,0.0,14.51,1.59,0.0
20230524:0210,0.0,0.0,0.0,13.49,1.66,0.0
20230524:0310,0.0,0.0,0.0,12.64,1.72,0.0
20230524:0410,0.42,6.63,3.15,12.11,1.66,0.0
20230524:0510,54.7,71.95,12.85,13.07,1.31,0.0
20230524:0610,126.21,151.37,23.08,17.02,1.03,0.0
20230524:0710,226.68,266.36,33.53,18.5,1.17,0.0
20230524:0810,355.05,403.31,43.81,19.93,0.97,0.0
20230524:0910,502.5,556.42,53.35,20.98,1.24,0.0
20230524:1010,597.43,661.88,61.04,21.32,1.52,0.0
20230524:1110,728.97,820.74,64.87,21.95,1.38,0.0
20230524:1210,791.49,909.98,63.05,21.91,0.83,0.0
20230524:1310,804.28,944.76,56.51,22.57,0.28,0.0
20230524:1410,560.38,628.03,47.48,22.99,0.9,0.0
20230524:1510,36.4,54.35,37.39,22.51,0.97,0.0
20230524:1610,143.69,168.58,26.96,20.96,0.34,0.0
20230524:1710,28.56,44.65,16.61,18.83,0.83,0.0
20230524:1810,0.04,5.82,6.68,16.94,2.07,0.0
20230524:1910,0.0,0.0,0.0,16.69,2.14,0.0
20230524:2010,0.0,0.0,0.0,16.02,2.14,0.0
20230524:2110,0.0,0.0,0.0,15.48,1.86,0.0
20230524:2210,0.0,0.0,0.0,15.04,1.59,0.0
20230524:2310,0.0,0.0,0.0,14.72,1.31,0.0
20230525:0010,0.0,0.0,0.0,14.58,1.24,0.0
20230525:0110,0.0,0.0,0.0,14.28,1.31,0.0
20230525:0210,0.0,0.0,0.0,14.22,1.31,0.0
20230525:0310,0.0,0.0,0.0,14.1,1.72,0.0
20230525:0410,0.0,1.89,3.27,14.09,1.93,0.0
20230525:0510,31.64,47.34,12.97,14.4,1.52,0.0
20230525:0610,84.73,103.86,23.19,14.92,1.1,0.0
20230525:0710,125.57,145.59,33.63,15.17,1.66,0.0
20230525:0810,272.55,296.33,43.92,15.57,1.79,0.0
20230525:0910,509.03,545.74,53.47,16.33,2.28,0.0
20230525:1010,391.87,423.38,61.2,17.54,2.14,0.0
20230525:1110,620.28,675.6,65.05,18.23,1.93,0.0
20230525:1210,800.57,897.35,63.23,19.49,1.45,0.0
20230525:1310,833.17,948.74,56.67,20.19,1.1,0.0
20230525:1410,697.28,784.47,47.63,20.7,0.83,0.0
20230525:1510,715.79,811.08,37.53,21.18,0.55,0.0
20230525:1610,441.52,487.37,27.1,21.34,0.21,0.0
20230525:1710,388.75,427.59,16.75,21.18,0.34,0.0
20230525:1810,113.29,137.05,6.82,20.34,1.31,0.0
20230525:1910,0.0,0.0,0.0,18.81,0.97,0.0
20230525:2010,0.0,0.0,0.0,17.76,1.03,0.0
20230525:2110,0.0,0.0,0.0,15.91,1.59,0.0
20230525:2210,0.0,0.0,0.0,14.6,1.79,0.0
20230525:2310,0.0,0.0,0.0,13.71,1.79,0.0
20230526:0010,0.0,0.0,0.0,12.94,1.72,0.0
20230526:0110,0.0,0.0,0.0,12.46,1.79,0.0
20230526:0210,0.0,0.0,0.0,11.88,1.93,0.0
20230526:0310,0.0,0.0,0.0,11.52,1.93,0.0
20230526:0410,2.44,10.41,3.39,11.26,1.93,0.0
20230526:0510,46.87,63.43,13.07,12.25,1.66,0.0
20230526:0610,39.89,71.19,23.29,15.48,1.24,0.0
20230526:0710,173.48,234.06,33.73,18.52,0.76,0.0
20230526:0810,358.94,416.34,44.02,20.56,0.0,0.0
20230526:0910,535.47,601.32,53.6,21.98,0.62,0.0
20230526:1010,669.56,756.96,61.34,23.06,0.97,0.0
20230526:1110,772.29,885.09,65.23,23.85,1.24,0.0
20230526:1210,820.3,945.98,63.4,24.39,1.52,0.0
20230526:1310,837.2,968.1,56.83,24.87,1.66,0.0
20230526:1410,806.43,929.62,47.77,25.15,1.59,0.0
20230526:1510,729.34,830.67,37.66,25.01,1.45,0.0
20230526:1610,606.47,679.6,27.23,24.83,1.31,0.0
20230526:1710,403.63,447.45,16.89,24.34,1.1,0.0
20230526:1810,155.81,184.29,6.97,22.86,0.55,0.0
20230526:1910,0.0,0.0,0.0,21.59,0.83,0.0
20230526:2010,0.0,0.0,0.0,19.63,1.45,0.0
20230526:2110,0.0,0.0,0.0,18.23,1.66,0.0
20230526:2210,0.0,0.0,0.0,17.27,1.66,0.0
20230526:2310,0.0,0.0,0.0,16.64,1.66,0.0
20230527:0010,0.0,0.0,0.0,16.26,1.59,0.0
20230527:0110,0.0,0.0,0.0,15.53,1.72,0.0
20230527:0210,0.0,0.0,0.0,15.37,2.28,0.0
20230527:0310,0.0,0.0,0.0,15.4,2.34,0.0
20230527:0410,1.83,9.47,3.5,15.04,2.07,0.0
20230527:0510,68.51,87.1,13.17,15.25,1.59,0.0
20230527:0610,75.65,105.9,23.39,17.11,1.24,0.0
20230527:0710,221.67,264.1,33.83,19.14,2.55,0.0
20230527:0810,363.3,406.72,44.12,19.13,2.69,0.0
20230527:0910,497.8,540.15,53.71,19.51,2.69,0.0
20230527:1010,491.25,534.18,61.48,19.96,2.62,0.0
20230527:1110,744.65,821.44,65.39,20.47,2.28,0.0
20230527:1210,762.47,855.18,63.57,21.03,1.66,0.0
20230527:1310,745.24,843.73,56.98,21.53,1.17,0.0
20230527:1410,610.66,683.34,47.91,22.03,0.97,0.0
20230527:1510,408.35,449.94,37.8,22.34,1.24,0.0
20230527:1610,385.31,422.16,27.36,22.33,1.38,0.0
20230527:1710,412.33,453.24,17.02,21.93,0.76,0.0
20230527:1810,142.61,168.45,7.11,20.92,0.83,0.0
20230527:1910,0.0,0.0,0.0,19.14,2.0,0.0
20230527:2010,0.0,0.0,0.0,18.45,2.0,0.0
20230527:2110,0.0,0.0,0.0,17.57,2.07,0.0
20230527:2210,0.0,0.0,0.0,16.85,2.34,0.0
20230527:2310,0.0,0.0,0.0,16.73,2.14,0.0
20230528:0010,0.0,0.0,0.0,16.35,1.93,0.0
20230528:0110,0.0,0.0,0.0,15.73,2.07,0.0
20230528:0210,0.0,0.0,0.0,15.52,2.14,0.0
20230528:0310,0.0,0.0,0.0,15.19,2.34,0.0
20230528:0410,6.01,16.09,3.61,15.04,2.41,0.0
20230528:0510,67.65,86.15,13.27,15.31,2.28,0.0
20230528:0610,138.26,162.17,23.48,16.34,1.93,0.0
20230528:0710,232.42,271.44,33.91,18.91,1.03,0.0
20230528:0810,359.8,407.31,44.22,19.91,0.97,0.0
20230528:0910,500.8,556.13,53.82,20.58,0.83,0.0
20230528:1010,577.58,647.5,61.62,21.19,0.62,0.0
20230528:1110,723.98,827.14,65.55,21.95,0.62,0.0
20230528:1210,688.53,785.72,63.73,22.54,0.76,0.0
20230528:1310,700.07,793.1,57.13,22.84,1.24,0.0
20230528:1410,604.77,674.06,48.05,23.08,1.59,0.0
20230528:1510,565.77,629.77,37.93,22.61,0.97,0.0
20230528:1610,20.87,35.91,27.49,21.11,1.03,0.0
20230528:1710,41.92,60.18,17.16,20.69,0.62,0.0
20230528:1810,2.98,11.65,7.25,20.26,0.76,0.0
20230528:1910,0.0,0.0,0.0,17.88,2.14,0.0
20230528:2010,0.0,0.0,0.0,16.49,2.48,0.0
20230528:2110,0.0,0.0,0.0,15.92,2.21,0.0
20230528:2210,0.0,0.0,0.0,15.63,2.07,0.0
20230528:2310,0.0,0.0,0.0,15.06,2.0,0.0
20230529:0010,0.0,0.0,0.0,14.54,2.0,0.0
20230529:0110,0.0,0.0,0.0,14.08,2.0,0.0
20230529:0210,0.0,0.0,0.0,13.75,1.86,0.0
20230529:0310,0.0,0.0,0.0,13.52,1.93,0.0
20230529:0410,0.0,2.84,3.7,13.34,2.21,0.0
20230529:0510,27.5,42.6,13.36,14.04,2.21,0.0
20230529:0610,76.83,96.09,23.56,16.12,1.59,0.0
20230529:0710,37.2,54.35,34.0,18.3,0.76,0.0
20230529:0810,129.96,153.36,44.31,19.41,0.41,0.0
20230529:0910,376.14,417.99,53.92,20.04,0.34,0.0
20230529:1010,648.25,737.23,61.75,20.88,0.0,0.0
20230529:1110,746.46,868.48,65.71,21.73,0.0,0.0
20230529:1210,790.58,930.72,63.89,22.3,0.07,0.0
20230529:1310,809.18,956.9,57.27,22.73,0.14,0.0
20230529:1410,779.83,914.13,48.18,22.9,0.21,0.0
20230529:1510,713.39,816.36,38.05,22.98,0.55,0.0
20230529:1610,578.3,643.25,27.62,22.86,0.9,0.0
20230529:1710,259.83,289.23,17.29,22.33,0.9,0.0
20230529:1810,159.24,186.59,7.38,21.5,0.48,0.0
20230529:1910,0.0,0.0,0.0,20.04,1.03,0.0
20230529:2010,0.0,0.0,0.0,18.86,1.1,0.0
20230529:2110,0.0,0.0,0.0,17.94,2.0,0.0
20230529:2210,0.0,0.0,0.0,17.2,2.28,0.0
20230529:2310,0.0,0.0,0.0,16.76,2.55,0.0
20230530:0010,0.0,0.0,0.0,16.22,2.34,0.0
20230530:0110,0.0,0.0,0.0,15.69,2.28,0.0
20230530:0210,0.0,0.0,0.0,15.12,2.14,0.0
20230530:0310,0.0,0.0,0.0,14.47,2.14,0.0
20230530:0410,4.76,14.2,3.8,13.99,2.14,0.0
20230530:0510,41.98,58.7,13.44,14.4,1.86,0.0
20230530:0610,117.9,145.88,23.64,16.58,1.38,0.0
20230530:0710,198.31,251.0,34.07,19.33,0.9,0.0
20230530:0810,361.97,405.98,44.39,20.34,1.38,0.0
20230530:0910,484.11,534.04,54.02,20.91,1.59,0.0
20230530:1010,650.32,719.59,61.87,21.38,1.72,0.0
20230530:1110,684.18,764.18,65.86,21.73,1.66,0.0
20230530:1210,662.94,744.06,64.04,22.35,1.52,0.0
20230530:1310,743.8,846.26,57.41,22.64,1.24,0.0
20230530:1410,763.76,869.76,48.31,22.81,1.24,0.0
20230530:1510,699.67,780.32,38.18,22.08,1.52,0.0
20230530:1610,343.87,374.56,27.74,21.3,2.0,0.0
20230530:1710,16.21,30.09,17.41,20.48,1.59,0.0
20230530:1810,39.56,57.46,7.51,19.79,0.34,0.0
20230530:1910,0.0,0.0,0.0,19.02,1.03,0.0
20230530:2010,0.0,0.0,0.0,17.83,2.0,0.0
20230530:2110,0.0,0.0,0.0,16.63,2.62,0.0
20230530:2210,0.0,0.0,0.0,16.25,2.9,0.0
20230530:2310,0.0,0.0,0.0,16.13,2.76,0.0
20230531:0010,0.0,0.0,0.0,15.77,2.48,0.0
20230531:0110,0.0,0.0,0.0,15.51,2.34,0.0
20230531:0210,0.0,0.0,0.0,15.23,2.34,0.0
20230531:0310,0.0,0.0,0.0,14.83,2.48,0.0
20230531:0410,9.44,20.83,3.88,14.55,2.41,0.0
20230531:0510,68.66,87.1,13.52,14.98,2.21,0.0
20230531:0610,62.89,81.53,23.71,16.33,1.93,0.0
20230531:0710,94.73,114.53,34.15,16.23,2.28,0.0
20230531:0810,96.4,116.47,44.46,16.85,2.76,0.0
20230531:0910,251.65,275.66,54.11,17.64,2.9,0.0
20230531:1010,631.96,679.76,61.98,18.21,2.9,0.0
20230531:1110,803.73,877.5,66.0,18.94,2.76,0.0
20230531:1210,823.15,916.85,64.19,20.76,2.34,0.0
20230531:1310,826.07,936.36,57.55,21.41,1.59,0.0
20230531:1410,778.9,892.32,48.43,21.91,0.83,0.0
20230531:1510,680.17,779.28,38.3,22.03,0.07,0.0
20230531:1610,473.0,523.51,27.86,22.09,0.41,0.0
20230531:1710,323.45,355.18,17.53,21.67,1.03,0.0
20230531:1810,133.71,158.49,7.64,20.72,1.1,0.0
20230531:1910,0.0,0.0,0.0,19.62,0.07,0.0
20230531:2010,0.0,0.0,0.0,18.74,0.76,0.0
20230531:2110,0.0,0.0,0.0,16.1,1.45,0.0
20230531:2210,0.0,0.0,0.0,14.81,1.79,0.0
20230531:2310,0.0,0.0,0.0,14.21,1.79,0.0
20230601:0010,0.0,0.0,0.0,13.58,1.86,0.0
20230601:0110,0.0,0.0,0.0,13.33,1.79,0.0
20230601:0210,0.0,0.0,0.0,13.05,1.79,0.0
20230601:0310,0.0,0.0,0.0,12.68,1.86,0.0
20230601:0410,0.0,2.84,3.97,12.43,1.86,0.0
20230601:0510,65.5,83.31,13.59,13.31,1.45,0.0
20230601:0610,53.45,88.33,23.78,16.82,0.97,0.0
20230601:0710,183.58,242.01,34.21,19.28,0.83,0.0
20230601:0810,363.99,418.16,44.54,20.54,0.48,0.0
20230601:0910,522.95,581.78,54.19,21.5,1.03,0.0
20230601:1010,655.44,732.62,62.09,22.18,1.31,0.0
20230601:1110,761.85,863.34,66.13,22.78,1.45,0.0
20230601:1210,797.64,909.39,64.33,23.31,1.66,0.0
20230601:1310,824.79,949.99,57.68,23.74,1.45,0.0
20230601:1410,797.81,917.98,48.56,24.04,1.31,0.0
20230601:1510,715.99,821.39,38.42,23.31,0.55,0.0
20230601:1610,587.34,659.24,27.98,23.01,0.48,0.0
20230601:1710,264.96,294.69,17.65,22.82,1.24,0.0
20230601:1810,9.43,21.35,7.76,21.7,0.62,0.0
20230601:1910,0.0,0.0,0.0,20.69,0.83,0.0
20230601:2010,0.0,0.0,0.0,21.01,0.41,0.0
20230601:2110,0.0,0.0,0.0,18.4,1.31,0.0
20230601:2210,0.0,0.0,0.0,17.05,1.45,0.0
20230601:2310,0.0,0.0,0.0,15.7,1.59,0.0
20230602:0010,0.0,0.0,0.0,15.0,1.72,0.0
20230602:0110,0.0,0.0,0.0,14.86,1.59,0.0
20230602:0210,0.0,0.0,0.0,14.37,1.79,0.0
20230602:0310,0.0,0.0,0.0,13.87,1.79,0.0
20230602:0410,0.0,2.84,4.04,13.73,1.72,0.0
20230602:0510,41.05,57.75,13.66,14.56,1.31,0.0
20230602:0610,85.34,118.23,23.84,17.87,0.76,0.0
20230602:0710,182.97,242.07,34.27,19.65,0.55,0.0
20230602:0810,360.9,416.77,44.6,21.33,0.28,0.0
20230602:0910,532.32,596.62,54.27,22.41,0.83,0.0
20230602:1010,657.98,741.96,62.19,23.28,1.1,0.0
20230602:1110,756.0,863.78,66.26,23.96,1.31,0.0
20230602:1210,796.24,920.21,64.47,24.37,1.24,0.0
20230602:1310,815.02,951.92,57.81,24.8,1.03,0.0
20230602:1410,780.78,903.15,48.67,24.93,1.17,0.0
20230602:1510,705.07,806.95,38.53,24.85,0.97,0.0
20230602:1610,586.31,646.83,28.09,22.83,1.52,0.0
20230602:1710,11.58,24.27,17.77,21.91,1.79,0.0
20230602:1810,4.77,14.56,7.88,21.09,0.62,0.0
20230602:1910,0.0,0.0,0.0,21.35,0.9,0.0
20230602:2010,0.0,0.0,0.0,19.07,1.45,0.0
20230602:2110,0.0,0.0,0.0,18.11,1.93,0.0
20230602:2210,0.0,0.0,0.0,17.76,2.34,0.0
20230602:2310,0.0,0.0,0.0,17.07,2.14,0.0
20230603:0010,0.0,0.0,0.0,16.44,2.0,0.0
20230603:0110,0.0,0.0,0.0,15.84,1.86,0.0
20230603:0210,0.0,0.0,0.0,15.15,1.79,0.0
20230603:0310,0.0,0.0,0.0,14.55,1.86,0.0
20230603:0410,10.19,21.77,4.11,14.01,1.79,0.0
20230603:0510,73.06,91.83,13.72,15.14,1.31,0.0
20230603:0610,54.29,90.09,23.9,17.59,1.31,0.0
20230603:0710,193.38,246.92,34.33,17.92,1.17,0.0
20230603:0810,356.48,395.07,44.66,19.16,1.52,0.0
20230603:0910,509.01,557.65,54.34,20.2,1.86,0.0
20230603:1010,552.35,606.97,62.28,20.91,2.0,0.0
20230603:1110,558.36,613.64,66.38,21.24,2.28,0.0
20230603:1210,639.49,707.8,64.6,21.94,2.28,0.0
20230603:1310,262.89,293.75,57.93,22.0,2.21,0.0
20230603:1410,45.19,64.06,48.79,21.96,1.86,0.0
20230603:1510,135.35,160.15,38.64,21.65,1.17,0.0
20230603:1610,133.22,157.83,28.2,21.54,0.83,0.0
20230603:1710,20.11,34.94,17.88,20.73,1.1,0.0
20230603:1810,35.22,52.57,8.0,20.21,1.31,0.0
20230603:1910,0.0,0.0,0.0,18.96,1.03,0.0
20230603:2010,0.0,0.0,0.0,17.95,1.1,0.0
20230603:2110,0.0,0.0,0.0,17.3,1.52,0.0
20230603:2210,0.0,0.0,0.0,16.5,1.52,0.0
20230603:2310,0.0,0.0,0.0,15.68,1.17,0.0
20230604:0010,0.0,0.0,0.0,15.59,0.9,0.0
20230604:0110,0.0,0.0,0.0,15.38,1.1,0.0
20230604:0210,0.0,0.0,0.0,15.6,1.38,0.0
20230604:0310,0.0,0.0,0.0,15.46,1.45,0.0
20230604:0410,10.84,22.72,4.18,15.04,1.24,0.0
20230604:0510,5.35,15.15,13.78,15.27,0.62,0.0
20230604:0610,78.52,98.03,23.95,16.09,0.48,0.0
20230604:0710,190.74,215.9,34.38,17.54,0.41,0.0
20230604:0810,184.63,209.17,44.71,18.08,0.48,0.0
20230604:0910,193.75,219.36,54.41,19.03,0.69,0.0
20230604:1010,131.56,155.3,62.37,20.21,0.97,0.0
20230604:1110,323.07,358.59,66.5,20.59,0.9,0.0
20230604:1210,616.65,686.17,64.73,21.44,1.52,0.0
20230604:1310,622.34,688.38,58.05,21.22,1.79,0.0
20230604:1410,741.17,832.63,48.9,21.15,1.31,0.0
20230604:1510,502.36,550.92,38.75,20.98,1.17,0.0
20230604:1610,206.67,233.03,28.31,20.8,1.03,0.0
20230604:1710,31.09,47.56,17.99,18.82,0.83,0.0
20230604:1810,55.33,74.31,8.11,18.12,0.41,0.0
20230604:1910,0.0,0.0,0.0,17.98,0.97,0.0
20230604:2010,0.0,0.0,0.0,16.83,1.38,0.0
20230604:2110,0.0,0.0,0.0,15.92,1.59,0.0
20230604:2210,0.0,0.0,0.0,15.51,1.03,0.0
20230604:2310,0.0,0.0,0.0,15.21,0.62,0.0
20230605:0010,0.0,0.0,0.0,15.01,0.69,0.0
20230605:0110,0.0,0.0,0.0,14.7,0.83,0.0
20230605:0210,0.0,0.0,0.0,14.8,0.76,0.0
20230605:0310,0.0,0.0,0.0,14.35,0.76,0.0
20230605:0410,0.0,2.84,4.23,14.41,0.69,0.0
20230605:0510,18.46,32.19,13.83,14.62,0.62,0.0
20230605:0610,136.77,158.81,24.0,15.39,0.55,0.0
20230605:0710,236.25,267.85,34.42,16.86,0.07,0.0
20230605:0810,365.42,407.47,44.76,18.03,0.69,0.0
20230605:0910,458.86,502.07,54.47,19.16,1.52,0.0
20230605:1010,428.63,468.87,62.45,19.79,1.79,0.0
20230605:1110,576.42,633.42,66.61,20.35,1.93,0.0
20230605:1210,549.56,605.67,64.85,21.11,1.86,0.0
20230605:1310,229.97,258.38,58.16,21.29,2.0,0.0
20230605:1410,396.52,434.93,49.01,21.44,1.93,0.0
20230605:1510,541.97,593.71,38.85,21.33,1.59,0.0
20230605:1610,461.69,503.77,28.41,21.31,1.24,0.0
20230605:1710,321.13,350.58,18.1,20.85,1.31,0.0
20230605:1810,180.29,206.9,8.22,20.35,0.97,0.0
20230605:1910,0.0,0.0,0.0,18.05,1.17,0.0
20230605:2010,0.0,0.0,0.0,17.06,0.83,0.0
20230605:2110,0.0,0.0,0.0,16.87,0.62,0.0
20230605:2210,0.0,0.0,0.0,17.05,0.34,0.0
20230605:2310,0.0,0.0,0.0,16.45,0.34,0.0
20230606:0010,0.0,0.0,0.0,15.89,0.41,0.0
20230606:0110,0.0,0.0,0.0,15.36,0.41,0.0
20230606:0210,0.0,0.0,0.0,15.31,0.48,0.0
20230606:0310,0.0,0.0,0.0,14.83,0.69,0.0
20230606:0410,11.61,23.67,4.29,14.43,0.83,0.0
20230606:0510,65.74,84.26,13.87,15.02,0.55,0.0
20230606:0610,67.67,103.21,24.04,16.49,0.48,0.0
20230606:0710,0.0,0.0,0.0,17.5,0.07,0.0
20230606:0810,368.81,413.39,44.81,18.65,0.69,0.0
20230606:0910,493.62,546.14,54.52,20.16,0.97,0.0
20230606:1010,630.71,701.37,62.53,21.03,1.24,0.0
20230606:1110,692.81,776.33,66.71,21.99,1.59,0.0
20230606:1210,762.32,861.34,64.96,22.71,1.79,0.0
20230606:1310,770.54,874.1,58.27,23.32,1.79,0.0
20230606:1410,675.56,759.33,49.11,23.56,1.66,0.0
20230606:1510,655.1,746.09,38.95,23.33,0.48,0.0
20230606:1610,568.4,641.8,28.51,23.05,0.07,0.0
20230606:1710,384.84,426.75,18.2,22.79,0.28,0.0
20230606:1810,168.51,196.3,8.32,21.79,0.28,0.0
20230606:1910,0.0,0.0,0.0,19.22,1.79,0.0
20230606:2010,0.0,0.0,0.0,18.18,1.45,0.0
20230606:2110,0.0,0.0,0.0,17.38,1.45,0.0
20230606:2210,0.0,0.0,0.0,16.88,1.52,0.0
20230606:2310,0.0,0.0,0.0,16.54,1.66,0.0
20230607:0010,0.0,0.0,0.0,16.31,1.59,0.0
20230607:0110,0.0,0.0,0.0,15.82,1.38,0.0
20230607:0210,0.0,0.0,0.0,15.25,1.59,0.0
20230607:0310,0.0,0.0,0.0,14.75,1.31,0.0
20230607:0410,8.74,19.88,4.33,14.41,1.31,0.0
20230607:0510,14.54,27.45,13.92,15.26,0.83,0.0
20230607:0610,91.89,125.32,24.07,17.37,0.41,0.0
20230607:0710,206.53,257.25,34.5,18.37,0.83,0.0
20230607:0810,369.49,417.32,44.84,18.99,1.24,0.0
20230607:0910,534.69,588.46,54.57,19.74,1.17,0.0
20230607:1010,649.28,717.37,62.6,20.54,1.52,0.0
20230607:1110,757.21,844.93,66.81,21.51,1.93,0.0
20230607:1210,831.93,932.61,65.07,21.58,2.28,0.0
20230607:1310,812.81,914.65,58.38,21.26,1.86,0.0
20230607:1410,784.02,895.77,49.21,21.25,0.83,0.0
20230607:1510,740.29,849.03,39.05,21.58,0.34,0.0
20230607:1610,593.63,664.34,28.61,21.56,0.28,0.0
20230607:1710,403.8,442.42,18.3,21.3,0.69,0.0
20230607:1810,150.5,175.64,8.42,20.5,0.97,0.0
20230607:1910,0.0,0.0,0.0,19.46,0.83,0.0
20230607:2010,0.0,0.0,0.0,18.17,1.31,0.0
20230607:2110,0.0,0.0,0.0,17.1,1.52,0.0
20230607:2210,0.0,0.0,0.0,16.34,1.38,0.0
20230607:2310,0.0,0.0,0.0,15.94,1.59,0.0
20230608:0010,0.0,0.0,0.0,15.52,1.86,0.0
20230608:0110,0.0,0.0,0.0,15.05,1.66,0.0
20230608:0210,0.0,0.0,0.0,14.91,1.66,0.0
20230608:0310,0.0,0.0,0.0,14.22,1.66,0.0
20230608:0410,0.0,2.84,4.38,13.81,1.59,0.0
20230608:0510,57.09,74.79,13.95,14.18,1.45,0.0
20230608:0610,125.64,146.72,24.1,15.72,1.17,0.0
20230608:0710,187.34,244.81,34.53,18.45,0.69,0.0
20230608:0810,362.62,416.45,44.88,20.29,0.14,0.0
20230608:0910,525.78,591.72,54.61,21.47,0.21,0.0
20230608:1010,658.34,744.85,62.66,22.26,0.62,0.0
20230608:1110,713.59,811.54,66.89,23.05,1.1,0.0
20230608:1210,779.6,894.79,65.17,23.2,1.17,0.0
20230608:1310,790.04,919.21,58.48,23.3,0.69,0.0
20230608:1410,600.49,681.23,49.31,23.36,0.55,0.0
20230608:1510,350.25,392.11,39.14,23.66,0.55,0.0
20230608:1610,604.96,677.86,28.7,23.43,0.83,0.0
20230608:1710,399.27,442.45,18.39,22.99,0.41,0.0
20230608:1810,170.81,198.32,8.52,22.18,1.03,0.0
20230608:1910,0.0,0.0,0.0,21.63,0.48,0.0
20230608:2010,0.0,0.0,0.0,20.07,0.83,0.0
20230608:2110,0.0,0.0,0.0,18.42,1.17,0.0
20230608:2210,0.0,0.0,0.0,17.5,1.31,0.0
20230608:2310,0.0,0.0,0.0,16.7,1.52,0.0
20230609:0010,0.0,0.0,0.0,15.8,1.72,0.0
20230609:0110,0.0,0.0,0.0,15.51,1.59,0.0
20230609:0210,0.0,0.0,0.0,15.3,1.45,0.0
20230609:0310,0.0,0.0,0.0,15.15,1.45,0.0
20230609:0410,1.32,8.52,4.41,14.73,1.52,0.0
20230609:0510,63.97,82.36,13.98,15.2,1.31,0.0
20230609:0610,142.91,167.4,24.13,16.79,0.97,0.0
20230609:0710,202.85,229.14,34.55,18.34,1.1,0.0
20230609:0810,333.68,373.29,44.9,20.48,0.69,0.0
20230609:0910,495.6,557.98,54.65,21.51,0.14,0.0
20230609:1010,544.74,611.93,62.72,22.55,0.83,0.0
20230609:1110,411.3,460.31,66.98,23.22,1.1,0.0
20230609:1210,423.4,473.3,65.27,23.65,1.38,0.0
20230609:1310,533.03,597.9,58.57,23.89,1.31,0.0
20230609:1410,528.53,593.17,49.4,24.01,1.03,0.0
20230609:1510,173.9,202.97,39.23,23.94,0.69,0.0
20230609:1610,92.2,115.5,28.79,23.17,1.1,0.0
20230609:1710,95.82,118.34,18.48,21.82,1.31,0.0
20230609:1810,19.26,33.97,8.61,21.13,0.14,0.0
20230609:1910,0.0,0.0,0.0,20.38,0.62,0.0
20230609:2010,0.0,0.0,0.0,19.33,0.69,0.0
20230609:2110,0.0,0.0,0.0,18.52,0.9,0.0
20230609:2210,0.0,0.0,0.0,18.22,0.76,0.0
20230609:2310,0.0,0.0,0.0,17.84,0.83,0.0
20230610:0010,0.0,0.0,0.0,17.39,0.9,0.0
20230610:0110,0.0,0.0,0.0,17.11,0.9,0.0
20230610:0210,0.0,0.0,0.0,16.83,0.83,0.0
20230610:0310,0.0,0.0,0.0,16.63,0.83,0.0
20230610:0410,9.33,20.83,4.44,16.57,0.83,0.0
20230610:0510,11.44,23.67,14.0,17.05,0.55,0.0
20230610:0610,128.19,151.18,24.15,17.63,0.34,0.0
20230610:0710,117.22,139.77,34.57,19.42,1.17,0.0
20230610:0810,147.02,170.83,44.93,19.62,1.24,0.0
20230610:0910,177.57,202.86,54.68,20.11,1.45,0.0
20230610:1010,285.98,317.45,62.76,20.47,1.38,0.0
20230610:1110,391.02,433.88,67.05,21.19,0.97,0.0
20230610:1210,496.31,559.93,65.36,22.68,0.41,0.0
20230610:1310,783.51,919.88,58.66,23.8,0.41,0.0
20230610:1410,761.28,876.65,49.48,24.4,1.1,0.0
20230610:1510,700.4,796.51,39.32,24.57,1.17,0.0
20230610:1610,569.78,639.89,28.88,24.43,0.76,0.0
20230610:1710,433.29,482.14,18.57,24.11,0.62,0.0
20230610:1810,1.32,8.74,8.7,23.26,0.83,0.0
20230610:1910,0.0,0.0,0.0,20.99,0.9,0.0
20230610:2010,0.0,0.0,0.0,19.55,1.45,0.0
20230610:2110,0.0,0.0,0.0,18.5,1.52,0.0
20230610:2210,0.0,0.0,0.0,17.88,1.59,0.0
20230610:2310,0.0,0.0,0.0,17.17,1.52,0.0
20230611:0010,0.0,0.0,0.0,16.56,1.45,0.0
20230611:0110,0.0,0.0,0.0,16.09,1.45,0.0
20230611:0210,0.0,0.0,0.0,15.58,1.52,0.0
20230611:0310,0.0,0.0,0.0,15.13,1.52,0.0
20230611:0410,10.86,22.72,4.47,14.88,1.45,0.0
20230611:0510,72.03,90.88,14.02,15.45,1.24,0.0
20230611:0610,95.29,128.49,24.16,17.08,0.9,0.0
20230611:0710,199.99,254.3,34.58,20.47,0.28,0.0
20230611:0810,356.8,403.92,44.94,21.68,0.69,0.0
20230611:0910,454.15,507.79,54.7,22.75,1.1,0.0
20230611:1010,579.31,650.67,62.81,23.76,1.38,0.0
20230611:1110,667.09,754.68,67.12,24.47,1.66,0.0
20230611:1210,756.2,862.03,65.44,25.0,1.93,0.0
20230611:1310,721.8,817.84,58.75,25.3,2.21,0.0
20230611:1410,444.94,497.51,49.57,25.27,1.72,0.0
20230611:1510,628.32,703.05,39.4,24.76,1.79,0.0
20230611:1610,561.64,613.93,28.96,23.17,2.34,0.0
20230611:1710,335.86,369.44,18.65,22.86,1.38,0.0
20230611:1810,1.34,8.74,8.79,22.08,1.24,0.0
20230611:1910,0.0,0.0,0.0,20.81,2.21,0.0
20230611:2010,0.0,0.0,0.0,19.71,1.72,0.0
20230611:2110,0.0,0.0,0.0,18.98,2.14,0.0
20230611:2210,0.0,0.0,0.0,18.29,2.28,0.0
20230611:2310,0.0,0.0,0.0,17.91,2.21,0.0
20230612:0010,0.0,0.0,0.0,17.66,2.34,0.0
20230612:0110,0.0,0.0,0.0,16.94,2.34,0.0
20230612:0210,0.0,0.0,0.0,16.54,2.28,0.0
20230612:0310,0.0,0.0,0.0,16.64,2.41,0.0
20230612:0410,12.2,24.61,4.49,16.77,2.28,0.0
20230612:0510,69.7,88.99,14.04,17.18,2.0,0.0
20230612:0610,141.57,168.39,24.17,18.45,1.59,0.0
20230612:0710,186.1,245.11,34.59,20.08,0.41,0.0
20230612:0810,363.65,416.82,44.95,21.06,0.69,0.0
20230612:0910,0.0,0.0,0.0,21.6,0.97,0.0
20230612:1010,645.5,724.72,62.84,22.61,1.1,0.0
20230612:1110,741.86,845.07,67.18,23.22,1.17,0.0
20230612:1210,737.01,839.87,65.52,23.71,1.45,0.0
20230612:1310,784.32,900.01,58.83,24.29,1.52,0.0
20230612:1410,581.19,651.84,49.65,24.19,1.45,0.0
20230612:1510,457.07,509.12,39.48,23.69,0.9,0.0
20230612:1610,312.06,347.41,29.04,23.61,0.97,0.0
20230612:1710,383.69,420.5,18.73,22.89,1.52,0.0
20230612:1810,70.79,91.7,8.86,20.85,0.97,0.0
20230612:1910,0.0,0.0,0.0,20.37,1.03,0.0
20230612:2010,0.0,0.0,0.0,19.42,1.79,0.0
20230612:2110,0.0,0.0,0.0,18.79,1.93,0.0
20230612:2210,0.0,0.0,0.0,18.45,1.93,0.0
20230612:2310,0.0,0.0,0.0,18.33,1.66,0.0
20230613:0010,0.0,0.0,0.0,18.24,1.52,0.0
20230613:0110,0.0,0.0,0.0,17.84,1.45,0.0
20230613:0210,0.0,0.0,0.0,17.56,1.24,0.0
20230613:0310,0.0,0.0,0.0,17.49,1.72,0.0
20230613:0410,0.0,2.84,4.5,17.28,2.48,0.0
20230613:0510,5.29,15.15,14.04,17.06,2.76,0.0
20230613:0610,22.14,36.88,24.18,17.33,2.97,0.0
20230613:0710,58.16,76.68,34.6,17.1,3.31,0.0
20230613:0810,78.23,98.03,44.96,17.71,2.9,0.0
20230613:0910,104.98,126.18,54.74,18.52,2.69,0.0
20230613:1010,115.73,137.83,62.87,19.53,2.83,0.0
20230613:1110,184.82,209.65,67.23,19.99,2.41,0.0
20230613:1210,123.28,146.56,65.59,20.69,2.07,0.0
20230613:1310,158.17,183.45,58.9,21.38,1.93,0.0
20230613:1410,537.55,591.02,49.72,21.61,1.79,0.0
20230613:1510,518.26,568.51,39.55,21.47,1.45,0.0
20230613:1610,369.83,404.39,29.11,21.41,1.24,0.0
20230613:1710,166.83,191.04,18.8,21.19,1.59,0.0
20230613:1810,125.96,149.46,8.94,20.38,1.45,0.0
20230613:1910,0.0,0.0,0.0,19.15,1.24,0.0
20230613:2010,0.0,0.0,0.0,18.28,0.83,0.0
20230613:2110,0.0,0.0,0.0,17.72,0.97,0.0
20230613:2210,0.0,0.0,0.0,17.67,0.97,0.0
20230613:2310,0.0,0.0,0.0,17.56,0.97,0.0
20230614:0010,0.0,0.0,0.0,17.33,0.83,0.0
20230614:0110,0.0,0.0,0.0,17.38,0.69,0.0
20230614:0210,0.0,0.0,0.0,17.4,0.62,0.0
20230614:0310,0.0,0.0,0.0,17.46,0.62,0.0
20230614:0410,0.0,3.79,4.51,17.36,0.55,0.0
20230614:0510,5.27,15.15,14.05,17.36,0.28,0.0
20230614:0610,105.15,126.99,24.18,18.24,0.34,0.0
20230614:0710,221.48,249.52,34.6,17.56,0.55,0.0
20230614:0810,335.67,370.66,44.96,17.79,0.62,0.0
20230614:0910,435.38,477.14,54.74,18.44,0.97,0.0
20230614:1010,486.95,534.64,62.9,18.91,1.03,0.0
20230614:1110,652.96,725.08,67.28,19.59,1.17,0.0
20230614:1210,550.55,608.82,65.65,20.47,1.31,0.0
20230614:1310,683.86,764.39,58.97,20.8,1.31,0.0
20230614:1410,621.33,688.92,49.79,21.17,1.38,0.0
20230614:1510,462.51,506.07,39.62,21.51,1.59,0.0
20230614:1610,632.05,696.35,29.18,21.13,1.31,0.0
20230614:1710,429.39,467.38,18.87,20.67,1.03,0.0
20230614:1810,38.59,56.37,9.01,20.42,1.03,0.0
20230614:1910,0.0,0.0,0.0,20.49,1.45,0.0
20230614:2010,0.0,0.0,0.0,19.08,1.45,0.0
20230614:2110,0.0,0.0,0.0,17.8,1.38,0.0
20230614:2210,0.0,0.0,0.0,16.97,1.38,0.0
20230614:2310,0.0,0.0,0.0,16.76,1.79,0.0
20230615:0010,0.0,0.0,0.0,16.33,1.72,0.0
20230615:0110,0.0,0.0,0.0,16.29,1.59,0.0
20230615:0210,0.0,0.0,0.0,15.8,1.66,0.0
20230615:0310,0.0,0.0,0.0,15.65,1.52,0.0
20230615:0410,10.82,22.72,4.51,15.37,1.31,0.0
20230615:0510,55.56,73.84,14.05,16.26,0.83,0.0
20230615:0610,60.26,98.12,24.17,17.81,0.48,0.0
20230615:0710,189.35,247.4,34.59,19.04,0.62,0.0
20230615:0810,364.36,418.45,44.96,20.58,0.14,0.0
20230615:0910,522.86,585.64,54.75,21.8,0.62,0.0
20230615:1010,662.28,746.48,62.91,22.65,0.97,0.0
20230615:1110,759.45,866.35,67.32,23.55,1.31,0.0
20230615:1210,792.29,907.78,65.71,23.81,1.52,0.0
20230615:1310,797.14,916.44,59.04,24.49,1.59,0.0
20230615:1410,754.43,863.18,49.86,24.75,1.52,0.0
20230615:1510,642.01,724.06,39.69,24.57,1.31,0.0
20230615:1610,527.45,587.29,29.25,23.78,0.9,0.0
20230615:1710,151.35,175.69,18.94,21.56,1.24,0.0
20230615:1810,71.47,91.98,9.08,20.2,2.28,0.0
20230615:1910,0.0,0.0,0.0,20.42,1.72,0.0
20230615:2010,0.0,0.0,0.0,19.14,1.66,0.0
20230615:2110,0.0,0.0,0.0,17.95,1.72,0.0
20230615:2210,0.0,0.0,0.0,16.97,1.52,0.0
20230615:2310,0.0,0.0,0.0,16.16,1.38,0.0
20230616:0010,0.0,0.0,0.0,15.75,1.31,0.0
20230616:0110,0.0,0.0,0.0,15.4,1.31,0.0
20230616:0210,0.0,0.0,0.0,14.53,1.59,0.0
20230616:0310,0.0,0.0,0.0,13.8,1.79,0.0
20230616:0410,12.43,24.61,4.51,13.36,1.72,0.0
20230616:0510,51.57,69.11,14.04,14.73,1.31,0.0
20230616:0610,54.0,92.77,24.16,18.39,0.97,0.0
20230616:0710,187.28,247.42,34.58,20.2,0.41,0.0
20230616:0810,366.0,420.75,44.95,21.56,0.62,0.0
20230616:0910,532.11,600.92,54.74,22.65,0.41,0.0
20230616:1010,663.31,761.01,62.92,23.83,0.41,0.0
20230616:1110,753.36,879.74,67.35,24.79,0.55,0.0
20230616:1210,814.5,960.65,65.77,25.55,0.83,0.0
20230616:1310,834.45,980.72,59.1,26.06,1.24,0.0
20230616:1410,802.14,930.73,49.92,26.31,1.59,0.0
20230616:1510,725.57,827.21,39.75,26.28,1.79,0.0
20230616:1610,595.82,666.69,29.31,25.97,1.79,0.0
20230616:1710,345.6,383.57,19.0,25.32,1.72,0.0
20230616:1810,199.1,229.36,9.14,23.86,1.31,0.0
20230616:1910,0.0,0.0,0.0,22.29,1.93,0.0
20230616:2010,0.0,0.0,0.0,20.2,1.93,0.0
20230616:2110,0.0,0.0,0.0,18.63,2.0,0.0
20230616:2210,0.0,0.0,0.0,17.47,1.86,0.0
20230616:2310,0.0,0.0,0.0,16.53,1.79,0.0
20230617:0010,0.0,0.0,0.0,15.81,1.72,0.0
20230617:0110,0.0,0.0,0.0,15.1,1.72,0.0
20230617:0210,0.0,0.0,0.0,14.2,1.86,0.0
20230617:0310,0.0,0.0,0.0,13.47,1.93,0.0
20230617:0410,0.0,3.79,4.5,13.06,1.86,0.0
20230617:0510,76.09,94.67,14.03,14.41,1.52,0.0
20230617:0610,93.97,128.43,24.15,18.61,1.03,0.0
20230617:0710,192.43,250.82,34.56,20.95,0.41,0.0
20230617:0810,364.24,420.16,44.93,22.2,0.55,0.0
20230617:0910,528.59,598.2,54.73,23.32,0.48,0.0
20230617:1010,658.24,754.0,62.93,24.46,0.62,0.0
20230617:1110,754.12,875.28,67.38,25.45,0.97,0.0
20230617:1210,817.44,955.3,65.81,25.94,1.31,0.0
20230617:1310,833.93,975.61,59.15,26.38,1.52,0.0
20230617:1410,796.09,919.21,49.98,26.56,1.86,0.0
20230617:1510,674.38,762.35,39.81,26.46,2.07,0.0
20230617:1610,558.72,622.83,29.36,26.05,1.93,0.0
20230617:1710,246.43,278.36,19.06,25.5,1.52,0.0
20230617:1810,147.79,175.12,9.19,23.92,0.9,0.0
20230617:1910,0.0,0.0,0.0,22.57,1.03,0.0
20230617:2010,0.0,0.0,0.0,21.09,1.24,0.0
20230617:2110,0.0,0.0,0.0,19.62,1.38,0.0
20230617:2210,0.0,0.0,0.0,18.46,1.45,0.0
20230617:2310,0.0,0.0,0.0,17.83,1.38,0.0
20230618:0010,0.0,0.0,0.0,17.41,1.31,0.0
20230618:0110,0.0,0.0,0.0,16.99,1.31,0.0
20230618:0210,0.0,0.0,0.0,16.4,1.38,0.0
20230618:0310,0.0,0.0,0.0,15.39,1.59,0.0
20230618:0410,6.02,16.09,4.49,14.74,1.66,0.0
20230618:0510,74.47,93.72,14.01,16.22,1.24,0.0
20230618:0610,123.69,155.06,24.13,20.2,0.83,0.0
20230618:0710,231.19,268.04,34.54,21.98,0.41,0.0
20230618:0810,357.1,412.8,44.91,23.33,0.62,0.0
20230618:0910,516.31,583.81,54.72,24.21,0.76,0.0
20230618:1010,654.47,744.75,62.93,24.89,1.03,0.0
20230618:1110,741.44,852.39,67.4,25.68,1.38,0.0
20230618:1210,788.95,913.82,65.85,26.21,1.59,0.0
20230618:1310,820.63,952.38,59.2,26.21,1.72,0.0
20230618:1410,773.37,890.22,50.03,25.96,1.66,0.0
20230618:1510,532.7,597.27,39.86,25.59,1.45,0.0
20230618:1610,204.74,235.3,29.42,24.97,1.31,0.0
20230618:1710,201.85,230.38,19.11,24.07,1.03,0.0
20230618:1810,22.19,37.85,9.25,23.49,1.1,0.0
20230618:1910,0.0,0.0,0.0,22.73,1.86,0.0
20230618:2010,0.0,0.0,0.0,21.46,1.93,0.0
20230618:2110,0.0,0.0,0.0,20.32,1.93,0.0
20230618:2210,0.0,0.0,0.0,19.26,1.72,0.0
20230618:2310,0.0,0.0,0.0,18.46,1.52,0.0
20230619:0010,0.0,0.0,0.0,18.33,1.31,0.0
20230619:0110,0.0,0.0,0.0,18.18,1.17,0.0
20230619:0210,0.0,0.0,0.0,17.84,1.17,0.0
20230619:0310,0.0,0.0,0.0,17.72,1.1,0.0
20230619:0410,12.12,24.61,4.47,17.79,1.03,0.0
20230619:0510,51.44,70.06,13.99,18.47,0.83,0.0
20230619:0610,64.64,102.03,24.1,20.92,0.69,0.0
20230619:0710,184.41,243.4,34.52,22.11,0.83,0.0
20230619:0810,354.56,410.99,44.89,23.47,0.76,0.0
20230619:0910,515.23,580.38,54.7,24.42,1.1,0.0
20230619:1010,643.9,734.1,62.92,25.5,1.03,0.0
20230619:1110,729.81,844.01,67.41,26.36,1.17,0.0
20230619:1210,730.09,841.25,65.89,26.65,1.66,0.0
20230619:1310,520.61,587.83,59.25,26.93,2.07,0.0
20230619:1410,756.01,861.64,50.08,26.68,2.34,0.0
20230619:1510,627.58,702.0,39.91,25.72,2.21,0.0
20230619:1610,579.38,642.95,29.47,24.6,1.72,0.0
20230619:1710,241.58,270.9,19.16,24.24,2.07,0.0
20230619:1810,36.4,54.58,9.29,23.78,2.0,0.0
20230619:1910,0.0,0.0,0.0,22.81,1.86,0.0
20230619:2010,0.0,0.0,0.0,21.82,1.93,0.0
20230619:2110,0.0,0.0,0.0,20.94,1.66,0.0
20230619:2210,0.0,0.0,0.0,19.99,1.38,0.0
20230619:2310,0.0,0.0,0.0,19.4,1.31,0.0
20230620:0010,0.0,0.0,0.0,19.1,1.38,0.0
20230620:0110,0.0,0.0,0.0,18.69,1.31,0.0
20230620:0210,0.0,0.0,0.0,18.35,1.38,0.0
20230620:0310,0.0,0.0,0.0,18.01,1.45,0.0
20230620:0410,2.87,11.36,4.45,17.81,1.45,0.0
20230620:0510,64.63,84.26,13.96,18.66,1.1,0.0
20230620:0610,123.88,155.67,24.08,21.58,0.62,0.0
20230620:0710,211.05,262.7,34.49,23.22,1.03,0.0
20230620:0810,348.45,401.99,44.86,24.9,0.48,0.0
20230620:0910,496.78,565.81,54.68,25.85,0.83,0.0
20230620:1010,621.45,711.06,62.9,26.53,1.1,0.0
20230620:1110,672.46,776.75,67.42,27.14,1.24,0.0
20230620:1210,636.56,733.62,65.91,27.42,1.38,0.0
20230620:1310,744.24,869.58,59.29,27.73,1.31,0.0
20230620:1410,734.09,855.48,50.12,27.92,1.31,0.0
20230620:1510,567.94,647.25,39.95,27.93,1.31,0.0
20230620:1610,522.31,588.73,29.51,27.5,1.38,0.0
20230620:1710,327.95,366.81,19.2,26.61,1.66,0.0
20230620:1810,96.02,120.64,9.34,25.62,1.79,0.0
20230620:1910,0.0,0.0,0.0,23.45,1.52,0.0
20230620:2010,0.0,0.0,0.0,21.87,1.66,0.0
20230620:2110,0.0,0.0,0.0,20.6,1.66,0.0
20230620:2210,0.0,0.0,0.0,19.85,1.72,0.0
20230620:2310,0.0,0.0,0.0,19.15,1.72,0.0
20230621:0010,0.0,0.0,0.0,18.55,1.72,0.0
20230621:0110,0.0,0.0,0.0,18.07,1.79,0.0
20230621:0210,0.0,0.0,0.0,17.51,1.72,0.0
20230621:0310,0.0,0.0,0.0,16.88,1.79,0.0
20230621:0410,6.6,17.04,4.42,16.5,1.66,0.0
20230621:0510,71.19,90.88,13.93,17.79,1.24,0.0
20230621:0610,95.99,130.69,24.04,21.68,0.97,0.0
20230621:0710,215.89,265.96,34.46,22.42,0.62,0.0
20230621:0810,355.66,410.69,44.83,24.28,0.97,0.0
20230621:0910,498.25,568.12,54.65,25.84,0.76,0.0
20230621:1010,605.63,698.43,62.88,27.2,0.83,0.0
20230621:1110,693.0,808.48,67.42,28.18,1.1,0.0
20230621:1210,694.88,819.83,65.93,28.95,0.9,0.0
20230621:1310,716.62,845.89,59.32,29.39,1.1,0.0
20230621:1410,557.98,643.85,50.16,29.57,1.31,0.0
20230621:1510,491.55,559.74,39.99,29.44,1.66,0.0
20230621:1610,150.02,180.7,29.55,28.76,1.52,0.0
20230621:1710,335.05,378.86,19.24,28.15,1.1,0.0
20230621:1810,91.36,116.83,9.37,27.68,1.03,0.0
20230621:1910,0.0,0.0,0.0,26.15,1.1,0.0
20230621:2010,0.0,0.0,0.0,24.7,1.17,0.0
20230621:2110,0.0,0.0,0.0,23.05,1.38,0.0
20230621:2210,0.0,0.0,0.0,21.77,1.45,0.0
20230621:2310,0.0,0.0,0.0,20.78,1.59,0.0
20230622:0010,0.0,0.0,0.0,20.22,1.66,0.0
20230622:0110,0.0,0.0,0.0,19.84,1.66,0.0
20230622:0210,0.0,0.0,0.0,19.59,1.72,0.0
20230622:0310,0.0,0.0,0.0,19.1,1.86,0.0
20230622:0410,4.01,13.25,4.39,18.74,1.86,0.0
20230622:0510,71.44,91.83,13.89,19.68,1.45,0.0
20230622:0610,137.02,166.13,24.01,23.49,0.9,0.0
20230622:0710,213.02,265.45,34.42,25.76,1.1,0.0
20230622:0810,347.09,409.3,44.79,27.16,0.69,0.0
20230622:0910,485.83,563.34,54.62,28.26,0.41,0.0
20230622:1010,626.81,729.5,62.86,29.16,0.9,0.0
20230622:1110,705.91,838.71,67.41,29.53,0.62,0.0
20230622:1210,714.14,849.76,65.95,30.38,0.97,0.0
20230622:1310,568.14,657.37,59.35,30.89,1.93,0.0
20230622:1410,425.48,490.04,50.19,31.03,1.66,0.0
20230622:1510,401.26,459.01,40.03,30.84,1.86,0.0
20230622:1610,265.07,305.8,29.59,30.65,2.0,0.0
20230622:1710,174.5,206.64,19.28,29.62,1.45,0.0
20230622:1810,195.03,229.98,9.41,29.14,1.72,0.0
20230622:1910,0.0,0.0,0.0,25.59,1.24,0.0
20230622:2010,0.0,0.0,0.0,24.06,1.66,0.0
20230622:2110,0.0,0.0,0.0,22.66,1.72,0.0
20230622:2210,0.0,0.0,0.0,21.79,1.86,0.0
20230622:2310,0.0,0.0,0.0,21.27,2.14,0.0
20230623:0010,0.0,0.0,0.0,21.24,2.41,0.0
20230623:0110,0.0,0.0,0.0,21.2,2.69,0.0
20230623:0210,0.0,0.0,0.0,21.03,2.34,0.0
20230623:0310,0.0,0.0,0.0,20.55,2.07,0.0
20230623:0410,11.28,23.67,4.35,19.55,1.59,0.0
20230623:0510,69.58,89.94,13.85,19.77,1.1,0.0
20230623:0610,44.87,84.11,23.96,22.29,1.1,0.0
20230623:0710,178.77,242.97,34.38,24.26,2.07,0.0
20230623:0810,361.85,419.57,44.75,26.19,2.97,0.0
20230623:0910,534.73,595.51,54.58,27.42,4.28,0.0
20230623:1010,680.4,755.74,62.83,28.03,4.83,0.0
20230623:1110,780.99,875.84,67.4,28.63,4.9,0.0
20230623:1210,837.75,951.36,65.96,29.22,4.55,0.0
20230623:1310,855.33,978.26,59.37,29.59,4.28,0.0
20230623:1410,833.64,952.51,50.22,29.88,4.21,0.0
20230623:1510,740.25,834.75,40.06,29.75,4.34,0.0
20230623:1610,612.71,680.31,29.62,29.22,4.55,0.0
20230623:1710,411.01,453.62,19.31,28.25,4.62,0.0
20230623:1810,201.02,232.47,9.43,26.96,4.14,0.0
20230623:1910,0.0,0.0,0.0,25.95,4.14,0.0
20230623:2010,0.0,0.0,0.0,25.09,4.28,0.0
20230623:2110,0.0,0.0,0.0,24.27,4.14,0.0
20230623:2210,0.0,0.0,0.0,23.45,3.93,0.0
20230623:2310,0.0,0.0,0.0,22.73,3.79,0.0
20230624:0010,0.0,0.0,0.0,21.99,3.59,0.0
20230624:0110,0.0,0.0,0.0,21.2,3.38,0.0
20230624:0210,0.0,0.0,0.0,20.38,3.1,0.0
20230624:0310,0.0,0.0,0.0,19.67,2.9,0.0
20230624:0410,7.16,17.99,4.3,18.93,2.48,0.0
20230624:0510,48.91,67.22,13.81,18.44,1.93,0.0
20230624:0610,43.49,82.18,23.92,20.98,1.66,0.0
20230624:0710,179.99,242.8,34.33,23.91,3.1,0.0
20230624:0810,361.12,417.06,44.71,25.18,2.41,0.0
20230624:0910,524.73,593.34,54.53,26.48,1.79,0.0
20230624:1010,655.68,755.9,62.79,27.39,1.1,0.0
20230624:1110,741.57,879.05,67.37,28.34,0.69,0.0
20230624:1210,786.55,956.1,65.96,29.15,0.34,0.0
20230624:1310,796.8,983.63,59.39,29.65,0.07,0.0
20230624:1410,801.36,964.01,50.24,30.02,0.97,0.0
20230624:1510,714.01,834.05,40.09,30.03,1.52,0.0
20230624:1610,606.17,695.64,29.64,29.79,1.52,0.0
20230624:1710,433.9,491.08,19.33,28.99,1.31,0.0
20230624:1810,237.66,275.28,9.45,27.57,1.17,0.0
20230624:1910,0.0,0.0,0.0,26.06,1.24,0.0
20230624:2010,0.0,0.0,0.0,24.01,1.93,0.0
20230624:2110,0.0,0.0,0.0,22.83,2.41,0.0
20230624:2210,0.0,0.0,0.0,22.07,2.41,0.0
20230624:2310,0.0,0.0,0.0,21.39,2.34,0.0
20230625:0010,0.0,0.0,0.0,20.88,2.41,0.0
20230625:0110,0.0,0.0,0.0,20.79,2.34,0.0
20230625:0210,0.0,0.0,0.0,20.17,2.14,0.0
20230625:0310,0.0,0.0,0.0,19.65,1.86,0.0
20230625:0410,9.19,20.83,4.26,19.11,1.66,0.0
20230625:0510,49.35,68.16,13.76,19.94,1.17,0.0
20230625:0610,44.91,83.18,23.87,22.64,1.24,0.0
20230625:0710,177.41,240.22,34.28,23.63,1.66,0.0
20230625:0810,356.83,414.38,44.65,24.64,1.59,0.0
20230625:0910,516.68,583.92,54.48,25.59,1.38,0.0
20230625:1010,650.64,743.99,62.75,26.51,1.24,0.0
20230625:1110,739.22,861.25,67.34,27.39,1.17,0.0
20230625:1210,795.41,940.72,65.95,28.17,1.17,0.0
20230625:1310,816.34,967.56,59.4,28.94,1.45,0.0
20230625:1410,792.0,941.82,50.26,29.33,1.17,0.0
20230625:1510,697.1,818.95,40.11,29.38,0.9,0.0
20230625:1610,584.52,676.38,29.67,29.36,0.69,0.0
20230625:1710,407.12,464.84,19.35,28.95,0.41,0.0
20230625:1810,200.33,236.03,9.47,28.2,0.48,0.0
20230625:1910,0.0,0.0,0.0,26.21,1.17,0.0
20230625:2010,0.0,0.0,0.0,24.71,1.17,0.0
20230625:2110,0.0,0.0,0.0,23.95,1.17,0.0
20230625:2210,0.0,0.0,0.0,23.63,1.1,0.0
20230625:2310,0.0,0.0,0.0,23.41,1.03,0.0
20230626:0010,0.0,0.0,0.0,22.35,1.17,0.0
20230626:0110,0.0,0.0,0.0,21.16,1.38,0.0
20230626:0210,0.0,0.0,0.0,20.31,1.52,0.0
20230626:0310,0.0,0.0,0.0,19.62,1.59,0.0
20230626:0410,7.15,17.99,4.2,19.11,1.66,0.0
20230626:0510,53.68,72.9,13.7,19.95,1.1,0.0
20230626:0610,52.74,89.99,23.81,23.12,0.83,0.0
20230626:0710,175.86,239.44,34.22,25.01,0.76,0.0
20230626:0810,348.52,410.9,44.6,26.33,0.76,0.0
20230626:0910,504.74,581.06,54.43,27.55,0.69,0.0
20230626:1010,632.87,740.6,62.7,28.78,0.55,0.0
20230626:1110,716.79,857.36,67.31,29.82,0.48,0.0
20230626:1210,770.58,936.43,65.94,30.81,0.55,0.0
20230626:1310,784.22,958.09,59.4,31.48,0.62,0.0
20230626:1410,771.8,932.19,50.27,31.74,0.97,0.0
20230626:1510,676.79,803.93,40.12,31.9,0.9,0.0
20230626:1610,569.23,662.6,29.68,31.69,0.97,0.0
20230626:1710,364.94,421.27,19.37,31.08,0.34,0.0
20230626:1810,187.31,224.71,9.48,30.98,0.41,0.0
20230626:1910,0.0,0.0,0.0,28.15,1.72,0.0
20230626:2010,0.0,0.0,0.0,25.81,1.72,0.0
20230626:2110,0.0,0.0,0.0,24.26,1.52,0.0
20230626:2210,0.0,0.0,0.0,23.59,1.31,0.0
20230626:2310,0.0,0.0,0.0,22.93,1.24,0.0
20230627:0010,0.0,0.0,0.0,21.87,1.45,0.0
20230627:0110,0.0,0.0,0.0,21.2,1.45,0.0
20230627:0210,0.0,0.0,0.0,20.68,1.52,0.0
20230627:0310,0.0,0.0,0.0,20.13,1.59,0.0
20230627:0410,0.36,6.63,4.15,19.77,1.59,0.0
20230627:0510,70.14,90.88,13.64,20.77,1.31,0.0
20230627:0610,130.1,158.15,23.75,24.74,1.1,0.0
20230627:0710,226.31,266.05,34.16,24.97,1.24,0.0
20230627:0810,347.84,401.03,44.54,25.97,1.59,0.0
20230627:0910,485.59,552.79,54.37,26.86,1.31,0.0
20230627:1010,629.0,725.46,62.64,28.13,1.1,0.0
20230627:1110,712.27,839.37,67.27,29.09,0.9,0.0
20230627:1210,744.74,896.26,65.92,30.25,0.62,0.0
20230627:1310,736.1,885.51,59.4,30.33,0.62,0.0
20230627:1410,714.02,855.11,50.28,30.86,0.69,0.0
20230627:1510,615.15,721.48,40.14,31.12,0.9,0.0
20230627:1610,368.15,420.65,29.7,30.72,1.45,0.0
20230627:1710,235.41,272.07,19.38,29.84,1.52,0.0
20230627:1810,122.18,150.79,9.49,28.47,0.9,0.0
20230627:1910,0.0,0.0,0.0,27.32,1.66,0.0
20230627:2010,0.0,0.0,0.0,25.95,1.1,0.0
20230627:2110,0.0,0.0,0.0,26.64,0.69,0.0
20230627:2210,0.0,0.0,0.0,23.07,1.52,0.0
20230627:2310,0.0,0.0,0.0,21.9,1.86,0.0
20230628:0010,0.0,0.0,0.0,21.52,2.14,0.0
20230628:0110,0.0,0.0,0.0,21.06,2.62,0.0
20230628:0210,0.0,0.0,0.0,20.35,2.48,0.0
20230628:0310,0.0,0.0,0.0,19.45,2.0,0.0
20230628:0410,0.0,3.79,4.08,18.64,1.59,0.0
20230628:0510,68.9,88.99,13.58,19.27,1.38,0.0
20230628:0610,65.79,100.31,23.69,20.65,1.79,0.0
20230628:0710,197.18,249.85,34.1,22.07,1.52,0.0
20230628:0810,351.47,401.38,44.48,23.32,1.45,0.0
20230628:0910,485.09,547.88,54.31,24.64,1.03,0.0
20230628:1010,578.07,655.63,62.58,25.83,1.38,0.0
20230628:1110,563.97,635.25,67.22,26.0,2.21,0.0
20230628:1210,641.07,719.86,65.89,26.34,3.03,0.0
20230628:1310,765.08,860.49,59.39,26.65,3.66,0.0
20230628:1410,740.49,830.84,50.29,26.69,3.52,0.0
20230628:1510,683.29,765.34,40.14,26.37,2.76,0.0
20230628:1610,548.61,606.88,29.7,26.49,2.83,0.0
20230628:1710,368.94,407.15,19.38,26.06,2.9,0.0
20230628:1810,159.62,187.63,9.49,25.31,2.83,0.0
20230628:1910,0.0,0.0,0.0,24.11,2.83,0.0
20230628:2010,0.0,0.0,0.0,23.4,3.1,0.0
20230628:2110,0.0,0.0,0.0,22.68,3.03,0.0
20230628:2210,0.0,0.0,0.0,22.12,2.9,0.0
20230628:2310,0.0,0.0,0.0,21.61,2.55,0.0
20230629:0010,0.0,0.0,0.0,21.38,2.28,0.0
20230629:0110,0.0,0.0,0.0,21.15,2.0,0.0
20230629:0210,0.0,0.0,0.0,20.92,1.79,0.0
20230629:0310,0.0,0.0,0.0,20.76,1.72,0.0
20230629:0410,0.0,3.79,4.01,20.52,1.38,0.0
20230629:0510,12.66,25.56,13.51,20.4,1.1,0.0
20230629:0610,65.01,85.41,23.62,20.84,1.24,0.0
20230629:0710,116.0,138.8,34.03,20.38,2.07,0.0
20230629:0810,167.07,192.18,44.41,20.7,1.86,0.0
20230629:0910,411.16,452.53,54.24,20.73,1.72,0.0
20230629:1010,350.84,387.42,62.52,21.05,1.66,0.0
20230629:1110,740.66,827.3,67.16,21.54,1.72,0.0
20230629:1210,718.5,810.11,65.86,22.15,1.45,0.0
20230629:1310,746.41,854.12,59.38,22.94,1.03,0.0
20230629:1410,704.69,811.3,50.28,23.6,0.55,0.0
20230629:1510,341.22,381.66,40.14,23.68,0.76,0.0
20230629:1610,419.17,462.75,29.71,23.69,1.24,0.0
20230629:1710,138.5,163.74,19.38,23.51,1.45,0.0
20230629:1810,37.3,55.46,9.49,23.08,1.72,0.0
20230629:1910,0.0,0.0,0.0,22.81,1.17,0.0
20230629:2010,0.0,0.0,0.0,21.8,1.38,0.0
20230629:2110,0.0,0.0,0.0,21.3,1.72,0.0
20230629:2210,0.0,0.0,0.0,20.53,1.66,0.0
20230629:2310,0.0,0.0,0.0,20.0,1.38,0.0
20230630:0010,0.0,0.0,0.0,19.36,1.31,0.0
20230630:0110,0.0,0.0,0.0,19.29,1.31,0.0
20230630:0210,0.0,0.0,0.0,19.43,1.03,0.0
20230630:0310,0.0,0.0,0.0,19.37,0.9,0.0
20230630:0410,4.01,13.25,3.94,18.63,1.03,0.0
20230630:0510,48.73,67.22,13.44,18.93,1.1,0.0
20230630:0610,76.18,97.06,23.55,20.17,1.38,0.0
20230630:0710,104.73,127.15,33.96,19.99,0.9,0.0
20230630:0810,284.82,318.32,44.34,20.44,0.83,0.0
20230630:0910,212.98,240.71,54.17,20.8,1.31,0.0
20230630:1010,134.0,158.21,62.45,20.93,1.24,0.0
20230630:1110,0.0,0.0,0.0,21.46,1.45,0.0
20230630:1210,109.76,132.98,65.82,21.27,1.45,0.0
20230630:1310,123.59,147.53,59.36,21.37,1.45,0.0
20230630:1410,171.57,198.01,50.28,21.75,1.52,0.0
20230630:1510,97.26,120.36,40.14,22.34,1.52,0.0
20230630:1610,57.4,77.65,29.7,22.44,1.72,0.0
20230630:1710,45.24,64.06,19.38,21.77,2.0,0.0
20230630:1810,9.48,21.35,9.48,20.89,1.45,0.0
20230630:1910,0.0,0.0,0.0,18.09,1.03,0.0
20230630:2010,0.0,0.0,0.0,17.6,0.97,0.0
20230630:2110,0.0,0.0,0.0,17.3,0.62,0.0
20230630:2210,0.0,0.0,0.0,17.16,0.55,0.0
20230630:2310,0.0,0.0,0.0,17.1,0.62,0.0
20230701:0010,0.0,0.0,0.0,16.94,0.55,0.0
20230701:0110,0.0,0.0,0.0,16.75,0.41,0.0
20230701:0210,0.0,0.0,0.0,16.7,0.21,0.0
20230701:0310,0.0,0.0,0.0,16.52,0.28,0.0
20230701:0410,0.0,2.84,3.87,16.27,0.41,0.0
20230701:0510,65.3,84.26,13.37,16.35,0.48,0.0
20230701:0610,135.12,160.49,23.48,17.66,0.34,0.0
20230701:0710,204.25,252.87,33.89,19.25,0.34,0.0
20230701:0810,347.58,393.32,44.26,20.55,0.34,0.0
20230701:0910,466.52,524.34,54.09,22.24,0.48,0.0
20230701:1010,566.63,641.38,62.37,23.54,0.69,0.0
20230701:1110,651.06,747.62,67.03,24.55,0.69,0.0
20230701:1210,703.44,812.91,65.78,25.61,1.03,0.0
20230701:1310,798.07,924.58,59.34,26.29,1.66,0.0
20230701:1410,789.86,905.17,50.26,26.39,2.14,0.0
20230701:1510,682.53,770.75,40.13,26.45,2.14,0.0
20230701:1610,570.29,639.8,29.7,26.29,1.52,0.0
20230701:1710,425.27,475.68,19.37,25.93,0.9,0.0
20230701:1810,218.98,252.66,9.47,24.88,0.41,0.0
20230701:1910,0.0,0.0,0.0,24.08,0.34,0.0
20230701:2010,0.0,0.0,0.0,23.6,0.55,0.0
20230701:2110,0.0,0.0,0.0,21.94,0.97,0.0
20230701:2210,0.0,0.0,0.0,21.09,1.1,0.0
20230701:2310,0.0,0.0,0.0,20.04,1.03,0.0
20230702:0010,0.0,0.0,0.0,18.63,1.17,0.0
20230702:0110,0.0,0.0,0.0,17.94,1.24,0.0
20230702:0210,0.0,0.0,0.0,17.33,1.31,0.0
20230702:0310,0.0,0.0,0.0,16.93,1.31,0.0
20230702:0410,5.94,16.09,3.78,16.67,1.31,0.0
20230702:0510,48.16,66.27,13.29,17.7,0.97,0.0
20230702:0610,44.04,77.78,23.4,20.39,0.62,0.0
20230702:0710,168.09,229.91,33.81,21.69,0.55,0.0
20230702:0810,342.93,400.4,44.18,23.16,0.41,0.0
20230702:0910,495.89,563.14,54.01,24.53,0.55,0.0
20230702:1010,628.1,718.21,62.29,25.67,0.83,0.0
20230702:1110,723.24,835.73,66.96,26.65,1.24,0.0
20230702:1210,787.6,914.0,65.72,27.21,1.72,0.0
20230702:1310,805.19,935.27,59.31,27.31,1.86,0.0
20230702:1410,777.03,898.36,50.24,27.43,1.86,0.0
20230702:1510,698.45,800.28,40.12,27.31,1.59,0.0
20230702:1610,589.82,666.53,29.68,27.17,1.45,0.0
20230702:1710,427.32,478.96,19.35,26.91,1.17,0.0
20230702:1810,217.53,251.6,9.45,25.83,0.83,0.0
20230702:1910,0.0,0.0,0.0,24.47,1.31,0.0
20230702:2010,0.0,0.0,0.0,22.81,1.1,0.0
20230702:2110,0.0,0.0,0.0,22.04,1.1,0.0
20230702:2210,0.0,0.0,0.0,21.26,1.1,0.0
20230702:2310,0.0,0.0,0.0,21.03,1.03,0.0
20230703:0010,0.0,0.0,0.0,21.53,0.62,0.0
20230703:0110,0.0,0.0,0.0,21.12,0.41,0.0
20230703:0210,0.0,0.0,0.0,20.91,0.34,0.0
20230703:0310,0.0,0.0,0.0,20.36,0.62,0.0
20230703:0410,3.4,12.31,3.7,19.47,0.83,0.0
20230703:0510,29.96,46.39,13.2,19.49,0.76,0.0
20230703:0610,123.99,152.16,23.31,20.57,1.1,0.0
20230703:0710,202.31,233.74,33.73,22.27,0.69,0.0
20230703:0810,345.73,395.26,44.1,22.92,0.97,0.0
20230703:0910,468.01,529.96,53.93,23.73,0.48,0.0
20230703:1010,602.42,688.13,62.2,24.91,0.62,0.0
20230703:1110,727.59,839.42,66.88,25.79,1.1,0.0
20230703:1210,768.01,893.97,65.66,26.42,1.24,0.0
20230703:1310,736.9,857.49,59.27,26.95,1.24,0.0
20230703:1410,731.92,846.09,50.22,27.47,1.59,0.0
20230703:1510,373.87,421.7,40.1,26.96,1.38,0.0
20230703:1610,520.09,585.94,29.66,26.57,1.03,0.0
20230703:1710,111.67,136.59,19.33,24.25,0.55,0.0
20230703:1810,1.84,9.71,9.42,22.8,2.21,0.0
20230703:1910,0.0,0.0,0.0,22.31,1.72,0.0
20230703:2010,0.0,0.0,0.0,21.73,0.21,0.0
20230703:2110,0.0,0.0,0.0,19.64,1.38,0.0
20230703:2210,0.0,0.0,0.0,18.22,0.97,0.0
20230703:2310,0.0,0.0,0.0,17.8,1.24,0.0
20230704:0010,0.0,0.0,0.0,18.05,1.59,0.0
20230704:0110,0.0,0.0,0.0,17.9,0.69,0.0
20230704:0210,0.0,0.0,0.0,17.07,0.9,0.0
20230704:0310,0.0,0.0,0.0,16.63,1.17,0.0
20230704:0410,7.94,18.93,3.61,16.62,1.17,0.0
20230704:0510,49.07,67.22,13.12,17.52,0.97,0.0
20230704:0610,52.32,83.8,23.23,18.42,0.55,0.0
20230704:0710,185.97,238.82,33.64,18.22,0.21,0.0
20230704:0810,351.02,397.97,44.02,19.22,0.9,0.0
20230704:0910,505.63,565.08,53.84,21.24,0.55,0.0
20230704:1010,603.29,679.38,62.11,22.29,0.69,0.0
20230704:1110,712.16,811.16,66.79,23.32,1.03,0.0
20230704:1210,781.72,896.82,65.6,24.23,1.45,0.0
20230704:1310,647.41,733.58,59.23,24.69,1.52,0.0
20230704:1410,560.52,631.77,50.19,24.52,1.1,0.0
20230704:1510,502.67,566.61,40.08,24.26,0.41,0.0
20230704:1610,361.94,396.93,29.64,22.38,1.59,0.0
20230704:1710,396.43,429.75,19.31,21.88,2.28,0.0
20230704:1810,230.12,259.93,9.39,21.82,1.17,0.0
20230704:1910,0.0,0.0,0.0,21.23,2.21,0.0
20230704:2010,0.0,0.0,0.0,20.21,1.59,0.0
20230704:2110,0.0,0.0,0.0,19.89,1.66,0.0
20230704:2210,0.0,0.0,0.0,19.11,2.14,0.0
20230704:2310,0.0,0.0,0.0,18.43,2.07,0.0
20230705:0010,0.0,0.0,0.0,17.62,1.79,0.0
20230705:0110,0.0,0.0,0.0,17.02,1.45,0.0
20230705:0210,0.0,0.0,0.0,17.02,2.07,0.0
20230705:0310,0.0,0.0,0.0,17.17,1.72,0.0
20230705:0410,5.92,16.09,3.52,17.25,1.24,0.0
20230705:0510,45.47,63.43,13.02,17.95,0.69,0.0
20230705:0610,122.95,149.99,23.14,18.98,0.62,0.0
20230705:0710,0.0,0.0,0.0,19.66,0.21,0.0
20230705:0810,345.63,398.01,43.92,20.29,0.34,0.0
20230705:0910,498.61,559.25,53.74,20.47,0.07,0.0
20230705:1010,611.4,691.42,62.01,21.55,0.28,0.0
20230705:1110,613.8,697.4,66.69,22.85,0.62,0.0
20230705:1210,567.61,642.09,65.52,23.78,0.97,0.0
20230705:1310,364.02,409.36,59.18,24.49,1.17,0.0
20230705:1410,46.1,66.0,50.16,25.08,0.62,0.0
20230705:1510,614.92,705.93,40.05,25.22,0.34,0.0
20230705:1610,141.66,169.35,29.61,25.05,0.76,0.0
20230705:1710,422.53,468.27,19.28,24.37,1.03,0.0
20230705:1810,224.45,257.21,9.35,23.79,0.48,0.0
20230705:1910,0.0,0.0,0.0,22.56,1.45,0.0
20230705:2010,0.0,0.0,0.0,21.32,1.66,0.0
20230705:2110,0.0,0.0,0.0,20.36,1.66,0.0
20230705:2210,0.0,0.0,0.0,19.43,1.86,0.0
20230705:2310,0.0,0.0,0.0,18.69,1.72,0.0
20230706:0010,0.0,0.0,0.0,18.18,1.59,0.0
20230706:0110,0.0,0.0,0.0,17.51,1.72,0.0
20230706:0210,0.0,0.0,0.0,17.39,1.52,0.0
20230706:0310,0.0,0.0,0.0,17.34,1.24,0.0
20230706:0410,0.0,1.89,3.42,16.96,1.45,0.0
20230706:0510,54.28,72.9,12.93,18.0,2.0,0.0
20230706:0610,133.27,157.26,23.04,18.76,3.17,0.0
20230706:0710,172.2,197.38,33.46,20.06,2.07,0.0
20230706:0810,330.38,366.84,43.83,20.64,2.21,0.0
20230706:0910,404.86,444.02,53.65,20.56,2.14,0.0
20230706:1010,470.24,515.68,61.91,21.27,2.34,0.0
20230706:1110,182.06,208.68,66.59,21.99,2.34,0.0
20230706:1210,708.84,783.15,65.44,21.59,2.62,0.0
20230706:1310,59.67,79.59,59.12,20.96,2.34,0.0
20230706:1410,471.74,513.93,50.12,21.21,2.48,0.0
20230706:1510,78.64,99.97,40.01,21.09,1.93,0.0
20230706:1610,56.17,75.71,29.58,20.47,1.59,0.0
20230706:1710,345.95,376.29,19.24,20.68,1.38,0.0
20230706:1810,235.06,263.7,9.31,20.8,1.38,0.0
20230706:1910,0.0,0.0,0.0,21.04,0.48,0.0
20230706:2010,0.0,0.0,0.0,20.18,1.38,0.0
20230706:2110,0.0,0.0,0.0,19.3,1.59,0.0
20230706:2210,0.0,0.0,0.0,18.33,1.66,0.0
20230706:2310,0.0,0.0,0.0,17.58,1.52,0.0
20230707:0010,0.0,0.0,0.0,16.78,1.45,0.0
20230707:0110,0.0,0.0,0.0,16.1,1.45,0.0
20230707:0210,0.0,0.0,0.0,16.04,1.59,0.0
20230707:0310,0.0,0.0,0.0,15.86,1.72,0.0
20230707:0410,0.0,1.89,3.31,15.63,1.79,0.0
20230707:0510,51.2,69.11,12.83,16.23,1.52,0.0
20230707:0610,43.81,73.08,22.95,17.79,1.31,0.0
20230707:0710,163.83,224.72,33.36,21.17,0.69,0.0
20230707:0810,339.65,399.05,43.73,22.88,0.07,0.0
20230707:0910,504.76,574.53,53.54,23.93,0.28,0.0
20230707:1010,641.04,732.12,61.8,24.93,0.76,0.0
20230707:1110,743.94,856.89,66.49,25.81,1.31,0.0
20230707:1210,804.15,935.03,65.36,26.37,1.52,0.0
20230707:1310,813.8,947.67,59.06,26.78,1.66,0.0
20230707:1410,780.39,907.64,50.07,26.93,1.45,0.0
20230707:1510,726.13,837.09,39.97,27.01,1.38,0.0
20230707:1610,580.92,653.72,29.54,26.83,1.59,0.0
20230707:1710,430.08,478.65,19.2,26.24,1.59,0.0
20230707:1810,232.72,266.77,9.26,25.25,1.31,0.0
20230707:1910,0.0,0.0,0.0,23.81,1.52,0.0
20230707:2010,0.0,0.0,0.0,22.33,1.52,0.0
20230707:2110,0.0,0.0,0.0,21.57,1.38,0.0
20230707:2210,0.0,0.0,0.0,20.95,1.24,0.0
20230707:2310,0.0,0.0,0.0,21.85,0.69,0.0
20230708:0010,0.0,0.0,0.0,20.88,0.9,0.0
20230708:0110,0.0,0.0,0.0,20.28,1.86,0.0
20230708:0210,0.0,0.0,0.0,20.16,2.0,0.0
20230708:0310,0.0,0.0,0.0,20.11,2.14,0.0
20230708:0410,0.0,3.79,3.21,19.61,2.14,0.0
20230708:0510,59.89,79.52,12.73,19.89,1.79,0.0
20230708:0610,126.26,152.73,22.85,21.42,1.38,0.0
20230708:0710,167.42,194.45,33.26,21.97,1.45,0.0
20230708:0810,338.37,390.23,43.63,22.92,1.45,0.0
20230708:0910,480.83,535.34,53.44,23.02,1.66,0.0
20230708:1010,634.51,704.61,61.68,23.29,2.0,0.0
20230708:1110,739.4,828.68,66.37,24.26,2.41,0.0
20230708:1210,774.52,883.21,65.26,25.15,2.0,0.0
20230708:1310,799.79,935.24,58.99,26.13,1.17,0.0
20230708:1410,770.96,915.88,50.02,26.57,0.41,0.0
20230708:1510,692.15,812.72,39.93,26.95,0.28,0.0
20230708:1610,579.41,662.34,29.5,26.87,0.55,0.0
20230708:1710,408.43,456.98,19.15,26.63,1.17,0.0
20230708:1810,185.44,216.44,9.21,25.58,1.17,0.0
20230708:1910,0.0,0.0,0.0,24.39,1.52,0.0
20230708:2010,0.0,0.0,0.0,22.74,1.45,0.0
20230708:2110,0.0,0.0,0.0,21.48,1.52,0.0
20230708:2210,0.0,0.0,0.0,20.43,1.66,0.0
20230708:2310,0.0,0.0,0.0,19.74,1.66,0.0
20230709:0010,0.0,0.0,0.0,19.41,1.66,0.0
20230709:0110,0.0,0.0,0.0,18.86,1.66,0.0
20230709:0210,0.0,0.0,0.0,18.24,1.38,0.0
20230709:0310,0.0,0.0,0.0,18.53,1.52,0.0
20230709:0410,3.43,12.31,3.1,18.31,1.72,0.0
20230709:0510,47.09,65.32,12.62,18.67,1.59,0.0
20230709:0610,41.04,69.05,22.74,20.45,1.38,0.0
20230709:0710,157.48,220.64,33.16,23.71,1.03,0.0
20230709:0810,330.77,393.95,43.53,26.09,0.41,0.0
20230709:0910,489.73,568.09,53.33,27.55,0.21,0.0
20230709:1010,622.72,728.36,61.57,28.74,0.48,0.0
20230709:1110,717.94,849.19,66.25,29.69,0.9,0.0
20230709:1210,782.21,932.7,65.16,30.34,1.24,0.0
20230709:1310,789.69,946.76,58.92,30.67,1.17,0.0
20230709:1410,772.88,922.48,49.96,30.89,1.24,0.0
20230709:1510,691.4,819.08,39.88,31.07,0.9,0.0
20230709:1610,575.32,663.81,29.45,30.95,1.31,0.0
20230709:1710,407.58,463.1,19.1,30.32,1.52,0.0
20230709:1810,222.46,260.15,9.15,28.9,1.31,0.0
20230709:1910,0.0,0.0,0.0,27.15,1.31,0.0
20230709:2010,0.0,0.0,0.0,25.36,1.45,0.0
20230709:2110,0.0,0.0,0.0,24.63,1.24,0.0
20230709:2210,0.0,0.0,0.0,23.51,1.45,0.0
20230709:2310,0.0,0.0,0.0,22.43,1.59,0.0
20230710:0010,0.0,0.0,0.0,21.58,1.72,0.0
20230710:0110,0.0,0.0,0.0,21.03,1.72,0.0
20230710:0210,0.0,0.0,0.0,20.59,1.72,0.0
20230710:0310,0.0,0.0,0.0,20.33,1.79,0.0
20230710:0410,2.27,10.41,2.98,20.13,1.79,0.0
20230710:0510,57.77,77.63,12.51,21.0,1.38,0.0
20230710:0610,56.08,84.37,22.64,24.41,0.9,0.0
20230710:0710,159.62,221.99,33.06,26.84,0.97,0.0
20230710:0810,324.87,387.04,43.42,28.15,0.55,0.0
20230710:0910,478.99,558.21,53.21,29.23,0.41,0.0
20230710:1010,608.53,715.24,61.44,30.23,0.55,0.0
20230710:1110,701.93,836.79,66.13,31.0,0.76,0.0
20230710:1210,758.89,918.64,65.06,31.63,0.76,0.0
20230710:1310,758.38,926.11,58.84,32.07,0.55,0.0
20230710:1410,732.15,895.95,49.9,32.18,0.28,0.0
20230710:1510,668.93,798.93,39.82,32.1,0.62,0.0
20230710:1610,548.3,637.69,29.39,32.01,0.97,0.0
20230710:1710,384.17,435.51,19.04,30.4,1.86,0.0
20230710:1810,151.05,182.24,9.09,29.37,2.14,0.0
20230710:1910,0.0,0.0,0.0,28.14,1.1,0.0
20230710:2010,0.0,0.0,0.0,26.59,1.66,0.0
20230710:2110,0.0,0.0,0.0,25.16,1.52,0.0
20230710:2210,0.0,0.0,0.0,24.1,1.52,0.0
20230710:2310,0.0,0.0,0.0,23.56,1.52,0.0
20230711:0010,0.0,0.0,0.0,23.05,1.59,0.0
20230711:0110,0.0,0.0,0.0,22.77,1.72,0.0
20230711:0210,0.0,0.0,0.0,22.41,1.66,0.0
20230711:0310,0.0,0.0,0.0,22.07,1.66,0.0
20230711:0410,0.77,7.57,2.87,21.66,1.66,0.0
20230711:0510,50.44,70.06,12.4,22.45,1.31,0.0
20230711:0610,119.19,147.86,22.53,25.59,0.83,0.0
20230711:0710,211.81,256.2,32.95,26.72,0.9,0.0
20230711:0810,326.52,381.31,43.31,27.49,1.1,0.0
20230711:0910,478.29,551.71,53.1,28.37,0.83,0.0
20230711:1010,604.1,709.16,61.32,29.6,0.41,0.0
20230711:1110,692.1,829.76,66.0,30.5,0.34,0.0
20230711:1210,751.34,910.59,64.94,31.14,0.55,0.0
20230711:1310,757.02,922.82,58.75,31.84,0.55,0.0
20230711:1410,735.79,893.56,49.83,32.12,0.55,0.0
20230711:1510,663.27,784.18,39.76,32.27,1.1,0.0
20230711:1610,368.2,425.89,29.33,32.41,0.97,0.0
20230711:1710,429.04,493.1,18.98,31.66,1.1,0.0
20230711:1810,207.24,244.89,9.02,30.7,2.0,0.0
20230711:1910,0.0,0.0,0.0,28.18,2.0,0.0
20230711:2010,0.0,0.0,0.0,27.01,1.86,0.0
20230711:2110,0.0,0.0,0.0,25.94,1.66,0.0
20230711:2210,0.0,0.0,0.0,25.01,1.24,0.0
20230711:2310,0.0,0.0,0.0,26.38,0.14,0.0
20230712:0010,0.0,0.0,0.0,24.12,1.72,0.0
20230712:0110,0.0,0.0,0.0,23.56,2.14,0.0
20230712:0210,0.0,0.0,0.0,22.95,2.21,0.0
20230712:0310,0.0,0.0,0.0,22.28,1.45,0.0
20230712:0410,0.0,1.89,2.74,21.82,1.52,0.0
20230712:0510,10.41,22.72,12.28,22.07,1.66,0.0
20230712:0610,13.75,27.18,22.41,22.43,1.1,0.0
20230712:0710,177.16,207.11,32.84,23.58,0.97,0.0
20230712:0810,275.53,314.88,43.19,24.15,0.48,0.0
20230712:0910,435.7,492.98,52.98,24.37,0.76,0.0
20230712:1010,493.11,558.7,61.18,25.16,0.97,0.0
20230712:1110,182.66,213.54,65.86,24.85,0.48,0.0
20230712:1210,152.74,179.57,64.82,23.76,2.14,0.0
20230712:1310,122.06,146.56,58.66,23.36,3.72,0.0
20230712:1410,57.25,77.65,49.75,23.45,4.14,0.0
20230712:1510,309.49,341.37,39.69,23.26,3.52,0.0
20230712:1610,83.68,105.8,29.27,22.41,2.62,0.0
20230712:1710,72.43,93.48,18.91,21.82,2.97,0.0
20230712:1810,62.94,83.24,8.94,21.42,2.62,0.0
20230712:1910,0.0,0.0,0.0,22.27,2.14,0.0
20230712:2010,0.0,0.0,0.0,20.28,2.97,0.0
20230712:2110,0.0,0.0,0.0,20.08,2.0,0.0
20230712:2210,0.0,0.0,0.0,20.04,1.66,0.0
20230712:2310,0.0,0.0,0.0,19.99,1.86,0.0
20230713:0010,0.0,0.0,0.0,19.6,1.79,0.0
20230713:0110,0.0,0.0,0.0,19.14,1.17,0.0
20230713:0210,0.0,0.0,0.0,18.89,1.17,0.0
20230713:0310,0.0,0.0,0.0,18.32,1.17,0.0
20230713:0410,1.79,9.47,2.62,17.88,1.17,0.0
20230713:0510,46.25,64.38,12.16,18.24,0.41,0.0
20230713:0610,42.3,65.77,22.3,18.8,0.62,0.0
20230713:0710,153.78,214.49,32.72,22.03,1.24,0.0
20230713:0810,327.17,384.89,43.08,23.05,0.41,0.0
20230713:0910,497.18,555.08,52.85,23.72,1.72,0.0
20230713:1010,616.83,698.0,61.05,24.04,0.9,0.0
20230713:1110,608.28,694.49,65.71,24.67,0.83,0.0
20230713:1210,65.23,87.36,64.7,25.44,0.83,0.0
20230713:1310,764.29,906.84,58.56,26.28,0.41,0.0
20230713:1410,761.17,888.16,49.67,26.8,1.1,0.0
20230713:1510,701.4,813.63,39.62,27.36,0.97,0.0
20230713:1610,568.21,645.61,29.2,27.47,1.03,0.0
20230713:1710,413.43,465.33,18.83,27.35,0.97,0.0
20230713:1810,160.1,190.31,8.86,26.13,0.62,0.0
20230713:1910,0.0,0.0,0.0,24.94,0.9,0.0
20230713:2010,0.0,0.0,0.0,24.71,0.28,0.0
20230713:2110,0.0,0.0,0.0,23.59,0.69,0.0
20230713:2210,0.0,0.0,0.0,21.6,1.03,0.0
20230713:2310,0.0,0.0,0.0,20.62,1.24,0.0
20230714:0010,0.0,0.0,0.0,20.3,1.24,0.0
20230714:0110,0.0,0.0,0.0,19.77,1.24,0.0
20230714:0210,0.0,0.0,0.0,19.57,1.31,0.0
20230714:0310,0.0,0.0,0.0,19.26,1.24,0.0
20230714:0410,1.26,8.52,2.49,19.36,1.31,0.0
20230714:0510,9.17,20.83,12.04,19.45,1.17,0.0
20230714:0610,22.63,37.85,22.18,19.79,1.03,0.0
20230714:0710,58.71,78.62,32.6,20.85,1.17,0.0
20230714:0810,200.94,228.48,42.96,21.05,1.24,0.0
20230714:0910,248.47,279.12,52.72,21.69,1.45,0.0
20230714:1010,80.88,102.89,60.9,22.06,1.24,0.0
20230714:1110,141.17,166.95,65.56,22.72,1.38,0.0
20230714:1210,99.38,123.27,64.56,23.59,1.52,0.0
20230714:1310,250.5,283.8,58.45,24.46,2.28,0.0
20230714:1410,506.58,562.77,49.58,24.99,2.34,0.0
20230714:1510,655.91,734.84,39.54,25.14,2.0,0.0
20230714:1610,537.54,599.26,29.12,25.07,1.31,0.0
20230714:1710,390.24,432.42,18.75,25.01,1.38,0.0
20230714:1810,128.45,154.78,8.77,24.5,1.38,0.0
20230714:1910,0.0,0.0,0.0,22.62,1.86,0.0
20230714:2010,0.0,0.0,0.0,22.17,1.93,0.0
20230714:2110,0.0,0.0,0.0,21.6,2.0,0.0
20230714:2210,0.0,0.0,0.0,21.12,2.0,0.0
20230714:2310,0.0,0.0,0.0,20.86,1.93,0.0
20230715:0010,0.0,0.0,0.0,20.55,1.93,0.0
20230715:0110,0.0,0.0,0.0,20.25,1.93,0.0
20230715:0210,0.0,0.0,0.0,20.01,1.93,0.0
20230715:0310,0.0,0.0,0.0,19.79,2.0,0.0
20230715:0410,0.0,4.73,2.36,19.67,1.93,0.0
20230715:0510,57.23,76.68,11.91,19.94,1.72,0.0
20230715:0610,67.29,90.43,22.06,21.23,1.45,0.0
20230715:0710,167.69,223.07,32.48,23.33,0.76,0.0
20230715:0810,320.35,378.27,42.83,24.46,0.41,0.0
20230715:0910,478.22,546.56,52.59,25.12,0.34,0.0
20230715:1010,582.72,665.43,60.76,26.07,0.9,0.0
20230715:1110,597.16,680.29,65.41,26.99,1.72,0.0
20230715:1210,584.62,663.44,64.42,27.24,2.14,0.0
20230715:1310,611.46,696.66,58.34,27.32,1.86,0.0
20230715:1410,381.24,432.92,49.49,27.47,1.31,0.0
20230715:1510,372.48,423.93,39.46,27.72,0.76,0.0
20230715:1610,463.09,524.3,29.04,27.71,0.83,0.0
20230715:1710,381.12,428.16,18.67,27.39,1.17,0.0
20230715:1810,103.05,128.78,8.68,26.52,1.72,0.0
20230715:1910,0.0,0.0,0.0,25.24,2.0,0.0
20230715:2010,0.0,0.0,0.0,24.37,1.72,0.0
20230715:2110,0.0,0.0,0.0,23.36,1.45,0.0
20230715:2210,0.0,0.0,0.0,22.53,1.31,0.0
20230715:2310,0.0,0.0,0.0,21.98,1.24,0.0
20230716:0010,0.0,0.0,0.0,21.65,1.17,0.0
20230716:0110,0.0,0.0,0.0,20.84,1.38,0.0
20230716:0210,0.0,0.0,0.0,20.24,1.45,0.0
20230716:0310,0.0,0.0,0.0,19.92,1.52,0.0
20230716:0410,0.0,3.79,2.22,19.5,1.66,0.0
20230716:0510,53.66,72.9,11.78,20.08,1.24,0.0
20230716:0610,46.58,67.81,21.93,22.88,0.83,0.0
20230716:0710,147.27,209.14,32.36,24.61,0.48,0.0
20230716:0810,315.27,376.86,42.71,25.68,0.28,0.0
20230716:0910,445.53,512.55,52.45,26.48,0.34,0.0
20230716:1010,612.27,701.24,60.61,27.19,1.1,0.0
20230716:1110,682.66,789.25,65.25,27.71,1.31,0.0
20230716:1210,750.03,879.66,64.28,28.04,1.17,0.0
20230716:1310,732.39,862.22,58.22,28.48,1.03,0.0
20230716:1410,674.13,787.13,49.39,28.55,0.97,0.0
20230716:1510,678.78,800.42,39.37,28.74,0.41,0.0
20230716:1610,546.8,633.11,28.95,28.78,0.21,0.0
20230716:1710,147.39,177.01,18.58,28.33,0.83,0.0
20230716:1810,147.95,177.74,8.58,27.38,1.59,0.0
20230716:1910,0.0,0.0,0.0,26.39,1.79,0.0
20230716:2010,0.0,0.0,0.0,25.21,1.93,0.0
20230716:2110,0.0,0.0,0.0,24.3,1.93,0.0
20230716:2210,0.0,0.0,0.0,23.63,2.0,0.0
20230716:2310,0.0,0.0,0.0,22.89,2.07,0.0
20230717:0010,0.0,0.0,0.0,22.69,1.93,0.0
20230717:0110,0.0,0.0,0.0,22.29,1.79,0.0
20230717:0210,0.0,0.0,0.0,21.93,1.72,0.0
20230717:0310,0.0,0.0,0.0,21.69,1.59,0.0
20230717:0410,0.0,1.89,2.08,21.14,1.52,0.0
20230717:0510,55.04,74.79,11.65,21.37,1.31,0.0
20230717:0610,56.31,77.61,21.81,23.91,0.9,0.0
20230717:0710,150.32,211.25,32.23,25.45,0.41,0.0
20230717:0810,312.58,375.5,42.58,26.79,0.48,0.0
20230717:0910,474.17,546.96,52.32,27.66,0.62,0.0
20230717:1010,605.69,705.04,60.45,28.52,0.55,0.0
20230717:1110,697.74,824.8,65.08,29.37,0.69,0.0
20230717:1210,763.99,906.36,64.12,29.79,1.17,0.0
20230717:1310,760.66,908.52,58.1,30.1,0.97,0.0
20230717:1410,636.23,755.45,49.28,30.14,0.34,0.0
20230717:1510,541.52,634.8,39.27,30.36,0.21,0.0
20230717:1610,546.06,630.65,28.86,30.16,0.76,0.0
20230717:1710,391.88,446.45,18.48,29.8,0.97,0.0
20230717:1810,137.34,167.45,8.48,28.68,1.31,0.0
20230717:1910,0.0,0.0,0.0,27.64,2.07,0.0
20230717:2010,0.0,0.0,0.0,26.36,2.0,0.0
20230717:2110,0.0,0.0,0.0,25.36,1.72,0.0
20230717:2210,0.0,0.0,0.0,24.21,1.45,0.0
20230717:2310,0.0,0.0,0.0,23.52,1.24,0.0
20230718:0010,0.0,0.0,0.0,23.0,1.24,0.0
20230718:0110,0.0,0.0,0.0,22.4,1.24,0.0
20230718:0210,0.0,0.0,0.0,21.5,1.45,0.0
20230718:0310,0.0,0.0,0.0,20.78,1.66,0.0
20230718:0410,0.0,1.89,1.94,20.34,1.66,0.0
20230718:0510,52.57,71.95,11.51,20.94,1.38,0.0
20230718:0610,90.73,114.55,21.68,24.4,1.03,0.0
20230718:0710,151.53,211.32,32.1,25.35,0.07,0.0
20230718:0810,309.01,371.29,42.44,26.97,0.34,0.0
20230718:0910,450.34,518.74,52.17,28.27,0.97,0.0
20230718:1010,594.91,684.37,60.29,29.18,1.45,0.0
20230718:1110,696.65,812.08,64.91,29.87,1.52,0.0
20230718:1210,642.9,747.79,63.96,30.44,1.79,0.0
20230718:1310,436.75,505.02,57.96,30.93,1.45,0.0
20230718:1410,264.96,310.42,49.17,30.72,0.76,0.0
20230718:1510,656.97,764.31,39.17,30.65,1.45,0.0
20230718:1610,530.19,609.34,28.76,30.68,1.17,0.0
20230718:1710,273.83,315.19,18.38,30.2,0.97,0.0
20230718:1810,85.98,112.0,8.37,29.41,0.69,0.0
20230718:1910,0.0,0.0,0.0,28.13,1.66,0.0
20230718:2010,0.0,0.0,0.0,26.87,1.79,0.0
20230718:2110,0.0,0.0,0.0,25.96,2.21,0.0
20230718:2210,0.0,0.0,0.0,25.23,2.48,0.0
20230718:2310,0.0,0.0,0.0,24.6,3.24,0.0
20230719:0010,0.0,0.0,0.0,23.41,4.41,0.0
20230719:0110,0.0,0.0,0.0,22.6,4.07,0.0
20230719:0210,0.0,0.0,0.0,22.21,3.59,0.0
20230719:0310,0.0,0.0,0.0,22.02,3.24,0.0
20230719:0410,0.0,0.95,1.79,21.98,2.76,0.0
20230719:0510,33.7,51.12,11.38,22.06,2.28,0.0
20230719:0610,80.78,103.19,21.54,23.21,1.79,0.0
20230719:0710,186.73,221.1,31.97,25.25,0.14,0.0
20230719:0810,309.23,369.86,42.31,26.71,0.83,0.0
20230719:0910,460.94,532.52,52.03,28.16,0.69,0.0
20230719:1010,586.4,687.91,60.13,29.02,0.21,0.0
20230719:1110,626.2,744.61,64.73,29.81,0.21,0.0
20230719:1210,520.03,609.08,63.8,30.68,0.76,0.0
20230719:1310,709.87,832.3,57.83,30.87,1.79,0.0
20230719:1410,590.16,684.72,49.06,30.25,1.31,0.0
20230719:1510,432.15,494.78,39.06,30.08,1.24,0.0
20230719:1610,171.92,204.47,28.65,30.02,2.69,0.0
20230719:1710,127.78,156.18,18.27,29.37,2.28,0.0
20230719:1810,79.13,103.64,8.26,28.32,2.48,0.0
20230719:1910,0.0,0.0,0.0,26.3,1.79,0.0
20230719:2010,0.0,0.0,0.0,25.1,1.1,0.0
20230719:2110,0.0,0.0,0.0,23.91,1.17,0.0
20230719:2210,0.0,0.0,0.0,23.18,1.17,0.0
20230719:2310,0.0,0.0,0.0,22.27,1.17,0.0
20230720:0010,0.0,0.0,0.0,21.49,1.17,0.0
20230720:0110,0.0,0.0,0.0,20.81,1.03,0.0
20230720:0210,0.0,0.0,0.0,20.12,1.1,0.0
20230720:0310,0.0,0.0,0.0,19.87,0.97,0.0
20230720:0410,0.0,0.95,1.64,19.24,1.03,0.0
20230720:0510,50.4,69.11,11.24,19.19,1.1,0.0
20230720:0610,79.29,101.3,21.41,22.16,0.9,0.0
20230720:0710,141.32,202.59,31.84,23.6,0.9,0.0
20230720:0810,313.44,372.9,42.17,25.06,1.1,0.0
20230720:0910,477.57,545.92,51.88,26.58,0.97,0.0
20230720:1010,611.59,705.9,59.96,27.96,0.9,0.0
20230720:1110,705.01,826.75,64.55,28.82,0.97,0.0
20230720:1210,765.04,905.53,63.63,29.33,1.17,0.0
20230720:1310,782.88,929.5,57.68,29.81,1.31,0.0
20230720:1410,710.87,832.07,48.93,30.01,1.52,0.0
20230720:1510,694.1,803.96,38.95,30.01,1.79,0.0
20230720:1610,576.71,657.1,28.54,29.48,1.66,0.0
20230720:1710,390.1,438.94,18.16,28.51,1.66,0.0
20230720:1810,142.67,172.29,8.13,27.6,1.79,0.0
20230720:1910,0.0,0.0,0.0,26.21,1.59,0.0
20230720:2010,0.0,0.0,0.0,24.79,1.45,0.0
20230720:2110,0.0,0.0,0.0,24.19,1.17,0.0
20230720:2210,0.0,0.0,0.0,22.76,0.83,0.0
20230720:2310,0.0,0.0,0.0,22.42,1.38,0.0
20230721:0010,0.0,0.0,0.0,22.45,0.83,0.0
20230721:0110,0.0,0.0,0.0,20.61,1.1,0.0
20230721:0210,0.0,0.0,0.0,20.3,1.03,0.0
20230721:0310,0.0,0.0,0.0,19.48,0.83,0.0
20230721:0410,0.0,0.95,1.49,19.08,0.69,0.0
20230721:0510,49.46,68.16,11.09,19.29,0.48,0.0
20230721:0610,104.58,126.86,21.27,19.64,0.76,0.0
20230721:0710,207.65,244.13,31.7,20.81,0.97,0.0
20230721:0810,43.65,62.12,42.03,20.94,1.38,0.0
20230721:0910,66.53,87.36,51.73,21.85,1.66,0.0
20230721:1010,635.47,699.87,59.79,22.23,2.21,0.0
20230721:1110,744.24,823.97,64.36,22.46,2.62,0.0
20230721:1210,800.71,897.63,63.45,22.87,2.41,0.0
20230721:1310,288.68,322.86,57.53,23.16,2.14,0.0
20230721:1410,609.52,684.39,48.8,23.88,1.38,0.0
20230721:1510,360.68,402.75,38.83,24.57,1.24,0.0
20230721:1610,188.49,216.9,28.43,23.85,1.45,0.0
20230721:1710,215.53,245.07,18.04,23.73,0.41,0.0
20230721:1810,76.37,98.84,8.01,23.61,1.24,0.0
20230721:1910,0.0,0.0,0.0,24.77,0.48,0.0
20230721:2010,0.0,0.0,0.0,23.61,0.69,0.0
20230721:2110,0.0,0.0,0.0,23.04,0.55,0.0
20230721:2210,0.0,0.0,0.0,22.45,0.34,0.0
20230721:2310,0.0,0.0,0.0,21.82,0.55,0.0
20230722:0010,0.0,0.0,0.0,20.06,1.03,0.0
20230722:0110,0.0,0.0,0.0,19.39,1.03,0.0
20230722:0210,0.0,0.0,0.0,19.05,1.03,0.0
20230722:0310,0.0,0.0,0.0,19.11,0.9,0.0
20230722:0410,0.0,0.0,0.0,19.16,0.83,0.0
20230722:0510,43.46,61.54,10.95,19.23,0.62,0.0
20230722:0610,98.06,120.23,21.13,20.19,1.03,0.0
20230722:0710,196.18,238.57,31.56,20.22,1.45,0.0
20230722:0810,316.6,368.95,41.89,21.23,1.17,0.0
20230722:0910,462.25,518.81,51.57,22.71,0.9,0.0
20230722:1010,586.34,664.22,59.61,23.98,0.76,0.0
20230722:1110,674.19,771.16,64.16,25.3,1.17,0.0
20230722:1210,757.75,868.01,63.26,25.88,1.86,0.0
20230722:1310,780.76,892.43,57.37,26.4,2.34,0.0
20230722:1410,754.56,868.46,48.67,26.0,1.52,0.0
20230722:1510,655.38,746.99,38.71,26.39,1.31,0.0
20230722:1610,387.31,434.18,28.31,26.21,0.97,0.0
20230722:1710,371.98,415.65,17.92,25.79,0.97,0.0
20230722:1810,13.56,27.18,7.88,24.92,0.97,0.0
20230722:1910,0.0,0.0,0.0,24.47,0.69,0.0
20230722:2010,0.0,0.0,0.0,23.25,0.83,0.0
20230722:2110,0.0,0.0,0.0,22.81,0.76,0.0
20230722:2210,0.0,0.0,0.0,22.08,0.83,0.0
20230722:2310,0.0,0.0,0.0,20.61,1.17,0.0
20230723:0010,0.0,0.0,0.0,20.58,0.83,0.0
20230723:0110,0.0,0.0,0.0,19.2,1.03,0.0
20230723:0210,0.0,0.0,0.0,19.01,0.97,0.0
20230723:0310,0.0,0.0,0.0,18.68,0.83,0.0
20230723:0410,0.0,0.0,0.0,18.57,0.76,0.0
20230723:0510,38.44,55.86,10.8,18.75,0.55,0.0
20230723:0610,121.83,144.85,20.99,19.55,0.69,0.0
20230723:0710,184.56,212.18,31.42,20.27,1.38,0.0
20230723:0810,208.61,237.02,41.74,21.2,1.03,0.0
20230723:0910,419.41,470.38,51.41,22.77,0.9,0.0
20230723:1010,552.96,620.22,59.43,23.75,1.31,0.0
20230723:1110,649.76,734.63,63.96,24.88,1.66,0.0
20230723:1210,641.7,730.2,63.07,25.33,1.45,0.0
20230723:1310,719.13,835.87,57.21,26.01,0.9,0.0
20230723:1410,648.64,742.06,48.53,26.3,1.24,0.0
20230723:1510,630.57,721.75,38.58,26.42,0.9,0.0
20230723:1610,540.74,611.22,28.18,26.38,0.83,0.0
20230723:1710,336.61,378.05,17.78,26.16,0.76,0.0
20230723:1810,108.74,134.58,7.74,25.4,1.45,0.0
20230723:1910,0.0,0.0,0.0,24.58,1.93,0.0
20230723:2010,0.0,0.0,0.0,23.85,1.66,0.0
20230723:2110,0.0,0.0,0.0,22.88,1.1,0.0
20230723:2210,0.0,0.0,0.0,22.05,1.24,0.0
20230723:2310,0.0,0.0,0.0,21.76,1.38,0.0
20230724:0010,0.0,0.0,0.0,21.77,1.59,0.0
20230724:0110,0.0,0.0,0.0,21.65,1.52,0.0
20230724:0210,0.0,0.0,0.0,21.77,1.79,0.0
20230724:0310,0.0,0.0,0.0,21.58,1.93,0.0
20230724:0410,0.0,0.0,0.0,21.47,2.0,0.0
20230724:0510,7.05,17.99,10.65,21.52,1.72,0.0
20230724:0610,11.8,24.61,20.84,22.43,1.52,0.0
20230724:0710,48.34,67.94,31.28,23.22,1.31,0.0
20230724:0810,45.48,65.03,41.59,24.3,1.45,0.0
20230724:0910,93.38,117.45,51.25,24.82,1.72,0.0
20230724:1010,345.66,388.63,59.25,25.24,2.0,0.0
20230724:1110,57.37,78.62,63.76,25.63,2.07,0.0
20230724:1210,72.32,95.12,62.88,26.0,2.48,0.0
20230724:1310,308.26,348.6,57.04,26.43,2.41,0.0
20230724:1410,89.13,113.56,48.38,26.17,1.59,0.0
20230724:1510,79.34,102.89,38.44,25.85,1.17,0.0
20230724:1610,86.77,110.65,28.05,25.34,1.45,0.0
20230724:1710,19.02,33.97,17.65,23.61,1.79,0.0
20230724:1810,129.32,153.82,7.6,22.03,3.31,0.0
20230724:1910,0.0,0.0,0.0,21.45,1.72,0.0
20230724:2010,0.0,0.0,0.0,20.32,0.97,0.0
20230724:2110,0.0,0.0,0.0,20.0,1.38,0.0
20230724:2210,0.0,0.0,0.0,19.76,0.48,0.0
20230724:2310,0.0,0.0,0.0,19.5,0.97,0.0
20230725:0010,0.0,0.0,0.0,18.83,1.93,0.0
20230725:0110,0.0,0.0,0.0,18.27,0.97,0.0
20230725:0210,0.0,0.0,0.0,17.98,0.97,0.0
20230725:0310,0.0,0.0,0.0,18.05,1.45,0.0
20230725:0410,0.0,0.0,0.0,17.98,0.48,0.0
20230725:0510,46.22,64.38,10.5,18.25,0.07,0.0
20230725:0610,100.53,122.13,20.7,18.63,0.62,0.0
20230725:0710,129.96,190.27,31.13,20.2,0.55,0.0
20230725:0810,307.95,361.92,41.44,21.74,1.1,0.0
20230725:0910,481.7,538.73,51.08,23.05,1.45,0.0
20230725:1010,595.35,667.25,59.06,23.74,1.38,0.0
20230725:1110,668.17,760.52,63.55,24.75,1.24,0.0
20230725:1210,747.58,865.31,62.67,25.48,1.1,0.0
20230725:1310,725.79,848.0,56.87,25.64,0.62,0.0
20230725:1410,647.02,748.29,48.23,25.96,0.55,0.0
20230725:1510,560.29,637.97,38.3,25.98,0.62,0.0
20230725:1610,470.25,525.43,27.91,25.87,1.17,0.0
20230725:1710,177.15,205.25,17.51,25.45,1.72,0.0
20230725:1810,96.66,120.97,7.45,24.4,2.28,0.0
20230725:1910,0.0,0.0,0.0,23.35,2.83,0.0
20230725:2010,0.0,0.0,0.0,22.69,4.0,0.0
20230725:2110,0.0,0.0,0.0,22.26,4.41,0.0
20230725:2210,0.0,0.0,0.0,21.61,4.41,0.0
20230725:2310,0.0,0.0,0.0,20.7,4.28,0.0
20230726:0010,0.0,0.0,0.0,19.92,4.21,0.0
20230726:0110,0.0,0.0,0.0,19.21,4.28,0.0
20230726:0210,0.0,0.0,0.0,18.7,4.14,0.0
20230726:0310,0.0,0.0,0.0,18.28,3.86,0.0
20230726:0410,0.0,0.0,0.0,17.95,3.72,0.0
20230726:0510,40.47,57.75,10.34,17.81,3.86,0.0
20230726:0610,66.66,86.15,20.55,18.66,4.07,0.0
20230726:0710,129.57,190.29,30.98,19.58,4.69,0.0
20230726:0810,320.8,370.63,41.29,20.8,4.76,0.0
20230726:0910,506.43,551.91,50.91,22.17,4.55,0.0
20230726:1010,653.94,713.42,58.86,23.34,4.0,0.0
20230726:1110,745.47,827.69,63.33,24.4,3.38,0.0
20230726:1210,822.38,935.19,62.46,25.25,2.55,0.0
20230726:1310,826.61,958.27,56.68,25.84,1.72,0.0
20230726:1410,794.03,924.74,48.07,26.21,1.31,0.0
20230726:1510,711.94,819.62,38.15,26.37,1.17,0.0
20230726:1610,609.37,690.65,27.76,26.22,1.1,0.0
20230726:1710,427.29,476.08,17.36,25.59,1.24,0.0
20230726:1810,156.68,185.07,7.29,24.11,1.52,0.0
20230726:1910,0.0,0.0,0.0,22.33,2.83,0.0
20230726:2010,0.0,0.0,0.0,21.33,3.31,0.0
20230726:2110,0.0,0.0,0.0,20.6,3.38,0.0
20230726:2210,0.0,0.0,0.0,19.88,3.1,0.0
20230726:2310,0.0,0.0,0.0,19.16,2.97,0.0
20230727:0010,0.0,0.0,0.0,18.49,2.97,0.0
20230727:0110,0.0,0.0,0.0,17.73,2.69,0.0
20230727:0210,0.0,0.0,0.0,16.7,2.21,0.0
20230727:0310,0.0,0.0,0.0,15.71,2.0,0.0
20230727:0410,0.0,0.0,0.0,15.14,1.79,0.0
20230727:0510,45.26,62.48,10.18,15.33,1.52,0.0
20230727:0610,120.09,142.01,20.39,18.18,1.17,0.0
20230727:0710,200.12,236.87,30.83,18.89,1.45,0.0
20230727:0810,309.97,360.71,41.13,19.95,1.72,0.0
20230727:0910,489.02,540.15,50.74,20.77,1.66,0.0
20230727:1010,624.61,690.52,58.67,21.41,1.59,0.0
20230727:1110,701.58,787.4,63.11,22.66,1.59,0.0
20230727:1210,573.2,644.0,62.25,23.44,1.31,0.0
20230727:1310,715.73,813.91,56.5,23.97,1.45,0.0
20230727:1410,682.06,772.3,47.9,24.52,1.52,0.0
20230727:1510,545.3,606.94,38.0,24.59,1.66,0.0
20230727:1610,421.12,465.49,27.61,24.38,1.45,0.0
20230727:1710,304.54,338.78,17.21,24.06,1.1,0.0
20230727:1810,138.68,165.66,7.13,23.22,0.83,0.0
20230727:1910,0.0,0.0,0.0,21.58,1.24,0.0
20230727:2010,0.0,0.0,0.0,20.22,1.59,0.0
20230727:2110,0.0,0.0,0.0,19.42,1.52,0.0
20230727:2210,0.0,0.0,0.0,18.83,1.38,0.0
20230727:2310,0.0,0.0,0.0,18.33,1.38,0.0
20230728:0010,0.0,0.0,0.0,17.88,1.38,0.0
20230728:0110,0.0,0.0,0.0,17.41,1.45,0.0
20230728:0210,0.0,0.0,0.0,17.14,1.52,0.0
20230728:0310,0.0,0.0,0.0,16.83,1.59,0.0
20230728:0410,0.0,0.0,0.0,16.49,1.52,0.0
20230728:0510,34.61,51.12,10.02,16.79,1.24,0.0
20230728:0610,117.31,140.11,20.24,19.57,0.76,0.0
20230728:0710,126.11,185.71,30.68,21.19,0.34,0.0
20230728:0810,299.33,356.72,40.97,22.31,0.41,0.0
20230728:0910,470.1,531.04,50.57,23.38,0.76,0.0
20230728:1010,606.73,685.92,58.47,24.29,0.97,0.0
20230728:1110,661.86,754.48,62.89,25.13,1.24,0.0
20230728:1210,716.84,822.33,62.03,25.61,1.45,0.0
20230728:1310,700.86,806.34,56.3,26.26,1.38,0.0
20230728:1410,678.91,782.81,47.73,26.67,1.1,0.0
20230728:1510,662.45,759.4,37.84,26.94,1.17,0.0
20230728:1610,314.21,353.94,27.46,26.77,1.31,0.0
20230728:1710,139.76,166.85,17.05,26.19,1.45,0.0
20230728:1810,22.45,38.42,6.97,24.99,1.38,0.0
20230728:1910,0.0,0.0,0.0,23.29,1.24,0.0
20230728:2010,0.0,0.0,0.0,22.16,1.17,0.0
20230728:2110,0.0,0.0,0.0,21.27,1.1,0.0
20230728:2210,0.0,0.0,0.0,20.66,1.1,0.0
20230728:2310,0.0,0.0,0.0,20.07,1.1,0.0
20230729:0010,0.0,0.0,0.0,20.36,0.97,0.0
20230729:0110,0.0,0.0,0.0,20.52,0.55,0.0
20230729:0210,0.0,0.0,0.0,20.29,0.34,0.0
20230729:0310,0.0,0.0,0.0,20.1,0.21,0.0
20230729:0410,0.0,0.0,0.0,19.83,0.34,0.0
20230729:0510,42.73,60.59,9.86,18.67,0.69,0.0
20230729:0610,115.23,138.22,20.09,19.9,0.55,0.0
20230729:0710,193.06,231.39,30.53,22.11,0.21,0.0
20230729:0810,293.75,351.0,40.81,23.04,0.07,0.0
20230729:0910,443.17,504.7,50.39,24.16,0.34,0.0
20230729:1010,375.91,426.65,58.26,25.14,0.62,0.0
20230729:1110,373.08,422.33,62.66,25.82,1.24,0.0
20230729:1210,553.23,624.78,61.8,26.27,1.93,0.0
20230729:1310,505.11,573.9,56.1,26.35,1.1,0.0
20230729:1410,408.39,460.35,47.55,26.11,1.24,0.0
20230729:1510,255.8,291.05,37.68,26.22,1.93,0.0
20230729:1610,250.52,282.24,27.3,24.92,1.93,0.0
20230729:1710,374.47,411.87,16.89,23.91,1.79,0.0
20230729:1810,12.96,26.21,6.79,23.03,1.03,0.0
20230729:1910,0.0,0.0,0.0,23.76,0.97,0.0
20230729:2010,0.0,0.0,0.0,22.49,1.17,0.0
20230729:2110,0.0,0.0,0.0,21.53,1.38,0.0
20230729:2210,0.0,0.0,0.0,21.91,0.97,0.0
20230729:2310,0.0,0.0,0.0,21.49,0.97,0.0
20230730:0010,0.0,0.0,0.0,21.98,0.69,0.0
20230730:0110,0.0,0.0,0.0,21.13,0.83,0.0
20230730:0210,0.0,0.0,0.0,19.59,1.17,0.0
20230730:0310,0.0,0.0,0.0,19.88,0.9,0.0
20230730:0410,0.0,0.0,0.0,20.36,0.69,0.0
20230730:0510,43.46,61.54,9.7,19.23,0.69,0.0
20230730:0610,69.28,89.94,19.93,20.36,0.48,0.0
20230730:0710,119.37,179.78,30.37,21.91,0.62,0.0
20230730:0810,301.13,354.46,40.65,23.3,0.62,0.0
20230730:0910,451.52,514.22,50.21,24.71,0.62,0.0
20230730:1010,582.81,667.41,58.05,26.11,0.69,0.0
20230730:1110,684.19,796.29,62.43,27.16,0.76,0.0
20230730:1210,756.05,896.04,61.57,28.18,0.76,0.0
20230730:1310,764.15,916.13,55.9,28.87,0.55,0.0
20230730:1410,687.08,817.81,47.37,29.23,0.34,0.0
20230730:1510,637.31,751.55,37.51,29.39,0.28,0.0
20230730:1610,435.04,498.96,27.13,29.47,0.41,0.0
20230730:1710,316.38,360.42,16.72,28.35,0.55,0.0
20230730:1810,73.86,98.53,6.62,28.34,0.41,0.0
20230730:1910,0.0,0.0,0.0,25.81,0.97,0.0
20230730:2010,0.0,0.0,0.0,23.85,1.24,0.0
20230730:2110,0.0,0.0,0.0,22.32,1.38,0.0
20230730:2210,0.0,0.0,0.0,21.48,1.45,0.0
20230730:2310,0.0,0.0,0.0,20.63,1.52,0.0
20230731:0010,0.0,0.0,0.0,19.96,1.59,0.0
20230731:0110,0.0,0.0,0.0,19.65,1.52,0.0
20230731:0210,0.0,0.0,0.0,19.17,1.52,0.0
20230731:0310,0.0,0.0,0.0,19.0,1.52,0.0
20230731:0410,0.0,0.0,0.0,18.92,1.38,0.0
20230731:0510,31.58,48.28,9.53,19.71,0.9,0.0
20230731:0610,77.03,98.46,19.77,21.05,0.69,0.0
20230731:0710,192.25,227.96,30.21,22.64,1.45,0.0
20230731:0810,299.27,350.28,40.48,23.45,1.38,0.0
20230731:0910,417.78,469.16,50.03,24.17,1.59,0.0
20230731:1010,567.16,634.44,57.84,25.01,2.0,0.0
20230731:1110,554.9,622.67,62.19,25.57,2.21,0.0
20230731:1210,629.3,710.69,61.33,25.97,2.14,0.0
20230731:1310,634.18,719.2,55.68,26.6,2.0,0.0
20230731:1410,608.7,689.59,47.18,26.82,1.79,0.0
20230731:1510,424.15,476.53,37.33,26.7,1.38,0.0
20230731:1610,331.91,373.23,26.96,26.82,1.24,0.0
20230731:1710,9.18,21.35,16.54,26.24,1.1,0.0
20230731:1810,56.58,78.11,6.44,25.42,0.97,0.0
20230731:1910,0.0,0.0,0.0,24.29,1.03,0.0
20230731:2010,0.0,0.0,0.0,23.48,0.83,0.0
20230731:2110,0.0,0.0,0.0,22.99,0.83,0.0
20230731:2210,0.0,0.0,0.0,22.2,0.97,0.0
20230731:2310,0.0,0.0,0.0,21.75,1.17,0.0
20230801:0010,0.0,0.0,0.0,21.69,1.17,0.0
20230801:0110,0.0,0.0,0.0,21.63,1.31,0.0
20230801:0210,0.0,0.0,0.0,21.37,1.31,0.0
20230801:0310,0.0,0.0,0.0,21.16,1.52,0.0
20230801:0410,0.0,0.0,0.0,20.88,1.66,0.0
20230801:0510,8.42,19.88,9.36,20.78,1.59,0.0
20230801:0610,80.71,102.24,19.61,20.98,1.24,0.0
20230801:0710,191.7,225.88,30.05,21.25,1.93,0.0
20230801:0810,215.68,244.3,40.32,21.96,2.28,0.0
20230801:0910,257.32,289.18,49.84,22.71,2.0,0.0
20230801:1010,264.03,298.1,57.63,23.29,1.31,0.0
20230801:1110,358.08,402.61,61.94,23.97,1.03,0.0
20230801:1210,402.0,453.2,61.09,24.56,0.9,0.0
20230801:1310,682.82,777.56,55.47,25.32,1.52,0.0
20230801:1410,457.31,512.06,46.99,25.78,1.72,0.0
20230801:1510,389.12,434.0,37.15,25.85,1.86,0.0
20230801:1610,353.79,393.66,26.78,25.97,1.86,0.0
20230801:1710,365.57,405.9,16.37,25.72,1.79,0.0
20230801:1810,107.5,133.56,6.25,25.06,1.66,0.0
20230801:1910,0.0,0.0,0.0,23.41,1.45,0.0
20230801:2010,0.0,0.0,0.0,22.02,1.45,0.0
20230801:2110,0.0,0.0,0.0,21.04,1.59,0.0
20230801:2210,0.0,0.0,0.0,20.25,1.59,0.0
20230801:2310,0.0,0.0,0.0,19.65,1.59,0.0
20230802:0010,0.0,0.0,0.0,19.21,1.66,0.0
20230802:0110,0.0,0.0,0.0,19.23,1.59,0.0
20230802:0210,0.0,0.0,0.0,19.26,1.59,0.0
20230802:0310,0.0,0.0,0.0,18.59,1.52,0.0
20230802:0410,0.0,0.0,0.0,18.96,1.31,0.0
20230802:0510,40.07,57.75,9.19,19.26,1.31,0.0
20230802:0610,111.47,134.43,19.45,20.82,1.72,0.0
20230802:0710,181.49,210.19,29.89,20.99,2.55,0.0
20230802:0810,297.04,343.88,40.15,21.35,2.55,0.0
20230802:0910,410.11,451.23,49.65,21.88,2.9,0.0
20230802:1010,551.73,604.35,57.41,22.63,3.03,0.0
20230802:1110,583.94,644.92,61.69,23.27,2.69,0.0
20230802:1210,643.27,719.78,60.84,24.1,2.14,0.0
20230802:1310,683.31,769.44,55.24,24.94,2.14,0.0
20230802:1410,295.26,332.15,46.79,25.22,2.28,0.0
20230802:1510,316.21,353.19,36.96,25.4,2.41,0.0
20230802:1610,157.31,185.04,26.6,25.54,2.55,0.0
20230802:1710,29.29,46.59,16.18,25.16,2.48,0.0
20230802:1810,44.8,64.61,6.06,24.57,2.07,0.0
20230802:1910,0.0,0.0,0.0,23.67,1.72,0.0
20230802:2010,0.0,0.0,0.0,22.73,1.52,0.0
20230802:2110,0.0,0.0,0.0,22.23,1.45,0.0
20230802:2210,0.0,0.0,0.0,21.81,1.52,0.0
20230802:2310,0.0,0.0,0.0,21.07,1.1,0.0
20230803:0010,0.0,0.0,0.0,21.05,0.55,0.0
20230803:0110,0.0,0.0,0.0,21.17,0.14,0.0
20230803:0210,0.0,0.0,0.0,20.96,0.28,0.0
20230803:0310,0.0,0.0,0.0,20.49,0.55,0.0
20230803:0410,0.0,0.0,0.0,20.81,0.34,0.0
20230803:0510,38.06,55.86,9.02,20.63,0.48,0.0
20230803:0610,80.42,102.24,19.28,21.5,0.76,0.0
20230803:0710,162.58,189.38,29.73,21.45,1.79,0.0
20230803:0810,201.62,230.49,39.97,22.55,1.72,0.0
20230803:0910,392.0,439.56,49.46,23.41,1.31,0.0
20230803:1010,484.33,546.74,57.18,24.86,1.1,0.0
20230803:1110,558.05,633.41,61.44,26.14,1.45,0.0
20230803:1210,432.81,487.89,60.59,26.8,2.14,0.0
20230803:1310,581.54,658.8,55.01,27.39,2.14,0.0
20230803:1410,469.71,530.92,46.58,27.74,1.79,0.0
20230803:1510,165.71,196.26,36.77,27.52,2.41,0.0
20230803:1610,129.08,156.07,26.41,26.5,2.69,0.0
20230803:1710,412.49,452.02,15.99,24.45,2.69,0.0
20230803:1810,77.43,99.9,5.86,22.83,3.59,0.0
20230803:1910,0.0,0.0,0.0,21.67,3.38,0.0
20230803:2010,0.0,0.0,0.0,21.22,2.48,0.0
20230803:2110,0.0,0.0,0.0,20.85,2.41,0.0
20230803:2210,0.0,0.0,0.0,20.69,3.24,0.0
20230803:2310,0.0,0.0,0.0,20.5,3.38,0.0
20230804:0010,0.0,0.0,0.0,20.11,3.03,0.0
20230804:0110,0.0,0.0,0.0,19.42,2.9,0.0
20230804:0210,0.0,0.0,0.0,18.82,2.9,0.0
20230804:0310,0.0,0.0,0.0,17.43,2.83,0.0
20230804:0410,0.0,0.0,0.0,17.13,2.69,0.0
20230804:0510,31.3,47.34,8.85,16.63,2.41,0.0
20230804:0610,98.61,119.29,19.12,17.78,2.34,0.0
20230804:0710,188.84,219.25,29.56,20.6,2.34,0.0
20230804:0810,305.67,344.96,39.8,21.67,3.38,0.0
20230804:0910,247.32,276.32,49.27,22.07,3.38,0.0
20230804:1010,355.13,392.36,56.96,22.55,2.69,0.0
20230804:1110,567.82,625.24,61.18,22.86,2.83,0.0
20230804:1210,464.37,509.44,60.33,22.33,2.83,0.0
20230804:1310,326.12,359.38,54.78,22.12,3.1,0.0
20230804:1410,283.9,313.93,46.37,21.84,3.17,0.0
20230804:1510,32.36,49.5,36.57,21.71,2.69,0.0
20230804:1610,19.23,33.97,26.22,21.69,2.14,0.0
20230804:1710,7.39,18.44,15.79,20.91,0.97,0.0
20230804:1810,10.97,23.29,5.65,19.91,0.62,0.0
20230804:1910,0.0,0.0,0.0,19.57,0.97,0.0
20230804:2010,0.0,0.0,0.0,20.1,0.34,0.0
20230804:2110,0.0,0.0,0.0,19.66,0.48,0.0
20230804:2210,0.0,0.0,0.0,18.66,0.83,0.0
20230804:2310,0.0,0.0,0.0,19.3,0.28,0.0
20230805:0010,0.0,0.0,0.0,17.74,1.17,0.0
20230805:0110,0.0,0.0,0.0,17.4,1.66,0.0
20230805:0210,0.0,0.0,0.0,17.25,2.07,0.0
20230805:0310,0.0,0.0,0.0,17.02,2.28,0.0
20230805:0410,0.0,0.0,0.0,16.6,2.41,0.0
20230805:0510,28.74,44.5,8.68,17.04,2.9,0.0
20230805:0610,59.44,78.58,18.95,18.78,3.17,0.0
20230805:0710,105.93,164.94,29.39,20.1,2.9,0.0
20230805:0810,286.56,339.96,39.62,21.96,3.59,0.0
20230805:0910,461.99,510.02,49.07,23.35,3.79,0.0
20230805:1010,622.09,682.05,56.73,24.6,4.0,0.0
20230805:1110,729.46,807.42,60.92,25.51,4.0,0.0
20230805:1210,791.81,887.97,60.06,26.3,3.72,0.0
20230805:1310,810.28,918.43,54.53,26.81,3.24,0.0
20230805:1410,776.25,884.14,46.15,27.23,2.69,0.0
20230805:1510,709.16,804.95,36.37,27.36,2.28,0.0
20230805:1610,580.62,650.41,26.02,27.13,2.07,0.0
20230805:1710,387.09,431.05,15.59,26.4,1.86,0.0
20230805:1810,79.03,102.86,5.45,24.66,1.72,0.0
20230805:1910,0.0,0.0,0.0,22.27,3.17,0.0
20230805:2010,0.0,0.0,0.0,20.69,2.69,0.0
20230805:2110,0.0,0.0,0.0,19.42,1.86,0.0
20230805:2210,0.0,0.0,0.0,18.63,1.31,0.0
20230805:2310,0.0,0.0,0.0,17.8,1.38,0.0
20230806:0010,0.0,0.0,0.0,17.1,1.38,0.0
20230806:0110,0.0,0.0,0.0,16.45,1.38,0.0
20230806:0210,0.0,0.0,0.0,15.75,1.45,0.0
20230806:0310,0.0,0.0,0.0,14.86,1.66,0.0
20230806:0410,0.0,0.0,0.0,14.3,1.72,0.0
20230806:0510,32.51,48.28,8.5,14.3,1.72,0.0
20230806:0610,62.34,81.42,18.78,17.59,1.52,0.0
20230806:0710,101.56,162.6,29.23,20.89,2.28,0.0
20230806:0810,287.13,343.24,39.44,22.43,3.03,0.0
20230806:0910,474.36,526.55,48.87,23.59,3.24,0.0
20230806:1010,628.2,692.08,56.49,24.29,3.31,0.0
20230806:1110,739.37,820.6,60.66,24.88,3.52,0.0
20230806:1210,807.41,903.49,59.79,25.22,3.59,0.0
20230806:1310,824.8,924.41,54.29,25.41,3.72,0.0
20230806:1410,798.76,889.59,45.93,25.35,3.93,0.0
20230806:1510,736.9,810.66,36.16,25.1,4.28,0.0
20230806:1610,610.39,660.47,25.82,24.31,4.69,0.0
20230806:1710,412.92,444.68,15.39,23.12,5.1,0.0
20230806:1810,81.55,104.02,5.23,21.74,5.03,0.0
20230806:1910,0.0,0.0,0.0,21.12,5.93,0.0
20230806:2010,0.0,0.0,0.0,20.22,5.66,0.0
20230806:2110,0.0,0.0,0.0,19.35,5.17,0.0
20230806:2210,0.0,0.0,0.0,18.5,4.9,0.0
20230806:2310,0.0,0.0,0.0,17.74,4.62,0.0
20230807:0010,0.0,0.0,0.0,17.12,4.14,0.0
20230807:0110,0.0,0.0,0.0,16.61,3.79,0.0
20230807:0210,0.0,0.0,0.0,16.18,3.59,0.0
20230807:0310,0.0,0.0,0.0,15.79,3.52,0.0
20230807:0410,0.0,0.0,0.0,15.52,3.45,0.0
20230807:0510,33.21,49.23,8.32,15.42,3.38,0.0
20230807:0610,63.79,82.36,18.61,16.27,3.24,0.0
20230807:0710,101.09,160.45,29.05,18.17,3.86,0.0
20230807:0810,291.97,343.32,39.26,19.55,4.41,0.0
20230807:0910,485.59,527.81,48.67,20.67,4.55,0.0
20230807:1010,645.1,696.14,56.26,21.7,4.41,0.0
20230807:1110,751.67,821.0,60.38,22.73,4.14,0.0
20230807:1210,817.02,903.98,59.52,23.46,3.86,0.0
20230807:1310,835.38,931.03,54.04,24.13,3.72,0.0
20230807:1410,809.65,902.09,45.7,24.48,3.59,0.0
20230807:1510,737.94,815.9,35.94,24.48,3.45,0.0
20230807:1610,609.62,666.08,25.61,24.19,3.31,0.0
20230807:1710,407.14,443.6,15.18,23.37,2.97,0.0
20230807:1810,71.89,93.99,5.01,21.84,2.41,0.0
20230807:1910,0.0,0.0,0.0,20.53,3.45,0.0
20230807:2010,0.0,0.0,0.0,19.79,3.38,0.0
20230807:2110,0.0,0.0,0.0,19.08,3.1,0.0
20230807:2210,0.0,0.0,0.0,18.48,3.1,0.0
20230807:2310,0.0,0.0,0.0,18.04,2.97,0.0
20230808:0010,0.0,0.0,0.0,17.75,2.9,0.0
20230808:0110,0.0,0.0,0.0,17.45,2.76,0.0
20230808:0210,0.0,0.0,0.0,16.99,2.55,0.0
20230808:0310,0.0,0.0,0.0,16.52,2.34,0.0
20230808:0410,0.0,0.0,0.0,15.68,2.21,0.0
20230808:0510,11.58,23.67,8.14,14.94,2.14,0.0
20230808:0610,111.11,131.59,18.44,16.5,1.79,0.0
20230808:0710,108.36,164.23,28.88,19.06,1.59,0.0
20230808:0810,291.5,340.08,39.08,20.47,1.86,0.0
20230808:0910,457.22,507.55,48.46,21.74,2.0,0.0
20230808:1010,612.53,679.12,56.01,22.76,1.86,0.0
20230808:1110,710.68,800.48,60.11,23.61,1.66,0.0
20230808:1210,677.38,769.46,59.24,24.27,1.38,0.0
20230808:1310,583.65,661.44,53.78,24.8,1.1,0.0
20230808:1410,761.47,880.1,45.46,25.2,1.1,0.0
20230808:1510,691.29,789.52,35.72,25.62,1.17,0.0
20230808:1610,563.67,639.3,25.39,25.69,0.55,0.0
20230808:1710,403.74,453.16,14.96,25.04,0.41,0.0
20230808:1810,26.83,43.69,4.79,23.36,1.03,0.0
20230808:1910,0.0,0.0,0.0,21.14,1.86,0.0
20230808:2010,0.0,0.0,0.0,19.76,1.86,0.0
20230808:2110,0.0,0.0,0.0,18.91,1.52,0.0
20230808:2210,0.0,0.0,0.0,18.24,1.45,0.0
20230808:2310,0.0,0.0,0.0,17.76,1.52,0.0
20230809:0010,0.0,0.0,0.0,17.59,1.45,0.0
20230809:0110,0.0,0.0,0.0,17.65,1.31,0.0
20230809:0210,0.0,0.0,0.0,17.45,1.31,0.0
20230809:0310,0.0,0.0,0.0,16.39,1.52,0.0
20230809:0410,0.0,0.0,0.0,15.62,1.66,0.0
20230809:0510,22.32,36.92,7.96,15.88,1.38,0.0
20230809:0610,88.23,108.87,18.27,17.92,0.9,0.0
20230809:0710,123.21,174.87,28.71,20.89,0.48,0.0
20230809:0810,274.7,330.67,38.9,22.32,0.41,0.0
20230809:0910,439.61,499.41,48.25,23.47,0.55,0.0
20230809:1010,573.75,651.64,55.77,24.41,0.62,0.0
20230809:1110,671.77,778.62,59.83,25.38,0.41,0.0
20230809:1210,732.31,859.54,58.96,26.3,0.55,0.0
20230809:1310,744.73,876.34,53.51,26.91,0.69,0.0
20230809:1410,724.41,844.69,45.22,27.3,0.97,0.0
20230809:1510,672.0,780.72,35.5,27.54,0.69,0.0
20230809:1610,538.95,616.35,25.17,27.39,0.41,0.0
20230809:1710,335.89,381.21,14.74,27.03,0.28,0.0
20230809:1810,74.73,99.17,4.56,25.65,0.76,0.0
20230809:1910,0.0,0.0,0.0,25.19,0.76,0.0
20230809:2010,0.0,0.0,0.0,24.49,0.76,0.0
20230809:2110,0.0,0.0,0.0,23.63,0.83,0.0
20230809:2210,0.0,0.0,0.0,21.3,1.17,0.0
20230809:2310,0.0,0.0,0.0,19.8,1.45,0.0
20230810:0010,0.0,0.0,0.0,19.21,1.45,0.0
20230810:0110,0.0,0.0,0.0,18.72,1.38,0.0
20230810:0210,0.0,0.0,0.0,18.03,1.45,0.0
20230810:0310,0.0,0.0,0.0,17.62,1.45,0.0
20230810:0410,0.0,0.0,0.0,17.68,1.31,0.0
20230810:0510,28.46,44.5,7.78,18.63,1.03,0.0
20230810:0610,63.62,83.31,18.09,18.85,0.62,0.0
20230810:0710,93.4,151.55,28.53,21.81,1.1,0.0
20230810:0810,272.31,326.47,38.71,22.95,1.31,0.0
20230810:0910,439.8,498.73,48.04,24.38,1.17,0.0
20230810:1010,582.36,661.34,55.52,25.73,1.03,0.0
20230810:1110,684.54,787.79,59.55,26.81,1.17,0.0
20230810:1210,740.9,862.89,58.67,27.61,1.24,0.0
20230810:1310,736.57,854.33,53.25,28.43,1.72,0.0
20230810:1410,721.51,826.72,44.98,28.83,2.41,0.0
20230810:1510,523.81,591.72,35.27,28.73,2.0,0.0
20230810:1610,285.57,324.84,24.95,28.54,1.59,0.0
20230810:1710,140.51,168.77,14.51,27.98,1.66,0.0
20230810:1810,87.64,113.95,4.33,26.77,1.59,0.0
20230810:1910,0.0,0.0,0.0,25.03,1.45,0.0
20230810:2010,0.0,0.0,0.0,23.59,1.59,0.0
20230810:2110,0.0,0.0,0.0,22.58,1.86,0.0
20230810:2210,0.0,0.0,0.0,21.63,1.72,0.0
20230810:2310,0.0,0.0,0.0,21.08,1.52,0.0
20230811:0010,0.0,0.0,0.0,20.56,1.45,0.0
20230811:0110,0.0,0.0,0.0,20.02,1.59,0.0
20230811:0210,0.0,0.0,0.0,19.67,1.52,0.0
20230811:0310,0.0,0.0,0.0,19.64,1.24,0.0
20230811:0410,0.0,0.0,0.0,20.33,0.9,0.0
20230811:0510,29.91,46.39,7.6,19.8,0.76,0.0
20230811:0610,89.51,111.71,17.92,20.9,0.48,0.0
20230811:0710,174.15,210.47,28.36,21.92,0.9,0.0
20230811:0810,276.14,327.95,38.52,23.43,1.03,0.0
20230811:0910,430.82,490.16,47.83,24.64,0.97,0.0
20230811:1010,537.09,612.12,55.27,25.81,0.76,0.0
20230811:1110,668.79,774.5,59.26,27.1,0.83,0.0
20230811:1210,731.84,856.31,58.37,28.19,1.1,0.0
20230811:1310,758.99,890.75,52.97,28.95,1.38,0.0
20230811:1410,730.59,853.81,44.73,29.42,1.45,0.0
20230811:1510,652.95,751.02,35.03,29.47,1.66,0.0
20230811:1610,526.6,595.72,24.72,29.12,1.72,0.0
20230811:1710,318.61,360.14,14.28,28.5,1.86,0.0
20230811:1810,42.2,62.91,4.09,27.31,1.52,0.0
20230811:1910,0.0,0.0,0.0,25.81,1.24,0.0
20230811:2010,0.0,0.0,0.0,24.49,1.45,0.0
20230811:2110,0.0,0.0,0.0,23.5,1.52,0.0
20230811:2210,0.0,0.0,0.0,22.76,1.52,0.0
20230811:2310,0.0,0.0,0.0,22.39,1.38,0.0
20230812:0010,0.0,0.0,0.0,22.04,1.38,0.0
20230812:0110,0.0,0.0,0.0,21.73,1.31,0.0
20230812:0210,0.0,0.0,0.0,21.89,1.17,0.0
20230812:0310,0.0,0.0,0.0,22.05,1.03,0.0
20230812:0410,0.0,0.0,0.0,21.83,0.97,0.0
20230812:0510,27.16,43.55,7.42,21.88,0.83,0.0
20230812:0610,82.53,105.08,17.74,22.73,0.55,0.0
20230812:0710,104.73,158.32,28.18,23.65,0.97,0.0
20230812:0810,257.3,316.2,38.33,24.77,1.03,0.0
20230812:0910,427.52,489.46,47.61,25.91,1.03,0.0
20230812:1010,564.53,644.0,55.02,26.68,0.97,0.0
20230812:1110,655.62,759.68,58.97,27.74,0.9,0.0
20230812:1210,646.3,757.23,58.08,28.64,0.69,0.0
20230812:1310,686.56,813.04,52.69,29.46,0.62,0.0
20230812:1410,633.27,742.99,44.47,30.03,0.76,0.0
20230812:1510,605.2,707.5,34.79,30.26,0.62,0.0
20230812:1610,483.41,554.61,24.48,30.1,0.76,0.0
20230812:1710,298.72,343.12,14.05,29.45,0.55,0.0
20230812:1810,72.73,98.62,3.85,28.63,0.55,0.0
20230812:1910,0.0,0.0,0.0,26.54,1.45,0.0
20230812:2010,0.0,0.0,0.0,25.11,1.45,0.0
20230812:2110,0.0,0.0,0.0,24.05,1.45,0.0
20230812:2210,0.0,0.0,0.0,23.26,1.31,0.0
20230812:2310,0.0,0.0,0.0,22.53,1.38,0.0
20230813:0010,0.0,0.0,0.0,21.96,1.45,0.0
20230813:0110,0.0,0.0,0.0,21.48,1.52,0.0
20230813:0210,0.0,0.0,0.0,20.77,1.45,0.0
20230813:0310,0.0,0.0,0.0,20.76,1.38,0.0
20230813:0410,0.0,0.0,0.0,20.66,1.31,0.0
20230813:0510,26.54,42.6,7.23,20.65,1.24,0.0
20230813:0610,83.02,105.08,17.56,21.81,1.1,0.0
20230813:0710,96.18,150.79,28.0,24.25,1.1,0.0
20230813:0810,251.49,312.84,38.14,26.02,0.69,0.0
20230813:0910,419.21,487.46,47.39,27.5,0.41,0.0
20230813:1010,555.22,642.91,54.76,28.62,0.62,0.0
20230813:1110,658.51,770.44,58.68,29.77,0.97,0.0
20230813:1210,711.13,839.14,57.77,30.53,1.17,0.0
20230813:1310,722.32,860.8,52.41,30.59,0.83,0.0
20230813:1410,702.59,833.98,44.21,30.72,0.83,0.0
20230813:1510,604.31,707.75,34.55,30.39,0.55,0.0
20230813:1610,503.01,564.27,24.24,28.63,2.14,0.0
20230813:1710,256.31,290.81,13.8,27.61,2.28,0.0
20230813:1810,55.99,78.72,3.6,26.2,1.45,0.0
20230813:1910,0.0,0.0,0.0,26.73,1.38,0.0
20230813:2010,0.0,0.0,0.0,25.46,1.72,0.0
20230813:2110,0.0,0.0,0.0,24.41,1.79,0.0
20230813:2210,0.0,0.0,0.0,23.69,1.59,0.0
20230813:2310,0.0,0.0,0.0,23.59,1.86,0.0
20230814:0010,0.0,0.0,0.0,23.11,2.07,0.0
20230814:0110,0.0,0.0,0.0,22.7,1.86,0.0
20230814:0210,0.0,0.0,0.0,22.65,1.93,0.0
20230814:0310,0.0,0.0,0.0,22.46,1.86,0.0
20230814:0410,0.0,0.0,0.0,22.03,1.86,0.0
20230814:0510,1.73,9.47,7.04,21.86,1.93,0.0
20230814:0610,93.42,116.45,17.38,22.76,1.79,0.0
20230814:0710,168.67,201.26,27.82,23.5,1.93,0.0
20230814:0810,270.52,319.12,37.94,23.07,1.52,0.0
20230814:0910,428.69,480.72,47.17,23.56,2.14,0.0
20230814:1010,573.13,638.05,54.5,24.77,2.14,0.0
20230814:1110,665.79,757.95,58.38,26.58,1.59,0.0
20230814:1210,715.97,838.65,57.47,27.84,0.83,0.0
20230814:1310,723.56,859.95,52.12,28.97,0.55,0.0
20230814:1410,694.65,832.19,43.94,29.56,0.14,0.0
20230814:1510,620.36,733.8,34.3,29.84,0.07,0.0
20230814:1610,450.1,516.41,24.0,29.62,0.41,0.0
20230814:1710,169.7,201.55,13.56,29.26,0.76,0.0
20230814:1810,0.0,1.94,3.35,28.04,1.31,0.0
20230814:1910,0.0,0.0,0.0,26.69,2.28,0.0
20230814:2010,0.0,0.0,0.0,25.84,2.55,0.0
20230814:2110,0.0,0.0,0.0,25.31,2.14,0.0
20230814:2210,0.0,0.0,0.0,24.57,1.93,0.0
20230814:2310,0.0,0.0,0.0,23.96,2.07,0.0
20230815:0010,0.0,0.0,0.0,23.63,2.0,0.0
20230815:0110,0.0,0.0,0.0,23.18,1.86,0.0
20230815:0210,0.0,0.0,0.0,22.84,1.66,0.0
20230815:0310,0.0,0.0,0.0,22.25,1.66,0.0
20230815:0410,0.0,0.0,0.0,21.97,1.59,0.0
20230815:0510,24.81,40.71,6.86,21.57,1.52,0.0
20230815:0610,75.4,97.51,17.2,23.27,1.31,0.0
20230815:0710,105.93,157.48,27.63,24.79,0.14,0.0
20230815:0810,245.86,308.05,37.75,26.0,0.07,0.0
20230815:0910,413.42,482.07,46.95,27.18,0.14,0.0
20230815:1010,539.43,625.92,54.24,28.23,0.34,0.0
20230815:1110,648.83,761.18,58.08,28.98,0.55,0.0
20230815:1210,703.45,834.16,57.15,29.76,0.69,0.0
20230815:1310,720.89,860.93,51.83,29.86,0.55,0.0
20230815:1410,693.44,826.75,43.67,30.06,0.41,0.0
20230815:1510,620.86,722.46,34.04,30.32,0.97,0.0
20230815:1610,489.89,555.38,23.75,29.71,1.59,0.0
20230815:1710,333.78,379.39,13.31,29.01,1.38,0.0
20230815:1810,2.82,11.65,3.09,27.97,1.31,0.0
20230815:1910,0.0,0.0,0.0,27.42,1.31,0.0
20230815:2010,0.0,0.0,0.0,25.64,1.59,0.0
20230815:2110,0.0,0.0,0.0,25.0,0.83,0.0
20230815:2210,0.0,0.0,0.0,23.74,1.38,0.0
20230815:2310,0.0,0.0,0.0,24.47,0.28,0.0
20230816:0010,0.0,0.0,0.0,24.13,0.48,0.0
20230816:0110,0.0,0.0,0.0,21.93,1.38,0.0
20230816:0210,0.0,0.0,0.0,21.83,1.52,0.0
20230816:0310,0.0,0.0,0.0,21.62,1.52,0.0
20230816:0410,0.0,0.0,0.0,21.64,1.59,0.0
20230816:0510,1.24,8.52,6.67,21.61,1.59,0.0
20230816:0610,81.96,104.14,17.02,22.32,1.31,0.0
20230816:0710,105.53,156.24,27.45,24.7,0.48,0.0
20230816:0810,251.2,310.13,37.55,26.09,0.76,0.0
20230816:0910,414.72,480.48,46.72,27.32,0.76,0.0
20230816:1010,554.07,637.32,53.97,28.57,1.03,0.0
20230816:1110,648.68,754.31,57.77,29.51,1.17,0.0
20230816:1210,703.3,824.6,56.84,30.26,1.38,0.0
20230816:1310,652.68,765.66,51.53,30.37,1.1,0.0
20230816:1410,566.64,668.13,43.4,29.98,0.07,0.0
20230816:1510,525.36,609.69,33.78,29.74,0.34,0.0
20230816:1610,490.67,563.59,23.5,29.24,0.41,0.0
20230816:1710,80.31,104.49,13.06,27.62,0.48,0.0
20230816:1810,30.75,49.78,2.83,27.1,0.76,0.0
20230816:1910,0.0,0.0,0.0,26.24,0.9,0.0
20230816:2010,0.0,0.0,0.0,25.8,0.83,0.0
20230816:2110,0.0,0.0,0.0,26.17,0.14,0.0
20230816:2210,0.0,0.0,0.0,23.87,1.24,0.0
20230816:2310,0.0,0.0,0.0,23.89,2.21,0.0
20230817:0010,0.0,0.0,0.0,23.48,1.79,0.0
20230817:0110,0.0,0.0,0.0,22.75,1.24,0.0
20230817:0210,0.0,0.0,0.0,21.98,1.45,0.0
20230817:0310,0.0,0.0,0.0,21.5,1.45,0.0
20230817:0410,0.0,0.0,0.0,21.21,1.38,0.0
20230817:0510,0.78,7.57,6.48,20.87,1.31,0.0
20230817:0610,80.81,103.19,16.84,22.85,1.03,0.0
20230817:0710,153.85,193.13,27.26,23.38,0.48,0.0
20230817:0810,257.83,313.14,37.35,25.27,0.34,0.0
20230817:0910,394.78,457.04,46.5,27.14,0.48,0.0
20230817:1010,536.37,618.99,53.7,28.46,0.76,0.0
20230817:1110,635.59,748.72,57.46,29.68,0.48,0.0
20230817:1210,686.32,824.18,56.52,30.58,0.28,0.0
20230817:1310,696.22,817.29,51.23,31.21,1.59,0.0
20230817:1410,696.89,802.86,43.12,29.77,2.14,0.0
20230817:1510,519.08,596.19,33.51,29.37,0.83,0.0
20230817:1610,264.62,304.5,23.24,29.31,0.83,0.0
20230817:1710,190.6,223.63,12.8,29.02,1.03,0.0
20230817:1810,2.66,11.36,2.56,27.96,0.69,0.0
20230817:1910,0.0,0.0,0.0,26.06,1.72,0.0
20230817:2010,0.0,0.0,0.0,24.65,2.07,0.0
20230817:2110,0.0,0.0,0.0,23.6,1.66,0.0
20230817:2210,0.0,0.0,0.0,23.53,1.03,0.0
20230817:2310,0.0,0.0,0.0,23.27,0.83,0.0
20230818:0010,0.0,0.0,0.0,21.59,1.24,0.0
20230818:0110,0.0,0.0,0.0,21.24,1.17,0.0
20230818:0210,0.0,0.0,0.0,21.46,1.03,0.0
20230818:0310,0.0,0.0,0.0,21.54,0.97,0.0
20230818:0410,0.0,0.0,0.0,19.56,1.03,0.0
20230818:0510,22.75,37.87,6.29,18.93,1.1,0.0
20230818:0610,67.43,88.04,16.65,20.81,0.97,0.0
20230818:0710,80.59,134.19,27.07,22.47,0.62,0.0
20230818:0810,240.89,303.68,37.15,24.9,0.14,0.0
20230818:0910,412.06,480.52,46.26,26.84,0.14,0.0
20230818:1010,551.57,638.88,53.43,28.38,0.55,0.0
20230818:1110,654.53,764.21,57.15,29.68,1.03,0.0
20230818:1210,713.34,838.04,56.19,30.62,1.45,0.0
20230818:1310,725.46,859.43,50.92,31.3,1.31,0.0
20230818:1410,689.81,814.92,42.83,31.71,1.24,0.0
20230818:1510,593.03,690.64,33.24,31.84,1.24,0.0
20230818:1610,484.37,560.45,22.98,31.47,0.69,0.0
20230818:1710,271.35,313.84,12.53,30.7,1.1,0.0
20230818:1810,2.61,11.36,2.29,30.11,0.62,0.0
20230818:1910,0.0,0.0,0.0,27.72,1.03,0.0
20230818:2010,0.0,0.0,0.0,25.51,1.45,0.0
20230818:2110,0.0,0.0,0.0,24.32,1.59,0.0
20230818:2210,0.0,0.0,0.0,23.69,1.52,0.0
20230818:2310,0.0,0.0,0.0,23.27,1.52,0.0
20230819:0010,0.0,0.0,0.0,22.86,1.52,0.0
20230819:0110,0.0,0.0,0.0,22.32,1.59,0.0
20230819:0210,0.0,0.0,0.0,21.75,1.59,0.0
20230819:0310,0.0,0.0,0.0,21.31,1.59,0.0
20230819:0410,0.0,0.0,0.0,20.89,1.52,0.0
20230819:0510,20.19,35.03,6.1,20.64,1.45,0.0
20230819:0610,69.42,90.88,16.47,22.61,0.76,0.0
20230819:0710,82.13,135.06,26.89,25.1,0.83,0.0
20230819:0810,235.21,299.4,36.94,27.15,0.48,0.0
20230819:0910,404.53,474.94,46.03,28.84,0.41,0.0
20230819:1010,543.99,635.07,53.15,30.22,0.62,0.0
20230819:1110,642.9,757.34,56.83,31.35,0.97,0.0
20230819:1210,696.51,830.54,55.87,32.26,1.03,0.0
20230819:1310,715.08,861.2,50.61,32.94,0.9,0.0
20230819:1410,685.51,821.81,42.54,33.23,0.9,0.0
20230819:1510,613.06,724.91,32.97,33.39,0.97,0.0
20230819:1610,475.68,555.24,22.71,33.09,0.62,0.0
20230819:1710,229.92,270.99,12.27,32.13,0.55,0.0
20230819:1810,0.69,7.57,2.02,30.99,0.9,0.0
20230819:1910,0.0,0.0,0.0,28.94,1.1,0.0
20230819:2010,0.0,0.0,0.0,27.2,1.31,0.0
20230819:2110,0.0,0.0,0.0,25.85,1.59,0.0
20230819:2210,0.0,0.0,0.0,24.95,1.66,0.0
20230819:2310,0.0,0.0,0.0,24.45,1.59,0.0
20230820:0010,0.0,0.0,0.0,24.08,1.52,0.0
20230820:0110,0.0,0.0,0.0,23.68,1.52,0.0
20230820:0210,0.0,0.0,0.0,23.37,1.52,0.0
20230820:0310,0.0,0.0,0.0,23.03,1.52,0.0
20230820:0410,0.0,0.0,0.0,22.55,1.38,0.0
20230820:0510,16.98,31.24,5.9,22.03,1.17,0.0
20230820:0610,75.14,97.51,16.28,23.82,0.97,0.0
20230820:0710,85.8,137.43,26.7,26.79,0.55,0.0
20230820:0810,230.04,295.33,36.74,28.2,0.34,0.0
20230820:0910,396.83,468.64,45.8,29.46,0.21,0.0
20230820:1010,532.64,625.5,52.87,30.64,0.34,0.0
20230820:1110,633.19,753.73,56.51,31.72,0.48,0.0
20230820:1210,686.49,826.09,55.53,32.58,0.62,0.0
20230820:1310,705.19,851.95,50.29,33.26,0.76,0.0
20230820:1410,672.49,806.93,42.25,33.8,0.9,0.0
20230820:1510,605.45,710.75,32.69,33.76,1.45,0.0
20230820:1610,464.39,533.97,22.44,33.46,2.0,0.0
20230820:1710,228.21,267.6,11.99,32.7,2.21,0.0
20230820:1810,0.0,5.68,1.74,31.45,2.07,0.0
20230820:1910,0.0,0.0,0.0,29.92,2.28,0.0
20230820:2010,0.0,0.0,0.0,28.87,2.21,0.0
20230820:2110,0.0,0.0,0.0,27.81,1.79,0.0
20230820:2210,0.0,0.0,0.0,26.95,1.59,0.0
20230820:2310,0.0,0.0,0.0,26.58,1.38,0.0
20230821:0010,0.0,0.0,0.0,26.17,1.38,0.0
20230821:0110,0.0,0.0,0.0,25.52,1.38,0.0
20230821:0210,0.0,0.0,0.0,25.11,1.45,0.0
20230821:0310,0.0,0.0,0.0,24.85,1.31,0.0
20230821:0410,0.0,0.0,0.0,24.46,1.38,0.0
20230821:0510,17.59,32.19,5.71,23.56,1.52,0.0
20230821:0610,70.19,92.78,16.09,25.45,1.03,0.0
20230821:0710,78.17,130.67,26.5,27.92,0.55,0.0
20230821:0810,226.96,293.08,36.53,29.24,0.34,0.0
20230821:0910,391.47,465.27,45.56,30.63,0.21,0.0
20230821:1010,528.16,622.97,52.59,31.75,0.41,0.0
20230821:1110,625.54,747.08,56.19,32.77,0.55,0.0
20230821:1210,677.52,818.62,55.2,33.53,0.62,0.0
20230821:1310,694.99,843.59,49.97,33.81,0.62,0.0
20230821:1410,665.77,808.09,41.95,34.05,0.41,0.0
20230821:1510,585.71,700.32,32.41,34.2,0.41,0.0
20230821:1610,450.79,528.7,22.16,34.01,0.48,0.0
20230821:1710,214.28,255.43,11.72,33.42,0.48,0.0
20230821:1810,0.0,3.79,1.46,32.72,0.55,0.0
20230821:1910,0.0,0.0,0.0,29.86,1.03,0.0
20230821:2010,0.0,0.0,0.0,28.73,1.17,0.0
20230821:2110,0.0,0.0,0.0,27.64,1.24,0.0
20230821:2210,0.0,0.0,0.0,27.16,1.17,0.0
20230821:2310,0.0,0.0,0.0,26.26,1.31,0.0
20230822:0010,0.0,0.0,0.0,25.56,1.38,0.0
20230822:0110,0.0,0.0,0.0,24.7,1.45,0.0
20230822:0210,0.0,0.0,0.0,24.06,1.59,0.0
20230822:0310,0.0,0.0,0.0,23.65,1.59,0.0
20230822:0410,0.0,0.0,0.0,23.12,1.52,0.0
20230822:0510,16.88,31.24,5.52,23.12,1.45,0.0
20230822:0610,65.3,87.1,15.9,24.64,1.24,0.0
20230822:0710,72.32,124.46,26.31,27.27,1.1,0.0
20230822:0810,223.79,290.1,36.32,29.53,0.97,0.0
20230822:0910,391.09,465.05,45.32,31.25,0.48,0.0
20230822:1010,524.75,623.7,52.31,32.5,0.21,0.0
20230822:1110,624.62,748.77,55.87,33.46,0.55,0.0
20230822:1210,676.0,817.28,54.86,34.23,0.76,0.0
20230822:1310,689.78,841.34,49.65,34.8,0.62,0.0
20230822:1410,662.32,805.95,41.65,34.89,0.48,0.0
20230822:1510,585.64,697.84,32.12,34.8,0.76,0.0
20230822:1610,450.63,524.81,21.88,34.68,1.31,0.0
20230822:1710,210.81,250.08,11.44,33.38,1.66,0.0
20230822:1810,0.0,0.0,0.0,32.08,1.79,0.0
20230822:1910,0.0,0.0,0.0,31.33,0.69,0.0
20230822:2010,0.0,0.0,0.0,29.17,1.03,0.0
20230822:2110,0.0,0.0,0.0,28.0,1.1,0.0
20230822:2210,0.0,0.0,0.0,27.55,1.03,0.0
20230822:2310,0.0,0.0,0.0,26.54,1.17,0.0
20230823:0010,0.0,0.0,0.0,25.55,1.38,0.0
20230823:0110,0.0,0.0,0.0,24.89,1.52,0.0
20230823:0210,0.0,0.0,0.0,24.42,1.52,0.0
20230823:0310,0.0,0.0,0.0,23.93,1.59,0.0
20230823:0410,0.0,0.0,0.0,23.55,1.38,0.0
20230823:0510,15.35,29.35,5.32,23.52,1.45,0.0
20230823:0610,67.85,89.94,15.71,24.8,1.24,0.0
20230823:0710,72.08,123.45,26.12,27.69,0.48,0.0
20230823:0810,220.41,287.42,36.11,29.7,0.14,0.0
20230823:0910,386.19,460.76,45.07,31.34,0.28,0.0
20230823:1010,519.34,618.69,52.02,32.76,0.14,0.0
20230823:1110,612.68,742.14,55.54,33.93,0.14,0.0
20230823:1210,666.68,813.91,54.52,34.77,0.41,0.0
20230823:1310,682.43,832.89,49.32,35.42,0.69,0.0
20230823:1410,653.52,791.82,41.34,35.53,0.76,0.0
20230823:1510,565.0,682.36,31.83,35.46,0.14,0.0
20230823:1610,433.79,510.39,21.6,35.32,0.69,0.0
20230823:1710,188.78,227.16,11.15,34.25,1.31,0.0
20230823:1810,0.0,0.0,0.0,32.65,1.59,0.0
20230823:1910,0.0,0.0,0.0,31.23,1.03,0.0
20230823:2010,0.0,0.0,0.0,29.09,1.31,0.0
20230823:2110,0.0,0.0,0.0,27.67,1.45,0.0
20230823:2210,0.0,0.0,0.0,26.68,1.59,0.0
20230823:2310,0.0,0.0,0.0,26.03,1.66,0.0
20230824:0010,0.0,0.0,0.0,25.75,1.45,0.0
20230824:0110,0.0,0.0,0.0,25.22,1.45,0.0
20230824:0210,0.0,0.0,0.0,24.9,1.38,0.0
20230824:0310,0.0,0.0,0.0,24.28,1.59,0.0
20230824:0410,0.0,0.0,0.0,24.08,1.59,0.0
20230824:0510,13.87,27.45,5.13,23.75,1.52,0.0
20230824:0610,70.17,92.78,15.52,25.43,0.83,0.0
20230824:0710,78.29,128.2,25.92,28.86,0.48,0.0
20230824:0810,219.96,286.0,35.9,30.37,0.76,0.0
20230824:0910,384.11,456.55,44.83,31.66,0.76,0.0
20230824:1010,520.96,613.09,51.73,32.83,0.9,0.0
20230824:1110,619.27,739.78,55.2,33.73,0.76,0.0
20230824:1210,662.29,806.44,54.17,34.44,0.41,0.0
20230824:1310,676.98,825.42,48.99,34.82,0.55,0.0
20230824:1410,115.39,147.53,41.03,34.93,1.31,0.0
20230824:1510,80.14,107.74,31.53,34.27,0.55,0.0
20230824:1610,54.74,78.62,21.31,34.28,0.83,0.0
20230824:1710,105.82,135.19,10.87,33.2,0.9,0.0
20230824:1810,0.0,0.0,0.0,31.33,2.69,0.0
20230824:1910,0.0,0.0,0.0,30.31,2.0,0.0
20230824:2010,0.0,0.0,0.0,29.33,1.79,0.0
20230824:2110,0.0,0.0,0.0,28.25,1.72,0.0
20230824:2210,0.0,0.0,0.0,27.34,1.72,0.0
20230824:2310,0.0,0.0,0.0,26.67,1.79,0.0
20230825:0010,0.0,0.0,0.0,26.15,1.79,0.0
20230825:0110,0.0,0.0,0.0,25.78,1.79,0.0
20230825:0210,0.0,0.0,0.0,25.27,1.79,0.0
20230825:0310,0.0,0.0,0.0,24.86,1.72,0.0
20230825:0410,0.0,0.0,0.0,24.35,1.66,0.0
20230825:0510,13.13,26.51,4.93,23.95,1.45,0.0
20230825:0610,62.31,84.26,15.33,25.85,1.1,0.0
20230825:0710,71.38,120.43,25.72,26.87,1.79,0.0
20230825:0810,218.77,283.19,35.68,28.69,0.9,0.0
20230825:0910,382.24,454.03,44.58,30.15,0.21,0.0
20230825:1010,517.9,608.68,51.44,31.12,0.41,0.0
20230825:1110,617.17,733.29,54.87,31.78,0.48,0.0
20230825:1210,673.03,803.09,53.82,32.82,0.97,0.0
20230825:1310,684.33,826.19,48.65,32.96,0.55,0.0
20230825:1410,648.77,778.5,40.71,32.91,0.48,0.0
20230825:1510,578.65,673.59,31.23,32.41,1.31,0.0
20230825:1610,430.01,489.59,21.02,31.75,2.07,0.0
20230825:1710,181.63,215.48,10.57,30.79,1.86,0.0
20230825:1810,0.0,0.0,0.0,29.16,2.34,0.0
20230825:1910,0.0,0.0,0.0,28.35,2.28,0.0
20230825:2010,0.0,0.0,0.0,27.35,1.59,0.0
20230825:2110,0.0,0.0,0.0,26.49,1.86,0.0
20230825:2210,0.0,0.0,0.0,25.52,1.72,0.0
20230825:2310,0.0,0.0,0.0,25.04,1.66,0.0
20230826:0010,0.0,0.0,0.0,24.66,2.0,0.0
20230826:0110,0.0,0.0,0.0,24.15,1.86,0.0
20230826:0210,0.0,0.0,0.0,23.74,1.72,0.0
20230826:0310,0.0,0.0,0.0,23.38,1.93,0.0
20230826:0410,0.0,0.0,0.0,23.15,1.86,0.0
20230826:0510,11.07,23.67,4.73,22.75,1.72,0.0
20230826:0610,21.42,36.92,15.14,23.52,1.24,0.0
20230826:0710,66.69,88.33,25.53,24.16,2.14,0.0
20230826:0810,99.94,124.24,35.46,24.51,2.0,0.0
20230826:0910,98.3,123.27,44.33,25.71,1.38,0.0
20230826:1010,446.48,510.23,51.14,26.34,0.55,0.0
20230826:1110,271.0,312.0,54.53,27.09,0.83,0.0
20230826:1210,274.75,316.31,53.47,27.38,0.9,0.0
20230826:1310,55.04,76.68,48.31,27.34,0.97,0.0
20230826:1410,39.76,59.21,40.39,26.95,1.17,0.0
20230826:1510,60.72,82.5,30.93,25.62,0.48,0.0
20230826:1610,19.8,34.94,20.72,23.72,1.93,0.0
20230826:1710,62.02,82.42,10.28,22.55,2.69,0.0
20230826:1810,0.0,0.0,0.0,21.39,2.41,0.0
20230826:1910,0.0,0.0,0.0,20.35,2.62,0.0
20230826:2010,0.0,0.0,0.0,20.1,2.69,0.0
20230826:2110,0.0,0.0,0.0,19.78,2.55,0.0
20230826:2210,0.0,0.0,0.0,19.65,1.72,0.0
20230826:2310,0.0,0.0,0.0,19.72,1.72,0.0
20230827:0010,0.0,0.0,0.0,19.72,1.86,0.0
20230827:0110,0.0,0.0,0.0,19.64,1.66,0.0
20230827:0210,0.0,0.0,0.0,19.45,1.31,0.0
20230827:0310,0.0,0.0,0.0,19.41,1.1,0.0
20230827:0410,0.0,0.0,0.0,19.29,1.03,0.0
20230827:0510,4.59,14.2,4.54,19.24,0.9,0.0
20230827:0610,68.68,88.99,14.95,19.48,0.34,0.0
20230827:0710,24.95,40.77,25.33,20.72,0.48,0.0
20230827:0810,48.83,67.94,35.24,21.03,0.48,0.0
20230827:0910,64.94,85.41,44.08,20.77,0.48,0.0
20230827:1010,124.8,148.51,50.84,20.39,0.62,0.0
20230827:1110,245.49,273.51,54.19,20.23,1.86,0.0
20230827:1210,285.18,314.39,53.11,19.71,1.86,0.0
20230827:1310,139.39,163.06,47.97,20.41,2.21,0.0
20230827:1410,196.92,222.64,40.07,20.21,1.86,0.0
20230827:1510,168.07,192.73,30.62,20.53,1.86,0.0
20230827:1610,109.87,132.38,20.42,20.44,1.24,0.0
20230827:1710,20.9,35.91,9.98,20.76,0.69,0.0
20230827:1810,0.0,0.0,0.0,20.51,0.34,0.0
20230827:1910,0.0,0.0,0.0,19.62,3.52,0.0
20230827:2010,0.0,0.0,0.0,19.04,3.86,0.0
20230827:2110,0.0,0.0,0.0,18.56,3.45,0.0
20230827:2210,0.0,0.0,0.0,18.08,3.17,0.0
20230827:2310,0.0,0.0,0.0,17.64,3.31,0.0
20230828:0010,0.0,0.0,0.0,17.3,3.72,0.0
20230828:0110,0.0,0.0,0.0,16.89,3.93,0.0
20230828:0210,0.0,0.0,0.0,16.41,3.72,0.0
20230828:0310,0.0,0.0,0.0,16.0,3.59,0.0
20230828:0410,0.0,0.0,0.0,15.66,4.41,0.0
20230828:0510,11.56,23.67,4.34,15.41,4.48,0.0
20230828:0610,6.66,17.04,14.75,15.21,4.62,0.0
20230828:0710,18.17,32.03,25.12,16.56,3.03,0.0
20230828:0810,30.65,46.59,35.02,16.64,3.17,0.0
20230828:0910,42.0,59.21,43.83,16.82,3.52,0.0
20230828:1010,49.25,66.97,50.54,16.56,4.14,0.0
20230828:1110,216.2,236.83,53.85,16.09,4.28,0.0
20230828:1210,336.32,358.35,52.75,16.25,4.48,0.0
20230828:1310,367.92,391.29,47.62,16.74,4.07,0.0
20230828:1410,94.85,114.53,39.74,16.54,4.28,0.0
20230828:1510,37.78,54.35,30.31,15.87,4.41,0.0
20230828:1610,39.64,56.3,20.12,15.44,4.21,0.0
20230828:1710,14.34,27.18,9.68,15.21,4.14,0.0
20230828:1810,0.0,0.0,0.0,14.89,3.93,0.0
20230828:1910,0.0,0.0,0.0,15.39,3.86,0.0
20230828:2010,0.0,0.0,0.0,15.27,4.0,0.0
20230828:2110,0.0,0.0,0.0,15.11,4.0,0.0
20230828:2210,0.0,0.0,0.0,14.97,3.93,0.0
20230828:2310,0.0,0.0,0.0,14.91,3.86,0.0
20230829:0010,0.0,0.0,0.0,15.0,3.72,0.0
20230829:0110,0.0,0.0,0.0,14.98,3.52,0.0
20230829:0210,0.0,0.0,0.0,15.08,3.45,0.0
20230829:0310,0.0,0.0,0.0,15.05,3.45,0.0
20230829:0410,0.0,0.0,0.0,15.07,3.38,0.0
20230829:0510,5.36,15.15,4.14,15.12,3.24,0.0
20230829:0610,73.19,91.83,14.56,15.31,3.17,0.0
20230829:0710,87.14,127.02,24.92,16.34,3.1,0.0
20230829:0810,223.9,277.28,34.8,17.78,3.66,0.0
20230829:0910,416.84,456.95,43.57,19.08,4.14,0.0
20230829:1010,563.06,603.99,50.24,20.21,4.34,0.0
20230829:1110,651.07,702.22,53.5,21.34,4.28,0.0
20230829:1210,638.03,692.22,52.39,22.23,4.21,0.0
20230829:1310,769.23,840.36,47.27,22.71,4.14,0.0
20230829:1410,639.5,693.75,39.41,22.77,4.0,0.0
20230829:1510,494.32,533.37,30.0,22.63,3.72,0.0
20230829:1610,217.65,242.74,19.82,21.88,3.17,0.0
20230829:1710,158.76,182.1,9.37,20.79,3.31,0.0
20230829:1810,0.0,0.0,0.0,19.58,3.24,0.0
20230829:1910,0.0,0.0,0.0,18.77,3.38,0.0
20230829:2010,0.0,0.0,0.0,18.22,3.45,0.0
20230829:2110,0.0,0.0,0.0,17.61,3.24,0.0
20230829:2210,0.0,0.0,0.0,16.95,3.03,0.0
20230829:2310,0.0,0.0,0.0,16.3,2.83,0.0
20230830:0010,0.0,0.0,0.0,15.76,2.76,0.0
20230830:0110,0.0,0.0,0.0,15.35,2.76,0.0
20230830:0210,0.0,0.0,0.0,15.04,2.69,0.0
20230830:0310,0.0,0.0,0.0,14.7,2.69,0.0
20230830:0410,0.0,0.0,0.0,14.38,2.69,0.0
20230830:0510,10.19,21.77,3.94,14.07,2.69,0.0
20230830:0610,49.91,67.22,14.36,14.53,2.41,0.0
20230830:0710,54.65,98.96,24.72,16.84,2.21,0.0
20230830:0810,217.76,274.49,34.58,18.69,2.14,0.0
20230830:0910,404.77,453.23,43.31,20.11,1.59,0.0
20230830:1010,549.08,610.75,49.93,21.31,0.9,0.0
20230830:1110,644.49,731.96,53.15,22.2,0.34,0.0
20230830:1210,706.59,811.37,52.03,22.81,0.41,0.0
20230830:1310,724.22,829.43,46.92,23.04,0.69,0.0
20230830:1410,664.33,751.53,39.08,23.12,0.83,0.0
20230830:1510,599.91,671.07,29.68,23.04,0.83,0.0
20230830:1610,448.14,492.44,19.51,22.77,1.17,0.0
20230830:1710,165.61,191.28,9.07,21.93,1.17,0.0
20230830:1810,0.0,0.0,0.0,20.04,1.17,0.0
20230830:1910,0.0,0.0,0.0,19.18,1.03,0.0
20230830:2010,0.0,0.0,0.0,19.42,0.76,0.0
20230830:2110,0.0,0.0,0.0,18.81,0.76,0.0
20230830:2210,0.0,0.0,0.0,18.06,0.9,0.0
20230830:2310,0.0,0.0,0.0,16.85,1.1,0.0
20230831:0010,0.0,0.0,0.0,15.62,1.17,0.0
20230831:0110,0.0,0.0,0.0,14.61,1.38,0.0
20230831:0210,0.0,0.0,0.0,14.2,1.45,0.0
20230831:0310,0.0,0.0,0.0,13.75,1.52,0.0
20230831:0410,0.0,0.0,0.0,13.55,1.59,0.0
20230831:0510,4.78,14.2,3.74,13.2,1.72,0.0
20230831:0610,68.85,87.1,14.16,14.2,1.45,0.0
20230831:0710,69.94,110.69,24.51,17.37,1.03,0.0
20230831:0810,212.5,270.04,34.35,19.16,0.48,0.0
20230831:0910,393.39,447.34,43.05,20.59,0.28,0.0
20230831:1010,540.23,601.76,49.63,21.3,0.76,0.0
20230831:1110,601.46,670.09,52.8,21.88,1.17,0.0
20230831:1210,589.23,656.72,51.66,22.38,1.31,0.0
20230831:1310,501.29,556.18,46.56,22.59,1.24,0.0
20230831:1410,345.01,382.2,38.74,22.38,1.17,0.0
20230831:1510,250.03,279.78,29.36,22.18,1.17,0.0
20230831:1610,97.15,119.79,19.19,21.79,1.24,0.0
20230831:1710,162.37,187.57,8.76,21.24,0.97,0.0
20230831:1810,0.0,0.0,0.0,20.5,0.48,0.0
20230831:1910,0.0,0.0,0.0,19.23,0.97,0.0
20230831:2010,0.0,0.0,0.0,18.52,1.1,0.0
20230831:2110,0.0,0.0,0.0,17.97,1.1,0.0
20230831:2210,0.0,0.0,0.0,17.35,1.17,0.0
20230831:2310,0.0,0.0,0.0,17.04,1.1,0.0
20230901:0010,0.0,0.0,0.0,16.97,1.03,0.0
20230901:0110,0.0,0.0,0.0,17.7,0.76,0.0
20230901:0210,0.0,0.0,0.0,17.68,0.69,0.0
20230901:0310,0.0,0.0,0.0,17.6,0.62,0.0
20230901:0410,0.0,0.0,0.0,17.53,0.69,0.0
20230901:0510,5.91,16.09,3.53,17.36,0.76,0.0
20230901:0610,71.11,90.88,13.96,17.72,0.55,0.0
20230901:0710,146.13,173.42,24.31,18.68,0.14,0.0
20230901:0810,242.81,278.93,34.12,19.51,0.07,0.0
20230901:0910,340.56,382.77,42.78,20.48,0.07,0.0
20230901:1010,479.26,535.26,49.31,21.33,0.48,0.0
20230901:1110,477.75,532.1,52.45,21.76,0.76,0.0
20230901:1210,608.14,684.3,51.29,22.39,0.76,0.0
20230901:1310,654.07,739.99,46.2,22.54,0.69,0.0
20230901:1410,565.16,632.4,38.4,22.74,0.69,0.0
20230901:1510,549.58,612.71,29.04,22.59,0.55,0.0
20230901:1610,430.85,474.26,18.88,22.34,0.76,0.0
20230901:1710,111.46,134.97,8.44,22.04,1.03,0.0
20230901:1810,0.0,0.0,0.0,21.05,1.38,0.0
20230901:1910,0.0,0.0,0.0,19.99,1.52,0.0
20230901:2010,0.0,0.0,0.0,19.23,1.45,0.0
20230901:2110,0.0,0.0,0.0,18.29,1.31,0.0
20230901:2210,0.0,0.0,0.0,18.06,1.17,0.0
20230901:2310,0.0,0.0,0.0,17.74,1.1,0.0
20230902:0010,0.0,0.0,0.0,17.35,1.17,0.0
20230902:0110,0.0,0.0,0.0,16.67,1.38,0.0
20230902:0210,0.0,0.0,0.0,16.27,1.52,0.0
20230902:0310,0.0,0.0,0.0,15.82,1.59,0.0
20230902:0410,0.0,0.0,0.0,15.68,1.66,0.0
20230902:0510,5.99,16.09,3.33,15.52,1.66,0.0
20230902:0610,56.31,74.79,13.76,16.86,1.24,0.0
20230902:0710,56.96,97.54,24.1,20.42,0.97,0.0
20230902:0810,219.6,273.19,33.9,21.67,0.83,0.0
20230902:0910,380.59,435.44,42.52,22.68,0.62,0.0
20230902:1010,522.39,587.96,49.0,23.46,0.76,0.0
20230902:1110,610.99,689.5,52.09,23.8,0.97,0.0
20230902:1210,588.68,664.11,50.92,24.25,1.1,0.0
20230902:1310,570.05,643.46,45.84,24.54,0.97,0.0
20230902:1410,616.89,702.98,38.06,24.45,0.48,0.0
20230902:1510,530.27,599.46,28.71,24.69,0.28,0.0
20230902:1610,411.75,460.13,18.56,24.61,0.41,0.0
20230902:1710,154.11,181.65,8.13,24.11,0.69,0.0
20230902:1810,0.0,0.0,0.0,22.36,1.1,0.0
20230902:1910,0.0,0.0,0.0,21.13,1.31,0.0
20230902:2010,0.0,0.0,0.0,19.94,1.45,0.0
20230902:2110,0.0,0.0,0.0,18.94,1.52,0.0
20230902:2210,0.0,0.0,0.0,18.15,1.66,0.0
20230902:2310,0.0,0.0,0.0,17.58,1.66,0.0
20230903:0010,0.0,0.0,0.0,17.16,1.59,0.0
20230903:0110,0.0,0.0,0.0,16.51,1.52,0.0
20230903:0210,0.0,0.0,0.0,16.28,1.31,0.0
20230903:0310,0.0,0.0,0.0,16.72,1.59,0.0
20230903:0410,0.0,0.0,0.0,16.55,1.66,0.0
20230903:0510,4.69,14.2,3.13,16.18,1.79,0.0
20230903:0610,60.75,79.52,13.56,16.99,1.59,0.0
20230903:0710,128.83,159.15,23.89,18.68,1.24,0.0
20230903:0810,237.45,282.99,33.66,21.05,0.76,0.0
20230903:0910,381.94,437.04,42.25,22.99,0.97,0.0
20230903:1010,513.44,576.65,48.69,24.55,1.38,0.0
20230903:1110,599.35,677.99,51.73,25.7,1.45,0.0
20230903:1210,625.59,711.21,50.54,26.55,1.59,0.0
20230903:1310,655.86,750.28,45.48,27.04,1.45,0.0
20230903:1410,604.56,687.64,37.72,27.18,1.38,0.0
20230903:1510,550.31,620.42,28.38,27.0,1.38,0.0
20230903:1610,205.08,236.42,18.24,26.67,1.17,0.0
20230903:1710,110.39,136.27,7.81,25.53,0.41,0.0
20230903:1810,0.0,0.0,0.0,23.98,0.76,0.0
20230903:1910,0.0,0.0,0.0,23.27,1.03,0.0
20230903:2010,0.0,0.0,0.0,21.72,1.31,0.0
20230903:2110,0.0,0.0,0.0,20.43,1.66,0.0
20230903:2210,0.0,0.0,0.0,19.92,1.66,0.0
20230903:2310,0.0,0.0,0.0,19.48,1.72,0.0
20230904:0010,0.0,0.0,0.0,19.13,1.72,0.0
20230904:0110,0.0,0.0,0.0,18.91,1.66,0.0
20230904:0210,0.0,0.0,0.0,18.75,1.66,0.0
20230904:0310,0.0,0.0,0.0,18.49,1.66,0.0
20230904:0410,0.0,0.0,0.0,18.44,1.52,0.0
20230904:0510,1.28,8.52,2.93,17.81,1.31,0.0
20230904:0610,68.98,88.99,13.36,18.9,0.97,0.0
20230904:0710,106.45,140.27,23.68,21.97,0.76,0.0
20230904:0810,201.47,259.61,33.43,23.45,1.59,0.0
20230904:0910,369.05,420.92,41.98,24.04,1.59,0.0
20230904:1010,420.41,471.75,48.37,24.82,1.59,0.0
20230904:1110,509.83,572.0,51.37,25.37,1.72,0.0
20230904:1210,478.53,535.05,50.17,25.51,2.0,0.0
20230904:1310,487.64,543.22,45.11,25.58,2.21,0.0
20230904:1410,510.05,566.28,37.37,25.29,2.07,0.0
20230904:1510,480.77,533.34,28.05,25.14,1.59,0.0
20230904:1610,375.79,418.3,17.92,24.75,0.83,0.0
20230904:1710,97.86,122.21,7.48,24.31,0.48,0.0
20230904:1810,0.0,0.0,0.0,23.3,0.83,0.0
20230904:1910,0.0,0.0,0.0,22.34,1.24,0.0
20230904:2010,0.0,0.0,0.0,21.44,1.45,0.0
20230904:2110,0.0,0.0,0.0,21.1,1.38,0.0
20230904:2210,0.0,0.0,0.0,20.61,1.45,0.0
20230904:2310,0.0,0.0,0.0,20.51,1.72,0.0
20230905:0010,0.0,0.0,0.0,20.72,2.21,0.0
20230905:0110,0.0,0.0,0.0,20.47,2.34,0.0
20230905:0210,0.0,0.0,0.0,20.07,2.21,0.0
20230905:0310,0.0,0.0,0.0,19.81,2.0,0.0
20230905:0410,0.0,0.0,0.0,19.64,1.66,0.0
20230905:0510,0.0,1.89,2.72,19.37,1.31,0.0
20230905:0610,29.98,46.39,13.16,19.44,1.1,0.0
20230905:0710,70.76,91.24,23.47,19.93,1.17,0.0
20230905:0810,116.92,139.77,33.2,20.1,1.45,0.0
20230905:0910,115.99,138.8,41.71,20.42,2.14,0.0
20230905:1010,279.84,309.31,48.05,20.39,2.28,0.0
20230905:1110,213.98,240.65,51.01,20.58,2.21,0.0
20230905:1210,307.87,339.89,49.79,20.97,2.0,0.0
20230905:1310,323.33,357.08,44.74,21.57,1.79,0.0
20230905:1410,189.24,216.49,37.02,21.89,1.52,0.0
20230905:1510,186.81,213.64,27.71,21.98,1.17,0.0
20230905:1610,405.03,443.76,17.59,21.79,0.97,0.0
20230905:1710,104.65,127.77,7.16,21.33,0.9,0.0
20230905:1810,0.0,0.0,0.0,19.93,1.03,0.0
20230905:1910,0.0,0.0,0.0,18.73,1.24,0.0
20230905:2010,0.0,0.0,0.0,17.82,1.59,0.0
20230905:2110,0.0,0.0,0.0,17.76,1.86,0.0
20230905:2210,0.0,0.0,0.0,17.44,2.0,0.0
20230905:2310,0.0,0.0,0.0,17.09,2.07,0.0
20230906:0010,0.0,0.0,0.0,16.78,2.0,0.0
20230906:0110,0.0,0.0,0.0,16.54,2.0,0.0
20230906:0210,0.0,0.0,0.0,16.31,2.0,0.0
20230906:0310,0.0,0.0,0.0,16.14,2.0,0.0
20230906:0410,0.0,0.0,0.0,16.19,2.0,0.0
20230906:0510,2.35,10.41,2.52,15.93,2.0,0.0
20230906:0610,46.74,64.38,12.96,16.53,1.66,0.0
20230906:0710,47.56,83.62,23.26,19.47,1.03,0.0
20230906:0810,193.18,253.98,32.96,21.05,0.62,0.0
20230906:0910,374.95,430.99,41.43,22.01,0.41,0.0
20230906:1010,524.75,589.16,47.72,22.82,0.76,0.0
20230906:1110,623.4,704.88,50.64,23.39,0.76,0.0
20230906:1210,672.72,773.0,49.41,23.9,0.41,0.0
20230906:1310,687.68,801.61,44.37,24.28,0.0,0.0
20230906:1410,659.67,758.32,36.66,24.5,0.34,0.0
20230906:1510,570.99,644.0,27.38,24.61,0.62,0.0
20230906:1610,409.9,456.96,17.26,24.49,0.62,0.0
20230906:1710,140.15,167.27,6.83,23.7,0.34,0.0
20230906:1810,0.0,0.0,0.0,23.24,0.48,0.0
20230906:1910,0.0,0.0,0.0,22.69,0.55,0.0
20230906:2010,0.0,0.0,0.0,22.06,0.83,0.0
20230906:2110,0.0,0.0,0.0,21.38,0.97,0.0
20230906:2210,0.0,0.0,0.0,19.49,1.31,0.0
20230906:2310,0.0,0.0,0.0,17.92,1.72,0.0
20230907:0010,0.0,0.0,0.0,16.37,1.86,0.0
20230907:0110,0.0,0.0,0.0,15.81,1.52,0.0
20230907:0210,0.0,0.0,0.0,16.31,1.79,0.0
20230907:0310,0.0,0.0,0.0,16.21,1.93,0.0
20230907:0410,0.0,0.0,0.0,16.26,2.07,0.0
20230907:0510,1.3,8.52,2.31,16.27,2.07,0.0
20230907:0610,46.72,64.38,12.75,16.69,2.0,0.0
20230907:0710,48.86,83.03,23.04,18.44,1.66,0.0
20230907:0810,191.93,251.54,32.72,20.61,1.1,0.0
20230907:0910,370.42,427.33,41.16,22.62,0.41,0.0
20230907:1010,519.04,585.84,47.4,23.69,0.69,0.0
20230907:1110,619.11,702.57,50.28,24.37,0.83,0.0
20230907:1210,667.11,764.45,49.02,24.89,0.76,0.0
20230907:1310,689.38,791.92,44.0,25.19,0.83,0.0
20230907:1410,655.3,748.86,36.31,25.41,0.83,0.0
20230907:1510,559.35,629.3,27.04,25.39,0.97,0.0
20230907:1610,396.64,442.25,16.93,25.09,0.9,0.0
20230907:1710,123.5,149.91,6.51,24.32,0.62,0.0
20230907:1810,0.0,0.0,0.0,23.93,0.21,0.0
20230907:1910,0.0,0.0,0.0,23.33,0.55,0.0
20230907:2010,0.0,0.0,0.0,22.71,0.69,0.0
20230907:2110,0.0,0.0,0.0,20.83,1.17,0.0
20230907:2210,0.0,0.0,0.0,19.32,1.59,0.0
20230907:2310,0.0,0.0,0.0,18.77,1.59,0.0
20230908:0010,0.0,0.0,0.0,18.46,1.59,0.0
20230908:0110,0.0,0.0,0.0,18.12,1.59,0.0
20230908:0210,0.0,0.0,0.0,17.66,1.66,0.0
20230908:0310,0.0,0.0,0.0,17.37,1.66,0.0
20230908:0410,0.0,0.0,0.0,17.27,1.59,0.0
20230908:0510,0.82,7.57,2.11,16.95,1.52,0.0
20230908:0610,48.99,67.22,12.55,17.87,0.97,0.0
20230908:0710,53.06,86.35,22.82,21.06,0.28,0.0
20230908:0810,187.01,248.64,32.48,22.67,0.14,0.0
20230908:0910,365.62,423.15,40.88,23.01,0.34,0.0
20230908:1010,513.69,581.77,47.07,23.57,0.41,0.0
20230908:1110,611.15,698.47,49.91,24.15,0.34,0.0
20230908:1210,659.36,760.18,48.64,24.58,0.34,0.0
20230908:1310,679.96,787.55,43.62,24.99,0.34,0.0
20230908:1410,640.15,736.24,35.95,25.43,0.41,0.0
20230908:1510,552.55,627.74,26.69,25.44,0.34,0.0
20230908:1610,393.63,442.78,16.6,25.29,0.21,0.0
20230908:1710,124.21,151.35,6.17,24.73,0.14,0.0
20230908:1810,0.0,0.0,0.0,24.05,0.34,0.0
20230908:1910,0.0,0.0,0.0,23.0,0.83,0.0
20230908:2010,0.0,0.0,0.0,22.62,0.76,0.0
20230908:2110,0.0,0.0,0.0,20.81,1.24,0.0
20230908:2210,0.0,0.0,0.0,19.11,1.66,0.0
20230908:2310,0.0,0.0,0.0,18.22,1.79,0.0
20230909:0010,0.0,0.0,0.0,17.44,1.72,0.0
20230909:0110,0.0,0.0,0.0,16.97,1.79,0.0
20230909:0210,0.0,0.0,0.0,16.48,1.59,0.0
20230909:0310,0.0,0.0,0.0,16.87,1.72,0.0
20230909:0410,0.0,0.0,0.0,17.07,1.86,0.0
20230909:0510,0.0,5.68,1.9,16.95,1.79,0.0
20230909:0610,46.53,64.38,12.34,17.37,1.59,0.0
20230909:0710,46.31,77.93,22.61,19.55,0.9,0.0
20230909:0810,185.39,246.45,32.24,22.0,0.28,0.0
20230909:0910,362.53,421.23,40.6,23.93,0.55,0.0
20230909:1010,512.65,580.08,46.74,24.9,0.97,0.0
20230909:1110,613.09,696.04,49.54,25.44,1.1,0.0
20230909:1210,663.4,758.03,48.25,25.89,1.17,0.0
20230909:1310,681.86,784.51,43.24,26.43,1.03,0.0
20230909:1410,642.93,734.51,35.59,26.58,1.1,0.0
20230909:1510,546.17,618.16,26.35,26.57,0.9,0.0
20230909:1610,378.36,425.08,16.26,26.12,0.69,0.0
20230909:1710,101.27,126.73,5.84,24.97,0.55,0.0
20230909:1810,0.0,0.0,0.0,24.74,0.21,0.0
20230909:1910,0.0,0.0,0.0,22.83,1.1,0.0
20230909:2010,0.0,0.0,0.0,21.67,1.17,0.0
20230909:2110,0.0,0.0,0.0,20.32,1.45,0.0
20230909:2210,0.0,0.0,0.0,19.09,1.72,0.0
20230909:2310,0.0,0.0,0.0,18.25,1.72,0.0
20230910:0010,0.0,0.0,0.0,17.76,1.66,0.0
20230910:0110,0.0,0.0,0.0,17.43,1.72,0.0
20230910:0210,0.0,0.0,0.0,16.9,1.59,0.0
20230910:0310,0.0,0.0,0.0,16.8,1.38,0.0
20230910:0410,0.0,0.0,0.0,17.19,1.59,0.0
20230910:0510,0.0,5.68,1.69,17.17,1.66,0.0
20230910:0610,48.26,66.27,12.14,17.4,1.45,0.0
20230910:0710,46.71,76.78,22.39,19.8,0.9,0.0
20230910:0810,183.36,244.29,32.0,22.53,0.34,0.0
20230910:0910,359.32,418.37,40.32,24.42,0.69,0.0
20230910:1010,508.31,576.15,46.41,25.41,1.03,0.0
20230910:1110,608.21,692.01,49.16,26.13,1.17,0.0
20230910:1210,660.58,758.11,47.86,26.78,1.17,0.0
20230910:1310,676.59,779.04,42.86,27.19,1.17,0.0
20230910:1410,634.83,727.51,35.23,27.37,1.1,0.0
20230910:1510,539.23,611.68,26.0,27.32,0.97,0.0
20230910:1610,373.2,421.08,15.93,26.94,0.69,0.0
20230910:1710,83.3,107.97,5.51,26.04,0.21,0.0
20230910:1810,0.0,0.0,0.0,25.43,0.28,0.0
20230910:1910,0.0,0.0,0.0,23.31,1.03,0.0
20230910:2010,0.0,0.0,0.0,22.38,1.1,0.0
20230910:2110,0.0,0.0,0.0,21.04,1.31,0.0
20230910:2210,0.0,0.0,0.0,19.88,1.52,0.0
20230910:2310,0.0,0.0,0.0,19.01,1.52,0.0
20230911:0010,0.0,0.0,0.0,18.29,1.59,0.0
20230911:0110,0.0,0.0,0.0,17.41,1.52,0.0
20230911:0210,0.0,0.0,0.0,17.25,1.38,0.0
20230911:0310,0.0,0.0,0.0,17.76,1.59,0.0
20230911:0410,0.0,0.0,0.0,17.45,1.66,0.0
20230911:0510,0.0,1.89,1.49,17.33,1.66,0.0
20230911:0610,51.72,70.06,11.93,17.57,1.45,0.0
20230911:0710,49.81,78.2,22.17,19.46,0.97,0.0
20230911:0810,181.91,241.81,31.75,22.03,0.41,0.0
20230911:0910,353.93,413.21,40.03,24.24,0.34,0.0
20230911:1010,500.8,570.07,46.08,25.55,0.76,0.0
20230911:1110,598.96,683.77,48.79,26.5,1.03,0.0
20230911:1210,646.78,744.08,47.47,27.28,1.1,0.0
20230911:1310,659.16,763.51,42.48,27.72,0.9,0.0
20230911:1410,630.33,727.01,34.87,28.0,0.9,0.0
20230911:1510,543.64,619.33,25.66,28.06,0.97,0.0
20230911:1610,356.7,404.84,15.59,27.75,0.55,0.0
20230911:1710,84.35,109.37,5.17,26.45,0.48,0.0
20230911:1810,0.0,0.0,0.0,25.94,0.41,0.0
20230911:1910,0.0,0.0,0.0,22.93,1.24,0.0
20230911:2010,0.0,0.0,0.0,22.56,1.1,0.0
20230911:2110,0.0,0.0,0.0,21.84,1.17,0.0
20230911:2210,0.0,0.0,0.0,21.76,1.1,0.0
20230911:2310,0.0,0.0,0.0,21.19,1.1,0.0
20230912:0010,0.0,0.0,0.0,20.6,1.24,0.0
20230912:0110,0.0,0.0,0.0,20.43,1.1,0.0
20230912:0210,0.0,0.0,0.0,20.2,1.1,0.0
20230912:0310,0.0,0.0,0.0,20.45,1.03,0.0
20230912:0410,0.0,0.0,0.0,18.46,1.24,0.0
20230912:0510,0.0,0.0,0.0,17.66,1.1,0.0
20230912:0610,7.17,17.99,11.72,18.82,0.97,0.0
20230912:0710,52.85,79.91,21.95,20.66,0.62,0.0
20230912:0810,192.12,246.02,31.5,22.7,0.48,0.0
20230912:0910,320.92,366.87,39.75,24.14,0.76,0.0
20230912:1010,414.59,468.73,45.75,25.08,0.97,0.0
20230912:1110,477.77,540.33,48.41,25.55,0.97,0.0
20230912:1210,552.89,631.53,47.08,26.24,0.69,0.0
20230912:1310,427.0,486.41,42.1,26.67,0.41,0.0
20230912:1410,558.68,637.01,34.5,26.94,0.76,0.0
20230912:1510,542.09,615.32,25.31,26.85,0.76,0.0
20230912:1610,80.64,104.52,15.25,26.44,0.21,0.0
20230912:1710,50.01,70.8,4.84,25.22,1.17,0.0
20230912:1810,0.0,0.0,0.0,24.13,1.59,0.0
20230912:1910,0.0,0.0,0.0,22.99,1.31,0.0
20230912:2010,0.0,0.0,0.0,21.92,1.38,0.0
20230912:2110,0.0,0.0,0.0,21.55,1.72,0.0
20230912:2210,0.0,0.0,0.0,20.73,0.83,0.0
20230912:2310,0.0,0.0,0.0,20.27,1.86,0.0
20230913:0010,0.0,0.0,0.0,19.62,1.52,0.0
20230913:0110,0.0,0.0,0.0,19.27,1.93,0.0
20230913:0210,0.0,0.0,0.0,19.0,1.79,0.0
20230913:0310,0.0,0.0,0.0,18.85,1.45,0.0
20230913:0410,0.0,0.0,0.0,18.62,1.52,0.0
20230913:0510,0.0,0.0,0.0,18.08,1.24,0.0
20230913:0610,30.84,47.34,11.51,19.03,0.28,0.0
20230913:0710,104.61,127.18,21.73,19.97,0.9,0.0
20230913:0810,66.75,87.36,31.26,20.73,0.41,0.0
20230913:0910,240.95,272.66,39.46,21.49,0.62,0.0
20230913:1010,220.77,251.45,45.41,22.02,0.41,0.0
20230913:1110,114.25,138.8,48.04,22.77,0.83,0.0
20230913:1210,156.43,183.45,46.69,22.94,0.97,0.0
20230913:1310,171.28,199.27,41.71,22.65,0.48,0.0
20230913:1410,97.93,121.33,34.13,22.52,0.9,0.0
20230913:1510,239.68,267.9,24.96,21.82,1.17,0.0
20230913:1610,14.61,28.15,14.91,21.25,1.31,0.0
20230913:1710,0.0,3.88,4.5,20.62,0.83,0.0
20230913:1810,0.0,0.0,0.0,20.15,0.76,0.0
20230913:1910,0.0,0.0,0.0,19.66,0.69,0.0
20230913:2010,0.0,0.0,0.0,19.3,0.76,0.0
20230913:2110,0.0,0.0,0.0,19.01,0.76,0.0
20230913:2210,0.0,0.0,0.0,18.47,0.9,0.0
20230913:2310,0.0,0.0,0.0,18.89,0.62,0.0
20230914:0010,0.0,0.0,0.0,18.56,0.62,0.0
20230914:0110,0.0,0.0,0.0,18.24,0.62,0.0
20230914:0210,0.0,0.0,0.0,17.59,0.76,0.0
20230914:0310,0.0,0.0,0.0,17.6,0.69,0.0
20230914:0410,0.0,0.0,0.0,17.38,0.69,0.0
20230914:0510,0.0,0.0,0.0,17.1,0.69,0.0
20230914:0610,42.15,59.64,11.3,17.32,0.48,0.0
20230914:0710,39.35,62.3,21.5,18.87,0.62,0.0
20230914:0810,198.57,246.54,31.01,20.32,0.76,0.0
20230914:0910,336.02,380.09,39.17,21.6,1.31,0.0
20230914:1010,447.37,499.96,45.07,22.62,0.97,0.0
20230914:1110,583.99,657.35,47.66,23.3,0.76,0.0
20230914:1210,583.61,658.85,46.29,23.82,0.76,0.0
20230914:1310,598.33,680.37,41.33,24.3,0.48,0.0
20230914:1410,493.91,553.7,33.77,24.67,0.76,0.0
20230914:1510,477.8,530.89,24.6,24.54,1.1,0.0
20230914:1610,55.84,76.44,14.57,24.03,1.24,0.0
20230914:1710,12.04,25.08,4.16,23.04,0.9,0.0
20230914:1810,0.0,0.0,0.0,21.35,1.38,0.0
20230914:1910,0.0,0.0,0.0,20.64,1.45,0.0
20230914:2010,0.0,0.0,0.0,19.89,0.97,0.0
20230914:2110,0.0,0.0,0.0,19.93,0.69,0.0
20230914:2210,0.0,0.0,0.0,18.48,1.66,0.0
20230914:2310,0.0,0.0,0.0,17.88,1.59,0.0
20230915:0010,0.0,0.0,0.0,17.7,1.59,0.0
20230915:0110,0.0,0.0,0.0,17.36,1.66,0.0
20230915:0210,0.0,0.0,0.0,17.18,1.72,0.0
20230915:0310,0.0,0.0,0.0,17.04,1.45,0.0
20230915:0410,0.0,0.0,0.0,17.11,1.03,0.0
20230915:0510,0.0,0.0,0.0,17.23,0.97,0.0
20230915:0610,38.73,55.86,11.09,17.42,1.03,0.0
20230915:0710,69.42,89.3,21.28,18.46,0.97,0.0
20230915:0810,171.87,197.85,30.75,19.73,1.17,0.0
20230915:0910,202.62,230.35,38.87,20.66,0.83,0.0
20230915:1010,140.81,165.98,44.73,21.47,0.76,0.0
20230915:1110,51.27,70.86,47.28,21.99,1.03,0.0
20230915:1210,335.11,373.67,45.9,22.6,1.03,0.0
20230915:1310,647.43,722.91,40.94,22.7,1.31,0.0
20230915:1410,576.55,640.98,33.4,22.53,0.97,0.0
20230915:1510,511.77,561.74,24.25,22.15,1.24,0.0
20230915:1610,344.48,378.02,14.22,20.46,0.48,0.0
20230915:1710,40.17,58.73,3.82,20.42,0.69,0.0
20230915:1810,0.0,0.0,0.0,19.71,1.24,0.0
20230915:1910,0.0,0.0,0.0,19.35,1.52,0.0
20230915:2010,0.0,0.0,0.0,18.53,1.52,0.0
20230915:2110,0.0,0.0,0.0,18.1,1.38,0.0
20230915:2210,0.0,0.0,0.0,18.08,1.38,0.0
20230915:2310,0.0,0.0,0.0,17.98,1.31,0.0
20230916:0010,0.0,0.0,0.0,17.89,1.1,0.0
20230916:0110,0.0,0.0,0.0,17.67,1.17,0.0
20230916:0210,0.0,0.0,0.0,18.83,0.62,0.0
20230916:0310,0.0,0.0,0.0,18.96,0.41,0.0
20230916:0410,0.0,0.0,0.0,18.17,0.62,0.0
20230916:0510,0.0,0.0,0.0,18.16,0.41,0.0
20230916:0610,34.36,51.12,10.87,18.01,0.62,0.0
20230916:0710,109.53,131.55,21.05,18.58,0.62,0.0
20230916:0810,70.19,90.27,30.5,18.78,0.76,0.0
20230916:0910,67.4,87.36,38.58,18.9,0.62,0.0
20230916:1010,90.31,111.62,44.39,19.1,0.76,0.0
20230916:1110,250.54,279.17,46.9,19.84,1.17,0.0
20230916:1210,514.02,566.02,45.5,20.6,1.03,0.0
20230916:1310,493.23,544.77,40.55,20.96,0.69,0.0
20230916:1410,405.65,447.68,33.03,21.26,0.41,0.0
20230916:1510,136.47,161.13,23.9,21.4,0.48,0.0
20230916:1610,192.53,218.58,13.88,21.48,0.55,0.0
20230916:1710,4.15,13.59,3.48,21.1,0.14,0.0
20230916:1810,0.0,0.0,0.0,20.16,0.55,0.0
20230916:1910,0.0,0.0,0.0,19.48,1.52,0.0
20230916:2010,0.0,0.0,0.0,18.86,1.31,0.0
20230916:2110,0.0,0.0,0.0,19.4,0.62,0.0
20230916:2210,0.0,0.0,0.0,19.37,0.55,0.0
20230916:2310,0.0,0.0,0.0,18.98,0.62,0.0
20230917:0010,0.0,0.0,0.0,18.64,0.83,0.0
20230917:0110,0.0,0.0,0.0,18.54,0.76,0.0
20230917:0210,0.0,0.0,0.0,18.59,0.76,0.0
20230917:0310,0.0,0.0,0.0,18.57,0.69,0.0
20230917:0410,0.0,0.0,0.0,18.62,0.48,0.0
20230917:0510,0.0,0.0,0.0,18.45,0.48,0.0
20230917:0610,41.94,59.64,10.66,18.29,0.41,0.0
20230917:0710,116.59,139.17,20.82,19.28,0.83,0.0
20230917:0810,208.59,243.77,30.24,19.74,0.76,0.0
20230917:0910,319.54,360.02,38.29,20.31,0.83,0.0
20230917:1010,413.43,459.21,44.05,21.24,0.9,0.0
20230917:1110,517.76,577.22,46.51,22.06,0.76,0.0
20230917:1210,527.18,592.42,45.1,22.53,0.34,0.0
20230917:1310,573.92,647.94,40.16,23.04,0.34,0.0
20230917:1410,504.8,560.79,32.65,23.05,0.83,0.0
20230917:1510,309.69,343.64,23.54,22.94,0.83,0.0
20230917:1610,305.46,338.94,13.53,22.65,0.83,0.0
20230917:1710,17.55,32.32,3.14,22.13,0.76,0.0
20230917:1810,0.0,0.0,0.0,21.33,0.9,0.0
20230917:1910,0.0,0.0,0.0,20.66,1.03,0.0
20230917:2010,0.0,0.0,0.0,20.16,1.45,0.0
20230917:2110,0.0,0.0,0.0,19.67,1.31,0.0
20230917:2210,0.0,0.0,0.0,19.49,1.1,0.0
20230917:2310,0.0,0.0,0.0,19.81,0.9,0.0
20230918:0010,0.0,0.0,0.0,19.63,1.17,0.0
20230918:0110,0.0,0.0,0.0,19.5,1.03,0.0
20230918:0210,0.0,0.0,0.0,19.55,0.9,0.0
20230918:0310,0.0,0.0,0.0,19.88,0.62,0.0
20230918:0410,0.0,0.0,0.0,19.1,1.03,0.0
20230918:0510,0.0,0.0,0.0,19.02,0.97,0.0
20230918:0610,30.03,46.39,10.45,19.1,1.1,0.0
20230918:0710,12.03,24.61,20.59,19.12,2.48,0.0
20230918:0810,49.37,67.94,29.99,19.41,2.62,0.0
20230918:0910,62.83,82.5,37.99,19.88,4.0,0.0
20230918:1010,111.67,133.95,43.7,20.23,3.24,0.0
20230918:1110,333.88,365.64,46.13,20.55,2.55,0.0
20230918:1210,186.52,212.68,44.71,20.89,1.72,0.0
20230918:1310,96.68,119.39,39.77,21.6,1.45,0.0
20230918:1410,51.64,70.86,32.28,20.77,1.79,0.0
20230918:1510,16.25,30.09,23.18,19.97,1.17,0.0
20230918:1610,55.5,74.66,13.19,19.56,1.03,0.0
20230918:1710,3.01,11.65,2.79,18.99,1.31,0.0
20230918:1810,0.0,0.0,0.0,18.29,1.24,0.0
20230918:1910,0.0,0.0,0.0,18.39,1.59,0.0
20230918:2010,0.0,0.0,0.0,18.03,1.31,0.0
20230918:2110,0.0,0.0,0.0,17.85,1.24,0.0
20230918:2210,0.0,0.0,0.0,17.52,0.9,0.0
20230918:2310,0.0,0.0,0.0,17.09,1.1,0.0
20230919:0010,0.0,0.0,0.0,16.73,1.31,0.0
20230919:0110,0.0,0.0,0.0,16.92,1.31,0.0
20230919:0210,0.0,0.0,0.0,17.01,1.31,0.0
20230919:0310,0.0,0.0,0.0,16.86,1.45,0.0
20230919:0410,0.0,0.0,0.0,16.61,1.45,0.0
20230919:0510,0.0,0.0,0.0,16.18,1.59,0.0
20230919:0610,36.42,53.02,10.23,16.16,1.31,0.0
20230919:0710,72.03,90.88,20.36,15.64,1.79,0.0
20230919:0810,155.87,214.72,29.73,17.78,1.38,0.0
20230919:0910,336.54,387.36,37.69,20.14,1.03,0.0
20230919:1010,482.77,543.38,43.36,22.1,0.41,0.0
20230919:1110,577.27,657.2,45.75,23.63,0.21,0.0
20230919:1210,627.22,711.26,44.31,24.48,0.9,0.0
20230919:1310,649.0,731.6,39.38,24.88,1.45,0.0
20230919:1410,595.15,664.11,31.91,24.78,1.66,0.0
20230919:1510,503.15,556.82,22.83,24.49,1.59,0.0
20230919:1610,326.98,363.63,12.84,23.83,1.17,0.0
20230919:1710,19.02,34.35,2.45,22.45,0.97,0.0
20230919:1810,0.0,0.0,0.0,21.32,0.9,0.0
20230919:1910,0.0,0.0,0.0,21.1,0.97,0.0
20230919:2010,0.0,0.0,0.0,19.61,1.31,0.0
20230919:2110,0.0,0.0,0.0,18.7,1.45,0.0
20230919:2210,0.0,0.0,0.0,17.69,1.72,0.0
20230919:2310,0.0,0.0,0.0,17.2,1.72,0.0
20230920:0010,0.0,0.0,0.0,17.01,1.59,0.0
20230920:0110,0.0,0.0,0.0,16.75,1.59,0.0
20230920:0210,0.0,0.0,0.0,16.81,1.45,0.0
20230920:0310,0.0,0.0,0.0,16.85,1.38,0.0
20230920:0410,0.0,0.0,0.0,17.05,1.38,0.0
20230920:0510,0.0,0.0,0.0,17.21,1.24,0.0
20230920:0610,35.33,52.07,10.01,17.43,1.03,0.0
20230920:0710,81.55,102.24,20.13,18.77,0.9,0.0
20230920:0810,107.55,130.06,29.47,19.83,0.76,0.0
20230920:0910,202.34,230.37,37.39,20.86,0.83,0.0
20230920:1010,119.9,143.65,43.01,21.24,1.24,0.0
20230920:1110,106.04,129.09,45.36,21.28,1.38,0.0
20230920:1210,390.64,430.49,43.91,21.88,1.59,0.0
20230920:1310,343.9,380.0,38.99,22.01,1.38,0.0
20230920:1410,177.24,203.18,31.54,21.12,1.31,0.0
20230920:1510,176.72,201.03,22.47,20.51,1.66,0.0
20230920:1610,19.37,33.97,12.5,20.2,1.1,0.0
20230920:1710,0.0,2.91,2.11,19.41,0.62,0.0
20230920:1810,0.0,0.0,0.0,18.47,1.03,0.0
20230920:1910,0.0,0.0,0.0,17.92,1.1,0.0
20230920:2010,0.0,0.0,0.0,17.63,1.31,0.0
20230920:2110,0.0,0.0,0.0,17.42,1.38,0.0
20230920:2210,0.0,0.0,0.0,17.49,1.17,0.0
20230920:2310,0.0,0.0,0.0,17.42,1.17,0.0
20230921:0010,0.0,0.0,0.0,17.19,1.45,0.0
20230921:0110,0.0,0.0,0.0,16.95,1.59,0.0
20230921:0210,0.0,0.0,0.0,16.78,1.86,0.0
20230921:0310,0.0,0.0,0.0,16.63,1.93,0.0
20230921:0410,0.0,0.0,0.0,16.58,1.79,0.0
20230921:0510,0.0,0.0,0.0,16.58,1.79,0.0
20230921:0610,40.61,57.75,9.8,16.8,1.93,0.0
20230921:0710,118.81,140.11,19.9,17.28,1.24,0.0
20230921:0810,201.44,235.62,29.21,17.73,1.45,0.0
20230921:0910,134.32,156.27,37.09,18.05,2.0,0.0
20230921:1010,279.76,307.6,42.66,18.87,1.93,0.0
20230921:1110,111.86,133.95,44.98,19.4,2.0,0.0
20230921:1210,208.41,234.18,43.51,19.99,2.21,0.0
20230921:1310,90.05,111.62,38.6,20.36,2.41,0.0
20230921:1410,25.96,41.74,31.16,19.64,1.86,0.0
20230921:1510,89.89,110.68,22.11,18.65,1.86,0.0
20230921:1610,257.76,281.13,12.15,18.5,2.14,0.0
20230921:1710,0.0,5.68,1.76,18.06,2.28,0.0
20230921:1810,0.0,0.0,0.0,17.79,2.34,0.0
20230921:1910,0.0,0.0,0.0,17.51,2.07,0.0
20230921:2010,0.0,0.0,0.0,17.47,2.21,0.0
20230921:2110,0.0,0.0,0.0,17.49,2.55,0.0
20230921:2210,0.0,0.0,0.0,17.39,2.83,0.0
20230921:2310,0.0,0.0,0.0,17.3,3.03,0.0
20230922:0010,0.0,0.0,0.0,17.16,3.03,0.0
20230922:0110,0.0,0.0,0.0,16.97,3.24,0.0
20230922:0210,0.0,0.0,0.0,16.97,3.66,0.0
20230922:0310,0.0,0.0,0.0,16.86,4.0,0.0
20230922:0410,0.0,0.0,0.0,16.7,4.21,0.0
20230922:0510,0.0,0.0,0.0,16.6,4.14,0.0
20230922:0610,23.88,38.82,9.58,16.69,4.21,0.0
20230922:0710,110.21,130.65,19.66,16.96,3.03,0.0
20230922:0810,45.5,63.09,28.94,17.06,3.1,0.0
20230922:0910,129.38,150.45,36.78,17.45,3.31,0.0
20230922:1010,40.08,57.27,42.31,17.46,3.1,0.0
20230922:1110,113.97,134.92,44.59,17.64,2.83,0.0
20230922:1210,375.51,402.74,43.11,17.53,2.76,0.0
20230922:1310,328.3,355.08,38.21,17.39,1.59,0.0
20230922:1410,239.44,262.85,30.79,17.6,1.72,0.0
20230922:1510,150.57,172.39,21.76,17.55,0.97,0.0
20230922:1610,37.5,54.35,11.8,16.86,1.31,0.0
20230922:1710,0.0,0.95,1.42,16.38,1.72,0.0
20230922:1810,0.0,0.0,0.0,14.98,1.79,0.0
20230922:1910,0.0,0.0,0.0,15.09,2.48,0.0
20230922:2010,0.0,0.0,0.0,14.62,2.07,0.0
20230922:2110,0.0,0.0,0.0,14.31,1.72,0.0
20230922:2210,0.0,0.0,0.0,13.47,1.17,0.0
20230922:2310,0.0,0.0,0.0,12.79,1.31,0.0
20230923:0010,0.0,0.0,0.0,12.72,1.66,0.0
20230923:0110,0.0,0.0,0.0,12.64,1.66,0.0
20230923:0210,0.0,0.0,0.0,12.93,1.66,0.0
20230923:0310,0.0,0.0,0.0,12.88,1.59,0.0
20230923:0410,0.0,0.0,0.0,12.51,1.52,0.0
20230923:0510,0.0,0.0,0.0,12.37,1.72,0.0
20230923:0610,40.64,56.8,9.36,12.48,1.86,0.0
20230923:0710,88.53,106.98,19.42,13.86,3.24,0.0
20230923:0810,119.31,138.8,28.68,15.04,3.03,0.0
20230923:0910,221.87,243.98,36.48,16.51,3.38,0.0
20230923:1010,337.11,363.09,41.96,17.69,3.79,0.0
20230923:1110,427.92,458.07,44.2,18.63,3.86,0.0
20230923:1210,586.95,629.83,42.71,19.37,3.24,0.0
20230923:1310,238.22,263.4,37.82,19.52,3.1,0.0
20230923:1410,368.92,396.13,30.41,19.75,3.45,0.0
20230923:1510,408.4,436.82,21.4,19.92,3.17,0.0
20230923:1610,309.08,335.33,11.45,19.37,2.48,0.0
20230923:1710,0.0,0.0,0.0,18.01,2.34,0.0
20230923:1810,0.0,0.0,0.0,16.54,2.34,0.0
20230923:1910,0.0,0.0,0.0,16.27,3.03,0.0
20230923:2010,0.0,0.0,0.0,15.91,3.31,0.0
20230923:2110,0.0,0.0,0.0,15.49,3.31,0.0
20230923:2210,0.0,0.0,0.0,15.01,3.17,0.0
20230923:2310,0.0,0.0,0.0,14.57,3.17,0.0
20230924:0010,0.0,0.0,0.0,14.21,3.24,0.0
20230924:0110,0.0,0.0,0.0,13.85,3.17,0.0
20230924:0210,0.0,0.0,0.0,13.45,3.03,0.0
20230924:0310,0.0,0.0,0.0,12.9,2.9,0.0
20230924:0410,0.0,0.0,0.0,12.32,2.76,0.0
20230924:0510,0.0,0.0,0.0,11.76,2.69,0.0
20230924:0610,33.86,49.23,9.14,11.54,2.55,0.0
20230924:0710,68.5,86.15,19.19,12.86,2.55,0.0
20230924:0810,145.56,203.24,28.41,15.04,2.21,0.0
20230924:0910,333.93,381.31,36.17,17.16,1.45,0.0
20230924:1010,490.88,542.25,41.61,18.8,0.83,0.0
20230924:1110,592.53,661.52,43.82,19.91,0.34,0.0
20230924:1210,635.71,713.84,42.31,20.61,0.41,0.0
20230924:1310,655.28,734.73,37.43,20.91,0.62,0.0
20230924:1410,616.74,685.6,30.04,20.97,0.76,0.0
20230924:1510,504.5,552.84,21.04,20.7,0.9,0.0
20230924:1610,305.33,335.94,11.11,20.04,0.83,0.0
20230924:1710,0.0,0.0,0.0,19.18,0.34,0.0
20230924:1810,0.0,0.0,0.0,18.12,0.55,0.0
20230924:1910,0.0,0.0,0.0,15.53,1.38,0.0
20230924:2010,0.0,0.0,0.0,13.66,1.79,0.0
20230924:2110,0.0,0.0,0.0,12.53,1.86,0.0
20230924:2210,0.0,0.0,0.0,11.78,1.79,0.0
20230924:2310,0.0,0.0,0.0,11.44,1.72,0.0
20230925:0010,0.0,0.0,0.0,11.29,1.72,0.0
20230925:0110,0.0,0.0,0.0,11.24,1.72,0.0
20230925:0210,0.0,0.0,0.0,11.2,1.66,0.0
20230925:0310,0.0,0.0,0.0,11.15,1.66,0.0
20230925:0410,0.0,0.0,0.0,10.98,1.66,0.0
20230925:0510,0.0,0.0,0.0,10.54,1.72,0.0
20230925:0610,33.2,48.28,8.91,10.16,1.52,0.0
20230925:0710,68.44,86.15,18.95,12.76,1.59,0.0
20230925:0810,141.44,199.22,28.14,15.76,1.31,0.0
20230925:0910,324.36,373.42,35.86,18.24,1.17,0.0
20230925:1010,479.0,530.19,41.26,19.43,0.9,0.0
20230925:1110,585.19,650.17,43.43,20.31,0.69,0.0
20230925:1210,624.9,696.35,41.91,20.92,0.83,0.0
20230925:1310,645.21,720.05,37.03,21.29,0.9,0.0
20230925:1410,603.28,670.31,29.66,21.44,0.83,0.0
20230925:1510,487.36,536.07,20.68,21.33,0.76,0.0
20230925:1610,298.39,330.35,10.76,20.86,0.69,0.0
20230925:1710,0.0,0.0,0.0,19.29,0.83,0.0
20230925:1810,0.0,0.0,0.0,17.51,1.24,0.0
20230925:1910,0.0,0.0,0.0,18.61,0.28,0.0
20230925:2010,0.0,0.0,0.0,15.33,1.38,0.0
20230925:2110,0.0,0.0,0.0,13.59,2.07,0.0
20230925:2210,0.0,0.0,0.0,13.13,2.14,0.0
20230925:2310,0.0,0.0,0.0,12.92,2.14,0.0
20230926:0010,0.0,0.0,0.0,12.78,2.21,0.0
20230926:0110,0.0,0.0,0.0,12.64,2.21,0.0
20230926:0210,0.0,0.0,0.0,12.53,2.21,0.0
20230926:0310,0.0,0.0,0.0,12.38,2.14,0.0
20230926:0410,0.0,0.0,0.0,12.21,2.14,0.0
20230926:0510,0.0,0.0,0.0,12.05,2.07,0.0
20230926:0610,33.72,49.23,8.69,12.23,1.86,0.0
20230926:0710,68.17,86.15,18.71,13.58,1.59,0.0
20230926:0810,137.95,194.72,27.87,16.59,0.97,0.0
20230926:0910,312.54,364.92,35.55,19.39,0.41,0.0
20230926:1010,464.21,519.7,40.9,20.92,0.55,0.0
20230926:1110,569.2,637.55,43.04,21.78,0.55,0.0
20230926:1210,607.15,683.54,41.51,22.38,0.55,0.0
20230926:1310,622.19,700.27,36.64,22.78,0.69,0.0
20230926:1410,581.45,649.91,29.29,22.86,0.76,0.0
20230926:1510,465.68,515.64,20.32,22.73,0.69,0.0
20230926:1610,261.59,293.11,10.41,22.21,0.69,0.0
20230926:1710,0.0,0.0,0.0,20.88,0.69,0.0
20230926:1810,0.0,0.0,0.0,20.59,0.48,0.0
20230926:1910,0.0,0.0,0.0,18.92,1.03,0.0
20230926:2010,0.0,0.0,0.0,16.75,1.52,0.0
20230926:2110,0.0,0.0,0.0,15.59,1.72,0.0
20230926:2210,0.0,0.0,0.0,14.74,1.72,0.0
20230926:2310,0.0,0.0,0.0,14.27,1.72,0.0
20230927:0010,0.0,0.0,0.0,13.97,1.79,0.0
20230927:0110,0.0,0.0,0.0,13.74,1.86,0.0
20230927:0210,0.0,0.0,0.0,13.79,1.86,0.0
20230927:0310,0.0,0.0,0.0,14.24,2.14,0.0
20230927:0410,0.0,0.0,0.0,13.89,2.07,0.0
20230927:0510,0.0,0.0,0.0,13.65,2.14,0.0
20230927:0610,34.28,50.18,8.47,13.98,2.0,0.0
20230927:0710,96.81,116.45,18.47,15.64,2.0,0.0
20230927:0810,149.54,201.19,27.6,18.23,1.59,0.0
20230927:0910,306.53,359.57,35.24,21.01,0.97,0.0
20230927:1010,450.24,511.83,40.55,22.66,0.07,0.0
20230927:1110,552.69,621.57,42.65,23.41,0.76,0.0
20230927:1210,563.32,631.41,41.11,23.72,1.03,0.0
20230927:1310,607.86,682.81,36.25,23.82,1.03,0.0
20230927:1410,558.64,624.69,28.92,23.79,0.9,0.0
20230927:1510,441.04,489.77,19.97,23.52,0.69,0.0
20230927:1610,263.9,297.35,10.07,23.02,0.48,0.0
20230927:1710,0.0,0.0,0.0,21.38,0.9,0.0
20230927:1810,0.0,0.0,0.0,19.37,1.79,0.0
20230927:1910,0.0,0.0,0.0,17.75,2.0,0.0
20230927:2010,0.0,0.0,0.0,16.81,2.07,0.0
20230927:2110,0.0,0.0,0.0,16.18,2.07,0.0
20230927:2210,0.0,0.0,0.0,15.66,2.14,0.0
20230927:2310,0.0,0.0,0.0,15.35,2.21,0.0
20230928:0010,0.0,0.0,0.0,15.23,2.28,0.0
20230928:0110,0.0,0.0,0.0,15.23,2.28,0.0
20230928:0210,0.0,0.0,0.0,15.38,2.21,0.0
20230928:0310,0.0,0.0,0.0,15.41,2.14,0.0
20230928:0410,0.0,0.0,0.0,15.57,1.93,0.0
20230928:0510,0.0,0.0,0.0,15.3,1.86,0.0
20230928:0610,31.51,47.34,8.24,15.18,1.66,0.0
20230928:0710,64.21,83.31,18.22,17.23,1.17,0.0
20230928:0810,135.95,192.35,27.33,19.73,0.55,0.0
20230928:0910,301.92,356.16,34.93,21.29,0.55,0.0
20230928:1010,443.92,499.53,40.2,22.3,0.69,0.0
20230928:1110,554.65,620.7,42.27,23.01,0.97,0.0
20230928:1210,579.09,648.2,40.71,23.46,1.1,0.0
20230928:1310,609.24,683.0,35.86,23.63,1.1,0.0
20230928:1410,556.33,620.19,28.54,23.61,1.03,0.0
20230928:1510,437.91,484.52,19.61,23.39,0.97,0.0
20230928:1610,230.32,260.67,9.73,22.79,0.83,0.0
20230928:1710,0.0,0.0,0.0,21.48,0.69,0.0
20230928:1810,0.0,0.0,0.0,20.89,0.76,0.0
20230928:1910,0.0,0.0,0.0,17.78,1.72,0.0
20230928:2010,0.0,0.0,0.0,16.46,1.86,0.0
20230928:2110,0.0,0.0,0.0,15.48,1.86,0.0
20230928:2210,0.0,0.0,0.0,14.78,1.79,0.0
20230928:2310,0.0,0.0,0.0,14.24,1.86,0.0
20230929:0010,0.0,0.0,0.0,13.79,1.66,0.0
20230929:0110,0.0,0.0,0.0,13.69,1.66,0.0
20230929:0210,0.0,0.0,0.0,14.29,2.0,0.0
20230929:0310,0.0,0.0,0.0,13.87,2.0,0.0
20230929:0410,0.0,0.0,0.0,13.82,2.07,0.0
20230929:0510,0.0,0.0,0.0,13.86,2.21,0.0
20230929:0610,30.88,46.39,8.02,13.96,2.14,0.0
20230929:0710,71.34,89.94,17.98,15.07,2.0,0.0
20230929:0810,128.78,184.9,27.06,17.45,1.45,0.0
20230929:0910,298.01,350.6,34.62,20.06,0.62,0.0
20230929:1010,442.8,500.15,39.84,21.85,0.28,0.0
20230929:1110,549.03,613.46,41.88,22.82,0.97,0.0
20230929:1210,594.87,664.34,40.31,23.31,1.24,0.0
20230929:1310,608.51,680.1,35.47,23.54,1.24,0.0
20230929:1410,554.47,616.51,28.17,23.57,1.17,0.0
20230929:1510,433.43,480.14,19.26,23.35,0.83,0.0
20230929:1610,215.53,245.5,9.38,22.79,0.55,0.0
20230929:1710,0.0,0.0,0.0,21.93,0.48,0.0
20230929:1810,0.0,0.0,0.0,20.73,0.76,0.0
20230929:1910,0.0,0.0,0.0,18.63,1.17,0.0
20230929:2010,0.0,0.0,0.0,17.72,1.38,0.0
20230929:2110,0.0,0.0,0.0,17.22,1.31,0.0
20230929:2210,0.0,0.0,0.0,16.77,1.31,0.0
20230929:2310,0.0,0.0,0.0,16.22,1.38,0.0
20230930:0010,0.0,0.0,0.0,15.88,1.38,0.0
20230930:0110,0.0,0.0,0.0,15.51,1.52,0.0
20230930:0210,0.0,0.0,0.0,15.57,1.45,0.0
20230930:0310,0.0,0.0,0.0,15.59,1.38,0.0
20230930:0410,0.0,0.0,0.0,14.97,1.24,0.0
20230930:0510,0.0,0.0,0.0,15.15,1.31,0.0
20230930:0610,32.29,48.28,7.79,15.55,1.45,0.0
20230930:0710,75.6,95.62,17.73,17.68,0.48,0.0
20230930:0810,134.93,188.77,26.78,20.58,0.07,0.0
20230930:0910,289.47,343.49,34.31,21.89,0.41,0.0
20230930:1010,437.32,491.71,39.48,22.55,0.97,0.0
20230930:1110,538.73,601.34,41.49,23.46,1.24,0.0
20230930:1210,585.21,654.44,39.91,23.93,1.31,0.0
20230930:1310,594.27,663.08,35.08,24.06,1.45,0.0
20230930:1410,534.26,593.13,27.8,24.09,1.38,0.0
20230930:1510,376.9,417.29,18.9,23.94,1.17,0.0
20230930:1610,190.86,219.53,9.04,23.22,0.9,0.0
20230930:1710,0.0,0.0,0.0,22.11,0.48,0.0
20230930:1810,0.0,0.0,0.0,20.07,1.17,0.0
20230930:1910,0.0,0.0,0.0,18.97,1.31,0.0
20230930:2010,0.0,0.0,0.0,18.34,1.31,0.0
20230930:2110,0.0,0.0,0.0,17.77,1.38,0.0
20230930:2210,0.0,0.0,0.0,16.93,1.59,0.0
20230930:2310,0.0,0.0,0.0,16.39,1.59,0.0
20231001:0010,0.0,0.0,0.0,15.92,1.59,0.0
20231001:0110,0.0,0.0,0.0,15.64,1.52,0.0
20231001:0210,0.0,0.0,0.0,15.59,1.52,0.0
20231001:0310,0.0,0.0,0.0,15.73,1.45,0.0
20231001:0410,0.0,0.0,0.0,15.78,1.52,0.0
20231001:0510,0.0,0.0,0.0,15.75,1.52,0.0
20231001:0610,30.59,46.39,7.56,15.66,1.52,0.0
20231001:0710,76.72,96.56,17.49,17.4,1.1,0.0
20231001:0810,126.38,181.54,26.51,19.64,0.76,0.0
20231001:0910,287.46,341.71,33.99,21.33,0.41,0.0
20231001:1010,433.16,489.93,39.13,22.49,0.48,0.0
20231001:1110,540.28,605.77,41.1,23.17,0.83,0.0
20231001:1210,587.64,660.48,39.52,23.46,0.83,0.0
20231001:1310,591.7,666.07,34.7,23.78,0.76,0.0
20231001:1410,534.31,598.39,27.43,23.73,0.62,0.0
20231001:1510,407.98,454.04,18.55,23.7,0.55,0.0
20231001:1610,185.77,214.5,8.7,23.05,0.55,0.0
20231001:1710,0.0,0.0,0.0,22.27,0.14,0.0
20231001:1810,0.0,0.0,0.0,21.05,0.76,0.0
20231001:1910,0.0,0.0,0.0,18.46,1.45,0.0
20231001:2010,0.0,0.0,0.0,17.34,1.72,0.0
20231001:2110,0.0,0.0,0.0,16.55,1.72,0.0
20231001:2210,0.0,0.0,0.0,16.03,1.66,0.0
20231001:2310,0.0,0.0,0.0,15.66,1.66,0.0
20231002:0010,0.0,0.0,0.0,15.18,1.52,0.0
20231002:0110,0.0,0.0,0.0,15.1,1.38,0.0
20231002:0210,0.0,0.0,0.0,15.37,1.59,0.0
20231002:0310,0.0,0.0,0.0,15.2,1.72,0.0
20231002:0410,0.0,0.0,0.0,15.04,1.79,0.0
20231002:0510,0.0,0.0,0.0,15.01,1.79,0.0
20231002:0610,30.69,46.39,7.33,15.11,1.79,0.0
20231002:0710,70.51,89.94,17.24,17.16,1.17,0.0
20231002:0810,117.38,174.65,26.23,19.78,0.76,0.0
20231002:0910,282.59,337.76,33.67,21.47,0.14,0.0
20231002:1010,430.21,487.25,38.77,22.45,0.41,0.0
20231002:1110,494.73,554.06,40.72,23.28,0.83,0.0
20231002:1210,569.3,639.7,39.12,23.88,0.9,0.0
20231002:1310,582.6,655.61,34.31,24.1,0.83,0.0
20231002:1410,528.49,592.17,27.06,24.12,0.69,0.0
20231002:1510,397.65,443.17,18.2,23.97,0.55,0.0
20231002:1610,166.18,194.33,8.36,23.49,0.48,0.0
20231002:1710,0.0,0.0,0.0,22.89,0.21,0.0
20231002:1810,0.0,0.0,0.0,21.99,0.55,0.0
20231002:1910,0.0,0.0,0.0,19.2,1.38,0.0
20231002:2010,0.0,0.0,0.0,18.39,1.59,0.0
20231002:2110,0.0,0.0,0.0,17.55,1.59,0.0
20231002:2210,0.0,0.0,0.0,16.97,1.59,0.0
20231002:2310,0.0,0.0,0.0,16.68,1.52,0.0
20231003:0010,0.0,0.0,0.0,16.56,1.38,0.0
20231003:0110,0.0,0.0,0.0,16.55,1.38,0.0
20231003:0210,0.0,0.0,0.0,16.49,1.45,0.0
20231003:0310,0.0,0.0,0.0,16.55,1.45,0.0
20231003:0410,0.0,0.0,0.0,16.45,1.45,0.0
20231003:0510,0.0,0.0,0.0,16.38,1.52,0.0
20231003:0610,24.69,39.76,7.1,16.42,1.45,0.0
20231003:0710,96.0,116.45,16.99,17.12,1.45,0.0
20231003:0810,151.62,195.0,25.95,18.43,1.24,0.0
20231003:0910,280.53,324.98,33.36,20.57,0.76,0.0
20231003:1010,422.65,479.53,38.41,22.03,0.14,0.0
20231003:1110,502.39,564.97,40.33,22.9,0.41,0.0
20231003:1210,464.95,520.26,38.73,23.39,0.62,0.0
20231003:1310,488.85,545.59,33.92,23.76,0.83,0.0
20231003:1410,454.95,505.91,26.69,23.84,0.83,0.0
20231003:1510,299.73,334.59,17.85,23.73,0.76,0.0
20231003:1610,188.38,217.96,8.02,23.35,0.55,0.0
20231003:1710,0.0,0.0,0.0,22.67,0.28,0.0
20231003:1810,0.0,0.0,0.0,20.82,0.97,0.0
20231003:1910,0.0,0.0,0.0,19.75,1.03,0.0
20231003:2010,0.0,0.0,0.0,19.04,1.1,0.0
20231003:2110,0.0,0.0,0.0,19.07,0.97,0.0
20231003:2210,0.0,0.0,0.0,17.6,1.31,0.0
20231003:2310,0.0,0.0,0.0,17.37,1.1,0.0
20231004:0010,0.0,0.0,0.0,17.87,0.76,0.0
20231004:0110,0.0,0.0,0.0,17.6,0.62,0.0
20231004:0210,0.0,0.0,0.0,16.47,0.97,0.0
20231004:0310,0.0,0.0,0.0,15.56,1.17,0.0
20231004:0410,0.0,0.0,0.0,15.14,1.24,0.0
20231004:0510,0.0,0.0,0.0,14.79,1.38,0.0
20231004:0610,26.56,41.66,6.87,14.68,1.38,0.0
20231004:0710,97.84,118.34,16.74,16.8,0.83,0.0
20231004:0810,120.46,173.58,25.67,19.16,0.76,0.0
20231004:0910,264.77,300.78,33.04,20.64,1.38,0.0
20231004:1010,384.73,426.46,38.06,21.52,2.0,0.0
20231004:1110,480.35,525.99,39.94,21.53,2.14,0.0
20231004:1210,438.14,477.62,38.33,21.74,2.55,0.0
20231004:1310,499.27,542.16,33.54,21.71,2.55,0.0
20231004:1410,407.13,440.91,26.33,21.14,2.34,0.0
20231004:1510,200.15,224.57,17.5,20.49,1.86,0.0
20231004:1610,119.81,142.88,7.68,19.91,0.97,0.0
20231004:1710,0.0,0.0,0.0,19.39,0.62,0.0
20231004:1810,0.0,0.0,0.0,18.61,0.83,0.0
20231004:1910,0.0,0.0,0.0,18.24,1.17,0.0
20231004:2010,0.0,0.0,0.0,17.56,1.52,0.0
20231004:2110,0.0,0.0,0.0,17.67,1.66,0.0
20231004:2210,0.0,0.0,0.0,17.51,1.66,0.0
20231004:2310,0.0,0.0,0.0,17.83,1.66,0.0
20231005:0010,0.0,0.0,0.0,17.64,1.38,0.0
20231005:0110,0.0,0.0,0.0,17.42,1.24,0.0
20231005:0210,0.0,0.0,0.0,17.15,1.17,0.0
20231005:0310,0.0,0.0,0.0,16.84,1.17,0.0
20231005:0410,0.0,0.0,0.0,16.78,0.97,0.0
20231005:0510,0.0,0.0,0.0,16.91,0.9,0.0
20231005:0610,24.62,39.76,6.64,16.84,1.03,0.0
20231005:0710,95.4,116.45,16.49,17.89,0.48,0.0
20231005:0810,146.25,189.7,25.39,18.65,0.28,0.0
20231005:0910,275.27,323.35,32.72,19.56,0.48,0.0
20231005:1010,403.31,449.39,37.7,20.02,0.76,0.0
20231005:1110,511.45,564.81,39.56,20.34,0.83,0.0
20231005:1210,564.94,625.64,37.94,20.96,0.83,0.0
20231005:1310,543.62,601.16,33.16,21.54,0.9,0.0
20231005:1410,494.68,542.93,25.96,21.72,1.17,0.0
20231005:1510,356.1,390.38,17.15,21.59,1.24,0.0
20231005:1610,115.95,139.73,7.35,21.09,0.83,0.0
20231005:1710,0.0,0.0,0.0,20.1,0.41,0.0
20231005:1810,0.0,0.0,0.0,19.01,0.76,0.0
20231005:1910,0.0,0.0,0.0,17.73,1.24,0.0
20231005:2010,0.0,0.0,0.0,17.15,1.31,0.0
20231005:2110,0.0,0.0,0.0,16.76,1.24,0.0
20231005:2210,0.0,0.0,0.0,16.65,1.1,0.0
20231005:2310,0.0,0.0,0.0,16.56,1.1,0.0
20231006:0010,0.0,0.0,0.0,16.47,1.17,0.0
20231006:0110,0.0,0.0,0.0,16.42,1.24,0.0
20231006:0210,0.0,0.0,0.0,15.66,1.45,0.0
20231006:0310,0.0,0.0,0.0,14.95,1.45,0.0
20231006:0410,0.0,0.0,0.0,14.61,1.24,0.0
20231006:0510,0.0,0.0,0.0,14.96,1.31,0.0
20231006:0610,23.23,37.87,6.41,15.04,1.38,0.0
20231006:0710,82.91,102.24,16.24,15.67,1.45,0.0
20231006:0810,121.21,143.15,25.11,17.57,1.17,0.0
20231006:0910,80.12,100.94,32.4,19.31,0.97,0.0
20231006:1010,238.99,268.39,37.34,20.58,1.03,0.0
20231006:1110,317.26,352.47,39.17,21.54,1.17,0.0
20231006:1210,389.64,430.35,37.55,22.03,1.24,0.0
20231006:1310,560.52,620.1,32.77,22.11,1.17,0.0
20231006:1410,416.5,458.33,25.6,22.26,1.03,0.0
20231006:1510,333.31,367.86,16.8,22.07,0.9,0.0
20231006:1610,106.78,130.51,7.01,21.52,0.62,0.0
20231006:1710,0.0,0.0,0.0,20.7,0.41,0.0
20231006:1810,0.0,0.0,0.0,18.92,0.9,0.0
20231006:1910,0.0,0.0,0.0,17.03,1.52,0.0
20231006:2010,0.0,0.0,0.0,16.19,1.52,0.0
20231006:2110,0.0,0.0,0.0,15.49,1.59,0.0
20231006:2210,0.0,0.0,0.0,14.91,1.66,0.0
20231006:2310,0.0,0.0,0.0,14.54,1.59,0.0
20231007:0010,0.0,0.0,0.0,13.94,1.38,0.0
20231007:0110,0.0,0.0,0.0,14.08,1.38,0.0
20231007:0210,0.0,0.0,0.0,14.39,1.52,0.0
20231007:0310,0.0,0.0,0.0,14.44,1.66,0.0
20231007:0410,0.0,0.0,0.0,14.28,1.79,0.0
20231007:0510,0.0,0.0,0.0,14.13,1.86,0.0
20231007:0610,22.55,36.92,6.17,14.03,1.86,0.0
20231007:0710,65.69,84.26,15.99,15.41,1.17,0.0
20231007:0810,101.32,157.68,24.83,17.82,0.55,0.0
20231007:0910,268.58,323.32,32.09,19.68,0.21,0.0
20231007:1010,419.94,472.33,36.99,20.91,0.69,0.0
20231007:1110,522.22,582.36,38.79,21.82,0.76,0.0
20231007:1210,570.93,638.86,37.16,22.57,0.76,0.0
20231007:1310,572.99,642.4,32.4,23.07,0.69,0.0
20231007:1410,521.62,581.6,25.24,23.34,0.76,0.0
20231007:1510,389.28,432.01,16.46,23.21,0.76,0.0
20231007:1610,155.18,182.82,6.68,22.58,0.48,0.0
20231007:1710,0.0,0.0,0.0,21.78,0.28,0.0
20231007:1810,0.0,0.0,0.0,19.53,1.1,0.0
20231007:1910,0.0,0.0,0.0,17.93,1.59,0.0
20231007:2010,0.0,0.0,0.0,16.85,1.66,0.0
20231007:2110,0.0,0.0,0.0,15.93,1.79,0.0
20231007:2210,0.0,0.0,0.0,15.2,1.79,0.0
20231007:2310,0.0,0.0,0.0,14.67,1.72,0.0
20231008:0010,0.0,0.0,0.0,14.27,1.72,0.0
20231008:0110,0.0,0.0,0.0,13.88,1.79,0.0
20231008:0210,0.0,0.0,0.0,13.64,1.86,0.0
20231008:0310,0.0,0.0,0.0,13.52,1.93,0.0
20231008:0410,0.0,0.0,0.0,13.48,2.0,0.0
20231008:0510,0.0,0.0,0.0,13.38,2.07,0.0
20231008:0610,21.81,35.97,5.94,13.49,2.07,0.0
20231008:0710,63.01,81.42,15.73,15.47,1.59,0.0
20231008:0810,97.44,153.95,24.55,19.56,1.17,0.0
20231008:0910,261.15,317.85,31.77,22.3,0.69,0.0
20231008:1010,407.04,466.77,36.63,24.37,0.55,0.0
20231008:1110,505.13,576.25,38.41,25.82,0.55,0.0
20231008:1210,549.02,627.5,36.77,26.76,0.69,0.0
20231008:1310,552.41,630.32,32.02,27.39,0.9,0.0
20231008:1410,498.63,564.09,24.88,27.5,1.17,0.0
20231008:1510,313.75,354.95,16.12,26.97,1.03,0.0
20231008:1610,84.0,108.18,6.36,25.53,1.24,0.0
20231008:1710,0.0,0.0,0.0,23.4,1.79,0.0
20231008:1810,0.0,0.0,0.0,21.19,2.21,0.0
20231008:1910,0.0,0.0,0.0,19.8,2.34,0.0
20231008:2010,0.0,0.0,0.0,18.83,2.41,0.0
20231008:2110,0.0,0.0,0.0,18.13,2.41,0.0
20231008:2210,0.0,0.0,0.0,17.57,2.48,0.0
20231008:2310,0.0,0.0,0.0,17.1,2.48,0.0
20231009:0010,0.0,0.0,0.0,16.55,2.41,0.0
20231009:0110,0.0,0.0,0.0,15.9,2.28,0.0
20231009:0210,0.0,0.0,0.0,15.29,2.21,0.0
20231009:0310,0.0,0.0,0.0,14.8,2.21,0.0
20231009:0410,0.0,0.0,0.0,14.4,2.21,0.0
20231009:0510,0.0,0.0,0.0,14.01,2.21,0.0
20231009:0610,20.97,35.03,5.71,13.7,2.07,0.0
20231009:0710,63.82,82.36,15.48,15.75,1.52,0.0
20231009:0810,92.37,149.72,24.26,20.09,0.76,0.0
20231009:0910,256.95,315.33,31.45,22.68,0.28,0.0
20231009:1010,404.42,463.28,36.27,24.31,0.69,0.0
20231009:1110,503.02,571.24,38.03,25.47,0.76,0.0
20231009:1210,551.76,626.45,36.38,26.21,0.97,0.0
20231009:1310,550.31,623.7,31.64,26.68,1.1,0.0
20231009:1410,498.11,561.42,24.52,26.75,1.17,0.0
20231009:1510,268.61,304.73,15.78,26.24,1.03,0.0
20231009:1610,52.91,73.75,6.03,24.64,0.9,0.0
20231009:1710,0.0,0.0,0.0,23.26,0.97,0.0
20231009:1810,0.0,0.0,0.0,21.67,1.24,0.0
20231009:1910,0.0,0.0,0.0,21.78,1.17,0.0
20231009:2010,0.0,0.0,0.0,21.97,1.03,0.0
20231009:2110,0.0,0.0,0.0,20.74,1.03,0.0
20231009:2210,0.0,0.0,0.0,18.58,1.24,0.0
20231009:2310,0.0,0.0,0.0,16.91,1.52,0.0
20231010:0010,0.0,0.0,0.0,15.88,1.79,0.0
20231010:0110,0.0,0.0,0.0,15.06,1.93,0.0
20231010:0210,0.0,0.0,0.0,14.39,1.93,0.0
20231010:0310,0.0,0.0,0.0,13.86,1.86,0.0
20231010:0410,0.0,0.0,0.0,13.45,1.86,0.0
20231010:0510,0.0,0.0,0.0,13.14,1.79,0.0
20231010:0610,19.44,33.13,5.47,12.94,1.72,0.0
20231010:0710,60.32,78.58,15.22,15.26,0.97,0.0
20231010:0810,89.54,145.95,23.98,19.2,0.34,0.0
20231010:0910,255.03,311.36,31.13,21.3,0.41,0.0
20231010:1010,402.28,457.71,35.92,22.77,0.69,0.0
20231010:1110,501.26,565.09,37.65,24.01,0.76,0.0
20231010:1210,547.76,618.66,36.0,24.88,0.83,0.0
20231010:1310,555.02,626.14,31.27,25.35,0.97,0.0
20231010:1410,488.98,548.52,24.17,25.41,0.97,0.0
20231010:1510,184.4,213.71,15.44,25.06,0.83,0.0
20231010:1610,46.69,66.57,5.71,23.59,0.48,0.0
20231010:1710,0.0,0.0,0.0,22.88,0.62,0.0
20231010:1810,0.0,0.0,0.0,19.96,1.38,0.0
20231010:1910,0.0,0.0,0.0,22.02,0.21,0.0
20231010:2010,0.0,0.0,0.0,21.39,0.48,0.0
20231010:2110,0.0,0.0,0.0,20.4,0.48,0.0
20231010:2210,0.0,0.0,0.0,19.6,0.14,0.0
20231010:2310,0.0,0.0,0.0,18.78,0.55,0.0
20231011:0010,0.0,0.0,0.0,18.04,0.97,0.0
20231011:0110,0.0,0.0,0.0,15.1,1.38,0.0
20231011:0210,0.0,0.0,0.0,13.79,1.38,0.0
20231011:0310,0.0,0.0,0.0,14.33,1.38,0.0
20231011:0410,0.0,0.0,0.0,14.32,1.52,0.0
20231011:0510,0.0,0.0,0.0,14.19,1.52,0.0
20231011:0610,17.73,31.24,5.23,14.18,1.52,0.0
20231011:0710,69.52,88.04,14.97,14.84,1.24,0.0
20231011:0810,98.91,149.36,23.69,17.07,0.9,0.0
20231011:0910,250.2,302.49,30.81,19.54,0.34,0.0
20231011:1010,387.39,438.84,35.56,21.06,0.28,0.0
20231011:1110,479.46,535.18,37.27,22.09,0.69,0.0
20231011:1210,545.52,607.66,35.61,22.68,0.97,0.0
20231011:1310,546.66,607.86,30.9,23.14,1.1,0.0
20231011:1410,483.58,534.22,23.81,23.29,1.31,0.0
20231011:1510,336.16,371.79,15.11,22.94,1.38,0.0
20231011:1610,87.61,111.03,5.38,22.18,1.03,0.0
20231011:1710,0.0,0.0,0.0,20.88,0.69,0.0
20231011:1810,0.0,0.0,0.0,20.8,0.28,0.0
20231011:1910,0.0,0.0,0.0,18.12,1.52,0.0
20231011:2010,0.0,0.0,0.0,17.2,1.59,0.0
20231011:2110,0.0,0.0,0.0,16.51,1.59,0.0
20231011:2210,0.0,0.0,0.0,15.92,1.52,0.0
20231011:2310,0.0,0.0,0.0,15.65,1.38,0.0
20231012:0010,0.0,0.0,0.0,15.33,1.31,0.0
20231012:0110,0.0,0.0,0.0,15.34,1.03,0.0
20231012:0210,0.0,0.0,0.0,15.42,1.17,0.0
20231012:0310,0.0,0.0,0.0,15.12,1.24,0.0
20231012:0410,0.0,0.0,0.0,14.91,1.31,0.0
20231012:0510,0.0,0.0,0.0,15.14,1.31,0.0
20231012:0610,13.05,25.56,5.0,15.13,1.1,0.0
20231012:0710,68.86,88.04,14.71,16.7,1.1,0.0
20231012:0810,152.78,182.44,23.41,18.37,0.9,0.0
20231012:0910,252.09,296.98,30.49,19.51,0.07,0.0
20231012:1010,391.24,442.69,35.21,20.61,0.34,0.0
20231012:1110,397.0,441.43,36.89,21.6,0.69,0.0
20231012:1210,332.05,369.36,35.23,22.21,0.9,0.0
20231012:1310,398.98,442.31,30.53,22.75,0.83,0.0
20231012:1410,434.15,480.71,23.46,22.94,0.83,0.0
20231012:1510,184.36,211.56,14.78,22.77,0.83,0.0
20231012:1610,33.98,51.81,5.07,22.04,0.48,0.0
20231012:1710,0.0,0.0,0.0,21.11,0.41,0.0
20231012:1810,0.0,0.0,0.0,18.5,1.38,0.0
20231012:1910,0.0,0.0,0.0,17.06,1.59,0.0
20231012:2010,0.0,0.0,0.0,16.32,1.45,0.0
20231012:2110,0.0,0.0,0.0,15.72,1.45,0.0
20231012:2210,0.0,0.0,0.0,15.35,1.38,0.0
20231012:2310,0.0,0.0,0.0,15.52,1.24,0.0
20231013:0010,0.0,0.0,0.0,14.74,1.17,0.0
20231013:0110,0.0,0.0,0.0,14.42,1.17,0.0
20231013:0210,0.0,0.0,0.0,14.75,1.17,0.0
20231013:0310,0.0,0.0,0.0,14.77,1.31,0.0
20231013:0410,0.0,0.0,0.0,14.79,1.31,0.0
20231013:0510,0.0,0.0,0.0,14.77,1.38,0.0
20231013:0610,7.34,17.99,4.76,14.87,1.52,0.0
20231013:0710,68.37,87.1,14.45,15.49,1.1,0.0
20231013:0810,139.88,164.29,23.12,17.23,0.83,0.0
20231013:0910,232.06,264.32,30.16,18.65,0.48,0.0
20231013:1010,227.31,256.39,34.86,19.61,0.14,0.0
20231013:1110,54.26,73.77,36.52,20.54,0.41,0.0
20231013:1210,53.32,72.8,34.85,20.79,0.62,0.0
20231013:1310,165.6,191.49,30.16,21.05,0.76,0.0
20231013:1410,50.53,69.88,23.12,21.4,0.97,0.0
20231013:1510,275.56,305.69,14.45,21.07,0.76,0.0
20231013:1610,83.95,106.9,4.75,20.5,0.14,0.0
20231013:1710,0.0,0.0,0.0,19.39,0.76,0.0
20231013:1810,0.0,0.0,0.0,18.09,1.17,0.0
20231013:1910,0.0,0.0,0.0,17.6,1.24,0.0
20231013:2010,0.0,0.0,0.0,17.58,1.03,0.0
20231013:2110,0.0,0.0,0.0,17.61,0.9,0.0
20231013:2210,0.0,0.0,0.0,17.64,0.83,0.0
20231013:2310,0.0,0.0,0.0,17.16,0.9,0.0
20231014:0010,0.0,0.0,0.0,16.98,0.76,0.0
20231014:0110,0.0,0.0,0.0,17.29,0.41,0.0
20231014:0210,0.0,0.0,0.0,17.11,0.28,0.0
20231014:0310,0.0,0.0,0.0,16.99,0.28,0.0
20231014:0410,0.0,0.0,0.0,16.9,0.28,0.0
20231014:0510,0.0,0.0,0.0,16.83,0.21,0.0
20231014:0610,5.93,16.09,4.52,16.78,0.28,0.0
20231014:0710,51.08,69.11,14.2,16.23,0.14,0.0
20231014:0810,77.05,130.13,22.84,17.35,0.28,0.0
20231014:0910,239.32,276.02,29.84,18.28,0.21,0.0
20231014:1010,344.07,385.76,34.5,19.24,0.14,0.0
20231014:1110,335.8,372.22,36.14,19.76,0.28,0.0
20231014:1210,313.68,348.43,34.48,20.11,0.07,0.0
20231014:1310,400.47,440.75,29.8,20.75,0.55,0.0
20231014:1410,301.28,331.94,22.77,20.93,0.97,0.0
20231014:1510,308.84,341.73,14.12,20.73,0.41,0.0
20231014:1610,56.95,77.43,4.44,20.17,0.62,0.0
20231014:1710,0.0,0.0,0.0,19.06,1.31,0.0
20231014:1810,0.0,0.0,0.0,17.65,1.59,0.0
20231014:1910,0.0,0.0,0.0,16.51,1.59,0.0
20231014:2010,0.0,0.0,0.0,15.5,1.59,0.0
20231014:2110,0.0,0.0,0.0,14.69,1.59,0.0
20231014:2210,0.0,0.0,0.0,13.87,1.66,0.0
20231014:2310,0.0,0.0,0.0,13.3,1.66,0.0
20231015:0010,0.0,0.0,0.0,12.77,1.79,0.0
20231015:0110,0.0,0.0,0.0,12.47,1.93,0.0
20231015:0210,0.0,0.0,0.0,12.34,2.14,0.0
20231015:0310,0.0,0.0,0.0,12.38,2.34,0.0
20231015:0410,0.0,0.0,0.0,12.66,2.55,0.0
20231015:0510,0.0,0.0,0.0,12.7,2.76,0.0
20231015:0610,9.54,20.83,4.28,12.84,2.9,0.0
20231015:0710,77.23,95.62,13.94,14.2,2.69,0.0
20231015:0810,144.57,168.94,22.55,16.81,3.03,0.0
20231015:0910,249.58,293.0,29.52,18.25,4.55,0.0
20231015:1010,367.7,400.39,34.15,19.09,5.17,0.0
20231015:1110,456.73,487.33,35.77,19.46,5.66,0.0
20231015:1210,542.35,575.73,34.1,19.65,5.17,0.0
20231015:1310,542.44,575.57,29.43,19.61,4.69,0.0
20231015:1410,297.46,321.27,22.43,19.56,4.21,0.0
20231015:1510,95.66,116.34,13.8,19.01,3.86,0.0
20231015:1610,3.04,11.65,4.13,18.05,3.38,0.0
20231015:1710,0.0,0.0,0.0,16.89,2.83,0.0
20231015:1810,0.0,0.0,0.0,15.32,2.69,0.0
20231015:1910,0.0,0.0,0.0,15.77,3.45,0.0
20231015:2010,0.0,0.0,0.0,14.78,2.55,0.0
20231015:2110,0.0,0.0,0.0,13.28,2.14,0.0
20231015:2210,0.0,0.0,0.0,11.71,1.79,0.0
20231015:2310,0.0,0.0,0.0,11.52,1.31,0.0
20231016:0010,0.0,0.0,0.0,11.99,0.83,0.0
20231016:0110,0.0,0.0,0.0,11.47,1.03,0.0
20231016:0210,0.0,0.0,0.0,11.63,1.17,0.0
20231016:0310,0.0,0.0,0.0,12.21,1.45,0.0
20231016:0410,0.0,0.0,0.0,12.32,1.59,0.0
20231016:0510,0.0,0.0,0.0,12.37,1.59,0.0
20231016:0610,2.99,11.36,4.04,12.28,1.52,0.0
20231016:0710,22.8,36.92,13.68,11.92,1.59,0.0
20231016:0810,89.83,107.74,22.26,12.11,1.66,0.0
20231016:0910,177.28,196.28,29.21,12.44,1.86,0.0
20231016:1010,316.66,339.5,33.8,13.04,1.93,0.0
20231016:1110,421.1,446.27,35.4,13.38,1.72,0.0
20231016:1210,467.08,495.06,33.73,13.94,1.38,0.0
20231016:1310,347.46,369.94,29.08,14.07,1.03,0.0
20231016:1410,256.75,277.18,22.09,14.32,0.76,0.0
20231016:1510,156.82,176.3,13.48,14.1,0.55,0.0
20231016:1610,47.39,65.36,3.82,13.79,0.48,0.0
20231016:1710,0.0,0.0,0.0,13.13,0.55,0.0
20231016:1810,0.0,0.0,0.0,12.52,0.76,0.0
20231016:1910,0.0,0.0,0.0,10.77,1.24,0.0
20231016:2010,0.0,0.0,0.0,10.66,1.1,0.0
20231016:2110,0.0,0.0,0.0,10.51,1.03,0.0
20231016:2210,0.0,0.0,0.0,10.27,1.03,0.0
20231016:2310,0.0,0.0,0.0,10.5,0.97,0.0
20231017:0010,0.0,0.0,0.0,10.22,1.1,0.0
20231017:0110,0.0,0.0,0.0,10.06,1.17,0.0
20231017:0210,0.0,0.0,0.0,9.03,1.45,0.0
20231017:0310,0.0,0.0,0.0,8.16,1.59,0.0
20231017:0410,0.0,0.0,0.0,7.82,1.52,0.0
20231017:0510,0.0,0.0,0.0,7.44,1.52,0.0
20231017:0610,9.84,20.83,3.8,7.38,1.38,0.0
20231017:0710,60.22,76.68,13.42,9.62,1.17,0.0
20231017:0810,100.64,142.07,21.97,12.27,0.83,0.0
20231017:0910,240.73,282.77,28.89,13.5,0.41,0.0
20231017:1010,377.8,415.52,33.45,14.19,0.41,0.0
20231017:1110,474.03,511.63,35.03,14.88,0.69,0.0
20231017:1210,388.7,418.27,33.36,15.4,0.62,0.0
20231017:1310,215.97,238.31,28.72,15.51,0.48,0.0
20231017:1410,239.61,261.73,21.75,15.48,0.41,0.0
20231017:1510,148.64,168.87,13.16,15.22,0.62,0.0
20231017:1610,32.44,49.01,3.52,14.61,0.83,0.0
20231017:1710,0.0,0.0,0.0,13.22,0.83,0.0
20231017:1810,0.0,0.0,0.0,13.37,0.28,0.0
20231017:1910,0.0,0.0,0.0,10.64,1.31,0.0
20231017:2010,0.0,0.0,0.0,10.24,1.38,0.0
20231017:2110,0.0,0.0,0.0,9.94,1.38,0.0
20231017:2210,0.0,0.0,0.0,9.73,1.31,0.0
20231017:2310,0.0,0.0,0.0,9.67,1.31,0.0
20231018:0010,0.0,0.0,0.0,9.47,1.38,0.0
20231018:0110,0.0,0.0,0.0,9.49,1.38,0.0
20231018:0210,0.0,0.0,0.0,9.76,1.24,0.0
20231018:0310,0.0,0.0,0.0,10.14,1.1,0.0
20231018:0410,0.0,0.0,0.0,10.41,1.03,0.0
20231018:0510,0.0,0.0,0.0,10.55,0.97,0.0
20231018:0610,8.24,18.93,3.56,10.36,1.1,0.0
20231018:0710,32.13,47.34,13.16,11.27,0.9,0.0
20231018:0810,46.46,63.09,21.69,12.39,0.69,0.0
20231018:0910,28.58,43.68,28.57,12.94,0.69,0.0
20231018:1010,134.26,153.36,33.1,13.0,0.76,0.0
20231018:1110,63.78,81.53,34.67,13.06,0.55,0.0
20231018:1210,42.71,59.21,32.99,12.78,0.07,0.0
20231018:1310,99.85,118.42,28.37,12.45,0.21,0.0
20231018:1410,33.89,49.5,21.42,12.35,0.21,0.0
20231018:1510,11.46,23.29,12.85,12.25,0.07,0.0
20231018:1610,0.07,5.82,3.22,12.14,0.14,0.0
20231018:1710,0.0,0.0,0.0,12.02,0.48,0.0
20231018:1810,0.0,0.0,0.0,11.85,0.62,0.0
20231018:1910,0.0,0.0,0.0,11.34,0.34,0.0
20231018:2010,0.0,0.0,0.0,11.29,0.34,0.0
20231018:2110,0.0,0.0,0.0,11.47,0.21,0.0
20231018:2210,0.0,0.0,0.0,11.38,0.14,0.0
20231018:2310,0.0,0.0,0.0,11.44,0.48,0.0
20231019:0010,0.0,0.0,0.0,11.38,0.48,0.0
20231019:0110,0.0,0.0,0.0,11.51,0.34,0.0
20231019:0210,0.0,0.0,0.0,11.6,0.21,0.0
20231019:0310,0.0,0.0,0.0,11.52,0.07,0.0
20231019:0410,0.0,0.0,0.0,11.49,0.14,0.0
20231019:0510,0.0,0.0,0.0,11.44,0.41,0.0
20231019:0610,0.01,5.68,3.32,11.38,0.41,0.0
20231019:0710,35.49,51.12,12.9,11.61,0.21,0.0
20231019:0810,19.39,33.0,21.4,12.13,0.07,0.0
20231019:0910,24.37,38.82,28.25,12.39,0.21,0.0
20231019:1010,37.4,53.38,32.76,12.53,0.28,0.0
20231019:1110,48.19,65.03,34.3,12.67,0.41,0.0
20231019:1210,32.93,48.53,32.63,12.84,0.34,0.0
20231019:1310,24.33,38.82,28.02,12.8,0.48,0.0
20231019:1410,31.19,46.59,21.09,12.84,0.48,0.0
20231019:1510,18.52,32.03,12.54,12.72,0.34,0.0
20231019:1610,0.06,5.82,2.93,12.62,0.34,0.0
20231019:1710,0.0,0.0,0.0,12.54,0.28,0.0
20231019:1810,0.0,0.0,0.0,12.51,0.21,0.0
20231019:1910,0.0,0.0,0.0,12.24,0.55,0.0
20231019:2010,0.0,0.0,0.0,12.3,0.41,0.0
20231019:2110,0.0,0.0,0.0,12.42,0.34,0.0
20231019:2210,0.0,0.0,0.0,12.61,0.62,0.0
20231019:2310,0.0,0.0,0.0,12.71,1.24,0.0
20231020:0010,0.0,0.0,0.0,12.83,1.17,0.0
20231020:0110,0.0,0.0,0.0,13.03,0.41,0.0
20231020:0210,0.0,0.0,0.0,13.03,0.76,0.0
20231020:0310,0.0,0.0,0.0,13.05,0.28,0.0
20231020:0410,0.0,0.0,0.0,13.05,1.1,0.0
20231020:0510,0.0,0.0,0.0,13.1,1.79,0.0
20231020:0610,0.0,1.89,3.08,13.52,2.69,0.0
20231020:0710,8.75,19.88,12.64,14.43,4.28,0.0
20231020:0810,24.09,38.82,21.11,15.16,5.31,0.0
20231020:0910,43.23,60.18,27.93,15.49,5.31,0.0
20231020:1010,48.6,66.0,32.41,15.6,4.69,0.0
20231020:1110,43.11,60.18,33.94,15.89,4.21,0.0
20231020:1210,29.06,44.65,32.27,15.95,3.86,0.0
20231020:1310,29.88,45.62,27.67,16.03,2.69,0.0
20231020:1410,14.23,27.18,20.77,16.46,2.28,0.0
20231020:1510,6.23,16.5,12.23,16.42,2.28,0.0
20231020:1610,0.0,2.91,2.63,15.88,2.0,0.0
20231020:1710,0.0,0.0,0.0,14.84,1.86,0.0
20231020:1810,0.0,0.0,0.0,14.37,1.86,0.0
20231020:1910,0.0,0.0,0.0,13.59,1.59,0.0
20231020:2010,0.0,0.0,0.0,13.66,1.66,0.0
20231020:2110,0.0,0.0,0.0,13.76,1.52,0.0
20231020:2210,0.0,0.0,0.0,13.83,1.59,0.0
20231020:2310,0.0,0.0,0.0,13.88,1.72,0.0
20231021:0010,0.0,0.0,0.0,13.77,1.79,0.0
20231021:0110,0.0,0.0,0.0,13.61,1.79,0.0
20231021:0210,0.0,0.0,0.0,13.46,1.72,0.0
20231021:0310,0.0,0.0,0.0,13.42,1.66,0.0
20231021:0410,0.0,0.0,0.0,13.28,1.59,0.0
20231021:0510,0.0,0.0,0.0,13.35,1.52,0.0
20231021:0610,0.0,4.73,2.84,13.32,1.72,0.0
20231021:0710,45.61,62.48,12.38,13.68,0.97,0.0
20231021:0810,131.37,157.17,20.83,15.27,1.03,0.0
20231021:0910,144.67,165.82,27.62,15.85,1.66,0.0
20231021:1010,232.22,255.54,32.07,16.18,2.07,0.0
20231021:1110,60.92,79.59,33.58,16.86,2.34,0.0
20231021:1210,170.86,192.04,31.91,16.32,2.34,0.0
20231021:1310,42.82,60.18,27.33,17.0,2.62,0.0
20231021:1410,67.48,86.39,20.44,16.48,2.28,0.0
20231021:1510,6.94,17.47,11.93,15.75,1.45,0.0
20231021:1610,0.94,7.76,2.35,14.75,0.9,0.0
20231021:1710,0.0,0.0,0.0,13.48,1.38,0.0
20231021:1810,0.0,0.0,0.0,13.59,1.24,0.0
20231021:1910,0.0,0.0,0.0,13.19,1.03,0.0
20231021:2010,0.0,0.0,0.0,12.99,1.17,0.0
20231021:2110,0.0,0.0,0.0,12.88,1.1,0.0
20231021:2210,0.0,0.0,0.0,12.84,0.97,0.0
20231021:2310,0.0,0.0,0.0,12.65,0.9,0.0
20231022:0010,0.0,0.0,0.0,12.51,0.97,0.0
20231022:0110,0.0,0.0,0.0,12.71,0.48,0.0
20231022:0210,0.0,0.0,0.0,12.76,0.41,0.0
20231022:0310,0.0,0.0,0.0,12.0,0.83,0.0
20231022:0410,0.0,0.0,0.0,12.09,0.69,0.0
20231022:0510,0.0,0.0,0.0,12.08,0.62,0.0
20231022:0610,4.24,13.25,2.59,10.31,1.31,0.0
20231022:0710,67.47,84.26,12.11,9.95,0.97,0.0
20231022:0810,57.86,103.37,20.54,13.45,0.9,0.0
20231022:0910,222.04,255.58,27.3,14.75,0.69,0.0
20231022:1010,272.74,300.35,31.73,15.86,0.69,0.0
20231022:1110,295.64,322.98,33.23,16.35,0.62,0.0
20231022:1210,353.33,383.59,31.56,16.78,0.55,0.0
20231022:1310,406.35,438.05,26.99,16.89,0.83,0.0
20231022:1410,382.6,411.54,20.12,17.07,1.1,0.0
20231022:1510,256.28,281.09,11.63,16.75,0.76,0.0
20231022:1610,0.0,3.88,2.06,16.13,0.21,0.0
20231022:1710,0.0,0.0,0.0,14.85,0.76,0.0
20231022:1810,0.0,0.0,0.0,14.02,1.31,0.0
20231022:1910,0.0,0.0,0.0,13.61,1.1,0.0
20231022:2010,0.0,0.0,0.0,13.08,1.17,0.0
20231022:2110,0.0,0.0,0.0,12.36,1.31,0.0
20231022:2210,0.0,0.0,0.0,11.95,1.45,0.0
20231022:2310,0.0,0.0,0.0,11.51,1.59,0.0
20231023:0010,0.0,0.0,0.0,11.45,1.52,0.0
20231023:0110,0.0,0.0,0.0,11.49,1.45,0.0
20231023:0210,0.0,0.0,0.0,11.18,1.59,0.0
20231023:0310,0.0,0.0,0.0,11.48,1.45,0.0
20231023:0410,0.0,0.0,0.0,11.49,1.59,0.0
20231023:0510,0.0,0.0,0.0,11.45,1.52,0.0
20231023:0610,0.01,5.68,2.35,11.26,1.59,0.0
20231023:0710,49.51,66.27,11.85,12.23,0.97,0.0
20231023:0810,50.64,67.94,20.25,13.96,0.76,0.0
20231023:0910,163.15,184.8,26.99,14.71,0.83,0.0
20231023:1010,40.42,57.27,31.39,15.44,1.17,0.0
20231023:1110,30.74,46.59,32.87,15.8,1.17,0.0
20231023:1210,65.69,84.44,31.21,15.88,0.9,0.0
20231023:1310,27.3,42.71,26.65,15.84,0.55,0.0
20231023:1410,19.02,33.0,19.81,15.74,0.28,0.0
20231023:1510,14.3,27.18,11.33,15.49,0.76,0.0
20231023:1610,0.0,0.97,1.78,15.0,1.31,0.0
20231023:1710,0.0,0.0,0.0,14.63,1.52,0.0
20231023:1810,0.0,0.0,0.0,14.23,1.52,0.0
20231023:1910,0.0,0.0,0.0,13.61,1.38,0.0
20231023:2010,0.0,0.0,0.0,13.61,1.59,0.0
20231023:2110,0.0,0.0,0.0,13.35,1.38,0.0
20231023:2210,0.0,0.0,0.0,13.27,1.45,0.0
20231023:2310,0.0,0.0,0.0,13.13,1.31,0.0
20231024:0010,0.0,0.0,0.0,13.06,1.17,0.0
20231024:0110,0.0,0.0,0.0,13.06,1.17,0.0
20231024:0210,0.0,0.0,0.0,12.94,1.38,0.0
20231024:0310,0.0,0.0,0.0,12.73,1.1,0.0
20231024:0410,0.0,0.0,0.0,12.62,1.31,0.0
20231024:0510,0.0,0.0,0.0,12.53,1.24,0.0
20231024:0610,0.0,1.89,2.11,12.58,1.1,0.0
20231024:0710,8.84,19.88,11.59,12.55,1.03,0.0
20231024:0810,21.82,35.91,19.97,12.77,0.97,0.0
20231024:0910,22.63,36.88,26.67,12.99,0.97,0.0
20231024:1010,49.08,66.0,31.05,13.03,1.17,0.0
20231024:1110,69.53,87.36,32.52,12.87,1.17,0.0
20231024:1210,77.94,96.09,30.86,13.1,1.31,0.0
20231024:1310,39.04,55.33,26.32,13.38,0.83,0.0
20231024:1410,35.46,51.44,19.5,13.59,0.76,0.0
20231024:1510,20.07,33.97,11.04,13.59,0.55,0.0
20231024:1610,0.0,0.95,1.51,13.44,0.14,0.0
20231024:1710,0.0,0.0,0.0,13.27,0.55,0.0
20231024:1810,0.0,0.0,0.0,12.93,0.69,0.0
20231024:1910,0.0,0.0,0.0,11.66,1.45,0.0
20231024:2010,0.0,0.0,0.0,11.4,0.9,0.0
20231024:2110,0.0,0.0,0.0,10.85,1.03,0.0
20231024:2210,0.0,0.0,0.0,9.61,1.45,0.0
20231024:2310,0.0,0.0,0.0,9.16,1.52,0.0
20231025:0010,0.0,0.0,0.0,8.96,1.45,0.0
20231025:0110,0.0,0.0,0.0,8.2,1.72,0.0
20231025:0210,0.0,0.0,0.0,7.86,1.66,0.0
20231025:0310,0.0,0.0,0.0,7.52,1.66,0.0
20231025:0410,0.0,0.0,0.0,7.39,1.45,0.0
20231025:0510,0.0,0.0,0.0,8.15,1.45,0.0
20231025:0610,0.0,0.95,1.87,8.43,1.79,0.0
20231025:0710,51.86,68.16,11.33,10.04,0.9,0.0
20231025:0810,107.03,125.96,19.68,11.65,0.62,0.0
20231025:0910,60.12,77.65,26.36,12.79,0.34,0.0
20231025:1010,128.37,148.51,30.71,14.25,0.14,0.0
20231025:1110,232.61,255.81,32.18,15.21,0.55,0.0
20231025:1210,263.86,287.88,30.52,16.07,0.97,0.0
20231025:1310,363.03,389.3,25.99,16.35,1.38,0.0
20231025:1410,48.39,66.0,19.19,15.94,1.59,0.0
20231025:1510,40.49,57.38,10.75,15.61,1.24,0.0
20231025:1610,0.0,0.0,0.0,15.08,0.41,0.0
20231025:1710,0.0,0.0,0.0,13.95,0.76,0.0
20231025:1810,0.0,0.0,0.0,12.97,1.31,0.0
20231025:1910,0.0,0.0,0.0,12.71,1.31,0.0
20231025:2010,0.0,0.0,0.0,12.28,1.38,0.0
20231025:2110,0.0,0.0,0.0,12.27,1.38,0.0
20231025:2210,0.0,0.0,0.0,12.18,1.45,0.0
20231025:2310,0.0,0.0,0.0,12.14,1.38,0.0
20231026:0010,0.0,0.0,0.0,11.93,1.24,0.0
20231026:0110,0.0,0.0,0.0,11.97,0.97,0.0
20231026:0210,0.0,0.0,0.0,11.02,1.24,0.0
20231026:0310,0.0,0.0,0.0,11.02,1.24,0.0
20231026:0410,0.0,0.0,0.0,10.87,1.17,0.0
20231026:0510,0.0,0.0,0.0,10.57,1.24,0.0
20231026:0610,0.0,0.95,1.63,10.28,1.24,0.0
20231026:0710,55.36,71.95,11.07,10.52,0.83,0.0
20231026:0810,119.31,140.9,19.4,12.81,0.55,0.0
20231026:0910,175.62,198.53,26.05,14.14,0.69,0.0
20231026:1010,102.57,122.3,30.38,14.8,0.48,0.0
20231026:1110,44.97,62.12,31.83,14.82,0.34,0.0
20231026:1210,121.35,141.71,30.18,15.03,0.34,0.0
20231026:1310,20.71,34.94,25.67,15.21,0.55,0.0
20231026:1410,46.71,64.06,18.89,15.23,0.9,0.0
20231026:1510,37.11,53.53,10.47,14.83,0.69,0.0
20231026:1610,0.0,0.0,0.0,14.26,0.28,0.0
20231026:1710,0.0,0.0,0.0,13.73,1.03,0.0
20231026:1810,0.0,0.0,0.0,13.25,1.52,0.0
20231026:1910,0.0,0.0,0.0,13.05,1.31,0.0
20231026:2010,0.0,0.0,0.0,12.99,0.55,0.0
20231026:2110,0.0,0.0,0.0,12.88,0.83,0.0
20231026:2210,0.0,0.0,0.0,13.04,1.17,0.0
20231026:2310,0.0,0.0,0.0,12.96,1.1,0.0
20231027:0010,0.0,0.0,0.0,13.02,1.17,0.0
20231027:0110,0.0,0.0,0.0,13.06,1.24,0.0
20231027:0210,0.0,0.0,0.0,13.01,1.03,0.0
20231027:0310,0.0,0.0,0.0,12.99,1.17,0.0
20231027:0410,0.0,0.0,0.0,12.62,1.17,0.0
20231027:0510,0.0,0.0,0.0,12.06,1.66,0.0
20231027:0610,0.0,3.79,1.38,11.22,1.66,0.0
20231027:0710,55.29,71.95,10.81,10.9,1.24,0.0
20231027:0810,45.58,85.05,19.12,13.63,1.17,0.0
20231027:0910,187.15,240.85,25.74,15.52,1.45,0.0
20231027:1010,338.21,381.7,30.05,17.05,1.52,0.0
20231027:1110,434.41,475.08,31.49,18.36,1.59,0.0
20231027:1210,497.27,542.85,29.84,19.21,1.31,0.0
20231027:1310,488.07,532.16,25.35,19.57,1.24,0.0
20231027:1410,340.19,371.0,18.59,19.5,1.31,0.0
20231027:1510,270.35,299.87,10.19,18.84,0.83,0.0
20231027:1610,0.0,0.0,0.0,16.88,1.31,0.0
20231027:1710,0.0,0.0,0.0,14.37,1.66,0.0
20231027:1810,0.0,0.0,0.0,12.68,1.86,0.0
20231027:1910,0.0,0.0,0.0,11.37,1.93,0.0
20231027:2010,0.0,0.0,0.0,10.58,1.86,0.0
20231027:2110,0.0,0.0,0.0,10.33,1.79,0.0
20231027:2210,0.0,0.0,0.0,9.92,1.93,0.0
20231027:2310,0.0,0.0,0.0,9.28,2.0,0.0
20231028:0010,0.0,0.0,0.0,8.89,2.0,0.0
20231028:0110,0.0,0.0,0.0,8.46,2.07,0.0
20231028:0210,0.0,0.0,0.0,8.32,2.14,0.0
20231028:0310,0.0,0.0,0.0,8.09,1.93,0.0
20231028:0410,0.0,0.0,0.0,7.69,1.66,0.0
20231028:0510,0.0,0.0,0.0,7.24,1.52,0.0
20231028:0610,0.0,0.0,0.0,7.2,1.45,0.0
20231028:0710,39.0,53.96,10.55,7.33,1.52,0.0
20231028:0810,45.3,82.75,18.83,11.52,1.17,0.0
20231028:0910,195.81,222.68,25.43,14.04,0.83,0.0
20231028:1010,311.59,345.47,29.72,15.26,1.17,0.0
20231028:1110,420.54,454.89,31.15,15.94,1.52,0.0
20231028:1210,245.44,268.55,29.51,16.26,1.45,0.0
20231028:1310,338.24,364.51,25.03,16.53,1.17,0.0
20231028:1410,361.62,388.71,18.3,16.61,1.31,0.0
20231028:1510,265.26,290.62,9.92,16.16,1.1,0.0
20231028:1610,0.0,0.0,0.0,15.1,0.76,0.0
20231028:1710,0.0,0.0,0.0,14.25,0.9,0.0
20231028:1810,0.0,0.0,0.0,13.63,0.97,0.0
20231028:1910,0.0,0.0,0.0,10.96,1.86,0.0
20231028:2010,0.0,0.0,0.0,10.7,1.86,0.0
20231028:2110,0.0,0.0,0.0,10.61,1.72,0.0
20231028:2210,0.0,0.0,0.0,10.68,1.66,0.0
20231028:2310,0.0,0.0,0.0,10.64,1.72,0.0
20231029:0010,0.0,0.0,0.0,11.08,1.66,0.0
20231029:0110,0.0,0.0,0.0,11.55,1.72,0.0
20231029:0210,0.0,0.0,0.0,11.81,1.66,0.0
20231029:0310,0.0,0.0,0.0,11.91,1.66,0.0
20231029:0410,0.0,0.0,0.0,12.05,1.72,0.0
20231029:0510,0.0,0.0,0.0,11.96,1.72,0.0
20231029:0610,0.0,0.0,0.0,11.76,1.86,0.0
20231029:0710,4.83,14.2,10.29,11.57,1.17,0.0
20231029:0810,26.95,41.74,18.55,12.43,1.17,0.0
20231029:0910,28.6,43.68,25.13,12.89,1.1,0.0
20231029:1010,33.77,49.5,29.4,13.31,1.45,0.0
20231029:1110,71.21,89.3,30.82,13.63,1.79,0.0
20231029:1210,25.89,40.77,29.18,14.02,2.0,0.0
20231029:1310,51.56,68.91,24.72,14.28,2.07,0.0
20231029:1410,15.2,28.15,18.01,14.11,1.59,0.0
20231029:1510,9.14,20.38,9.65,13.96,1.66,0.0
20231029:1610,0.0,0.0,0.0,13.68,1.72,0.0
20231029:1710,0.0,0.0,0.0,13.53,2.0,0.0
20231029:1810,0.0,0.0,0.0,13.44,2.0,0.0
20231029:1910,0.0,0.0,0.0,12.66,1.03,0.0
20231029:2010,0.0,0.0,0.0,12.64,0.97,0.0
20231029:2110,0.0,0.0,0.0,12.72,0.97,0.0
20231029:2210,0.0,0.0,0.0,12.69,0.97,0.0
20231029:2310,0.0,0.0,0.0,12.89,1.1,0.0
20231030:0010,0.0,0.0,0.0,12.97,1.03,0.0
20231030:0110,0.0,0.0,0.0,13.03,1.1,0.0
20231030:0210,0.0,0.0,0.0,13.0,1.1,0.0
20231030:0310,0.0,0.0,0.0,12.94,1.03,0.0
20231030:0410,0.0,0.0,0.0,12.84,0.97,0.0
20231030:0510,0.0,0.0,0.0,12.74,0.97,0.0
20231030:0610,0.0,0.0,0.0,12.99,1.17,0.0
20231030:0710,6.08,16.09,10.04,12.9,0.76,0.0
20231030:0810,11.38,23.29,18.27,13.59,0.83,0.0
20231030:0910,20.03,33.97,24.82,13.98,0.69,0.0
20231030:1010,44.23,61.15,29.07,14.21,0.62,0.0
20231030:1110,27.54,42.71,30.49,14.23,0.83,0.0
20231030:1210,25.0,39.8,28.85,14.16,0.76,0.0
20231030:1310,24.98,39.8,24.42,14.21,0.41,0.0
20231030:1410,24.14,38.82,17.72,14.26,0.48,0.0
20231030:1510,8.4,19.41,9.39,14.28,0.48,0.0
20231030:1610,0.0,0.0,0.0,14.07,0.48,0.0
20231030:1710,0.0,0.0,0.0,13.94,0.41,0.0
20231030:1810,0.0,0.0,0.0,14.16,1.52,0.0
20231030:1910,0.0,0.0,0.0,14.34,2.83,0.0
20231030:2010,0.0,0.0,0.0,14.31,2.34,0.0
20231030:2110,0.0,0.0,0.0,14.22,2.21,0.0
20231030:2210,0.0,0.0,0.0,13.68,1.52,0.0
20231030:2310,0.0,0.0,0.0,13.21,0.97,0.0
20231031:0010,0.0,0.0,0.0,12.93,0.21,0.0
20231031:0110,0.0,0.0,0.0,11.98,1.1,0.0
20231031:0210,0.0,0.0,0.0,11.66,1.52,0.0
20231031:0310,0.0,0.0,0.0,12.2,2.28,0.0
20231031:0410,0.0,0.0,0.0,12.18,2.41,0.0
20231031:0510,0.0,0.0,0.0,11.95,2.0,0.0
20231031:0610,0.0,0.0,0.0,11.85,2.07,0.0
20231031:0710,20.39,34.08,9.78,11.68,2.34,0.0
20231031:0810,61.55,78.62,17.99,11.65,1.93,0.0
20231031:0910,187.58,212.92,24.52,13.04,1.59,0.0
20231031:1010,314.92,352.02,28.75,14.52,1.45,0.0
20231031:1110,437.73,475.01,30.16,15.86,1.59,0.0
20231031:1210,489.69,528.21,28.53,16.72,1.45,0.0
20231031:1310,480.01,517.83,24.11,17.0,1.17,0.0
20231031:1410,236.83,260.66,17.44,17.0,0.76,0.0
20231031:1510,243.21,270.1,9.13,16.59,0.41,0.0
20231031:1610,0.0,0.0,0.0,15.07,0.83,0.0
20231031:1710,0.0,0.0,0.0,12.68,1.52,0.0
20231031:1810,0.0,0.0,0.0,11.02,1.72,0.0
20231031:1910,0.0,0.0,0.0,10.24,1.79,0.0
20231031:2010,0.0,0.0,0.0,9.24,2.0,0.0
20231031:2110,0.0,0.0,0.0,8.96,2.21,0.0
20231031:2210,0.0,0.0,0.0,8.91,2.41,0.0
20231031:2310,0.0,0.0,0.0,8.8,2.48,0.0
20231101:0010,0.0,0.0,0.0,8.85,2.48,0.0
20231101:0110,0.0,0.0,0.0,8.42,2.28,0.0
20231101:0210,0.0,0.0,0.0,7.69,2.07,0.0
20231101:0310,0.0,0.0,0.0,7.16,2.07,0.0
20231101:0410,0.0,0.0,0.0,6.59,2.14,0.0
20231101:0510,0.0,0.0,0.0,6.38,2.07,0.0
20231101:0610,0.0,0.0,0.0,6.27,1.93,0.0
20231101:0710,20.06,33.13,9.52,7.07,1.79,0.0
20231101:0810,68.49,85.41,17.71,10.46,1.45,0.0
20231101:0910,165.41,186.72,24.22,12.45,1.17,0.0
20231101:1010,171.55,191.25,28.44,13.07,0.97,0.0
20231101:1110,118.96,137.83,29.84,13.2,1.31,0.0
20231101:1210,118.94,137.83,28.22,13.17,1.17,0.0
20231101:1310,47.22,64.06,23.82,13.17,1.24,0.0
20231101:1410,26.01,40.77,17.16,13.04,1.45,0.0
20231101:1510,6.38,16.5,8.87,12.75,1.17,0.0
20231101:1610,0.0,0.0,0.0,12.15,1.1,0.0
20231101:1710,0.0,0.0,0.0,11.7,1.31,0.0
20231101:1810,0.0,0.0,0.0,11.24,1.31,0.0
20231101:1910,0.0,0.0,0.0,10.79,1.31,0.0
20231101:2010,0.0,0.0,0.0,10.78,1.1,0.0
20231101:2110,0.0,0.0,0.0,10.76,0.97,0.0
20231101:2210,0.0,0.0,0.0,10.68,0.97,0.0
20231101:2310,0.0,0.0,0.0,10.56,0.9,0.0
20231102:0010,0.0,0.0,0.0,10.39,0.97,0.0
20231102:0110,0.0,0.0,0.0,10.31,1.03,0.0
20231102:0210,0.0,0.0,0.0,10.4,0.97,0.0
20231102:0310,0.0,0.0,0.0,10.53,1.1,0.0
20231102:0410,0.0,0.0,0.0,10.53,1.03,0.0
20231102:0510,0.0,0.0,0.0,10.57,1.24,0.0
20231102:0610,0.0,0.0,0.0,10.59,1.79,0.0
20231102:0710,14.94,27.45,9.27,10.4,1.03,0.0
20231102:0810,17.92,31.06,17.44,10.56,1.1,0.0
20231102:0910,36.91,52.41,23.92,10.71,1.45,0.0
20231102:1010,25.47,39.8,28.12,10.72,1.31,0.0
20231102:1110,55.16,71.83,29.52,10.94,1.24,0.0
20231102:1210,25.43,39.8,27.91,10.97,1.1,0.0
20231102:1310,27.14,41.74,23.52,11.05,0.97,0.0
20231102:1410,19.52,33.0,16.89,11.06,1.03,0.0
20231102:1510,10.79,22.32,8.62,10.98,1.31,0.0
20231102:1610,0.0,0.0,0.0,10.93,1.45,0.0
20231102:1710,0.0,0.0,0.0,10.78,1.17,0.0
20231102:1810,0.0,0.0,0.0,10.76,1.31,0.0
20231102:1910,0.0,0.0,0.0,10.94,0.76,0.0
20231102:2010,0.0,0.0,0.0,11.53,0.34,0.0
20231102:2110,0.0,0.0,0.0,10.94,0.83,0.0
20231102:2210,0.0,0.0,0.0,10.55,1.03,0.0
20231102:2310,0.0,0.0,0.0,9.75,1.17,0.0
20231103:0010,0.0,0.0,0.0,9.14,1.66,0.0
20231103:0110,0.0,0.0,0.0,8.73,1.59,0.0
20231103:0210,0.0,0.0,0.0,8.23,1.24,0.0
20231103:0310,0.0,0.0,0.0,8.07,1.17,0.0
20231103:0410,0.0,0.0,0.0,8.12,1.52,0.0
20231103:0510,0.0,0.0,0.0,8.27,1.79,0.0
20231103:0610,0.0,0.0,0.0,8.4,1.93,0.0
20231103:0710,6.25,16.09,9.01,8.72,1.45,0.0
20231103:0810,61.34,77.65,17.16,9.12,1.45,0.0
20231103:0910,121.51,138.6,23.63,9.76,1.38,0.0
20231103:1010,315.29,352.28,27.81,10.77,1.31,0.0
20231103:1110,427.31,458.02,29.2,11.93,1.17,0.0
20231103:1210,496.85,529.08,27.6,13.24,1.24,0.0
20231103:1310,482.1,513.09,23.23,13.94,1.17,0.0
20231103:1410,195.44,215.08,16.63,14.02,1.17,0.0
20231103:1510,300.52,326.11,8.38,13.59,1.17,0.0
20231103:1610,0.0,0.0,0.0,12.23,1.17,0.0
20231103:1710,0.0,0.0,0.0,10.62,1.31,0.0
20231103:1810,0.0,0.0,0.0,9.37,1.59,0.0
20231103:1910,0.0,0.0,0.0,7.78,2.14,0.0
20231103:2010,0.0,0.0,0.0,7.53,2.07,0.0
20231103:2110,0.0,0.0,0.0,6.93,2.07,0.0
20231103:2210,0.0,0.0,0.0,6.34,2.0,0.0
20231103:2310,0.0,0.0,0.0,5.92,2.0,0.0
20231104:0010,0.0,0.0,0.0,5.31,2.07,0.0
20231104:0110,0.0,0.0,0.0,4.83,2.0,0.0
20231104:0210,0.0,0.0,0.0,4.35,2.0,0.0
20231104:0310,0.0,0.0,0.0,3.97,2.0,0.0
20231104:0410,0.0,0.0,0.0,3.64,1.93,0.0
20231104:0510,0.0,0.0,0.0,3.53,1.72,0.0
20231104:0610,0.0,0.0,0.0,3.58,1.66,0.0
20231104:0710,36.03,50.18,8.76,4.11,1.52,0.0
20231104:0810,100.01,116.13,16.89,6.64,1.17,0.0
20231104:0910,79.77,96.09,23.34,8.26,1.03,0.0
20231104:1010,84.2,100.94,27.5,9.47,1.59,0.0
20231104:1110,117.16,133.95,28.89,9.93,2.07,0.0
20231104:1210,38.88,54.35,27.3,9.95,2.0,0.0
20231104:1310,37.99,53.38,22.95,9.82,1.93,0.0
20231104:1410,12.4,24.27,16.37,9.8,1.31,0.0
20231104:1510,7.93,18.44,8.14,9.38,1.24,0.0
20231104:1610,0.0,0.0,0.0,9.19,1.24,0.0
20231104:1710,0.0,0.0,0.0,8.99,1.1,0.0
20231104:1810,0.0,0.0,0.0,8.92,1.38,0.0
20231104:1910,0.0,0.0,0.0,8.15,1.52,0.0
20231104:2010,0.0,0.0,0.0,8.01,1.86,0.0
20231104:2110,0.0,0.0,0.0,7.92,2.28,0.0
20231104:2210,0.0,0.0,0.0,7.78,2.41,0.0
20231104:2310,0.0,0.0,0.0,7.75,2.28,0.0
20231105:0010,0.0,0.0,0.0,7.78,2.21,0.0
20231105:0110,0.0,0.0,0.0,7.84,1.86,0.0
20231105:0210,0.0,0.0,0.0,7.66,1.38,0.0
20231105:0310,0.0,0.0,0.0,7.32,1.1,0.0
20231105:0410,0.0,0.0,0.0,7.17,0.62,0.0
20231105:0510,0.0,0.0,0.0,7.0,0.62,0.0
20231105:0610,0.0,0.0,0.0,6.81,0.48,0.0
20231105:0710,28.36,42.6,8.5,7.84,0.55,0.0
20231105:0810,24.57,46.56,16.62,8.55,0.83,0.0
20231105:0910,147.31,202.62,23.05,9.76,1.24,0.0
20231105:1010,306.1,345.62,27.2,10.83,1.17,0.0
20231105:1110,420.47,454.28,28.58,11.7,0.55,0.0
20231105:1210,477.79,512.99,27.0,12.28,0.21,0.0
20231105:1310,468.28,502.82,22.67,12.69,0.0,0.0
20231105:1410,399.64,426.58,16.11,12.77,0.48,0.0
20231105:1510,233.75,256.48,7.9,12.52,0.69,0.0
20231105:1610,0.0,0.0,0.0,11.63,1.31,0.0
20231105:1710,0.0,0.0,0.0,10.1,1.93,0.0
20231105:1810,0.0,0.0,0.0,9.25,2.14,0.0
20231105:1910,0.0,0.0,0.0,8.79,1.93,0.0
20231105:2010,0.0,0.0,0.0,7.71,1.93,0.0
20231105:2110,0.0,0.0,0.0,6.82,2.0,0.0
20231105:2210,0.0,0.0,0.0,6.15,2.0,0.0
20231105:2310,0.0,0.0,0.0,5.67,2.07,0.0
20231106:0010,0.0,0.0,0.0,5.43,1.93,0.0
20231106:0110,0.0,0.0,0.0,5.49,1.93,0.0
20231106:0210,0.0,0.0,0.0,5.35,2.21,0.0
20231106:0310,0.0,0.0,0.0,5.21,2.48,0.0
20231106:0410,0.0,0.0,0.0,5.04,2.69,0.0
20231106:0510,0.0,0.0,0.0,5.05,2.62,0.0
20231106:0610,0.0,0.0,0.0,4.91,2.21,0.0
20231106:0710,26.16,39.76,8.25,5.41,2.0,0.0
20231106:0810,24.97,44.41,16.35,7.01,1.66,0.0
20231106:0910,146.04,199.35,22.76,9.22,1.31,0.0
20231106:1010,299.93,341.65,26.9,11.89,0.97,0.0
20231106:1110,417.01,452.31,28.28,13.52,1.17,0.0
20231106:1210,474.23,507.64,26.71,14.22,1.31,0.0
20231106:1310,346.61,370.17,22.4,14.43,1.31,0.0
20231106:1410,310.85,333.18,15.86,14.27,1.38,0.0
20231106:1510,105.19,125.16,7.67,13.72,1.31,0.0
20231106:1610,0.0,0.0,0.0,12.7,1.31,0.0
20231106:1710,0.0,0.0,0.0,11.3,1.31,0.0
20231106:1810,0.0,0.0,0.0,10.15,1.52,0.0
20231106:1910,0.0,0.0,0.0,10.3,1.24,0.0
20231106:2010,0.0,0.0,0.0,9.73,1.45,0.0
20231106:2110,0.0,0.0,0.0,8.94,1.52,0.0
20231106:2210,0.0,0.0,0.0,8.32,1.59,0.0
20231106:2310,0.0,0.0,0.0,8.21,1.38,0.0
20231107:0010,0.0,0.0,0.0,8.94,1.1,0.0
20231107:0110,0.0,0.0,0.0,8.01,1.1,0.0
20231107:0210,0.0,0.0,0.0,7.38,1.52,0.0
20231107:0310,0.0,0.0,0.0,7.58,1.38,0.0
20231107:0410,0.0,0.0,0.0,7.53,1.38,0.0
20231107:0510,0.0,0.0,0.0,7.89,1.38,0.0
20231107:0610,0.0,0.0,0.0,7.56,1.59,0.0
20231107:0710,31.71,46.39,8.0,8.68,1.24,0.0
20231107:0810,77.83,94.72,16.08,9.77,1.24,0.0
20231107:0910,115.28,132.73,22.47,10.25,1.31,0.0
20231107:1010,134.78,152.11,26.6,10.46,1.17,0.0
20231107:1110,363.57,388.21,27.98,10.82,1.1,0.0
20231107:1210,414.82,437.88,26.42,11.01,1.03,0.0
20231107:1310,442.78,464.04,22.13,11.2,1.52,0.0
20231107:1410,296.59,314.05,15.61,11.37,1.59,0.0
20231107:1510,256.04,278.38,7.45,11.24,0.97,0.0
20231107:1610,0.0,0.0,0.0,10.42,0.69,0.0
20231107:1710,0.0,0.0,0.0,9.62,0.9,0.0
20231107:1810,0.0,0.0,0.0,8.13,1.17,0.0
20231107:1910,0.0,0.0,0.0,6.71,1.93,0.0
20231107:2010,0.0,0.0,0.0,5.8,1.93,0.0
20231107:2110,0.0,0.0,0.0,5.06,1.93,0.0
20231107:2210,0.0,0.0,0.0,4.69,1.86,0.0
20231107:2310,0.0,0.0,0.0,4.72,2.0,0.0
20231108:0010,0.0,0.0,0.0,4.44,2.07,0.0
20231108:0110,0.0,0.0,0.0,4.07,2.21,0.0
20231108:0210,0.0,0.0,0.0,3.86,2.41,0.0
20231108:0310,0.0,0.0,0.0,3.86,2.62,0.0
20231108:0410,0.0,0.0,0.0,4.01,2.55,0.0
20231108:0510,0.0,0.0,0.0,4.0,2.62,0.0
20231108:0610,0.0,0.0,0.0,3.94,2.62,0.0
20231108:0710,23.67,36.92,7.76,4.87,2.14,0.0
20231108:0810,25.25,39.8,15.82,6.39,1.52,0.0
20231108:0910,138.4,193.74,22.19,8.7,0.97,0.0
20231108:1010,297.08,340.53,26.31,10.53,0.34,0.0
20231108:1110,412.24,450.06,27.69,11.88,0.07,0.0
20231108:1210,474.38,509.52,26.14,12.64,0.48,0.0
20231108:1310,469.92,501.2,21.87,12.92,0.76,0.0
20231108:1410,415.8,443.26,15.37,12.79,0.9,0.0
20231108:1510,217.43,239.99,7.23,12.17,0.83,0.0
20231108:1610,0.0,0.0,0.0,10.73,0.69,0.0
20231108:1710,0.0,0.0,0.0,10.51,0.21,0.0
20231108:1810,0.0,0.0,0.0,9.8,0.9,0.0
20231108:1910,0.0,0.0,0.0,6.32,1.72,0.0
20231108:2010,0.0,0.0,0.0,5.31,1.86,0.0
20231108:2110,0.0,0.0,0.0,4.81,1.79,0.0
20231108:2210,0.0,0.0,0.0,4.43,1.79,0.0
20231108:2310,0.0,0.0,0.0,4.56,1.72,0.0
20231109:0010,0.0,0.0,0.0,4.81,1.72,0.0
20231109:0110,0.0,0.0,0.0,4.85,1.79,0.0
20231109:0210,0.0,0.0,0.0,5.69,1.66,0.0
20231109:0310,0.0,0.0,0.0,5.36,1.72,0.0
20231109:0410,0.0,0.0,0.0,5.14,1.79,0.0
20231109:0510,0.0,0.0,0.0,5.45,1.79,0.0
20231109:0610,0.0,0.0,0.0,6.35,1.72,0.0
20231109:0710,35.58,50.18,7.51,6.65,1.86,0.0
20231109:0810,29.3,43.55,15.55,7.51,1.66,0.0
20231109:0910,62.51,78.62,21.91,8.37,1.45,0.0
20231109:1010,26.62,40.77,26.02,8.65,1.66,0.0
20231109:1110,122.57,138.8,27.4,8.99,1.93,0.0
20231109:1210,92.99,109.68,25.86,9.33,1.66,0.0
20231109:1310,51.92,67.94,21.61,9.04,0.97,0.0
20231109:1410,43.6,59.21,15.14,8.96,0.97,0.0
20231109:1510,57.29,73.95,7.02,8.78,1.1,0.0
20231109:1610,0.0,0.0,0.0,8.58,1.17,0.0
20231109:1710,0.0,0.0,0.0,8.46,1.38,0.0
20231109:1810,0.0,0.0,0.0,8.39,1.52,0.0
20231109:1910,0.0,0.0,0.0,7.9,1.45,0.0
20231109:2010,0.0,0.0,0.0,7.87,1.59,0.0
20231109:2110,0.0,0.0,0.0,7.85,1.52,0.0
20231109:2210,0.0,0.0,0.0,7.76,1.45,0.0
20231109:2310,0.0,0.0,0.0,7.69,1.38,0.0
20231110:0010,0.0,0.0,0.0,7.47,1.17,0.0
20231110:0110,0.0,0.0,0.0,7.44,0.9,0.0
20231110:0210,0.0,0.0,0.0,7.37,0.83,0.0
20231110:0310,0.0,0.0,0.0,7.42,0.62,0.0
20231110:0410,0.0,0.0,0.0,7.32,0.76,0.0
20231110:0510,0.0,0.0,0.0,7.35,0.76,0.0
20231110:0610,0.0,0.0,0.0,7.32,0.69,0.0
20231110:0710,32.77,47.34,7.27,7.31,0.41,0.0
20231110:0810,67.14,83.31,15.29,7.97,0.55,0.0
20231110:0910,52.09,67.94,21.64,8.33,0.83,0.0
20231110:1010,241.25,263.39,25.74,9.16,0.97,0.0
20231110:1110,331.99,354.54,27.11,9.81,0.76,0.0
20231110:1210,453.46,481.51,25.59,10.28,0.48,0.0
20231110:1310,394.87,417.29,21.36,10.65,0.48,0.0
20231110:1410,186.38,203.89,14.91,10.81,0.76,0.0
20231110:1510,73.93,91.94,6.81,10.51,1.1,0.0
20231110:1610,0.0,0.0,0.0,9.67,1.45,0.0
20231110:1710,0.0,0.0,0.0,8.24,1.66,0.0
20231110:1810,0.0,0.0,0.0,6.74,1.59,0.0
20231110:1910,0.0,0.0,0.0,6.09,1.59,0.0
20231110:2010,0.0,0.0,0.0,5.5,1.59,0.0
20231110:2110,0.0,0.0,0.0,4.88,1.66,0.0
20231110:2210,0.0,0.0,0.0,4.44,1.72,0.0
20231110:2310,0.0,0.0,0.0,3.62,1.79,0.0
20231111:0010,0.0,0.0,0.0,2.67,1.93,0.0
20231111:0110,0.0,0.0,0.0,1.89,1.86,0.0
20231111:0210,0.0,0.0,0.0,1.87,2.0,0.0
20231111:0310,0.0,0.0,0.0,1.6,2.14,0.0
20231111:0410,0.0,0.0,0.0,1.48,2.21,0.0
20231111:0510,0.0,0.0,0.0,1.4,2.28,0.0
20231111:0610,0.0,0.0,0.0,1.52,2.41,0.0
20231111:0710,22.31,35.03,7.02,1.96,2.14,0.0
20231111:0810,48.59,63.43,15.04,5.05,1.79,0.0
20231111:0910,125.54,180.99,21.37,8.25,1.38,0.0
20231111:1010,284.35,327.54,25.46,10.41,1.1,0.0
20231111:1110,403.24,438.13,26.83,11.98,0.97,0.0
20231111:1210,459.55,492.44,25.32,12.97,0.97,0.0
20231111:1310,460.3,489.53,21.11,13.33,1.38,0.0
20231111:1410,407.22,434.23,14.69,13.22,1.38,0.0
20231111:1510,228.27,252.03,6.61,12.28,1.17,0.0
20231111:1610,0.0,0.0,0.0,10.28,1.66,0.0
20231111:1710,0.0,0.0,0.0,7.92,2.0,0.0
20231111:1810,0.0,0.0,0.0,6.38,2.14,0.0
20231111:1910,0.0,0.0,0.0,5.88,2.07,0.0
20231111:2010,0.0,0.0,0.0,4.95,2.21,0.0
20231111:2110,0.0,0.0,0.0,4.44,2.34,0.0
20231111:2210,0.0,0.0,0.0,4.07,2.34,0.0
20231111:2310,0.0,0.0,0.0,3.87,2.48,0.0
20231112:0010,0.0,0.0,0.0,3.73,2.48,0.0
20231112:0110,0.0,0.0,0.0,3.89,2.55,0.0
20231112:0210,0.0,0.0,0.0,4.02,2.34,0.0
20231112:0310,0.0,0.0,0.0,4.51,2.21,0.0
20231112:0410,0.0,0.0,0.0,4.81,2.07,0.0
20231112:0510,0.0,0.0,0.0,5.05,1.79,0.0
20231112:0610,0.0,0.0,0.0,5.18,1.93,0.0
20231112:0710,2.54,10.41,6.78,5.99,1.93,0.0
20231112:0810,36.49,51.12,14.78,6.55,1.86,0.0
20231112:0910,123.69,139.71,21.1,7.23,2.14,0.0
20231112:1010,96.89,112.59,25.18,7.38,2.07,0.0
20231112:1110,273.16,287.74,26.56,7.64,2.0,0.0
20231112:1210,437.09,452.87,25.06,8.09,2.14,0.0
20231112:1310,456.95,473.01,20.87,8.57,1.93,0.0
20231112:1410,397.37,414.24,14.47,8.92,1.79,0.0
20231112:1510,184.79,203.92,6.41,8.71,1.38,0.0
20231112:1610,0.0,0.0,0.0,8.17,1.38,0.0
20231112:1710,0.0,0.0,0.0,6.91,1.59,0.0
20231112:1810,0.0,0.0,0.0,5.96,1.24,0.0
20231112:1910,0.0,0.0,0.0,6.87,0.76,0.0
20231112:2010,0.0,0.0,0.0,6.41,0.62,0.0
20231112:2110,0.0,0.0,0.0,5.69,0.9,0.0
20231112:2210,0.0,0.0,0.0,4.41,1.24,0.0
20231112:2310,0.0,0.0,0.0,3.52,1.59,0.0
20231113:0010,0.0,0.0,0.0,3.3,1.79,0.0
20231113:0110,0.0,0.0,0.0,3.47,1.86,0.0
20231113:0210,0.0,0.0,0.0,3.78,2.0,0.0
20231113:0310,0.0,0.0,0.0,3.81,1.93,0.0
20231113:0410,0.0,0.0,0.0,4.04,1.86,0.0
20231113:0510,0.0,0.0,0.0,4.45,1.79,0.0
20231113:0610,0.0,0.0,0.0,4.71,1.72,0.0
20231113:0710,22.02,35.03,6.55,4.46,1.59,0.0
20231113:0810,53.67,69.11,14.53,6.67,1.03,0.0
20231113:0910,114.19,168.74,20.83,10.31,0.41,0.0
20231113:1010,260.17,304.68,24.91,11.78,0.41,0.0
20231113:1110,342.98,374.11,26.29,12.56,0.55,0.0
20231113:1210,420.78,455.96,24.8,13.38,0.14,0.0
20231113:1310,305.52,330.57,20.63,13.83,0.07,0.0
20231113:1410,167.89,188.55,14.26,13.91,0.28,0.0
20231113:1510,88.0,108.4,6.22,13.52,0.34,0.0
20231113:1610,0.0,0.0,0.0,11.97,0.83,0.0
20231113:1710,0.0,0.0,0.0,11.75,0.21,0.0
20231113:1810,0.0,0.0,0.0,11.03,0.9,0.0
20231113:1910,0.0,0.0,0.0,7.27,1.59,0.0
20231113:2010,0.0,0.0,0.0,7.13,1.24,0.0
20231113:2110,0.0,0.0,0.0,6.31,1.31,0.0
20231113:2210,0.0,0.0,0.0,6.44,1.59,0.0
20231113:2310,0.0,0.0,0.0,6.64,1.66,0.0
20231114:0010,0.0,0.0,0.0,6.97,1.79,0.0
20231114:0110,0.0,0.0,0.0,7.34,1.79,0.0
20231114:0210,0.0,0.0,0.0,7.34,1.72,0.0
20231114:0310,0.0,0.0,0.0,7.1,1.59,0.0
20231114:0410,0.0,0.0,0.0,6.83,1.66,0.0
20231114:0510,0.0,0.0,0.0,6.86,1.59,0.0
20231114:0610,0.0,0.0,0.0,6.78,1.59,0.0
20231114:0710,25.91,39.76,6.31,7.2,1.24,0.0
20231114:0810,53.06,69.11,14.28,8.93,0.97,0.0
20231114:0910,112.57,165.04,20.57,10.8,0.83,0.0
20231114:1010,252.87,297.54,24.64,12.17,0.55,0.0
20231114:1110,357.85,395.21,26.02,13.48,0.28,0.0
20231114:1210,358.41,388.81,24.55,14.41,0.34,0.0
20231114:1310,76.37,95.12,20.4,14.67,1.1,0.0
20231114:1410,22.49,36.88,14.05,14.22,1.38,0.0
20231114:1510,5.02,14.56,6.04,13.37,0.97,0.0
20231114:1610,0.0,0.0,0.0,12.63,0.9,0.0
20231114:1710,0.0,0.0,0.0,11.73,1.52,0.0
20231114:1810,0.0,0.0,0.0,11.0,1.45,0.0
20231114:1910,0.0,0.0,0.0,9.75,1.24,0.0
20231114:2010,0.0,0.0,0.0,9.65,0.83,0.0
20231114:2110,0.0,0.0,0.0,9.95,0.55,0.0
20231114:2210,0.0,0.0,0.0,9.49,0.69,0.0
20231114:2310,0.0,0.0,0.0,7.54,1.24,0.0
20231115:0010,0.0,0.0,0.0,6.16,1.45,0.0
20231115:0110,0.0,0.0,0.0,6.87,1.86,0.0
20231115:0210,0.0,0.0,0.0,7.24,2.21,0.0
20231115:0310,0.0,0.0,0.0,7.44,2.48,0.0
20231115:0410,0.0,0.0,0.0,7.55,2.76,0.0
20231115:0510,0.0,0.0,0.0,7.72,2.9,0.0
20231115:0610,0.0,0.0,0.0,7.81,3.03,0.0
20231115:0710,20.06,33.13,6.08,7.28,3.03,0.0
20231115:0810,45.11,60.59,14.03,8.44,2.9,0.0
20231115:0910,109.54,164.14,20.31,10.66,2.62,0.0
20231115:1010,257.08,302.24,24.38,13.33,2.69,0.0
20231115:1110,373.51,410.19,25.77,15.38,2.62,0.0
20231115:1210,425.74,458.33,24.3,16.36,2.76,0.0
20231115:1310,422.79,452.69,20.18,16.5,2.83,0.0
20231115:1410,367.4,395.97,13.85,16.06,2.41,0.0
20231115:1510,148.57,171.96,5.86,14.72,2.41,0.0
20231115:1610,0.0,0.0,0.0,12.87,2.48,0.0
20231115:1710,0.0,0.0,0.0,11.2,2.28,0.0
20231115:1810,0.0,0.0,0.0,9.5,2.34,0.0
20231115:1910,0.0,0.0,0.0,8.92,2.55,0.0
20231115:2010,0.0,0.0,0.0,8.03,2.55,0.0
20231115:2110,0.0,0.0,0.0,7.48,2.69,0.0
20231115:2210,0.0,0.0,0.0,7.35,2.83,0.0
20231115:2310,0.0,0.0,0.0,7.14,2.83,0.0
20231116:0010,0.0,0.0,0.0,6.97,2.9,0.0
20231116:0110,0.0,0.0,0.0,7.1,2.83,0.0
20231116:0210,0.0,0.0,0.0,6.77,2.83,0.0
20231116:0310,0.0,0.0,0.0,6.37,2.69,0.0
20231116:0410,0.0,0.0,0.0,5.9,2.62,0.0
20231116:0510,0.0,0.0,0.0,5.56,2.55,0.0
20231116:0610,0.0,0.0,0.0,5.56,2.41,0.0
20231116:0710,16.92,29.35,5.85,5.94,2.34,0.0
20231116:0810,70.34,86.15,13.79,7.25,1.72,0.0
20231116:0910,123.18,141.55,20.06,9.57,1.1,0.0
20231116:1010,242.97,277.89,24.12,11.14,0.55,0.0
20231116:1110,306.18,332.73,25.51,12.02,0.76,0.0
20231116:1210,133.65,152.2,24.07,12.28,0.97,0.0
20231116:1310,236.85,255.87,19.96,12.25,1.1,0.0
20231116:1410,114.37,133.06,13.66,12.2,0.48,0.0
20231116:1510,35.24,51.34,5.69,11.52,0.69,0.0
20231116:1610,0.0,0.0,0.0,9.9,1.17,0.0
20231116:1710,0.0,0.0,0.0,8.24,1.45,0.0
20231116:1810,0.0,0.0,0.0,7.14,1.59,0.0
20231116:1910,0.0,0.0,0.0,7.47,1.24,0.0
20231116:2010,0.0,0.0,0.0,6.56,1.38,0.0
20231116:2110,0.0,0.0,0.0,5.7,1.52,0.0
20231116:2210,0.0,0.0,0.0,5.22,1.66,0.0
20231116:2310,0.0,0.0,0.0,4.7,1.79,0.0
20231117:0010,0.0,0.0,0.0,4.21,1.93,0.0
20231117:0110,0.0,0.0,0.0,3.71,2.07,0.0
20231117:0210,0.0,0.0,0.0,3.46,2.21,0.0
20231117:0310,0.0,0.0,0.0,3.41,2.28,0.0
20231117:0410,0.0,0.0,0.0,3.88,2.62,0.0
20231117:0510,0.0,0.0,0.0,4.7,2.97,0.0
20231117:0610,0.0,0.0,0.0,5.7,3.24,0.0
20231117:0710,17.67,30.29,5.62,6.65,3.24,0.0
20231117:0810,45.02,60.59,13.55,8.91,3.38,0.0
20231117:0910,101.09,158.05,19.81,11.53,3.59,0.0
20231117:1010,254.04,300.37,23.86,13.26,3.45,0.0
20231117:1110,375.24,408.69,25.26,14.19,3.86,0.0
20231117:1210,436.72,463.35,23.83,14.53,4.28,0.0
20231117:1310,432.93,457.1,19.75,14.39,3.86,0.0
20231117:1410,372.23,394.57,13.47,13.77,4.0,0.0
20231117:1510,142.3,164.2,5.52,12.67,4.07,0.0
20231117:1610,0.0,0.0,0.0,11.6,3.86,0.0
20231117:1710,0.0,0.0,0.0,10.97,3.66,0.0
20231117:1810,0.0,0.0,0.0,10.46,3.38,0.0
20231117:1910,0.0,0.0,0.0,9.7,3.38,0.0
20231117:2010,0.0,0.0,0.0,8.96,3.1,0.0
20231117:2110,0.0,0.0,0.0,8.15,2.97,0.0
20231117:2210,0.0,0.0,0.0,7.31,2.83,0.0
20231117:2310,0.0,0.0,0.0,6.62,2.9,0.0
20231118:0010,0.0,0.0,0.0,6.38,3.03,0.0
20231118:0110,0.0,0.0,0.0,6.29,3.1,0.0
20231118:0210,0.0,0.0,0.0,6.2,3.1,0.0
20231118:0310,0.0,0.0,0.0,6.12,3.1,0.0
20231118:0410,0.0,0.0,0.0,6.05,3.1,0.0
20231118:0510,0.0,0.0,0.0,6.07,3.1,0.0
20231118:0610,0.0,0.0,0.0,5.96,2.97,0.0
20231118:0710,16.18,28.4,5.39,5.2,2.9,0.0
20231118:0810,42.89,57.75,13.31,6.15,2.55,0.0
20231118:0910,99.17,152.93,19.57,8.14,2.21,0.0
20231118:1010,245.97,288.64,23.62,9.86,1.86,0.0
20231118:1110,354.18,385.1,25.02,10.99,1.38,0.0
20231118:1210,411.05,438.74,23.61,11.38,1.03,0.0
20231118:1310,412.07,439.71,19.55,12.02,0.76,0.0
20231118:1410,376.41,404.11,13.29,11.79,0.55,0.0
20231118:1510,99.91,120.48,5.36,11.07,0.69,0.0
20231118:1610,0.0,0.0,0.0,9.55,1.1,0.0
20231118:1710,0.0,0.0,0.0,8.16,1.24,0.0
20231118:1810,0.0,0.0,0.0,6.81,1.45,0.0
20231118:1910,0.0,0.0,0.0,5.93,1.52,0.0
20231118:2010,0.0,0.0,0.0,5.28,1.66,0.0
20231118:2110,0.0,0.0,0.0,5.21,1.52,0.0
20231118:2210,0.0,0.0,0.0,5.05,1.52,0.0
20231118:2310,0.0,0.0,0.0,4.73,1.52,0.0
20231119:0010,0.0,0.0,0.0,4.48,1.59,0.0
20231119:0110,0.0,0.0,0.0,4.74,1.45,0.0
20231119:0210,0.0,0.0,0.0,4.67,1.38,0.0
20231119:0310,0.0,0.0,0.0,3.92,1.59,0.0
20231119:0410,0.0,0.0,0.0,3.77,1.59,0.0
20231119:0510,0.0,0.0,0.0,3.43,1.59,0.0
20231119:0610,0.0,0.0,0.0,3.22,1.66,0.0
20231119:0710,18.8,31.24,5.17,3.28,1.45,0.0
20231119:0810,55.85,71.0,13.08,5.43,1.03,0.0
20231119:0910,106.84,153.71,19.32,8.44,0.55,0.0
20231119:1010,240.17,287.47,23.37,10.08,0.41,0.0
20231119:1110,357.5,393.63,24.78,11.0,0.41,0.0
20231119:1210,407.09,437.72,23.38,11.7,0.55,0.0
20231119:1310,391.64,418.23,19.35,11.98,0.69,0.0
20231119:1410,351.04,377.27,13.11,11.8,0.55,0.0
20231119:1510,144.64,167.53,5.21,10.95,0.28,0.0
20231119:1610,0.0,0.0,0.0,9.45,0.76,0.0
20231119:1710,0.0,0.0,0.0,7.28,1.31,0.0
20231119:1810,0.0,0.0,0.0,6.0,1.52,0.0
20231119:1910,0.0,0.0,0.0,5.74,1.38,0.0
20231119:2010,0.0,0.0,0.0,4.99,1.52,0.0
20231119:2110,0.0,0.0,0.0,4.53,1.52,0.0
20231119:2210,0.0,0.0,0.0,3.93,1.59,0.0
20231119:2310,0.0,0.0,0.0,3.55,1.59,0.0
20231120:0010,0.0,0.0,0.0,3.32,1.59,0.0
20231120:0110,0.0,0.0,0.0,3.13,1.59,0.0
20231120:0210,0.0,0.0,0.0,3.01,1.52,0.0
20231120:0310,0.0,0.0,0.0,2.55,1.66,0.0
20231120:0410,0.0,0.0,0.0,2.12,1.66,0.0
20231120:0510,0.0,0.0,0.0,2.0,1.72,0.0
20231120:0610,0.0,0.0,0.0,1.99,1.79,0.0
20231120:0710,16.45,28.4,4.95,2.07,1.72,0.0
20231120:0810,48.79,63.43,12.85,4.08,1.17,0.0
20231120:0910,130.58,162.15,19.09,6.88,0.76,0.0
20231120:1010,235.07,277.7,23.13,8.96,0.41,0.0
20231120:1110,331.75,363.86,24.55,10.7,0.28,0.0
20231120:1210,386.23,414.88,23.17,11.69,0.62,0.0
20231120:1310,215.23,234.16,19.15,11.97,0.97,0.0
20231120:1410,307.47,330.08,12.94,11.77,1.03,0.0
20231120:1510,21.76,35.96,5.06,10.98,0.9,0.0
20231120:1610,0.0,0.0,0.0,9.68,1.03,0.0
20231120:1710,0.0,0.0,0.0,8.1,1.17,0.0
20231120:1810,0.0,0.0,0.0,7.19,1.24,0.0
20231120:1910,0.0,0.0,0.0,7.09,1.1,0.0
20231120:2010,0.0,0.0,0.0,6.36,1.31,0.0
20231120:2110,0.0,0.0,0.0,5.96,1.1,0.0
20231120:2210,0.0,0.0,0.0,6.08,1.03,0.0
20231120:2310,0.0,0.0,0.0,6.09,1.03,0.0
20231121:0010,0.0,0.0,0.0,6.03,1.31,0.0
20231121:0110,0.0,0.0,0.0,6.16,1.31,0.0
20231121:0210,0.0,0.0,0.0,6.17,1.31,0.0
20231121:0310,0.0,0.0,0.0,6.05,1.31,0.0
20231121:0410,0.0,0.0,0.0,5.8,1.45,0.0
20231121:0510,0.0,0.0,0.0,5.66,1.66,0.0
20231121:0610,0.0,0.0,0.0,5.31,1.79,0.0
20231121:0710,15.26,27.45,4.73,6.52,1.31,0.0
20231121:0810,68.49,84.26,12.63,7.01,1.31,0.0
20231121:0910,92.34,143.93,18.86,8.49,1.31,0.0
20231121:1010,231.43,276.32,22.9,10.05,0.9,0.0
20231121:1110,347.69,383.05,24.33,11.33,0.83,0.0
20231121:1210,404.8,436.15,22.96,12.41,0.9,0.0
20231121:1310,399.53,429.26,18.97,13.14,0.83,0.0
20231121:1410,316.26,344.23,12.78,13.4,0.28,0.0
20231121:1510,102.76,124.75,4.92,12.5,1.03,0.0
20231121:1610,0.0,0.0,0.0,10.22,1.31,0.0
20231121:1710,0.0,0.0,0.0,9.15,1.1,0.0
20231121:1810,0.0,0.0,0.0,8.06,1.24,0.0
20231121:1910,0.0,0.0,0.0,8.75,0.9,0.0
20231121:2010,0.0,0.0,0.0,6.03,1.52,0.0
20231121:2110,0.0,0.0,0.0,4.99,1.72,0.0
20231121:2210,0.0,0.0,0.0,3.77,2.14,0.0
20231121:2310,0.0,0.0,0.0,2.95,2.14,0.0
20231122:0010,0.0,0.0,0.0,2.32,2.14,0.0
20231122:0110,0.0,0.0,0.0,1.96,2.07,0.0
20231122:0210,0.0,0.0,0.0,1.85,2.14,0.0
20231122:0310,0.0,0.0,0.0,1.84,2.14,0.0
20231122:0410,0.0,0.0,0.0,1.65,2.21,0.0
20231122:0510,0.0,0.0,0.0,1.55,2.28,0.0
20231122:0610,0.0,0.0,0.0,1.74,2.34,0.0
20231122:0710,13.2,24.61,4.52,2.69,2.41,0.0
20231122:0810,44.07,58.7,12.41,4.8,2.0,0.0
20231122:0910,85.95,139.75,18.63,9.22,1.45,0.0
20231122:1010,229.04,276.52,22.67,11.77,1.1,0.0
20231122:1110,342.99,380.21,24.11,13.1,1.24,0.0
20231122:1210,400.59,433.42,22.76,13.76,1.24,0.0
20231122:1310,397.7,428.35,18.79,13.89,1.03,0.0
20231122:1410,320.24,348.47,12.62,13.59,0.48,0.0
20231122:1510,95.91,117.77,4.78,12.58,0.55,0.0
20231122:1610,0.0,0.0,0.0,11.69,0.34,0.0
20231122:1710,0.0,0.0,0.0,9.25,1.31,0.0
20231122:1810,0.0,0.0,0.0,5.66,2.34,0.0
20231122:1910,0.0,0.0,0.0,4.72,2.41,0.0
20231122:2010,0.0,0.0,0.0,4.33,2.48,0.0
20231122:2110,0.0,0.0,0.0,3.67,2.34,0.0
20231122:2210,0.0,0.0,0.0,2.88,2.21,0.0
20231122:2310,0.0,0.0,0.0,2.29,2.21,0.0
20231123:0010,0.0,0.0,0.0,1.99,2.14,0.0
20231123:0110,0.0,0.0,0.0,1.67,2.07,0.0
20231123:0210,0.0,0.0,0.0,1.44,1.93,0.0
20231123:0310,0.0,0.0,0.0,1.46,1.86,0.0
20231123:0410,0.0,0.0,0.0,1.62,1.79,0.0
20231123:0510,0.0,0.0,0.0,1.74,1.79,0.0
20231123:0610,0.0,0.0,0.0,1.23,1.72,0.0
20231123:0710,13.26,24.61,4.31,1.72,2.14,0.0
20231123:0810,41.68,55.86,12.19,3.08,1.79,0.0
20231123:0910,85.96,137.09,18.41,6.18,1.38,0.0
20231123:1010,225.57,270.65,22.45,9.17,0.83,0.0
20231123:1110,339.56,375.9,23.9,10.68,0.28,0.0
20231123:1210,394.28,426.44,22.56,11.26,0.14,0.0
20231123:1310,395.04,424.31,18.61,11.43,0.21,0.0
20231123:1410,310.0,334.64,12.47,11.24,0.28,0.0
20231123:1510,90.88,111.77,4.65,10.53,0.34,0.0
20231123:1610,0.0,0.0,0.0,9.36,0.69,0.0
20231123:1710,0.0,0.0,0.0,8.11,1.03,0.0
20231123:1810,0.0,0.0,0.0,6.46,1.31,0.0
20231123:1910,0.0,0.0,0.0,5.22,1.52,0.0
20231123:2010,0.0,0.0,0.0,4.63,1.52,0.0
20231123:2110,0.0,0.0,0.0,4.48,1.38,0.0
20231123:2210,0.0,0.0,0.0,4.29,1.38,0.0
20231123:2310,0.0,0.0,0.0,4.35,1.38,0.0
20231124:0010,0.0,0.0,0.0,4.1,1.45,0.0
20231124:0110,0.0,0.0,0.0,3.05,1.66,0.0
20231124:0210,0.0,0.0,0.0,2.11,1.86,0.0
20231124:0310,0.0,0.0,0.0,1.48,1.93,0.0
20231124:0410,0.0,0.0,0.0,1.21,1.93,0.0
20231124:0510,0.0,0.0,0.0,1.17,2.07,0.0
20231124:0610,0.0,0.0,0.0,1.33,2.28,0.0
20231124:0710,10.96,21.77,4.1,1.3,2.34,0.0
20231124:0810,42.44,56.8,11.97,3.92,2.21,0.0
20231124:0910,80.47,133.05,18.19,8.17,1.86,0.0
20231124:1010,221.01,268.04,22.24,11.22,1.66,0.0
20231124:1110,334.7,371.92,23.69,13.02,1.38,0.0
20231124:1210,390.77,424.34,22.37,14.24,1.31,0.0
20231124:1310,385.81,417.22,18.45,14.67,1.17,0.0
20231124:1410,308.81,336.77,12.33,14.31,0.97,0.0
20231124:1510,169.71,196.34,4.53,12.89,1.24,0.0
20231124:1610,0.0,0.0,0.0,10.12,1.93,0.0
20231124:1710,0.0,0.0,0.0,8.05,2.48,0.0
20231124:1810,0.0,0.0,0.0,7.54,2.9,0.0
20231124:1910,0.0,0.0,0.0,8.46,3.24,0.0
20231124:2010,0.0,0.0,0.0,9.4,4.9,0.0
20231124:2110,0.0,0.0,0.0,9.58,6.62,0.0
20231124:2210,0.0,0.0,0.0,9.13,6.62,0.0
20231124:2310,0.0,0.0,0.0,8.48,5.1,0.0
20231125:0010,0.0,0.0,0.0,7.52,3.66,0.0
20231125:0110,0.0,0.0,0.0,6.38,2.69,0.0
20231125:0210,0.0,0.0,0.0,5.19,2.55,0.0
20231125:0310,0.0,0.0,0.0,3.81,2.21,0.0
20231125:0410,0.0,0.0,0.0,2.57,2.21,0.0
20231125:0510,0.0,0.0,0.0,1.77,2.48,0.0
20231125:0610,0.0,0.0,0.0,1.07,2.48,0.0
20231125:0710,11.75,22.72,3.9,0.97,2.21,0.0
20231125:0810,40.94,54.91,11.77,2.26,2.07,0.0
20231125:0910,79.82,132.19,17.98,6.49,2.34,0.0
20231125:1010,227.47,271.67,22.03,7.76,3.52,0.0
20231125:1110,354.41,380.43,23.49,8.03,4.07,0.0
20231125:1210,423.5,439.72,22.19,8.16,4.34,0.0
20231125:1310,416.98,430.46,18.29,8.08,3.79,0.0
20231125:1410,347.84,363.11,12.19,7.7,3.03,0.0
20231125:1510,89.4,108.43,4.41,6.78,2.21,0.0
20231125:1610,0.0,0.0,0.0,5.13,2.14,0.0
20231125:1710,0.0,0.0,0.0,3.46,2.21,0.0
20231125:1810,0.0,0.0,0.0,2.14,2.28,0.0
20231125:1910,0.0,0.0,0.0,1.45,2.21,0.0
20231125:2010,0.0,0.0,0.0,0.59,2.28,0.0
20231125:2110,0.0,0.0,0.0,-0.04,2.41,0.0
20231125:2210,0.0,0.0,0.0,-0.51,2.34,0.0
20231125:2310,0.0,0.0,0.0,-0.94,2.34,0.0
20231126:0010,0.0,0.0,0.0,-1.26,2.34,0.0
20231126:0110,0.0,0.0,0.0,-1.44,2.41,0.0
20231126:0210,0.0,0.0,0.0,-1.51,2.41,0.0
20231126:0310,0.0,0.0,0.0,-1.54,2.41,0.0
20231126:0410,0.0,0.0,0.0,-1.53,2.41,0.0
20231126:0510,0.0,0.0,0.0,-1.63,2.41,0.0
20231126:0610,0.0,0.0,0.0,-1.7,2.41,0.0
20231126:0710,10.32,20.83,3.7,-0.9,2.48,0.0
20231126:0810,40.26,53.96,11.56,1.12,2.28,0.0
20231126:0910,76.34,127.74,17.77,5.16,1.86,0.0
20231126:1010,219.78,264.28,21.82,7.54,1.72,0.0
20231126:1110,340.46,371.67,23.29,8.84,1.72,0.0
20231126:1210,405.72,430.26,22.01,9.52,1.79,0.0
20231126:1310,398.37,420.18,18.13,9.66,1.52,0.0
20231126:1410,323.18,345.11,12.06,9.45,0.83,0.0
20231126:1510,93.87,114.21,4.3,8.27,0.76,0.0
20231126:1610,0.0,0.0,0.0,5.96,1.24,0.0
20231126:1710,0.0,0.0,0.0,4.47,1.45,0.0
20231126:1810,0.0,0.0,0.0,3.22,1.66,0.0
20231126:1910,0.0,0.0,0.0,1.74,2.07,0.0
20231126:2010,0.0,0.0,0.0,1.24,2.14,0.0
20231126:2110,0.0,0.0,0.0,0.8,2.28,0.0
20231126:2210,0.0,0.0,0.0,0.55,2.28,0.0
20231126:2310,0.0,0.0,0.0,0.35,2.21,0.0
20231127:0010,0.0,0.0,0.0,0.15,2.21,0.0
20231127:0110,0.0,0.0,0.0,0.16,2.14,0.0
20231127:0210,0.0,0.0,0.0,-0.09,2.14,0.0
20231127:0310,0.0,0.0,0.0,0.05,2.0,0.0
20231127:0410,0.0,0.0,0.0,0.04,1.93,0.0
20231127:0510,0.0,0.0,0.0,0.25,1.79,0.0
20231127:0610,0.0,0.0,0.0,0.38,1.72,0.0
20231127:0710,9.48,19.88,3.51,0.49,1.86,0.0
20231127:0810,67.46,81.42,11.36,1.57,1.52,0.0
20231127:0910,104.01,139.05,17.57,4.3,0.97,0.0
20231127:1010,183.92,203.47,21.62,6.33,0.76,0.0
20231127:1110,199.68,216.04,23.11,7.29,0.69,0.0
20231127:1210,175.92,191.34,21.84,7.49,0.69,0.0
20231127:1310,170.52,185.94,17.99,7.49,0.69,0.0
20231127:1410,64.13,80.09,11.94,7.11,0.48,0.0
20231127:1510,19.83,33.36,4.2,6.7,0.55,0.0
20231127:1610,0.0,0.0,0.0,5.74,0.83,0.0
20231127:1710,0.0,0.0,0.0,4.72,1.17,0.0
20231127:1810,0.0,0.0,0.0,4.11,1.24,0.0
20231127:1910,0.0,0.0,0.0,3.22,1.03,0.0
20231127:2010,0.0,0.0,0.0,2.87,1.03,0.0
20231127:2110,0.0,0.0,0.0,2.62,1.03,0.0
20231127:2210,0.0,0.0,0.0,2.47,1.03,0.0
20231127:2310,0.0,0.0,0.0,2.17,1.17,0.0
20231128:0010,0.0,0.0,0.0,1.38,1.38,0.0
20231128:0110,0.0,0.0,0.0,0.8,1.45,0.0
20231128:0210,0.0,0.0,0.0,0.51,1.38,0.0
20231128:0310,0.0,0.0,0.0,0.33,1.31,0.0
20231128:0410,0.0,0.0,0.0,0.64,1.1,0.0
20231128:0510,0.0,0.0,0.0,0.81,1.1,0.0
20231128:0610,0.0,0.0,0.0,0.26,1.17,0.0
20231128:0710,8.79,18.93,3.31,-0.5,1.31,0.0
20231128:0810,43.04,56.8,11.16,0.82,1.03,0.0
20231128:0910,71.15,120.64,17.37,3.71,0.9,0.0
20231128:1010,210.86,254.83,21.43,5.37,0.9,0.0
20231128:1110,330.38,359.66,22.93,6.68,1.17,0.0
20231128:1210,390.69,413.42,21.68,7.8,1.24,0.0
20231128:1310,393.0,413.72,17.85,8.56,1.31,0.0
20231128:1410,303.82,323.53,11.82,8.76,1.24,0.0
20231128:1510,67.43,86.5,4.1,8.16,1.59,0.0
20231128:1610,0.0,0.0,0.0,6.7,2.48,0.0
20231128:1710,0.0,0.0,0.0,5.51,2.76,0.0
20231128:1810,0.0,0.0,0.0,5.09,2.97,0.0
20231128:1910,0.0,0.0,0.0,5.71,3.52,0.0
20231128:2010,0.0,0.0,0.0,5.58,3.66,0.0
20231128:2110,0.0,0.0,0.0,5.33,3.66,0.0
20231128:2210,0.0,0.0,0.0,4.98,3.45,0.0
20231128:2310,0.0,0.0,0.0,4.54,3.38,0.0
20231129:0010,0.0,0.0,0.0,4.04,3.38,0.0
20231129:0110,0.0,0.0,0.0,3.57,3.45,0.0
20231129:0210,0.0,0.0,0.0,3.11,3.38,0.0
20231129:0310,0.0,0.0,0.0,2.56,3.31,0.0
20231129:0410,0.0,0.0,0.0,2.01,3.17,0.0
20231129:0510,0.0,0.0,0.0,1.38,2.83,0.0
20231129:0610,0.0,0.0,0.0,0.63,2.62,0.0
20231129:0710,8.0,17.99,3.13,0.63,2.62,0.0
20231129:0810,37.47,51.12,10.97,1.33,2.34,0.0
20231129:0910,70.38,119.35,17.18,3.96,1.86,0.0
20231129:1010,210.06,254.32,21.24,6.06,1.72,0.0
20231129:1110,328.28,357.65,22.75,7.33,1.66,0.0
20231129:1210,397.78,419.76,21.53,7.82,1.79,0.0
20231129:1310,393.31,411.4,17.71,7.81,1.79,0.0
20231129:1410,320.78,338.91,11.71,7.41,1.45,0.0
20231129:1510,63.36,81.79,4.01,6.55,0.76,0.0
20231129:1610,0.0,0.0,0.0,5.49,0.69,0.0
20231129:1710,0.0,0.0,0.0,4.6,0.97,0.0
20231129:1810,0.0,0.0,0.0,3.38,1.24,0.0
20231129:1910,0.0,0.0,0.0,1.79,1.66,0.0
20231129:2010,0.0,0.0,0.0,1.3,1.66,0.0
20231129:2110,0.0,0.0,0.0,1.43,1.52,0.0
20231129:2210,0.0,0.0,0.0,1.91,1.31,0.0
20231129:2310,0.0,0.0,0.0,2.38,1.1,0.0
20231130:0010,0.0,0.0,0.0,2.22,1.45,0.0
20231130:0110,0.0,0.0,0.0,2.63,1.52,0.0
20231130:0210,0.0,0.0,0.0,2.64,1.52,0.0
20231130:0310,0.0,0.0,0.0,2.37,1.52,0.0
20231130:0410,0.0,0.0,0.0,1.79,1.59,0.0
20231130:0510,0.0,0.0,0.0,1.58,1.31,0.0
20231130:0610,0.0,0.0,0.0,1.52,1.17,0.0
20231130:0710,0.07,5.68,2.94,1.35,0.69,0.0
20231130:0810,31.13,44.5,10.79,1.24,1.03,0.0
20231130:0910,49.13,63.09,16.99,1.25,1.03,0.0
20231130:1010,119.17,131.89,21.06,1.52,1.17,0.0
20231130:1110,44.13,58.24,22.58,2.34,1.24,0.0
20231130:1210,138.72,151.39,21.38,3.02,1.1,0.0
20231130:1310,82.21,96.75,17.59,3.59,0.83,0.0
20231130:1410,61.35,76.26,11.61,3.88,0.76,0.0
20231130:1510,10.88,22.17,3.93,3.84,0.83,0.0
20231130:1610,0.0,0.0,0.0,3.41,0.9,0.0
20231130:1710,0.0,0.0,0.0,2.88,0.9,0.0
20231130:1810,0.0,0.0,0.0,2.79,0.69,0.0
20231130:1910,0.0,0.0,0.0,1.52,1.03,0.0
20231130:2010,0.0,0.0,0.0,1.35,1.45,0.0
20231130:2110,0.0,0.0,0.0,1.68,1.59,0.0
20231130:2210,0.0,0.0,0.0,2.24,1.52,0.0
20231130:2310,0.0,0.0,0.0,2.3,1.45,0.0
20231201:0010,0.0,0.0,0.0,2.44,1.17,0.0
20231201:0110,0.0,0.0,0.0,2.74,0.97,0.0
20231201:0210,0.0,0.0,0.0,2.9,0.97,0.0
20231201:0310,0.0,0.0,0.0,3.08,0.97,0.0
20231201:0410,0.0,0.0,0.0,3.06,1.1,0.0
20231201:0510,0.0,0.0,0.0,3.18,1.31,0.0
20231201:0610,0.0,0.0,0.0,3.47,1.1,0.0
20231201:0710,0.0,1.89,2.76,3.54,1.1,0.0
20231201:0810,4.41,13.25,10.61,4.38,0.62,0.0
20231201:0910,11.92,23.29,16.81,5.31,0.48,0.0
20231201:1010,74.62,90.27,20.89,6.14,0.21,0.0
20231201:1110,38.54,53.38,22.42,6.57,0.14,0.0
20231201:1210,23.39,36.88,21.24,6.57,0.21,0.0
20231201:1310,12.61,24.27,17.47,6.71,0.41,0.0
20231201:1410,5.23,14.56,11.51,6.73,0.34,0.0
20231201:1510,0.0,3.88,3.85,6.63,0.62,0.0
20231201:1610,0.0,0.0,0.0,6.37,0.9,0.0
20231201:1710,0.0,0.0,0.0,6.35,1.17,0.0
20231201:1810,0.0,0.0,0.0,6.38,1.31,0.0
20231201:1910,0.0,0.0,0.0,5.91,1.52,0.0
20231201:2010,0.0,0.0,0.0,5.97,1.93,0.0
20231201:2110,0.0,0.0,0.0,6.13,2.07,0.0
20231201:2210,0.0,0.0,0.0,6.24,1.93,0.0
20231201:2310,0.0,0.0,0.0,6.3,1.86,0.0
20231202:0010,0.0,0.0,0.0,6.35,1.79,0.0
20231202:0110,0.0,0.0,0.0,6.3,1.72,0.0
20231202:0210,0.0,0.0,0.0,6.32,1.59,0.0
20231202:0310,0.0,0.0,0.0,6.34,1.59,0.0
20231202:0410,0.0,0.0,0.0,6.33,1.79,0.0
20231202:0510,0.0,0.0,0.0,6.41,2.14,0.0
20231202:0610,0.0,0.0,0.0,6.42,2.34,0.0
20231202:0710,0.0,2.84,2.59,6.05,2.9,0.0
20231202:0810,16.93,29.35,10.43,5.93,3.45,0.0
20231202:0910,27.87,41.74,16.64,6.25,3.59,0.0
20231202:1010,26.87,40.77,20.72,7.05,3.52,0.0
20231202:1110,128.2,143.46,22.27,7.75,3.59,0.0
20231202:1210,221.29,235.8,21.1,8.39,3.86,0.0
20231202:1310,353.95,369.0,17.36,8.83,4.21,0.0
20231202:1410,102.85,119.47,11.42,8.62,4.21,0.0
20231202:1510,56.38,74.85,3.78,7.83,4.14,0.0
20231202:1610,0.0,0.0,0.0,6.9,4.28,0.0
20231202:1710,0.0,0.0,0.0,6.37,4.48,0.0
20231202:1810,0.0,0.0,0.0,5.97,4.55,0.0
20231202:1910,0.0,0.0,0.0,5.69,4.97,0.0
20231202:2010,0.0,0.0,0.0,5.22,4.97,0.0
20231202:2110,0.0,0.0,0.0,4.7,4.69,0.0
20231202:2210,0.0,0.0,0.0,4.21,4.48,0.0
20231202:2310,0.0,0.0,0.0,3.77,4.28,0.0
20231203:0010,0.0,0.0,0.0,3.41,4.07,0.0
20231203:0110,0.0,0.0,0.0,3.01,3.79,0.0
20231203:0210,0.0,0.0,0.0,2.61,3.52,0.0
20231203:0310,0.0,0.0,0.0,2.16,3.24,0.0
20231203:0410,0.0,0.0,0.0,1.7,3.03,0.0
20231203:0510,0.0,0.0,0.0,1.3,2.76,0.0
20231203:0610,0.0,0.0,0.0,0.99,2.55,0.0
20231203:0710,3.89,12.31,2.42,0.2,2.62,0.0
20231203:0810,34.88,48.28,10.26,0.57,2.41,0.0
20231203:0910,54.77,103.76,16.47,2.34,2.14,0.0
20231203:1010,197.23,242.07,20.56,4.08,1.93,0.0
20231203:1110,317.95,345.36,22.12,5.13,1.72,0.0
20231203:1210,392.69,413.28,20.97,5.75,1.45,0.0
20231203:1310,394.15,412.07,17.25,5.9,1.1,0.0
20231203:1410,303.73,320.86,11.34,5.81,0.97,0.0
20231203:1510,74.4,93.58,3.72,5.32,0.55,0.0
20231203:1610,0.0,0.0,0.0,4.24,0.69,0.0
20231203:1710,0.0,0.0,0.0,2.77,1.17,0.0
20231203:1810,0.0,0.0,0.0,2.06,1.31,0.0
20231203:1910,0.0,0.0,0.0,0.73,1.59,0.0
20231203:2010,0.0,0.0,0.0,0.4,1.59,0.0
20231203:2110,0.0,0.0,0.0,-0.14,1.59,0.0
20231203:2210,0.0,0.0,0.0,-0.45,1.59,0.0
20231203:2310,0.0,0.0,0.0,-1.04,1.59,0.0
20231204:0010,0.0,0.0,0.0,-1.78,1.72,0.0
20231204:0110,0.0,0.0,0.0,-2.15,1.86,0.0
20231204:0210,0.0,0.0,0.0,-1.56,1.86,0.0
20231204:0310,0.0,0.0,0.0,-1.08,1.86,0.0
20231204:0410,0.0,0.0,0.0,-0.85,2.0,0.0
20231204:0510,0.0,0.0,0.0,-0.64,1.86,0.0
20231204:0610,0.0,0.0,0.0,-0.41,1.72,0.0
20231204:0710,1.52,8.52,2.25,0.05,1.72,0.0
20231204:0810,37.57,51.12,10.09,0.68,1.45,0.0
20231204:0910,81.29,95.41,16.3,1.71,1.03,0.0
20231204:1010,81.08,95.12,20.4,2.37,1.03,0.0
20231204:1110,154.07,166.36,21.98,2.52,1.03,0.0
20231204:1210,69.11,83.47,20.85,2.7,0.97,0.0
20231204:1310,24.81,37.85,17.15,2.34,0.83,0.0
20231204:1410,5.39,14.56,11.26,2.09,0.83,0.0
20231204:1510,91.53,110.01,3.66,1.58,0.83,0.0
20231204:1610,0.0,0.0,0.0,1.16,0.83,0.0
20231204:1710,0.0,0.0,0.0,0.99,0.9,0.0
20231204:1810,0.0,0.0,0.0,0.88,0.9,0.0
20231204:1910,0.0,0.0,0.0,0.56,0.9,0.0
20231204:2010,0.0,0.0,0.0,0.54,0.97,0.0
20231204:2110,0.0,0.0,0.0,0.58,0.9,0.0
20231204:2210,0.0,0.0,0.0,0.48,0.97,0.0
20231204:2310,0.0,0.0,0.0,0.36,1.03,0.0
20231205:0010,0.0,0.0,0.0,0.48,0.97,0.0
20231205:0110,0.0,0.0,0.0,0.18,1.1,0.0
20231205:0210,0.0,0.0,0.0,0.09,1.03,0.0
20231205:0310,0.0,0.0,0.0,0.04,0.97,0.0
20231205:0410,0.0,0.0,0.0,0.11,0.9,0.0
20231205:0510,0.0,0.0,0.0,0.43,0.83,0.0
20231205:0610,0.0,0.0,0.0,0.79,0.62,0.0
20231205:0710,0.0,1.89,2.09,-0.19,0.9,0.0
20231205:0810,54.37,68.16,9.93,0.42,0.76,0.0
20231205:0910,83.17,97.32,16.15,1.7,0.55,0.0
20231205:1010,152.74,167.85,20.25,2.69,0.21,0.0
20231205:1110,180.89,194.58,21.85,3.75,0.55,0.0
20231205:1210,81.17,96.09,20.74,4.51,0.69,0.0
20231205:1310,106.15,120.93,17.06,4.86,0.62,0.0
20231205:1410,118.17,133.69,11.19,4.85,0.41,0.0
20231205:1510,39.53,56.01,3.61,4.45,0.55,0.0
20231205:1610,0.0,0.0,0.0,2.88,0.9,0.0
20231205:1710,0.0,0.0,0.0,2.71,0.83,0.0
20231205:1810,0.0,0.0,0.0,2.51,0.76,0.0
20231205:1910,0.0,0.0,0.0,0.91,1.31,0.0
20231205:2010,0.0,0.0,0.0,0.57,1.38,0.0
20231205:2110,0.0,0.0,0.0,1.07,1.24,0.0
20231205:2210,0.0,0.0,0.0,0.64,1.1,0.0
20231205:2310,0.0,0.0,0.0,-0.33,1.38,0.0
20231206:0010,0.0,0.0,0.0,-1.6,1.52,0.0
20231206:0110,0.0,0.0,0.0,-2.47,1.72,0.0
20231206:0210,0.0,0.0,0.0,-2.83,1.86,0.0
20231206:0310,0.0,0.0,0.0,-2.61,2.0,0.0
20231206:0410,0.0,0.0,0.0,-2.57,2.14,0.0
20231206:0510,0.0,0.0,0.0,-2.57,2.14,0.0
20231206:0610,0.0,0.0,0.0,-2.56,2.14,0.0
20231206:0710,1.56,8.52,1.94,-2.62,2.07,0.0
20231206:0810,31.53,44.5,9.78,-1.2,1.72,0.0
20231206:0910,46.35,94.02,16.0,2.51,1.17,0.0
20231206:1010,182.18,232.65,20.11,4.98,0.62,0.0
20231206:1110,308.87,345.53,21.72,6.5,0.07,0.0
20231206:1210,378.2,407.53,20.63,7.4,0.07,0.0
20231206:1310,380.12,405.12,16.98,7.9,0.28,0.0
20231206:1410,298.89,321.31,11.13,7.93,0.28,0.0
20231206:1510,51.41,69.79,3.57,7.26,0.41,0.0
20231206:1610,0.0,0.0,0.0,6.35,0.55,0.0
20231206:1710,0.0,0.0,0.0,5.29,1.03,0.0
20231206:1810,0.0,0.0,0.0,1.46,1.79,0.0
20231206:1910,0.0,0.0,0.0,-0.25,2.14,0.0
20231206:2010,0.0,0.0,0.0,-1.05,2.21,0.0
20231206:2110,0.0,0.0,0.0,-1.43,2.21,0.0
20231206:2210,0.0,0.0,0.0,-1.63,2.21,0.0
20231206:2310,0.0,0.0,0.0,-1.83,2.21,0.0
20231207:0010,0.0,0.0,0.0,-1.92,2.28,0.0
20231207:0110,0.0,0.0,0.0,-1.97,2.28,0.0
20231207:0210,0.0,0.0,0.0,-1.97,2.28,0.0
20231207:0310,0.0,0.0,0.0,-2.04,2.28,0.0
20231207:0410,0.0,0.0,0.0,-2.11,2.21,0.0
20231207:0510,0.0,0.0,0.0,-2.02,2.28,0.0
20231207:0610,0.0,0.0,0.0,-1.96,2.34,0.0
20231207:0710,0.53,6.63,1.78,-2.03,2.34,0.0
20231207:0810,27.92,40.71,9.63,-0.93,2.07,0.0
20231207:0910,42.99,90.61,15.85,2.59,1.59,0.0
20231207:1010,180.89,229.42,19.98,5.19,1.17,0.0
20231207:1110,304.02,338.16,21.6,6.62,0.9,0.0
20231207:1210,374.08,400.83,20.53,7.44,0.69,0.0
20231207:1310,359.96,382.01,16.9,7.65,0.55,0.0
20231207:1410,345.5,368.47,11.07,7.24,0.83,0.0
20231207:1510,35.22,51.49,3.53,6.0,0.9,0.0
20231207:1610,0.0,0.0,0.0,5.83,0.28,0.0
20231207:1710,0.0,0.0,0.0,5.17,0.55,0.0
20231207:1810,0.0,0.0,0.0,3.84,1.24,0.0
20231207:1910,0.0,0.0,0.0,0.06,1.86,0.0
20231207:2010,0.0,0.0,0.0,0.18,1.72,0.0
20231207:2110,0.0,0.0,0.0,-0.22,1.79,0.0
20231207:2210,0.0,0.0,0.0,-0.56,1.86,0.0
20231207:2310,0.0,0.0,0.0,-0.61,1.86,0.0
20231208:0010,0.0,0.0,0.0,-0.08,1.72,0.0
20231208:0110,0.0,0.0,0.0,0.17,1.66,0.0
20231208:0210,0.0,0.0,0.0,0.65,1.72,0.0
20231208:0310,0.0,0.0,0.0,0.84,1.66,0.0
20231208:0410,0.0,0.0,0.0,1.51,1.31,0.0
20231208:0510,0.0,0.0,0.0,1.81,1.17,0.0
20231208:0610,0.0,0.0,0.0,1.68,1.24,0.0
20231208:0710,0.0,1.89,1.64,1.36,1.59,0.0
20231208:0810,14.89,26.51,9.48,1.29,1.52,0.0
20231208:0910,50.84,65.03,15.71,2.13,1.1,0.0
20231208:1010,104.5,118.6,19.85,3.19,0.83,0.0
20231208:1110,82.4,97.06,21.49,3.85,0.62,0.0
20231208:1210,133.94,147.73,20.44,4.06,0.62,0.0
20231208:1310,41.86,56.3,16.83,4.0,0.55,0.0
20231208:1410,150.56,165.54,11.03,3.93,0.41,0.0
20231208:1510,11.21,22.66,3.5,3.77,0.21,0.0
20231208:1610,0.0,0.0,0.0,3.17,0.76,0.0
20231208:1710,0.0,0.0,0.0,2.89,0.76,0.0
20231208:1810,0.0,0.0,0.0,2.85,0.48,0.0
20231208:1910,0.0,0.0,0.0,1.95,0.62,0.0
20231208:2010,0.0,0.0,0.0,1.86,0.69,0.0
20231208:2110,0.0,0.0,0.0,1.97,0.48,0.0
20231208:2210,0.0,0.0,0.0,2.0,0.21,0.0
20231208:2310,0.0,0.0,0.0,1.81,0.34,0.0
20231209:0010,0.0,0.0,0.0,1.6,0.62,0.0
20231209:0110,0.0,0.0,0.0,1.43,0.83,0.0
20231209:0210,0.0,0.0,0.0,2.0,0.62,0.0
20231209:0310,0.0,0.0,0.0,2.2,0.48,0.0
20231209:0410,0.0,0.0,0.0,2.12,0.41,0.0
20231209:0510,0.0,0.0,0.0,2.05,0.41,0.0
20231209:0610,0.0,0.0,0.0,2.09,0.21,0.0
20231209:0710,0.0,1.89,1.5,1.54,0.62,0.0
20231209:0810,32.75,46.39,9.34,2.16,0.41,0.0
20231209:0910,50.09,91.11,15.58,2.92,0.41,0.0
20231209:1010,169.71,191.94,19.73,3.79,0.28,0.0
20231209:1110,84.16,99.0,21.38,4.21,0.28,0.0
20231209:1210,126.11,140.38,20.36,4.46,0.41,0.0
20231209:1310,63.56,78.62,16.77,4.55,0.28,0.0
20231209:1410,25.34,38.82,10.98,4.95,0.48,0.0
20231209:1510,0.0,3.88,3.48,4.73,0.07,0.0
20231209:1610,0.0,0.0,0.0,3.98,0.41,0.0
20231209:1710,0.0,0.0,0.0,3.58,0.21,0.0
20231209:1810,0.0,0.0,0.0,2.53,0.97,0.0
20231209:1910,0.0,0.0,0.0,2.08,1.03,0.0
20231209:2010,0.0,0.0,0.0,2.44,1.17,0.0
20231209:2110,0.0,0.0,0.0,2.77,1.52,0.0
20231209:2210,0.0,0.0,0.0,2.65,1.59,0.0
20231209:2310,0.0,0.0,0.0,2.57,1.31,0.0
20231210:0010,0.0,0.0,0.0,2.62,0.97,0.0
20231210:0110,0.0,0.0,0.0,2.5,0.9,0.0
20231210:0210,0.0,0.0,0.0,1.33,1.1,0.0
20231210:0310,0.0,0.0,0.0,0.42,1.17,0.0
20231210:0410,0.0,0.0,0.0,-0.49,1.59,0.0
20231210:0510,0.0,0.0,0.0,-0.6,1.72,0.0
20231210:0610,0.0,0.0,0.0,-0.41,1.59,0.0
20231210:0710,0.0,3.79,1.36,-0.29,1.59,0.0
20231210:0810,29.45,42.6,9.21,0.65,1.59,0.0
20231210:0910,30.58,78.87,15.45,4.11,1.52,0.0
20231210:1010,167.21,191.05,19.61,6.93,1.66,0.0
20231210:1110,285.96,321.55,21.29,9.11,1.66,0.0
20231210:1210,358.92,389.71,20.28,10.61,1.31,0.0
20231210:1310,358.47,387.74,16.71,11.35,0.69,0.0
20231210:1410,268.5,293.54,10.95,11.07,0.62,0.0
20231210:1510,78.13,99.67,3.46,9.31,1.17,0.0
20231210:1610,0.0,0.0,0.0,6.81,1.24,0.0
20231210:1710,0.0,0.0,0.0,6.08,1.17,0.0
20231210:1810,0.0,0.0,0.0,3.94,1.66,0.0
20231210:1910,0.0,0.0,0.0,2.42,2.14,0.0
20231210:2010,0.0,0.0,0.0,2.06,2.14,0.0
20231210:2110,0.0,0.0,0.0,2.26,1.93,0.0
20231210:2210,0.0,0.0,0.0,2.14,1.93,0.0
20231210:2310,0.0,0.0,0.0,2.32,1.79,0.0
20231211:0010,0.0,0.0,0.0,2.38,1.59,0.0
20231211:0110,0.0,0.0,0.0,2.91,1.31,0.0
20231211:0210,0.0,0.0,0.0,2.6,1.24,0.0
20231211:0310,0.0,0.0,0.0,3.27,1.03,0.0
20231211:0410,0.0,0.0,0.0,2.11,1.38,0.0
20231211:0510,0.0,0.0,0.0,1.92,1.38,0.0
20231211:0610,0.0,0.0,0.0,1.84,1.52,0.0
20231211:0710,0.0,0.0,0.0,1.96,1.66,0.0
20231211:0810,28.22,41.66,9.08,2.99,1.17,0.0
20231211:0910,69.3,102.02,15.33,5.06,0.62,0.0
20231211:1010,167.72,206.44,19.51,6.83,0.55,0.0
20231211:1110,282.28,319.24,21.2,8.05,0.69,0.0
20231211:1210,254.93,275.27,20.21,8.85,0.62,0.0
20231211:1310,343.21,367.46,16.67,9.13,0.69,0.0
20231211:1410,307.87,332.8,10.92,9.24,0.76,0.0
20231211:1510,33.08,49.72,3.45,8.31,0.62,0.0
20231211:1610,0.0,0.0,0.0,7.56,0.48,0.0
20231211:1710,0.0,0.0,0.0,5.84,1.03,0.0
20231211:1810,0.0,0.0,0.0,4.41,1.31,0.0
20231211:1910,0.0,0.0,0.0,3.89,1.24,0.0
20231211:2010,0.0,0.0,0.0,3.59,1.31,0.0
20231211:2110,0.0,0.0,0.0,2.68,1.45,0.0
20231211:2210,0.0,0.0,0.0,2.07,1.45,0.0
20231211:2310,0.0,0.0,0.0,1.47,1.59,0.0
20231212:0010,0.0,0.0,0.0,0.89,1.45,0.0
20231212:0110,0.0,0.0,0.0,0.64,1.52,0.0
20231212:0210,0.0,0.0,0.0,0.74,1.52,0.0
20231212:0310,0.0,0.0,0.0,0.71,1.45,0.0
20231212:0410,0.0,0.0,0.0,0.7,1.38,0.0
20231212:0510,0.0,0.0,0.0,0.57,1.45,0.0
20231212:0610,0.0,0.0,0.0,0.75,1.38,0.0
20231212:0710,0.0,0.0,0.0,1.74,1.31,0.0
20231212:0810,46.25,60.59,8.96,3.05,0.97,0.0
20231212:0910,82.76,109.69,15.22,4.73,0.41,0.0
20231212:1010,165.79,203.33,19.41,6.41,0.34,0.0
20231212:1110,250.23,277.9,21.11,7.45,0.41,0.0
20231212:1210,320.69,345.71,20.15,8.17,0.55,0.0
20231212:1310,293.26,314.04,16.63,8.45,0.41,0.0
20231212:1410,164.0,182.66,10.9,8.35,0.34,0.0
20231212:1510,9.43,20.71,3.45,7.82,0.41,0.0
20231212:1610,0.0,0.0,0.0,6.93,0.41,0.0
20231212:1710,0.0,0.0,0.0,6.5,0.41,0.0
20231212:1810,0.0,0.0,0.0,5.68,0.9,0.0
20231212:1910,0.0,0.0,0.0,4.21,1.1,0.0
20231212:2010,0.0,0.0,0.0,4.0,1.24,0.0
20231212:2110,0.0,0.0,0.0,4.19,1.1,0.0
20231212:2210,0.0,0.0,0.0,4.31,1.03,0.0
20231212:2310,0.0,0.0,0.0,4.31,1.03,0.0
20231213:0010,0.0,0.0,0.0,4.43,1.03,0.0
20231213:0110,0.0,0.0,0.0,4.24,1.17,0.0
20231213:0210,0.0,0.0,0.0,4.58,0.97,0.0
20231213:0310,0.0,0.0,0.0,4.1,1.24,0.0
20231213:0410,0.0,0.0,0.0,4.25,1.1,0.0
20231213:0510,0.0,0.0,0.0,4.48,1.03,0.0
20231213:0610,0.0,0.0,0.0,4.37,1.1,0.0
20231213:0710,0.0,0.0,0.0,4.07,1.1,0.0
20231213:0810,9.99,20.83,8.85,4.69,0.83,0.0
20231213:0910,63.28,78.7,15.11,5.4,0.69,0.0
20231213:1010,47.67,63.09,19.31,7.16,0.41,0.0
20231213:1110,28.44,42.71,21.04,7.89,0.21,0.0
20231213:1210,99.31,115.75,20.1,8.16,0.48,0.0
20231213:1310,36.4,51.44,16.59,8.38,0.41,0.0
20231213:1410,17.31,30.09,10.89,8.35,0.41,0.0
20231213:1510,1.01,7.76,3.45,7.81,0.76,0.0
20231213:1610,0.0,0.0,0.0,6.43,0.69,0.0
20231213:1710,0.0,0.0,0.0,6.21,0.48,0.0
20231213:1810,0.0,0.0,0.0,4.56,1.24,0.0
20231213:1910,0.0,0.0,0.0,3.01,1.03,0.0
20231213:2010,0.0,0.0,0.0,2.79,1.1,0.0
20231213:2110,0.0,0.0,0.0,2.85,1.38,0.0
20231213:2210,0.0,0.0,0.0,2.74,1.52,0.0
20231213:2310,0.0,0.0,0.0,2.54,1.59,0.0
20231214:0010,0.0,0.0,0.0,2.27,1.72,0.0
20231214:0110,0.0,0.0,0.0,2.05,1.79,0.0
20231214:0210,0.0,0.0,0.0,2.03,1.59,0.0
20231214:0310,0.0,0.0,0.0,2.24,1.52,0.0
20231214:0410,0.0,0.0,0.0,2.37,1.59,0.0
20231214:0510,0.0,0.0,0.0,2.37,1.52,0.0
20231214:0610,0.0,0.0,0.0,2.17,1.52,0.0
20231214:0710,0.0,0.0,0.0,2.04,1.45,0.0
20231214:0810,23.93,36.92,8.74,2.69,1.38,0.0
20231214:0910,33.4,75.48,15.02,5.38,1.24,0.0
20231214:1010,158.82,212.28,19.23,7.46,1.17,0.0
20231214:1110,283.43,323.18,20.97,9.27,1.17,0.0
20231214:1210,352.31,384.33,20.05,10.71,1.1,0.0
20231214:1310,357.42,386.73,16.57,11.76,1.1,0.0
20231214:1410,278.59,305.1,10.88,11.89,1.03,0.0
20231214:1510,37.84,55.72,3.46,10.85,1.66,0.0
20231214:1610,0.0,0.0,0.0,8.46,2.28,0.0
20231214:1710,0.0,0.0,0.0,6.31,2.55,0.0
20231214:1810,0.0,0.0,0.0,5.24,2.69,0.0
20231214:1910,0.0,0.0,0.0,4.45,2.76,0.0
20231214:2010,0.0,0.0,0.0,4.3,2.9,0.0
20231214:2110,0.0,0.0,0.0,4.2,3.03,0.0
20231214:2210,0.0,0.0,0.0,4.28,3.17,0.0
20231214:2310,0.0,0.0,0.0,4.3,3.17,0.0
20231215:0010,0.0,0.0,0.0,4.3,3.17,0.0
20231215:0110,0.0,0.0,0.0,4.2,3.1,0.0
20231215:0210,0.0,0.0,0.0,4.17,3.03,0.0
20231215:0310,0.0,0.0,0.0,4.03,3.03,0.0
20231215:0410,0.0,0.0,0.0,3.92,3.03,0.0
20231215:0510,0.0,0.0,0.0,3.84,3.03,0.0
20231215:0610,0.0,0.0,0.0,3.79,3.03,0.0
20231215:0710,0.0,0.0,0.0,4.61,3.31,0.0
20231215:0810,22.75,35.97,8.64,5.58,3.38,0.0
20231215:0910,33.9,75.55,14.92,7.88,3.24,0.0
20231215:1010,157.71,212.7,19.15,9.95,3.17,0.0
20231215:1110,285.39,325.23,20.91,11.03,3.31,0.0
20231215:1210,363.67,393.71,20.01,11.45,3.17,0.0
20231215:1310,364.77,390.44,16.55,11.56,2.69,0.0
20231215:1410,287.28,310.97,10.88,11.15,2.48,0.0
20231215:1510,38.9,56.63,3.47,9.9,2.41,0.0
20231215:1610,0.0,0.0,0.0,8.01,2.48,0.0
20231215:1710,0.0,0.0,0.0,6.43,2.55,0.0
20231215:1810,0.0,0.0,0.0,5.21,2.62,0.0
20231215:1910,0.0,0.0,0.0,5.25,2.69,0.0
20231215:2010,0.0,0.0,0.0,4.38,2.69,0.0
20231215:2110,0.0,0.0,0.0,3.7,2.69,0.0
20231215:2210,0.0,0.0,0.0,2.81,2.41,0.0
20231215:2310,0.0,0.0,0.0,2.08,2.14,0.0
20231216:0010,0.0,0.0,0.0,1.48,1.86,0.0
20231216:0110,0.0,0.0,0.0,1.04,1.79,0.0
20231216:0210,0.0,0.0,0.0,0.7,1.86,0.0
20231216:0310,0.0,0.0,0.0,0.34,1.86,0.0
20231216:0410,0.0,0.0,0.0,0.02,1.79,0.0
20231216:0510,0.0,0.0,0.0,-0.28,1.66,0.0
20231216:0610,0.0,0.0,0.0,-0.43,1.66,0.0
20231216:0710,0.0,0.0,0.0,0.0,1.86,0.0
20231216:0810,25.02,37.87,8.54,0.89,1.59,0.0
20231216:0910,34.41,74.21,14.84,4.39,0.83,0.0
20231216:1010,155.88,208.38,19.08,7.03,0.41,0.0
20231216:1110,277.82,316.3,20.86,7.98,0.48,0.0
20231216:1210,350.99,379.55,19.98,8.34,0.9,0.0
20231216:1310,358.65,382.08,16.54,8.36,1.1,0.0
20231216:1410,285.16,306.56,10.89,8.02,1.1,0.0
20231216:1510,39.14,56.37,3.5,7.23,0.9,0.0
20231216:1610,0.0,0.0,0.0,5.48,1.24,0.0
20231216:1710,0.0,0.0,0.0,3.96,1.45,0.0
20231216:1810,0.0,0.0,0.0,3.08,1.45,0.0
20231216:1910,0.0,0.0,0.0,2.82,1.45,0.0
20231216:2010,0.0,0.0,0.0,2.14,1.52,0.0
20231216:2110,0.0,0.0,0.0,1.67,1.59,0.0
20231216:2210,0.0,0.0,0.0,1.39,1.59,0.0
20231216:2310,0.0,0.0,0.0,1.02,1.52,0.0
20231217:0010,0.0,0.0,0.0,0.39,1.59,0.0
20231217:0110,0.0,0.0,0.0,0.1,1.59,0.0
20231217:0210,0.0,0.0,0.0,0.0,1.52,0.0
20231217:0310,0.0,0.0,0.0,0.23,1.31,0.0
20231217:0410,0.0,0.0,0.0,-0.94,1.38,0.0
20231217:0510,0.0,0.0,0.0,-1.13,1.52,0.0
20231217:0610,0.0,0.0,0.0,-0.78,1.66,0.0
20231217:0710,0.0,0.0,0.0,0.09,1.52,0.0
20231217:0810,25.9,38.82,8.45,0.84,1.45,0.0
20231217:0910,34.73,73.03,14.76,3.15,1.17,0.0
20231217:1010,154.22,205.0,19.01,5.13,0.76,0.0
20231217:1110,278.34,316.09,20.81,6.8,0.48,0.0
20231217:1210,345.03,373.96,19.96,8.21,0.55,0.0
20231217:1310,350.45,375.87,16.54,8.93,0.62,0.0
20231217:1410,274.11,296.85,10.9,8.88,0.76,0.0
20231217:1510,28.14,43.85,3.53,7.92,0.97,0.0
20231217:1610,0.0,0.0,0.0,6.14,0.97,0.0
20231217:1710,0.0,0.0,0.0,6.34,0.69,0.0
20231217:1810,0.0,0.0,0.0,5.11,1.17,0.0
20231217:1910,0.0,0.0,0.0,2.92,1.66,0.0
20231217:2010,0.0,0.0,0.0,1.86,1.79,0.0
20231217:2110,0.0,0.0,0.0,1.21,1.79,0.0
20231217:2210,0.0,0.0,0.0,0.66,1.79,0.0
20231217:2310,0.0,0.0,0.0,0.09,1.93,0.0
20231218:0010,0.0,0.0,0.0,-0.2,2.0,0.0
20231218:0110,0.0,0.0,0.0,-0.46,2.0,0.0
20231218:0210,0.0,0.0,0.0,-0.66,2.0,0.0
20231218:0310,0.0,0.0,0.0,-0.84,2.0,0.0
20231218:0410,0.0,0.0,0.0,-0.96,2.0,0.0
20231218:0510,0.0,0.0,0.0,-1.03,2.0,0.0
20231218:0610,0.0,0.0,0.0,-1.11,2.0,0.0
20231218:0710,0.0,0.0,0.0,-0.21,2.07,0.0
20231218:0810,22.43,35.03,8.36,0.92,1.79,0.0
20231218:0910,32.4,70.78,14.68,4.41,1.1,0.0
20231218:1010,150.9,205.12,18.96,8.07,0.55,0.0
20231218:1110,272.13,314.7,20.78,9.99,0.14,0.0
20231218:1210,340.2,374.67,19.94,11.07,0.34,0.0
20231218:1310,348.61,380.67,16.54,11.54,0.07,0.0
20231218:1410,289.93,319.1,10.93,11.48,0.07,0.0
20231218:1510,70.39,91.99,3.56,10.66,0.48,0.0
20231218:1610,0.0,0.0,0.0,8.98,1.03,0.0
20231218:1710,0.0,0.0,0.0,6.8,1.45,0.0
20231218:1810,0.0,0.0,0.0,5.28,1.59,0.0
20231218:1910,0.0,0.0,0.0,3.07,1.86,0.0
20231218:2010,0.0,0.0,0.0,1.63,2.07,0.0
20231218:2110,0.0,0.0,0.0,0.92,2.21,0.0
20231218:2210,0.0,0.0,0.0,0.44,2.28,0.0
20231218:2310,0.0,0.0,0.0,-0.11,2.14,0.0
20231219:0010,0.0,0.0,0.0,-0.49,2.07,0.0
20231219:0110,0.0,0.0,0.0,-0.73,2.07,0.0
20231219:0210,0.0,0.0,0.0,-0.88,2.07,0.0
20231219:0310,0.0,0.0,0.0,-0.99,2.0,0.0
20231219:0410,0.0,0.0,0.0,-1.16,2.0,0.0
20231219:0510,0.0,0.0,0.0,-1.26,2.0,0.0
20231219:0610,0.0,0.0,0.0,-1.31,2.07,0.0
20231219:0710,0.0,0.0,0.0,-0.58,2.0,0.0
20231219:0810,23.34,35.97,8.29,0.5,1.86,0.0
20231219:0910,29.7,68.22,14.62,3.99,1.31,0.0
20231219:1010,150.7,204.76,18.91,8.06,0.69,0.0
20231219:1110,273.98,318.2,20.75,10.52,0.14,0.0
20231219:1210,344.25,380.28,19.93,11.66,0.41,0.0
20231219:1310,352.78,385.04,16.55,11.97,0.34,0.0
20231219:1410,284.62,313.25,10.95,11.68,0.21,0.0
20231219:1510,58.62,79.22,3.6,11.01,0.07,0.0
20231219:1610,0.0,0.0,0.0,10.01,0.41,0.0
20231219:1710,0.0,0.0,0.0,8.99,1.03,0.0
20231219:1810,0.0,0.0,0.0,5.76,1.59,0.0
20231219:1910,0.0,0.0,0.0,3.65,1.86,0.0
20231219:2010,0.0,0.0,0.0,2.03,2.0,0.0
20231219:2110,0.0,0.0,0.0,1.1,2.07,0.0
20231219:2210,0.0,0.0,0.0,0.39,2.07,0.0
20231219:2310,0.0,0.0,0.0,-0.11,2.07,0.0
20231220:0010,0.0,0.0,0.0,-0.58,2.0,0.0
20231220:0110,0.0,0.0,0.0,-0.99,1.93,0.0
20231220:0210,0.0,0.0,0.0,-0.79,1.79,0.0
20231220:0310,0.0,0.0,0.0,-0.2,1.66,0.0
20231220:0410,0.0,0.0,0.0,0.11,1.66,0.0
20231220:0510,0.0,0.0,0.0,0.2,1.79,0.0
20231220:0610,0.0,0.0,0.0,0.53,1.72,0.0
20231220:0710,0.0,0.0,0.0,0.82,1.66,0.0
20231220:0810,30.27,43.55,8.21,1.15,1.52,0.0
20231220:0910,90.97,108.06,14.56,4.39,1.03,0.0
20231220:1010,159.59,187.88,18.87,7.24,0.9,0.0
20231220:1110,187.02,207.26,20.73,9.35,0.83,0.0
20231220:1210,341.08,373.49,19.93,10.69,0.9,0.0
20231220:1310,351.02,380.9,16.57,11.74,0.9,0.0
20231220:1410,284.83,312.27,10.99,11.9,0.9,0.0
20231220:1510,69.0,90.28,3.65,10.69,1.72,0.0
20231220:1610,0.0,0.0,0.0,8.04,2.48,0.0
20231220:1710,0.0,0.0,0.0,5.89,2.55,0.0
20231220:1810,0.0,0.0,0.0,4.56,2.62,0.0
20231220:1910,0.0,0.0,0.0,3.16,2.48,0.0
20231220:2010,0.0,0.0,0.0,2.59,2.69,0.0
20231220:2110,0.0,0.0,0.0,2.32,2.76,0.0
20231220:2210,0.0,0.0,0.0,2.17,2.76,0.0
20231220:2310,0.0,0.0,0.0,2.15,2.69,0.0
20231221:0010,0.0,0.0,0.0,1.88,2.62,0.0
20231221:0110,0.0,0.0,0.0,1.56,2.62,0.0
20231221:0210,0.0,0.0,0.0,1.4,2.55,0.0
20231221:0310,0.0,0.0,0.0,1.54,2.41,0.0
20231221:0410,0.0,0.0,0.0,1.41,2.28,0.0
20231221:0510,0.0,0.0,0.0,1.31,2.0,0.0
20231221:0610,0.0,0.0,0.0,0.92,1.93,0.0
20231221:0710,0.0,0.0,0.0,0.52,2.0,0.0
20231221:0810,40.16,53.96,8.15,1.49,1.59,0.0
20231221:0910,68.32,95.27,14.51,4.42,0.83,0.0
20231221:1010,157.2,191.42,18.83,7.24,0.48,0.0
20231221:1110,134.69,151.53,20.71,7.87,0.21,0.0
20231221:1210,250.2,271.57,19.94,8.6,0.14,0.0
20231221:1310,279.04,300.5,16.6,8.89,0.28,0.0
20231221:1410,228.29,249.09,11.03,8.51,0.34,0.0
20231221:1510,27.19,42.71,3.71,7.88,0.69,0.0
20231221:1610,0.0,0.0,0.0,6.4,0.9,0.0
20231221:1710,0.0,0.0,0.0,5.21,1.1,0.0
20231221:1810,0.0,0.0,0.0,4.25,1.24,0.0
20231221:1910,0.0,0.0,0.0,3.29,1.52,0.0
20231221:2010,0.0,0.0,0.0,2.85,1.52,0.0
20231221:2110,0.0,0.0,0.0,2.29,1.66,0.0
20231221:2210,0.0,0.0,0.0,1.81,1.79,0.0
20231221:2310,0.0,0.0,0.0,1.54,2.0,0.0
20231222:0010,0.0,0.0,0.0,1.75,2.07,0.0
20231222:0110,0.0,0.0,0.0,1.96,2.34,0.0
20231222:0210,0.0,0.0,0.0,2.6,2.55,0.0
20231222:0310,0.0,0.0,0.0,3.27,2.69,0.0
20231222:0410,0.0,0.0,0.0,4.29,2.9,0.0
20231222:0510,0.0,0.0,0.0,5.31,3.1,0.0
20231222:0610,0.0,0.0,0.0,6.03,3.17,0.0
20231222:0710,0.0,0.0,0.0,8.02,3.66,0.0
20231222:0810,23.26,36.92,8.09,8.33,2.97,0.0
20231222:0910,33.85,69.41,14.47,8.9,1.93,0.0
20231222:1010,144.65,198.23,18.81,10.98,1.31,0.0
20231222:1110,263.58,306.35,20.7,12.19,1.38,0.0
20231222:1210,334.4,368.64,19.95,12.51,1.24,0.0
20231222:1310,346.4,376.23,16.63,12.21,1.1,0.0
20231222:1410,281.61,309.15,11.08,11.77,0.62,0.0
20231222:1510,57.87,77.99,3.77,10.57,1.1,0.0
20231222:1610,0.0,0.0,0.0,8.74,1.72,0.0
20231222:1710,0.0,0.0,0.0,7.42,1.79,0.0
20231222:1810,0.0,0.0,0.0,6.49,1.79,0.0
20231222:1910,0.0,0.0,0.0,6.69,1.79,0.0
20231222:2010,0.0,0.0,0.0,6.26,1.72,0.0
20231222:2110,0.0,0.0,0.0,5.83,1.79,0.0
20231222:2210,0.0,0.0,0.0,5.51,1.79,0.0
20231222:2310,0.0,0.0,0.0,5.01,2.0,0.0
20231223:0010,0.0,0.0,0.0,4.77,2.21,0.0
20231223:0110,0.0,0.0,0.0,4.42,2.41,0.0
20231223:0210,0.0,0.0,0.0,4.53,2.55,0.0
20231223:0310,0.0,0.0,0.0,4.85,2.97,0.0
20231223:0410,0.0,0.0,0.0,5.48,3.1,0.0
20231223:0510,0.0,0.0,0.0,5.66,3.17,0.0
20231223:0610,0.0,0.0,0.0,5.63,3.03,0.0
20231223:0710,0.0,0.0,0.0,5.6,3.03,0.0
20231223:0810,24.42,37.87,8.04,5.7,2.69,0.0
20231223:0910,35.72,70.35,14.43,7.85,2.34,0.0
20231223:1010,142.31,198.88,18.79,11.02,2.0,0.0
20231223:1110,267.63,311.31,20.71,12.72,2.21,0.0
20231223:1210,338.5,372.94,19.97,13.68,2.34,0.0
20231223:1310,359.16,390.39,16.67,14.08,2.41,0.0
20231223:1410,300.77,329.9,11.14,13.77,2.14,0.0
20231223:1510,82.47,105.42,3.84,12.57,2.28,0.0
20231223:1610,0.0,0.0,0.0,10.68,2.55,0.0
20231223:1710,0.0,0.0,0.0,8.78,2.55,0.0
20231223:1810,0.0,0.0,0.0,7.41,2.62,0.0
20231223:1910,0.0,0.0,0.0,7.53,2.48,0.0
20231223:2010,0.0,0.0,0.0,6.2,2.41,0.0
20231223:2110,0.0,0.0,0.0,5.09,2.41,0.0
20231223:2210,0.0,0.0,0.0,4.21,2.41,0.0
20231223:2310,0.0,0.0,0.0,3.33,2.41,0.0
20231224:0010,0.0,0.0,0.0,2.9,2.62,0.0
20231224:0110,0.0,0.0,0.0,2.7,2.76,0.0
20231224:0210,0.0,0.0,0.0,2.74,2.9,0.0
20231224:0310,0.0,0.0,0.0,2.63,2.9,0.0
20231224:0410,0.0,0.0,0.0,2.53,2.76,0.0
20231224:0510,0.0,0.0,0.0,1.98,2.62,0.0
20231224:0610,0.0,0.0,0.0,1.62,2.55,0.0
20231224:0710,0.0,0.0,0.0,1.59,2.41,0.0
20231224:0810,28.4,41.66,8.0,1.87,2.14,0.0
20231224:0910,31.28,66.12,14.4,4.78,1.66,0.0
20231224:1010,147.33,197.81,18.78,8.99,1.38,0.0
20231224:1110,266.21,307.34,20.71,10.78,1.17,0.0
20231224:1210,339.57,374.34,20.0,12.15,1.03,0.0
20231224:1310,352.26,383.79,16.72,12.8,1.03,0.0
20231224:1410,289.77,318.17,11.2,12.66,1.03,0.0
20231224:1510,91.87,115.13,3.91,11.31,1.1,0.0
20231224:1610,0.0,0.0,0.0,9.15,1.24,0.0
20231224:1710,0.0,0.0,0.0,8.38,1.24,0.0
20231224:1810,0.0,0.0,0.0,9.3,1.03,0.0
20231224:1910,0.0,0.0,0.0,9.05,1.24,0.0
20231224:2010,0.0,0.0,0.0,9.48,0.9,0.0
20231224:2110,0.0,0.0,0.0,8.75,1.03,0.0
20231224:2210,0.0,0.0,0.0,8.21,0.9,0.0
20231224:2310,0.0,0.0,0.0,7.8,0.97,0.0
20231225:0010,0.0,0.0,0.0,7.51,1.1,0.0
20231225:0110,0.0,0.0,0.0,6.88,1.17,0.0
20231225:0210,0.0,0.0,0.0,6.09,1.24,0.0
20231225:0310,0.0,0.0,0.0,5.64,1.24,0.0
20231225:0410,0.0,0.0,0.0,5.34,1.17,0.0
20231225:0510,0.0,0.0,0.0,4.63,1.24,0.0
20231225:0610,0.0,0.0,0.0,4.33,1.31,0.0
20231225:0710,0.0,0.0,0.0,3.33,1.38,0.0
20231225:0810,24.69,37.87,7.96,3.46,1.31,0.0
20231225:0910,30.62,64.55,14.38,5.85,0.55,0.0
20231225:1010,139.64,193.45,18.77,8.25,0.28,0.0
20231225:1110,261.02,302.63,20.73,9.5,0.14,0.0
20231225:1210,328.13,360.57,20.04,10.2,0.28,0.0
20231225:1310,369.6,401.67,16.77,10.59,0.28,0.0
20231225:1410,312.89,341.95,11.27,10.48,0.21,0.0
20231225:1510,32.3,48.83,3.99,9.65,0.41,0.0
20231225:1610,0.0,0.0,0.0,7.84,1.31,0.0
20231225:1710,0.0,0.0,0.0,5.97,1.45,0.0
20231225:1810,0.0,0.0,0.0,4.81,1.52,0.0
20231225:1910,0.0,0.0,0.0,5.47,1.31,0.0
20231225:2010,0.0,0.0,0.0,4.21,1.45,0.0
20231225:2110,0.0,0.0,0.0,3.33,1.45,0.0
20231225:2210,0.0,0.0,0.0,2.86,1.38,0.0
20231225:2310,0.0,0.0,0.0,2.19,1.38,0.0
20231226:0010,0.0,0.0,0.0,1.92,1.24,0.0
20231226:0110,0.0,0.0,0.0,2.11,1.17,0.0
20231226:0210,0.0,0.0,0.0,2.82,1.24,0.0
20231226:0310,0.0,0.0,0.0,3.45,1.24,0.0
20231226:0410,0.0,0.0,0.0,4.06,1.17,0.0
20231226:0510,0.0,0.0,0.0,4.35,1.1,0.0
20231226:0610,0.0,0.0,0.0,4.48,1.03,0.0
20231226:0710,0.0,0.0,0.0,5.44,0.83,0.0
20231226:0810,38.4,53.02,7.92,5.64,0.76,0.0
20231226:0910,18.28,31.06,14.36,6.78,0.48,0.0
20231226:1010,43.93,59.21,18.77,7.28,0.34,0.0
20231226:1110,22.41,35.91,20.76,7.65,0.41,0.0
20231226:1210,186.96,204.28,20.08,7.9,0.34,0.0
20231226:1310,87.7,104.15,16.84,8.0,0.34,0.0
20231226:1410,180.46,199.04,11.35,7.99,0.41,0.0
20231226:1510,77.56,98.11,4.08,7.64,0.21,0.0
20231226:1610,0.0,0.0,0.0,6.89,0.41,0.0
20231226:1710,0.0,0.0,0.0,6.05,0.76,0.0
20231226:1810,0.0,0.0,0.0,5.47,0.83,0.0
20231226:1910,0.0,0.0,0.0,4.79,1.03,0.0
20231226:2010,0.0,0.0,0.0,3.78,1.17,0.0
20231226:2110,0.0,0.0,0.0,3.72,1.24,0.0
20231226:2210,0.0,0.0,0.0,4.05,1.17,0.0
20231226:2310,0.0,0.0,0.0,4.18,1.31,0.0
20231227:0010,0.0,0.0,0.0,4.13,1.45,0.0
20231227:0110,0.0,0.0,0.0,4.29,1.38,0.0
20231227:0210,0.0,0.0,0.0,4.17,1.24,0.0
20231227:0310,0.0,0.0,0.0,3.77,1.24,0.0
20231227:0410,0.0,0.0,0.0,3.51,1.17,0.0
20231227:0510,0.0,0.0,0.0,3.29,0.97,0.0
20231227:0610,0.0,0.0,0.0,3.2,0.97,0.0
20231227:0710,0.0,0.0,0.0,4.39,0.83,0.0
20231227:0810,36.05,50.18,7.9,3.83,0.83,0.0
20231227:0910,79.44,95.76,14.35,5.86,0.62,0.0
20231227:1010,94.38,110.7,18.79,7.25,0.41,0.0
20231227:1110,227.6,254.69,20.79,8.16,0.0,0.0
20231227:1210,173.16,191.14,20.14,8.85,0.07,0.0
20231227:1310,297.17,320.19,16.91,9.07,0.14,0.0
20231227:1410,276.19,300.07,11.43,9.09,0.21,0.0
20231227:1510,77.19,97.89,4.17,8.49,0.34,0.0
20231227:1610,0.0,0.0,0.0,7.6,0.41,0.0
20231227:1710,0.0,0.0,0.0,6.6,0.69,0.0
20231227:1810,0.0,0.0,0.0,4.95,1.24,0.0
20231227:1910,0.0,0.0,0.0,4.33,1.31,0.0
20231227:2010,0.0,0.0,0.0,3.92,1.45,0.0
20231227:2110,0.0,0.0,0.0,3.85,1.45,0.0
20231227:2210,0.0,0.0,0.0,3.58,1.45,0.0
20231227:2310,0.0,0.0,0.0,3.23,1.45,0.0
20231228:0010,0.0,0.0,0.0,3.18,1.52,0.0
20231228:0110,0.0,0.0,0.0,2.73,1.59,0.0
20231228:0210,0.0,0.0,0.0,3.0,1.38,0.0
20231228:0310,0.0,0.0,0.0,3.17,1.45,0.0
20231228:0410,0.0,0.0,0.0,3.06,1.59,0.0
20231228:0510,0.0,0.0,0.0,3.1,1.59,0.0
20231228:0610,0.0,0.0,0.0,3.5,1.66,0.0
20231228:0710,0.0,0.0,0.0,5.09,1.38,0.0
20231228:0810,1.98,9.47,7.88,5.5,1.31,0.0
20231228:0910,65.73,81.49,14.35,6.31,1.17,0.0
20231228:1010,26.79,40.77,18.8,7.34,0.9,0.0
20231228:1110,28.44,42.71,20.83,8.01,0.76,0.0
20231228:1210,77.78,94.15,20.2,8.31,0.76,0.0
20231228:1310,66.25,82.5,16.98,8.36,0.76,0.0
20231228:1410,36.43,51.44,11.52,8.32,0.9,0.0
20231228:1510,0.53,6.79,4.27,7.98,0.97,0.0
20231228:1610,0.0,0.0,0.0,7.25,1.17,0.0
20231228:1710,0.0,0.0,0.0,6.73,1.24,0.0
20231228:1810,0.0,0.0,0.0,6.22,1.31,0.0
20231228:1910,0.0,0.0,0.0,6.19,1.17,0.0
20231228:2010,0.0,0.0,0.0,5.87,1.31,0.0
20231228:2110,0.0,0.0,0.0,6.0,1.31,0.0
20231228:2210,0.0,0.0,0.0,6.18,1.31,0.0
20231228:2310,0.0,0.0,0.0,6.27,1.24,0.0
20231229:0010,0.0,0.0,0.0,6.31,1.31,0.0
20231229:0110,0.0,0.0,0.0,6.24,1.24,0.0
20231229:0210,0.0,0.0,0.0,6.12,1.1,0.0
20231229:0310,0.0,0.0,0.0,5.97,1.03,0.0
20231229:0410,0.0,0.0,0.0,5.79,0.97,0.0
20231229:0510,0.0,0.0,0.0,5.4,0.97,0.0
20231229:0610,0.0,0.0,0.0,5.32,0.83,0.0
20231229:0710,0.0,0.0,0.0,4.87,1.1,0.0
20231229:0810,16.18,28.4,7.87,5.06,1.03,0.0
20231229:0910,47.86,63.09,14.35,6.5,0.83,0.0
20231229:1010,27.55,41.74,18.83,8.12,0.69,0.0
20231229:1110,40.85,56.3,20.87,8.85,0.55,0.0
20231229:1210,30.91,45.62,20.26,9.09,0.34,0.0
20231229:1310,21.37,34.94,17.07,9.27,0.41,0.0
20231229:1410,67.67,84.59,11.62,9.31,0.48,0.0
20231229:1510,3.86,12.62,4.37,8.99,0.76,0.0
20231229:1610,0.0,0.0,0.0,8.3,1.1,0.0
20231229:1710,0.0,0.0,0.0,7.24,1.38,0.0
20231229:1810,0.0,0.0,0.0,6.68,1.31,0.0
20231229:1910,0.0,0.0,0.0,7.0,1.1,0.0
20231229:2010,0.0,0.0,0.0,6.97,0.97,0.0
20231229:2110,0.0,0.0,0.0,6.74,1.1,0.0
20231229:2210,0.0,0.0,0.0,6.4,1.17,0.0
20231229:2310,0.0,0.0,0.0,6.16,1.17,0.0
20231230:0010,0.0,0.0,0.0,6.03,1.17,0.0
20231230:0110,0.0,0.0,0.0,5.83,1.24,0.0
20231230:0210,0.0,0.0,0.0,5.42,1.24,0.0
20231230:0310,0.0,0.0,0.0,5.04,1.24,0.0
20231230:0410,0.0,0.0,0.0,4.79,1.24,0.0
20231230:0510,0.0,0.0,0.0,4.61,1.24,0.0
20231230:0610,0.0,0.0,0.0,3.8,1.38,0.0
20231230:0710,0.0,0.0,0.0,3.35,1.24,0.0
20231230:0810,21.26,34.08,7.87,3.63,1.1,0.0
20231230:0910,26.39,59.81,14.37,6.12,0.48,0.0
20231230:1010,138.42,193.68,18.86,8.48,0.21,0.0
20231230:1110,262.98,304.81,20.93,9.49,0.28,0.0
20231230:1210,341.2,373.55,20.34,9.75,0.48,0.0
20231230:1310,304.97,328.29,17.16,9.99,0.69,0.0
20231230:1410,124.45,142.82,11.72,9.83,0.9,0.0
20231230:1510,12.29,24.35,4.48,9.26,0.76,0.0
20231230:1610,0.0,0.0,0.0,7.95,0.69,0.0
20231230:1710,0.0,0.0,0.0,7.85,0.48,0.0
20231230:1810,0.0,0.0,0.0,6.71,0.97,0.0
20231230:1910,0.0,0.0,0.0,7.11,0.76,0.0
20231230:2010,0.0,0.0,0.0,6.14,1.03,0.0
20231230:2110,0.0,0.0,0.0,5.37,1.24,0.0
20231230:2210,0.0,0.0,0.0,5.17,1.24,0.0
20231230:2310,0.0,0.0,0.0,5.04,1.17,0.0
20231231:0010,0.0,0.0,0.0,4.88,1.17,0.0
20231231:0110,0.0,0.0,0.0,5.2,1.03,0.0
20231231:0210,0.0,0.0,0.0,5.44,1.03,0.0
20231231:0310,0.0,0.0,0.0,5.48,1.1,0.0
20231231:0410,0.0,0.0,0.0,5.74,0.97,0.0
20231231:0510,0.0,0.0,0.0,5.87,0.9,0.0
20231231:0610,0.0,0.0,0.0,5.94,0.83,0.0
20231231:0710,0.0,0.0,0.0,5.53,0.83,0.0
20231231:0810,22.71,35.97,7.87,5.59,0.76,0.0
20231231:0910,15.06,27.18,14.39,6.01,0.69,0.0
20231231:1010,34.03,48.53,18.9,6.52,0.69,0.0
20231231:1110,33.09,47.56,20.99,6.7,0.55,0.0
20231231:1210,24.25,37.85,20.42,6.64,0.48,0.0
20231231:1310,37.62,52.41,17.26,6.61,0.21,0.0
20231231:1410,11.83,23.29,11.83,6.71,0.62,0.0
20231231:1510,7.33,17.47,4.6,6.69,0.9,0.0
20231231:1610,0.0,0.0,0.0,6.49,1.17,0.0
20231231:1710,0.0,0.0,0.0,6.37,1.24,0.0
20231231:1810,0.0,0.0,0.0,6.31,1.03,0.0
20231231:1910,0.0,0.0,0.0,5.99,1.72,0.0
20231231:2010,0.0,0.0,0.0,5.94,1.24,0.0
20231231:2110,0.0,0.0,0.0,5.52,0.97,0.0
20231231:2210,0.0,0.0,0.0,4.65,1.1,0.0
20231231:2310,0.0,0.0,0.0,4.12,1.03,0.0

P: PV system power (W)
G(i): Global irradiance on the inclined plane (plane of the array) (W/m2)
H_sun: Sun height (degree)
T2m: 2-m air temperature (degree Celsius)
WS10m: 10-m total wind speed (m/s)
Int: 1 means solar radiation values are reconstructed



PVGIS (c) European Union, 2001-2025