Latitude (decimal degrees):	45.948
Longitude (decimal degrees):	8.889
Elevation (m):	289
Radiation database:	PVGIS-SARAH3


Slope: 22 deg. 
Azimuth: -170 deg. 
Nominal power of the PV system (c-Si) (kWp):	1.0
System losses (%):	0.0
time,P,G(i),H_sun,T2m,WS10m,Int
20230101:0010,0.0,0.0,0.0,6.53,1.03,0.0
20230101:0110,0.0,0.0,0.0,6.5,1.03,0.0
20230101:0210,0.0,0.0,0.0,6.56,0.97,0.0
20230101:0310,0.0,0.0,0.0,6.62,0.9,0.0
20230101:0410,0.0,0.0,0.0,6.6,0.9,0.0
20230101:0510,0.0,0.0,0.0,6.55,0.97,0.0
20230101:0610,0.0,0.0,0.0,6.49,1.03,0.0
20230101:0710,0.0,0.0,0.0,6.41,0.9,0.0
20230101:0810,32.9,47.34,7.84,6.65,0.83,0.0
20230101:0910,42.58,57.75,14.34,7.19,0.69,0.0
20230101:1010,63.44,79.52,18.85,7.97,0.69,0.0
20230101:1110,99.89,116.45,20.93,8.57,0.62,0.0
20230101:1210,134.06,150.53,20.36,8.87,0.69,0.0
20230101:1310,82.64,99.4,17.21,9.13,0.62,0.0
20230101:1410,43.96,59.64,11.79,9.11,0.69,0.0
20230101:1510,11.23,22.72,4.58,8.9,0.76,0.0
20230101:1610,0.0,0.0,0.0,8.28,0.83,0.0
20230101:1710,0.0,0.0,0.0,7.56,0.83,0.0
20230101:1810,0.0,0.0,0.0,7.27,0.76,0.0
20230101:1910,0.0,0.0,0.0,7.28,0.62,0.0
20230101:2010,0.0,0.0,0.0,7.43,0.62,0.0
20230101:2110,0.0,0.0,0.0,7.56,0.55,0.0
20230101:2210,0.0,0.0,0.0,7.51,0.62,0.0
20230101:2310,0.0,0.0,0.0,7.55,0.62,0.0
20230102:0010,0.0,0.0,0.0,7.6,0.69,0.0
20230102:0110,0.0,0.0,0.0,7.77,0.62,0.0
20230102:0210,0.0,0.0,0.0,7.98,0.55,0.0
20230102:0310,0.0,0.0,0.0,7.99,0.55,0.0
20230102:0410,0.0,0.0,0.0,7.69,0.62,0.0
20230102:0510,0.0,0.0,0.0,7.51,0.69,0.0
20230102:0610,0.0,0.0,0.0,7.64,0.55,0.0
20230102:0710,0.0,0.0,0.0,7.19,0.48,0.0
20230102:0810,2.51,10.41,7.86,7.4,0.41,0.0
20230102:0910,8.38,18.93,14.38,7.46,0.28,0.0
20230102:1010,38.77,53.96,18.91,8.22,0.28,0.0
20230102:1110,65.09,81.42,21.01,8.52,0.41,0.0
20230102:1210,78.04,94.67,20.46,8.9,0.62,0.0
20230102:1310,100.68,117.39,17.32,8.93,0.69,0.0
20230102:1410,57.59,73.84,11.91,9.0,0.62,0.0
20230102:1510,9.76,20.83,4.71,8.7,0.55,0.0
20230102:1610,0.0,0.0,0.0,8.19,0.69,0.0
20230102:1710,0.0,0.0,0.0,7.83,0.83,0.0
20230102:1810,0.0,0.0,0.0,7.72,0.83,0.0
20230102:1910,0.0,0.0,0.0,7.48,0.62,0.0
20230102:2010,0.0,0.0,0.0,7.41,0.62,0.0
20230102:2110,0.0,0.0,0.0,7.35,0.62,0.0
20230102:2210,0.0,0.0,0.0,7.25,0.69,0.0
20230102:2310,0.0,0.0,0.0,7.17,0.76,0.0
20230103:0010,0.0,0.0,0.0,7.05,0.83,0.0
20230103:0110,0.0,0.0,0.0,7.01,0.76,0.0
20230103:0210,0.0,0.0,0.0,6.96,0.76,0.0
20230103:0310,0.0,0.0,0.0,6.95,0.69,0.0
20230103:0410,0.0,0.0,0.0,6.87,0.62,0.0
20230103:0510,0.0,0.0,0.0,6.84,0.48,0.0
20230103:0610,0.0,0.0,0.0,6.75,0.41,0.0
20230103:0710,0.0,0.0,0.0,6.82,0.55,0.0
20230103:0810,35.49,50.18,7.88,6.91,0.55,0.0
20230103:0910,85.24,101.3,14.42,7.31,0.48,0.0
20230103:1010,37.96,53.02,18.97,7.84,0.34,0.0
20230103:1110,28.34,42.6,21.1,7.96,0.28,0.0
20230103:1210,43.2,58.7,20.57,8.32,0.21,0.0
20230103:1310,87.57,104.14,17.44,8.41,0.28,0.0
20230103:1410,14.3,26.51,12.04,8.56,0.28,0.0
20230103:1510,0.0,4.73,4.84,8.6,0.21,0.0
20230103:1610,0.0,0.0,0.0,8.1,0.28,0.0
20230103:1710,0.0,0.0,0.0,7.3,0.48,0.0
20230103:1810,0.0,0.0,0.0,6.5,0.69,0.0
20230103:1910,0.0,0.0,0.0,6.07,0.83,0.0
20230103:2010,0.0,0.0,0.0,4.97,1.03,0.0
20230103:2110,0.0,0.0,0.0,4.12,1.1,0.0
20230103:2210,0.0,0.0,0.0,3.62,1.1,0.0
20230103:2310,0.0,0.0,0.0,3.04,1.1,0.0
20230104:0010,0.0,0.0,0.0,2.13,1.17,0.0
20230104:0110,0.0,0.0,0.0,0.92,1.38,0.0
20230104:0210,0.0,0.0,0.0,0.54,1.45,0.0
20230104:0310,0.0,0.0,0.0,0.43,1.45,0.0
20230104:0410,0.0,0.0,0.0,0.5,1.45,0.0
20230104:0510,0.0,0.0,0.0,0.15,1.45,0.0
20230104:0610,0.0,0.0,0.0,0.01,1.52,0.0
20230104:0710,0.0,0.0,0.0,1.1,1.52,0.0
20230104:0810,20.7,33.13,7.91,1.14,1.45,0.0
20230104:0910,36.32,50.18,14.48,2.45,1.31,0.0
20230104:1010,33.27,47.34,19.05,4.51,1.03,0.0
20230104:1110,38.15,53.02,21.19,6.96,0.76,0.0
20230104:1210,130.14,146.74,20.68,8.77,0.34,0.0
20230104:1310,102.1,119.29,17.57,9.5,0.07,0.0
20230104:1410,70.35,87.1,12.18,9.46,0.48,0.0
20230104:1510,15.85,28.4,4.98,8.83,0.62,0.0
20230104:1610,0.0,0.0,0.0,7.65,0.55,0.0
20230104:1710,0.0,0.0,0.0,7.14,0.34,0.0
20230104:1810,0.0,0.0,0.0,6.43,0.34,0.0
20230104:1910,0.0,0.0,0.0,6.13,0.76,0.0
20230104:2010,0.0,0.0,0.0,4.98,0.9,0.0
20230104:2110,0.0,0.0,0.0,4.1,1.03,0.0
20230104:2210,0.0,0.0,0.0,3.66,1.03,0.0
20230104:2310,0.0,0.0,0.0,3.51,1.03,0.0
20230105:0010,0.0,0.0,0.0,3.35,1.03,0.0
20230105:0110,0.0,0.0,0.0,3.49,1.03,0.0
20230105:0210,0.0,0.0,0.0,3.47,1.03,0.0
20230105:0310,0.0,0.0,0.0,3.66,1.1,0.0
20230105:0410,0.0,0.0,0.0,3.68,1.1,0.0
20230105:0510,0.0,0.0,0.0,3.77,1.1,0.0
20230105:0610,0.0,0.0,0.0,3.87,1.17,0.0
20230105:0710,0.0,0.0,0.0,4.56,1.03,0.0
20230105:0810,27.05,40.71,7.95,5.03,0.97,0.0
20230105:0910,83.0,98.46,14.53,5.94,0.76,0.0
20230105:1010,75.57,91.83,19.13,8.05,0.76,0.0
20230105:1110,112.71,129.7,21.3,9.58,0.76,0.0
20230105:1210,140.53,158.1,20.8,10.8,0.97,0.0
20230105:1310,114.46,132.54,17.7,11.67,0.97,0.0
20230105:1410,38.94,54.91,12.32,11.99,0.9,0.0
20230105:1510,6.82,17.04,5.13,11.24,0.83,0.0
20230105:1610,0.0,0.0,0.0,9.08,1.1,0.0
20230105:1710,0.0,0.0,0.0,7.61,1.31,0.0
20230105:1810,0.0,0.0,0.0,6.43,1.52,0.0
20230105:1910,0.0,0.0,0.0,6.38,1.59,0.0
20230105:2010,0.0,0.0,0.0,5.59,1.66,0.0
20230105:2110,0.0,0.0,0.0,4.85,1.59,0.0
20230105:2210,0.0,0.0,0.0,4.62,1.45,0.0
20230105:2310,0.0,0.0,0.0,3.96,1.45,0.0
20230106:0010,0.0,0.0,0.0,3.2,1.45,0.0
20230106:0110,0.0,0.0,0.0,2.62,1.45,0.0
20230106:0210,0.0,0.0,0.0,1.25,1.38,0.0
20230106:0310,0.0,0.0,0.0,-0.05,1.38,0.0
20230106:0410,0.0,0.0,0.0,-0.26,1.31,0.0
20230106:0510,0.0,0.0,0.0,-0.3,1.31,0.0
20230106:0610,0.0,0.0,0.0,-0.41,1.31,0.0
20230106:0710,0.0,0.0,0.0,-0.36,1.24,0.0
20230106:0810,40.4,53.96,8.0,0.21,1.17,0.0
20230106:0910,92.17,106.03,14.6,2.6,1.03,0.0
20230106:1010,119.81,134.43,19.21,5.39,0.69,0.0
20230106:1110,123.19,139.54,21.41,8.12,0.21,0.0
20230106:1210,105.96,123.07,20.93,9.53,0.34,0.0
20230106:1310,78.59,95.62,17.84,9.88,0.55,0.0
20230106:1410,47.41,63.43,12.47,9.72,0.69,0.0
20230106:1510,14.27,26.51,5.28,9.0,0.62,0.0
20230106:1610,0.0,0.0,0.0,7.98,0.41,0.0
20230106:1710,0.0,0.0,0.0,7.15,0.0,0.0
20230106:1810,0.0,0.0,0.0,6.33,0.48,0.0
20230106:1910,0.0,0.0,0.0,4.46,0.76,0.0
20230106:2010,0.0,0.0,0.0,3.58,0.9,0.0
20230106:2110,0.0,0.0,0.0,2.98,0.97,0.0
20230106:2210,0.0,0.0,0.0,2.72,0.97,0.0
20230106:2310,0.0,0.0,0.0,1.29,1.03,0.0
20230107:0010,0.0,0.0,0.0,-0.33,1.03,0.0
20230107:0110,0.0,0.0,0.0,-0.57,0.97,0.0
20230107:0210,0.0,0.0,0.0,-0.47,0.97,0.0
20230107:0310,0.0,0.0,0.0,-0.69,0.97,0.0
20230107:0410,0.0,0.0,0.0,-0.73,1.03,0.0
20230107:0510,0.0,0.0,0.0,-0.61,1.03,0.0
20230107:0610,0.0,0.0,0.0,-0.82,1.1,0.0
20230107:0710,0.0,0.0,0.0,0.25,1.1,0.0
20230107:0810,40.27,53.96,8.05,0.83,1.03,0.0
20230107:0910,94.17,107.92,14.67,2.4,0.9,0.0
20230107:1010,129.59,143.9,19.31,5.11,0.48,0.0
20230107:1110,137.41,152.65,21.52,6.41,0.21,0.0
20230107:1210,79.52,95.62,21.07,7.21,0.07,0.0
20230107:1310,58.89,74.79,17.99,7.47,0.07,0.0
20230107:1410,61.61,77.63,12.62,7.6,0.0,0.0
20230107:1510,12.09,23.67,5.43,7.25,0.14,0.0
20230107:1610,0.0,0.0,0.0,6.78,0.14,0.0
20230107:1710,0.0,0.0,0.0,6.4,0.28,0.0
20230107:1810,0.0,0.0,0.0,5.76,0.48,0.0
20230107:1910,0.0,0.0,0.0,4.85,0.62,0.0
20230107:2010,0.0,0.0,0.0,4.86,0.76,0.0
20230107:2110,0.0,0.0,0.0,4.72,0.83,0.0
20230107:2210,0.0,0.0,0.0,4.39,0.97,0.0
20230107:2310,0.0,0.0,0.0,4.35,1.03,0.0
20230108:0010,0.0,0.0,0.0,4.34,1.03,0.0
20230108:0110,0.0,0.0,0.0,4.28,1.03,0.0
20230108:0210,0.0,0.0,0.0,4.14,0.97,0.0
20230108:0310,0.0,0.0,0.0,4.33,0.83,0.0
20230108:0410,0.0,0.0,0.0,4.35,0.83,0.0
20230108:0510,0.0,0.0,0.0,4.37,0.83,0.0
20230108:0610,0.0,0.0,0.0,4.33,0.9,0.0
20230108:0710,0.0,0.0,0.0,4.19,0.83,0.0
20230108:0810,33.28,47.34,8.11,4.33,0.69,0.0
20230108:0910,74.84,89.94,14.75,4.81,0.62,0.0
20230108:1010,79.93,95.12,19.41,5.12,0.55,0.0
20230108:1110,56.65,71.83,21.65,5.33,0.55,0.0
20230108:1210,88.86,104.14,21.21,5.42,0.34,0.0
20230108:1310,64.23,79.52,18.14,5.38,0.55,0.0
20230108:1410,24.44,37.87,12.78,5.32,0.83,0.0
20230108:1510,6.39,16.09,5.6,5.1,0.97,0.0
20230108:1610,0.0,0.0,0.0,4.98,0.9,0.0
20230108:1710,0.0,0.0,0.0,4.88,0.9,0.0
20230108:1810,0.0,0.0,0.0,4.8,0.83,0.0
20230108:1910,0.0,0.0,0.0,4.26,0.69,0.0
20230108:2010,0.0,0.0,0.0,4.27,0.83,0.0
20230108:2110,0.0,0.0,0.0,4.09,1.24,0.0
20230108:2210,0.0,0.0,0.0,3.79,1.45,0.0
20230108:2310,0.0,0.0,0.0,3.79,1.31,0.0
20230109:0010,0.0,0.0,0.0,3.9,1.17,0.0
20230109:0110,0.0,0.0,0.0,4.01,0.97,0.0
20230109:0210,0.0,0.0,0.0,4.07,0.83,0.0
20230109:0310,0.0,0.0,0.0,4.36,0.48,0.0
20230109:0410,0.0,0.0,0.0,4.02,0.62,0.0
20230109:0510,0.0,0.0,0.0,3.25,0.83,0.0
20230109:0610,0.0,0.0,0.0,2.89,0.97,0.0
20230109:0710,0.0,0.0,0.0,4.01,0.69,0.0
20230109:0810,30.7,44.5,8.17,3.96,0.83,0.0
20230109:0910,29.72,43.55,14.84,4.63,0.9,0.0
20230109:1010,9.57,23.94,19.52,6.55,1.17,0.0
20230109:1110,10.16,28.92,21.78,7.92,1.38,0.0
20230109:1210,31.69,46.39,21.36,8.84,1.52,0.0
20230109:1310,29.89,44.5,18.3,9.3,1.66,0.0
20230109:1410,21.47,35.03,12.95,9.21,1.66,0.0
20230109:1510,8.34,18.93,5.76,8.45,1.52,0.0
20230109:1610,0.0,0.0,0.0,6.9,1.59,0.0
20230109:1710,0.0,0.0,0.0,5.17,1.66,0.0
20230109:1810,0.0,0.0,0.0,3.86,1.79,0.0
20230109:1910,0.0,0.0,0.0,4.21,1.45,0.0
20230109:2010,0.0,0.0,0.0,3.53,1.52,0.0
20230109:2110,0.0,0.0,0.0,3.06,1.59,0.0
20230109:2210,0.0,0.0,0.0,2.94,1.52,0.0
20230109:2310,0.0,0.0,0.0,2.46,1.52,0.0
20230110:0010,0.0,0.0,0.0,1.75,1.66,0.0
20230110:0110,0.0,0.0,0.0,0.97,1.79,0.0
20230110:0210,0.0,0.0,0.0,0.44,1.93,0.0
20230110:0310,0.0,0.0,0.0,0.07,2.0,0.0
20230110:0410,0.0,0.0,0.0,-0.26,2.07,0.0
20230110:0510,0.0,0.0,0.0,-0.37,2.14,0.0
20230110:0610,0.0,0.0,0.0,-0.43,2.14,0.0
20230110:0710,0.0,0.0,0.0,0.1,2.34,0.0
20230110:0810,15.75,27.45,8.24,0.81,2.41,0.0
20230110:0910,25.5,38.82,14.93,3.95,2.34,0.0
20230110:1010,11.63,28.46,19.64,5.91,2.28,0.0
20230110:1110,11.76,32.96,21.92,6.78,2.69,0.0
20230110:1210,36.38,51.12,21.51,7.27,2.69,0.0
20230110:1310,31.04,45.44,18.47,7.56,2.28,0.0
20230110:1410,22.51,35.97,13.12,7.47,1.66,0.0
20230110:1510,9.88,20.83,5.94,6.68,1.17,0.0
20230110:1610,0.0,0.0,0.0,5.2,1.17,0.0
20230110:1710,0.0,0.0,0.0,3.92,1.31,0.0
20230110:1810,0.0,0.0,0.0,3.14,1.45,0.0
20230110:1910,0.0,0.0,0.0,2.67,1.59,0.0
20230110:2010,0.0,0.0,0.0,2.34,1.59,0.0
20230110:2110,0.0,0.0,0.0,2.04,1.59,0.0
20230110:2210,0.0,0.0,0.0,1.69,1.59,0.0
20230110:2310,0.0,0.0,0.0,1.18,1.59,0.0
20230111:0010,0.0,0.0,0.0,0.63,1.66,0.0
20230111:0110,0.0,0.0,0.0,0.51,1.66,0.0
20230111:0210,0.0,0.0,0.0,0.52,1.59,0.0
20230111:0310,0.0,0.0,0.0,0.57,1.52,0.0
20230111:0410,0.0,0.0,0.0,0.54,1.45,0.0
20230111:0510,0.0,0.0,0.0,0.49,1.52,0.0
20230111:0610,0.0,0.0,0.0,-0.74,1.59,0.0
20230111:0710,0.0,0.0,0.0,-0.78,1.45,0.0
20230111:0810,42.34,55.86,8.32,-0.19,1.38,0.0
20230111:0910,99.37,112.66,15.03,1.83,1.1,0.0
20230111:1010,124.87,138.9,19.76,4.19,0.9,0.0
20230111:1110,67.01,89.79,22.06,6.51,0.69,0.0
20230111:1210,149.67,165.67,21.67,8.13,0.34,0.0
20230111:1310,109.18,125.91,18.64,8.66,0.14,0.0
20230111:1410,77.14,93.72,13.3,8.61,0.21,0.0
20230111:1510,20.75,34.08,6.11,8.11,0.28,0.0
20230111:1610,0.0,0.0,0.0,7.45,0.34,0.0
20230111:1710,0.0,0.0,0.0,6.74,0.55,0.0
20230111:1810,0.0,0.0,0.0,6.2,0.69,0.0
20230111:1910,0.0,0.0,0.0,5.51,0.28,0.0
20230111:2010,0.0,0.0,0.0,5.43,0.62,0.0
20230111:2110,0.0,0.0,0.0,4.98,0.76,0.0
20230111:2210,0.0,0.0,0.0,5.18,0.83,0.0
20230111:2310,0.0,0.0,0.0,5.09,0.83,0.0
20230112:0010,0.0,0.0,0.0,3.91,1.17,0.0
20230112:0110,0.0,0.0,0.0,2.96,1.24,0.0
20230112:0210,0.0,0.0,0.0,2.26,1.38,0.0
20230112:0310,0.0,0.0,0.0,1.86,1.38,0.0
20230112:0410,0.0,0.0,0.0,1.07,1.52,0.0
20230112:0510,0.0,0.0,0.0,0.62,1.52,0.0
20230112:0610,0.0,0.0,0.0,-0.16,1.66,0.0
20230112:0710,0.0,0.0,0.0,-1.01,1.72,0.0
20230112:0810,38.76,52.07,8.41,-0.73,1.66,0.0
20230112:0910,96.35,109.82,15.14,2.16,1.45,0.0
20230112:1010,34.89,56.48,19.89,4.37,1.24,0.0
20230112:1110,32.89,58.52,22.22,5.84,0.9,0.0
20230112:1210,78.59,94.67,21.84,7.4,0.48,0.0
20230112:1310,82.98,99.4,18.82,8.21,0.48,0.0
20230112:1410,46.82,62.48,13.48,8.32,0.48,0.0
20230112:1510,15.14,27.45,6.29,7.81,0.41,0.0
20230112:1610,0.0,0.0,0.0,7.24,0.55,0.0
20230112:1710,0.0,0.0,0.0,6.37,0.76,0.0
20230112:1810,0.0,0.0,0.0,5.52,0.83,0.0
20230112:1910,0.0,0.0,0.0,3.77,1.1,0.0
20230112:2010,0.0,0.0,0.0,3.43,1.1,0.0
20230112:2110,0.0,0.0,0.0,2.97,1.17,0.0
20230112:2210,0.0,0.0,0.0,2.52,1.17,0.0
20230112:2310,0.0,0.0,0.0,2.18,1.24,0.0
20230113:0010,0.0,0.0,0.0,1.63,1.24,0.0
20230113:0110,0.0,0.0,0.0,1.24,1.31,0.0
20230113:0210,0.0,0.0,0.0,1.09,1.31,0.0
20230113:0310,0.0,0.0,0.0,0.88,1.31,0.0
20230113:0410,0.0,0.0,0.0,0.82,1.31,0.0
20230113:0510,0.0,0.0,0.0,0.45,1.24,0.0
20230113:0610,0.0,0.0,0.0,-1.31,1.31,0.0
20230113:0710,0.0,0.0,0.0,-0.99,1.24,0.0
20230113:0810,28.7,41.66,8.5,-0.36,1.1,0.0
20230113:0910,94.5,107.92,15.26,1.7,0.97,0.0
20230113:1010,104.9,123.23,20.03,3.89,0.76,0.0
20230113:1110,15.96,43.59,22.38,6.52,0.34,0.0
20230113:1210,13.91,26.89,22.02,7.6,0.21,0.0
20230113:1310,34.41,49.23,19.01,7.96,0.28,0.0
20230113:1410,26.63,40.71,13.67,7.98,0.34,0.0
20230113:1510,11.32,22.72,6.48,7.37,0.48,0.0
20230113:1610,0.0,0.0,0.0,6.78,0.55,0.0
20230113:1710,0.0,0.0,0.0,5.68,0.76,0.0
20230113:1810,0.0,0.0,0.0,4.06,1.1,0.0
20230113:1910,0.0,0.0,0.0,4.24,1.1,0.0
20230113:2010,0.0,0.0,0.0,3.28,1.24,0.0
20230113:2110,0.0,0.0,0.0,2.05,1.52,0.0
20230113:2210,0.0,0.0,0.0,1.48,1.66,0.0
20230113:2310,0.0,0.0,0.0,1.03,1.86,0.0
20230114:0010,0.0,0.0,0.0,0.9,1.86,0.0
20230114:0110,0.0,0.0,0.0,0.82,1.93,0.0
20230114:0210,0.0,0.0,0.0,0.59,2.0,0.0
20230114:0310,0.0,0.0,0.0,0.36,2.0,0.0
20230114:0410,0.0,0.0,0.0,-0.2,2.14,0.0
20230114:0510,0.0,0.0,0.0,-0.62,2.07,0.0
20230114:0610,0.0,0.0,0.0,-1.14,2.07,0.0
20230114:0710,0.0,0.0,0.0,-0.73,1.86,0.0
20230114:0810,27.83,40.71,8.6,-0.36,1.72,0.0
20230114:0910,39.07,53.02,15.38,2.32,1.31,0.0
20230114:1010,32.57,57.84,20.18,5.52,0.97,0.0
20230114:1110,27.6,57.3,22.54,7.17,0.83,0.0
20230114:1210,75.44,93.8,22.2,8.05,1.03,0.0
20230114:1310,120.46,136.33,19.2,7.83,1.03,0.0
20230114:1410,39.85,54.91,13.86,7.35,0.62,0.0
20230114:1510,12.1,23.67,6.67,7.06,0.28,0.0
20230114:1610,0.0,0.0,0.0,6.49,0.41,0.0
20230114:1710,0.0,0.0,0.0,5.8,0.69,0.0
20230114:1810,0.0,0.0,0.0,5.12,0.76,0.0
20230114:1910,0.0,0.0,0.0,3.77,0.9,0.0
20230114:2010,0.0,0.0,0.0,3.43,0.9,0.0
20230114:2110,0.0,0.0,0.0,3.06,0.9,0.0
20230114:2210,0.0,0.0,0.0,2.9,0.83,0.0
20230114:2310,0.0,0.0,0.0,2.33,0.97,0.0
20230115:0010,0.0,0.0,0.0,2.3,0.9,0.0
20230115:0110,0.0,0.0,0.0,2.33,0.9,0.0
20230115:0210,0.0,0.0,0.0,2.62,0.83,0.0
20230115:0310,0.0,0.0,0.0,2.8,0.9,0.0
20230115:0410,0.0,0.0,0.0,2.83,0.9,0.0
20230115:0510,0.0,0.0,0.0,2.76,0.9,0.0
20230115:0610,0.0,0.0,0.0,2.67,0.9,0.0
20230115:0710,0.0,0.0,0.0,1.68,0.97,0.0
20230115:0810,27.44,40.71,8.71,2.25,0.69,0.0
20230115:0910,65.91,80.47,15.51,3.13,0.69,0.0
20230115:1010,43.58,58.24,20.33,4.72,0.76,0.0
20230115:1110,47.12,62.12,22.72,5.61,0.69,0.0
20230115:1210,45.12,60.18,22.39,6.17,0.55,0.0
20230115:1310,40.89,55.86,19.4,6.6,0.48,0.0
20230115:1410,28.57,42.6,14.06,6.44,0.62,0.0
20230115:1510,14.51,26.51,6.87,5.98,0.62,0.0
20230115:1610,0.0,0.0,0.0,5.1,0.83,0.0
20230115:1710,0.0,0.0,0.0,4.24,0.97,0.0
20230115:1810,0.0,0.0,0.0,3.68,1.03,0.0
20230115:1910,0.0,0.0,0.0,2.63,1.17,0.0
20230115:2010,0.0,0.0,0.0,1.88,1.45,0.0
20230115:2110,0.0,0.0,0.0,1.57,1.38,0.0
20230115:2210,0.0,0.0,0.0,1.57,1.38,0.0
20230115:2310,0.0,0.0,0.0,1.68,1.31,0.0
20230116:0010,0.0,0.0,0.0,1.41,1.24,0.0
20230116:0110,0.0,0.0,0.0,0.09,1.45,0.0
20230116:0210,0.0,0.0,0.0,-0.78,1.45,0.0
20230116:0310,0.0,0.0,0.0,-1.21,1.38,0.0
20230116:0410,0.0,0.0,0.0,-1.79,1.38,0.0
20230116:0510,0.0,0.0,0.0,-3.2,1.38,0.0
20230116:0610,0.0,0.0,0.0,-2.86,1.31,0.0
20230116:0710,0.0,0.0,0.0,-2.53,1.24,0.0
20230116:0810,44.57,57.75,8.82,-1.94,1.1,0.0
20230116:0910,103.13,115.5,15.64,0.14,1.1,0.0
20230116:1010,129.0,141.9,20.49,1.96,0.83,0.0
20230116:1110,104.63,118.42,22.9,2.91,0.48,0.0
20230116:1210,52.5,66.97,22.59,2.99,0.55,0.0
20230116:1310,106.77,120.23,19.6,2.54,0.76,0.0
20230116:1410,10.14,20.83,14.26,2.04,0.97,0.0
20230116:1510,2.05,9.47,7.07,1.75,0.9,0.0
20230116:1610,0.0,0.0,0.0,1.56,0.97,0.0
20230116:1710,0.0,0.0,0.0,0.93,0.97,0.0
20230116:1810,0.0,0.0,0.0,1.1,0.76,0.0
20230116:1910,0.0,0.0,0.0,1.37,0.55,0.0
20230116:2010,0.0,0.0,0.0,1.37,0.55,0.0
20230116:2110,0.0,0.0,0.0,1.18,0.55,0.0
20230116:2210,0.0,0.0,0.0,1.13,0.55,0.0
20230116:2310,0.0,0.0,0.0,0.95,0.48,0.0
20230117:0010,0.0,0.0,0.0,0.62,0.69,0.0
20230117:0110,0.0,0.0,0.0,0.45,0.69,0.0
20230117:0210,0.0,0.0,0.0,0.02,0.69,0.0
20230117:0310,0.0,0.0,0.0,-2.03,0.97,0.0
20230117:0410,0.0,0.0,0.0,-1.76,1.03,0.0
20230117:0510,0.0,0.0,0.0,-1.79,0.97,0.0
20230117:0610,0.0,0.0,0.0,-1.77,1.52,0.0
20230117:0710,0.0,0.0,0.0,-1.16,1.45,0.0
20230117:0810,40.62,53.96,8.94,-0.89,1.24,0.0
20230117:0910,57.4,71.0,15.79,-0.13,1.17,0.0
20230117:1010,26.84,39.8,20.66,0.53,0.97,0.0
20230117:1110,56.98,70.86,23.08,0.74,0.76,0.0
20230117:1210,46.33,60.18,22.79,0.94,0.97,0.0
20230117:1310,95.81,108.87,19.81,1.04,1.1,0.0
20230117:1410,42.91,56.8,14.47,1.36,0.76,0.0
20230117:1510,13.28,24.61,7.27,1.38,0.55,0.0
20230117:1610,0.0,0.0,0.0,1.03,0.55,0.0
20230117:1710,0.0,0.0,0.0,1.04,0.41,0.0
20230117:1810,0.0,0.0,0.0,1.04,0.34,0.0
20230117:1910,0.0,0.0,0.0,0.8,0.83,0.0
20230117:2010,0.0,0.0,0.0,1.33,0.62,0.0
20230117:2110,0.0,0.0,0.0,1.67,0.28,0.0
20230117:2210,0.0,0.0,0.0,1.59,0.28,0.0
20230117:2310,0.0,0.0,0.0,1.48,0.34,0.0
20230118:0010,0.0,0.0,0.0,1.24,0.28,0.0
20230118:0110,0.0,0.0,0.0,0.98,0.34,0.0
20230118:0210,0.0,0.0,0.0,0.18,0.28,0.0
20230118:0310,0.0,0.0,0.0,-1.12,0.69,0.0
20230118:0410,0.0,0.0,0.0,-1.11,0.83,0.0
20230118:0510,0.0,0.0,0.0,-1.15,0.9,0.0
20230118:0610,0.0,0.0,0.0,-1.24,1.03,0.0
20230118:0710,0.0,0.0,0.0,-2.1,0.97,0.0
20230118:0810,20.15,32.19,9.07,-1.75,1.1,0.0
20230118:0910,27.82,40.71,15.93,-0.43,1.1,0.0
20230118:1010,20.11,53.53,20.83,1.04,0.97,0.0
20230118:1110,20.59,58.95,23.28,2.32,0.55,0.0
20230118:1210,16.84,43.11,23.0,3.45,0.55,0.0
20230118:1310,103.08,117.39,20.02,4.0,0.62,0.0
20230118:1410,49.6,64.38,14.69,4.33,0.41,0.0
20230118:1510,20.36,33.13,7.48,4.14,0.41,0.0
20230118:1610,0.0,0.0,0.0,3.31,0.76,0.0
20230118:1710,0.0,0.0,0.0,3.34,0.62,0.0
20230118:1810,0.0,0.0,0.0,2.95,0.28,0.0
20230118:1910,0.0,0.0,0.0,1.71,0.83,0.0
20230118:2010,0.0,0.0,0.0,1.53,1.17,0.0
20230118:2110,0.0,0.0,0.0,0.52,1.38,0.0
20230118:2210,0.0,0.0,0.0,-0.62,1.72,0.0
20230118:2310,0.0,0.0,0.0,-0.97,1.86,0.0
20230119:0010,0.0,0.0,0.0,-0.93,2.07,0.0
20230119:0110,0.0,0.0,0.0,-0.9,2.21,0.0
20230119:0210,0.0,0.0,0.0,-0.62,2.34,0.0
20230119:0310,0.0,0.0,0.0,-0.38,2.48,0.0
20230119:0410,0.0,0.0,0.0,-0.26,2.55,0.0
20230119:0510,0.0,0.0,0.0,-0.73,2.55,0.0
20230119:0610,0.0,0.0,0.0,-0.79,2.55,0.0
20230119:0710,0.0,0.0,0.0,-1.02,2.62,0.0
20230119:0810,27.03,39.76,9.2,-0.91,2.34,0.0
20230119:0910,74.97,88.14,16.09,-0.06,2.34,0.0
20230119:1010,110.11,122.2,21.01,0.53,2.14,0.0
20230119:1110,84.72,98.03,23.48,1.08,1.93,0.0
20230119:1210,125.49,137.52,23.21,1.55,1.72,0.0
20230119:1310,99.43,112.66,20.24,1.89,1.52,0.0
20230119:1410,80.83,94.67,14.9,1.91,1.24,0.0
20230119:1510,31.06,44.5,7.69,1.63,0.83,0.0
20230119:1610,0.0,0.0,0.0,1.78,0.48,0.0
20230119:1710,0.0,0.0,0.0,1.66,0.14,0.0
20230119:1810,0.0,0.0,0.0,1.33,0.21,0.0
20230119:1910,0.0,0.0,0.0,-0.79,1.1,0.0
20230119:2010,0.0,0.0,0.0,-0.51,1.1,0.0
20230119:2110,0.0,0.0,0.0,-1.2,1.17,0.0
20230119:2210,0.0,0.0,0.0,-1.91,1.24,0.0
20230119:2310,0.0,0.0,0.0,-2.77,1.17,0.0
20230120:0010,0.0,0.0,0.0,-2.98,1.24,0.0
20230120:0110,0.0,0.0,0.0,-3.76,1.38,0.0
20230120:0210,0.0,0.0,0.0,-3.74,1.59,0.0
20230120:0310,0.0,0.0,0.0,-3.84,1.79,0.0
20230120:0410,0.0,0.0,0.0,-4.19,1.86,0.0
20230120:0510,0.0,0.0,0.0,-4.17,1.86,0.0
20230120:0610,0.0,0.0,0.0,-4.08,1.79,0.0
20230120:0710,0.0,0.0,0.0,-4.02,2.0,0.0
20230120:0810,17.77,29.35,9.34,-3.34,2.0,0.0
20230120:0910,7.94,23.39,16.25,-1.78,2.07,0.0
20230120:1010,20.74,59.01,21.19,-0.11,2.14,0.0
20230120:1110,24.0,66.84,23.69,1.06,2.34,0.0
20230120:1210,18.92,50.6,23.43,1.74,2.55,0.0
20230120:1310,48.45,62.48,20.47,1.94,2.69,0.0
20230120:1410,18.95,31.24,15.13,1.91,2.76,0.0
20230120:1510,14.08,25.56,7.91,1.5,2.48,0.0
20230120:1610,0.0,0.0,0.0,0.68,2.48,0.0
20230120:1710,0.0,0.0,0.0,-0.14,2.55,0.0
20230120:1810,0.0,0.0,0.0,-0.7,2.55,0.0
20230120:1910,0.0,0.0,0.0,-0.9,2.69,0.0
20230120:2010,0.0,0.0,0.0,-1.23,2.55,0.0
20230120:2110,0.0,0.0,0.0,-1.42,2.55,0.0
20230120:2210,0.0,0.0,0.0,-1.56,2.48,0.0
20230120:2310,0.0,0.0,0.0,-1.85,2.48,0.0
20230121:0010,0.0,0.0,0.0,-2.07,2.41,0.0
20230121:0110,0.0,0.0,0.0,-2.47,2.48,0.0
20230121:0210,0.0,0.0,0.0,-2.88,2.55,0.0
20230121:0310,0.0,0.0,0.0,-3.27,2.34,0.0
20230121:0410,0.0,0.0,0.0,-3.6,2.34,0.0
20230121:0510,0.0,0.0,0.0,-3.79,2.34,0.0
20230121:0610,0.0,0.0,0.0,-3.88,2.41,0.0
20230121:0710,0.0,0.0,0.0,-3.07,2.55,0.0
20230121:0810,16.86,28.4,9.48,-2.51,2.62,0.0
20230121:0910,6.97,25.2,16.42,-1.21,2.69,0.0
20230121:1010,23.23,63.51,21.39,0.22,2.83,0.0
20230121:1110,54.67,93.99,23.9,1.35,2.9,0.0
20230121:1210,31.67,65.12,23.66,2.07,2.9,0.0
20230121:1310,48.34,62.48,20.7,2.46,3.03,0.0
20230121:1410,46.47,60.59,15.35,2.47,2.76,0.0
20230121:1510,15.64,27.45,8.13,2.06,2.34,0.0
20230121:1610,0.0,0.0,0.0,1.31,2.34,0.0
20230121:1710,0.0,0.0,0.0,0.54,2.41,0.0
20230121:1810,0.0,0.0,0.0,0.07,2.48,0.0
20230121:1910,0.0,0.0,0.0,0.14,2.76,0.0
20230121:2010,0.0,0.0,0.0,-0.21,2.76,0.0
20230121:2110,0.0,0.0,0.0,-0.59,2.55,0.0
20230121:2210,0.0,0.0,0.0,-0.99,2.48,0.0
20230121:2310,0.0,0.0,0.0,-1.38,2.41,0.0
20230122:0010,0.0,0.0,0.0,-1.67,2.34,0.0
20230122:0110,0.0,0.0,0.0,-1.94,2.28,0.0
20230122:0210,0.0,0.0,0.0,-2.02,2.28,0.0
20230122:0310,0.0,0.0,0.0,-2.02,2.28,0.0
20230122:0410,0.0,0.0,0.0,-2.21,2.21,0.0
20230122:0510,0.0,0.0,0.0,-2.4,2.14,0.0
20230122:0610,0.0,0.0,0.0,-2.63,2.14,0.0
20230122:0710,0.0,0.0,0.0,-2.1,2.0,0.0
20230122:0810,54.0,67.22,9.64,-1.49,2.0,0.0
20230122:0910,32.35,53.79,16.6,-0.27,1.93,0.0
20230122:1010,31.11,71.99,21.59,0.75,1.93,0.0
20230122:1110,133.22,158.43,24.12,2.0,1.86,0.0
20230122:1210,20.07,57.09,23.89,2.86,1.66,0.0
20230122:1310,37.94,52.07,20.93,3.51,1.52,0.0
20230122:1410,30.75,44.5,15.58,3.74,1.38,0.0
20230122:1510,12.35,23.67,8.35,3.43,1.1,0.0
20230122:1610,0.0,0.0,0.0,2.09,1.1,0.0
20230122:1710,0.0,0.0,0.0,1.48,1.17,0.0
20230122:1810,0.0,0.0,0.0,0.56,1.31,0.0
20230122:1910,0.0,0.0,0.0,2.6,0.34,0.0
20230122:2010,0.0,0.0,0.0,2.3,0.55,0.0
20230122:2110,0.0,0.0,0.0,1.34,0.9,0.0
20230122:2210,0.0,0.0,0.0,0.01,1.31,0.0
20230122:2310,0.0,0.0,0.0,-1.1,1.52,0.0
20230123:0010,0.0,0.0,0.0,-2.6,1.86,0.0
20230123:0110,0.0,0.0,0.0,-3.23,1.93,0.0
20230123:0210,0.0,0.0,0.0,-3.75,1.93,0.0
20230123:0310,0.0,0.0,0.0,-3.82,1.93,0.0
20230123:0410,0.0,0.0,0.0,-3.74,2.0,0.0
20230123:0510,0.0,0.0,0.0,-3.15,1.93,0.0
20230123:0610,0.0,0.0,0.0,-2.95,1.93,0.0
20230123:0710,0.0,0.0,0.0,-1.27,2.07,0.0
20230123:0810,53.78,67.22,9.79,-0.65,1.93,0.0
20230123:0910,71.83,91.58,16.78,0.43,1.45,0.0
20230123:1010,130.37,152.29,21.79,1.4,1.31,0.0
20230123:1110,170.29,182.98,24.34,2.3,1.24,0.0
20230123:1210,107.63,121.33,24.13,3.07,0.76,0.0
20230123:1310,144.47,157.15,21.17,3.27,0.55,0.0
20230123:1410,71.35,86.15,15.82,3.9,0.62,0.0
20230123:1510,37.81,52.07,8.58,3.98,0.48,0.0
20230123:1610,0.0,0.0,0.0,3.33,0.76,0.0
20230123:1710,0.0,0.0,0.0,2.14,1.1,0.0
20230123:1810,0.0,0.0,0.0,1.17,1.31,0.0
20230123:1910,0.0,0.0,0.0,1.44,1.38,0.0
20230123:2010,0.0,0.0,0.0,0.95,1.45,0.0
20230123:2110,0.0,0.0,0.0,0.95,1.38,0.0
20230123:2210,0.0,0.0,0.0,0.89,1.24,0.0
20230123:2310,0.0,0.0,0.0,0.74,1.17,0.0
20230124:0010,0.0,0.0,0.0,0.76,1.1,0.0
20230124:0110,0.0,0.0,0.0,0.75,1.03,0.0
20230124:0210,0.0,0.0,0.0,0.62,1.1,0.0
20230124:0310,0.0,0.0,0.0,0.25,1.24,0.0
20230124:0410,0.0,0.0,0.0,0.0,1.24,0.0
20230124:0510,0.0,0.0,0.0,-0.34,1.31,0.0
20230124:0610,0.0,0.0,0.0,-0.65,1.38,0.0
20230124:0710,0.0,0.0,0.0,-1.48,1.52,0.0
20230124:0810,37.93,51.12,9.96,-1.27,1.38,0.0
20230124:0910,23.91,50.33,16.97,1.81,1.03,0.0
20230124:1010,102.15,132.91,22.0,4.8,0.83,0.0
20230124:1110,35.87,85.3,24.58,6.56,0.48,0.0
20230124:1210,26.35,67.82,24.37,7.2,0.28,0.0
20230124:1310,11.81,24.06,21.42,7.41,0.62,0.0
20230124:1410,27.56,41.66,16.06,7.48,0.48,0.0
20230124:1510,15.21,27.45,8.81,6.96,0.48,0.0
20230124:1610,0.0,0.0,0.0,6.6,0.55,0.0
20230124:1710,0.0,0.0,0.0,5.69,0.34,0.0
20230124:1810,0.0,0.0,0.0,4.95,0.34,0.0
20230124:1910,0.0,0.0,0.0,3.28,1.03,0.0
20230124:2010,0.0,0.0,0.0,1.84,1.24,0.0
20230124:2110,0.0,0.0,0.0,1.21,1.24,0.0
20230124:2210,0.0,0.0,0.0,0.87,1.24,0.0
20230124:2310,0.0,0.0,0.0,-0.64,1.31,0.0
20230125:0010,0.0,0.0,0.0,-1.48,1.24,0.0
20230125:0110,0.0,0.0,0.0,-1.81,1.17,0.0
20230125:0210,0.0,0.0,0.0,-1.87,1.1,0.0
20230125:0310,0.0,0.0,0.0,-2.04,1.1,0.0
20230125:0410,0.0,0.0,0.0,-2.13,1.03,0.0
20230125:0510,0.0,0.0,0.0,-2.04,1.03,0.0
20230125:0610,0.0,0.0,0.0,-2.19,1.03,0.0
20230125:0710,0.0,0.95,1.65,-1.63,1.24,0.0
20230125:0810,54.79,68.16,10.13,-1.09,1.03,0.0
20230125:0910,105.59,122.84,17.16,2.09,0.62,0.0
20230125:1010,39.61,85.2,22.22,4.62,0.28,0.0
20230125:1110,83.39,124.2,24.81,5.58,1.1,0.0
20230125:1210,81.7,116.68,24.62,6.06,1.52,0.0
20230125:1310,64.48,82.69,21.67,6.16,1.52,0.0
20230125:1410,42.95,57.75,16.31,5.61,1.24,0.0
20230125:1510,21.93,35.03,9.05,5.15,0.9,0.0
20230125:1610,0.0,0.0,0.0,4.42,0.55,0.0
20230125:1710,0.0,0.0,0.0,4.5,0.34,0.0
20230125:1810,0.0,0.0,0.0,4.24,0.28,0.0
20230125:1910,0.0,0.0,0.0,4.37,0.07,0.0
20230125:2010,0.0,0.0,0.0,4.05,0.14,0.0
20230125:2110,0.0,0.0,0.0,3.7,0.21,0.0
20230125:2210,0.0,0.0,0.0,3.34,0.34,0.0
20230125:2310,0.0,0.0,0.0,2.53,0.62,0.0
20230126:0010,0.0,0.0,0.0,1.75,0.76,0.0
20230126:0110,0.0,0.0,0.0,1.57,0.76,0.0
20230126:0210,0.0,0.0,0.0,1.63,0.69,0.0
20230126:0310,0.0,0.0,0.0,2.02,0.41,0.0
20230126:0410,0.0,0.0,0.0,2.11,0.14,0.0
20230126:0510,0.0,0.0,0.0,2.02,0.07,0.0
20230126:0610,0.0,0.0,0.0,1.93,0.34,0.0
20230126:0710,0.0,0.95,1.8,1.4,0.34,0.0
20230126:0810,55.03,69.11,10.31,1.35,0.41,0.0
20230126:0910,110.28,124.34,17.36,1.87,0.83,0.0
20230126:1010,154.95,168.4,22.45,2.03,0.83,0.0
20230126:1110,91.93,105.8,25.06,2.41,0.62,0.0
20230126:1210,85.78,99.97,24.87,2.72,0.41,0.0
20230126:1310,111.1,127.98,21.92,3.15,0.41,0.0
20230126:1410,42.45,56.8,16.55,3.44,0.48,0.0
20230126:1510,17.12,29.35,9.28,3.55,0.55,0.0
20230126:1610,0.0,0.0,0.0,3.24,0.69,0.0
20230126:1710,0.0,0.0,0.0,2.57,0.69,0.0
20230126:1810,0.0,0.0,0.0,2.36,0.62,0.0
20230126:1910,0.0,0.0,0.0,2.51,0.62,0.0
20230126:2010,0.0,0.0,0.0,0.59,0.62,0.0
20230126:2110,0.0,0.0,0.0,-0.6,0.83,0.0
20230126:2210,0.0,0.0,0.0,0.15,0.69,0.0
20230126:2310,0.0,0.0,0.0,0.31,0.69,0.0
20230127:0010,0.0,0.0,0.0,0.33,0.76,0.0
20230127:0110,0.0,0.0,0.0,0.24,0.69,0.0
20230127:0210,0.0,0.0,0.0,0.47,0.76,0.0
20230127:0310,0.0,0.0,0.0,0.19,0.76,0.0
20230127:0410,0.0,0.0,0.0,0.16,0.83,0.0
20230127:0510,0.0,0.0,0.0,-0.23,0.9,0.0
20230127:0610,0.0,0.0,0.0,-0.19,0.97,0.0
20230127:0710,0.0,1.89,1.97,0.22,1.1,0.0
20230127:0810,49.69,63.43,10.49,0.4,1.31,0.0
20230127:0910,61.97,75.71,17.57,0.53,1.17,0.0
20230127:1010,60.95,74.74,22.68,0.69,1.24,0.0
20230127:1110,70.71,84.44,25.31,0.97,1.24,0.0
20230127:1210,67.65,81.53,25.13,1.25,1.17,0.0
20230127:1310,60.72,74.74,22.18,1.45,1.17,0.0
20230127:1410,42.87,56.8,16.81,1.65,1.1,0.0
20230127:1510,10.17,20.83,9.53,1.56,1.03,0.0
20230127:1610,0.0,0.0,0.0,1.18,0.83,0.0
20230127:1710,0.0,0.0,0.0,0.38,0.69,0.0
20230127:1810,0.0,0.0,0.0,0.71,0.48,0.0
20230127:1910,0.0,0.0,0.0,1.39,0.83,0.0
20230127:2010,0.0,0.0,0.0,0.84,0.83,0.0
20230127:2110,0.0,0.0,0.0,0.4,0.83,0.0
20230127:2210,0.0,0.0,0.0,0.31,0.69,0.0
20230127:2310,0.0,0.0,0.0,0.27,0.69,0.0
20230128:0010,0.0,0.0,0.0,0.16,0.69,0.0
20230128:0110,0.0,0.0,0.0,0.32,0.55,0.0
20230128:0210,0.0,0.0,0.0,0.33,0.48,0.0
20230128:0310,0.0,0.0,0.0,0.32,0.48,0.0
20230128:0410,0.0,0.0,0.0,0.43,0.34,0.0
20230128:0510,0.0,0.0,0.0,0.51,0.14,0.0
20230128:0610,0.0,0.0,0.0,0.53,0.0,0.0
20230128:0710,1.02,7.57,2.13,-1.46,0.97,0.0
20230128:0810,22.58,35.03,10.68,-0.51,0.76,0.0
20230128:0910,21.32,58.15,17.78,0.92,0.69,0.0
20230128:1010,41.94,93.62,22.91,2.05,0.55,0.0
20230128:1110,45.31,101.39,25.56,2.6,0.69,0.0
20230128:1210,33.09,83.51,25.4,3.68,0.83,0.0
20230128:1310,14.24,40.86,22.45,4.19,0.83,0.0
20230128:1410,30.59,44.5,17.06,4.64,0.69,0.0
20230128:1510,14.62,26.51,9.77,4.49,0.55,0.0
20230128:1610,0.0,0.0,0.0,3.45,0.76,0.0
20230128:1710,0.0,0.0,0.0,3.35,0.62,0.0
20230128:1810,0.0,0.0,0.0,2.74,0.28,0.0
20230128:1910,0.0,0.0,0.0,2.11,0.21,0.0
20230128:2010,0.0,0.0,0.0,1.99,0.21,0.0
20230128:2110,0.0,0.0,0.0,1.91,0.41,0.0
20230128:2210,0.0,0.0,0.0,1.76,0.62,0.0
20230128:2310,0.0,0.0,0.0,1.53,0.69,0.0
20230129:0010,0.0,0.0,0.0,1.33,0.83,0.0
20230129:0110,0.0,0.0,0.0,1.01,0.83,0.0
20230129:0210,0.0,0.0,0.0,0.3,0.97,0.0
20230129:0310,0.0,0.0,0.0,-0.29,0.97,0.0
20230129:0410,0.0,0.0,0.0,-1.16,1.1,0.0
20230129:0510,0.0,0.0,0.0,-1.39,1.03,0.0
20230129:0610,0.0,0.0,0.0,-1.57,1.03,0.0
20230129:0710,1.55,8.52,2.31,-2.13,1.17,0.0
20230129:0810,24.45,36.92,10.87,-1.56,0.97,0.0
20230129:0910,24.22,63.05,18.0,0.87,0.48,0.0
20230129:1010,46.88,99.45,23.16,2.66,0.21,0.0
20230129:1110,49.87,106.91,25.82,3.69,0.62,0.0
20230129:1210,38.78,90.3,25.67,4.32,0.69,0.0
20230129:1310,17.82,47.82,22.72,4.55,0.76,0.0
20230129:1410,30.61,44.5,17.32,4.52,0.76,0.0
20230129:1510,34.18,48.28,10.02,4.33,0.9,0.0
20230129:1610,0.0,0.0,0.0,3.2,0.83,0.0
20230129:1710,0.0,0.0,0.0,3.14,0.62,0.0
20230129:1810,0.0,0.0,0.0,2.64,0.41,0.0
20230129:1910,0.0,0.0,0.0,2.37,0.14,0.0
20230129:2010,0.0,0.0,0.0,2.03,0.21,0.0
20230129:2110,0.0,0.0,0.0,1.8,0.21,0.0
20230129:2210,0.0,0.0,0.0,1.7,0.07,0.0
20230129:2310,0.0,0.0,0.0,1.53,0.34,0.0
20230130:0010,0.0,0.0,0.0,0.13,0.69,0.0
20230130:0110,0.0,0.0,0.0,-1.45,1.03,0.0
20230130:0210,0.0,0.0,0.0,-1.41,1.17,0.0
20230130:0310,0.0,0.0,0.0,-1.43,1.17,0.0
20230130:0410,0.0,0.0,0.0,-1.12,1.1,0.0
20230130:0510,0.0,0.0,0.0,-0.79,0.97,0.0
20230130:0610,0.0,0.0,0.0,-0.67,1.03,0.0
20230130:0710,3.3,11.36,2.49,-1.61,1.1,0.0
20230130:0810,66.16,79.52,11.07,-0.59,0.9,0.0
20230130:0910,41.99,79.75,18.22,2.09,0.55,0.0
20230130:1010,48.1,103.3,23.4,4.23,0.28,0.0
20230130:1110,54.37,112.96,26.09,5.66,0.48,0.0
20230130:1210,39.74,94.29,25.94,6.72,0.69,0.0
20230130:1310,16.28,50.03,22.99,7.52,0.83,0.0
20230130:1410,28.35,42.6,17.58,8.0,0.83,0.0
20230130:1510,14.36,26.51,10.27,7.8,0.83,0.0
20230130:1610,0.0,0.0,0.0,6.45,0.9,0.0
20230130:1710,0.0,0.0,0.0,5.0,1.17,0.0
20230130:1810,0.0,0.0,0.0,2.97,1.59,0.0
20230130:1910,0.0,0.0,0.0,2.22,1.79,0.0
20230130:2010,0.0,0.0,0.0,1.67,1.86,0.0
20230130:2110,0.0,0.0,0.0,1.38,1.86,0.0
20230130:2210,0.0,0.0,0.0,1.21,1.79,0.0
20230130:2310,0.0,0.0,0.0,0.71,1.93,0.0
20230131:0010,0.0,0.0,0.0,0.43,2.07,0.0
20230131:0110,0.0,0.0,0.0,0.39,2.14,0.0
20230131:0210,0.0,0.0,0.0,0.3,2.07,0.0
20230131:0310,0.0,0.0,0.0,0.14,1.93,0.0
20230131:0410,0.0,0.0,0.0,-0.15,1.86,0.0
20230131:0510,0.0,0.0,0.0,-0.3,1.79,0.0
20230131:0610,0.0,0.0,0.0,-0.59,1.79,0.0
20230131:0710,3.29,11.36,2.67,-0.87,1.79,0.0
20230131:0810,20.02,32.19,11.28,-0.47,1.66,0.0
20230131:0910,24.73,69.46,18.45,2.64,1.38,0.0
20230131:1010,48.65,106.35,23.66,4.39,1.24,0.0
20230131:1110,56.72,117.08,26.36,5.94,1.03,0.0
20230131:1210,41.96,98.8,26.22,7.09,0.9,0.0
20230131:1310,20.19,57.02,23.27,7.87,0.69,0.0
20230131:1410,30.04,44.5,17.85,8.1,0.55,0.0
20230131:1510,14.36,26.51,10.52,7.8,0.48,0.0
20230131:1610,0.0,3.79,1.8,6.49,0.69,0.0
20230131:1710,0.0,0.0,0.0,5.95,0.62,0.0
20230131:1810,0.0,0.0,0.0,5.15,0.55,0.0
20230131:1910,0.0,0.0,0.0,5.55,0.83,0.0
20230131:2010,0.0,0.0,0.0,4.35,1.1,0.0
20230131:2110,0.0,0.0,0.0,3.26,1.31,0.0
20230131:2210,0.0,0.0,0.0,2.38,1.38,0.0
20230131:2310,0.0,0.0,0.0,1.86,1.52,0.0
20230201:0010,0.0,0.0,0.0,1.41,1.59,0.0
20230201:0110,0.0,0.0,0.0,0.69,1.72,0.0
20230201:0210,0.0,0.0,0.0,0.18,1.86,0.0
20230201:0310,0.0,0.0,0.0,-0.29,1.86,0.0
20230201:0410,0.0,0.0,0.0,-0.62,1.93,0.0
20230201:0510,0.0,0.0,0.0,-0.64,1.86,0.0
20230201:0610,0.0,0.0,0.0,-0.66,1.72,0.0
20230201:0710,4.58,13.25,2.87,-1.14,1.86,0.0
20230201:0810,13.23,25.71,11.49,-0.27,1.66,0.0
20230201:0910,33.86,79.3,18.69,3.86,1.31,0.0
20230201:1010,61.34,117.46,23.92,6.42,1.31,0.0
20230201:1110,68.34,127.75,26.64,8.11,1.45,0.0
20230201:1210,53.31,109.93,26.51,9.01,1.66,0.0
20230201:1310,27.68,67.35,23.55,9.46,1.72,0.0
20230201:1410,37.7,53.02,18.12,9.48,1.66,0.0
20230201:1510,23.18,36.92,10.77,8.78,1.31,0.0
20230201:1610,0.0,4.73,2.04,6.54,1.38,0.0
20230201:1710,0.0,0.0,0.0,5.08,1.45,0.0
20230201:1810,0.0,0.0,0.0,3.75,1.66,0.0
20230201:1910,0.0,0.0,0.0,2.92,1.79,0.0
20230201:2010,0.0,0.0,0.0,2.15,1.79,0.0
20230201:2110,0.0,0.0,0.0,1.14,2.0,0.0
20230201:2210,0.0,0.0,0.0,0.54,2.07,0.0
20230201:2310,0.0,0.0,0.0,0.19,2.14,0.0
20230202:0010,0.0,0.0,0.0,-0.03,2.21,0.0
20230202:0110,0.0,0.0,0.0,-0.06,2.21,0.0
20230202:0210,0.0,0.0,0.0,-0.05,2.21,0.0
20230202:0310,0.0,0.0,0.0,-0.11,2.21,0.0
20230202:0410,0.0,0.0,0.0,-0.27,2.21,0.0
20230202:0510,0.0,0.0,0.0,-0.49,2.21,0.0
20230202:0610,0.0,0.0,0.0,-0.7,2.21,0.0
20230202:0710,5.9,15.15,3.06,-0.09,2.0,0.0
20230202:0810,14.34,30.06,11.71,0.78,1.93,0.0
20230202:0910,34.69,82.46,18.93,4.58,1.72,0.0
20230202:1010,62.92,120.67,24.18,6.65,1.93,0.0
20230202:1110,71.4,131.7,26.92,8.08,2.0,0.0
20230202:1210,54.38,112.91,26.8,9.21,2.14,0.0
20230202:1310,28.83,71.17,23.83,9.56,2.21,0.0
20230202:1410,40.35,55.86,18.39,9.61,2.21,0.0
20230202:1510,24.0,37.87,11.03,9.0,1.93,0.0
20230202:1610,0.92,7.57,2.29,7.32,1.86,0.0
20230202:1710,0.0,0.0,0.0,5.06,1.86,0.0
20230202:1810,0.0,0.0,0.0,3.29,1.93,0.0
20230202:1910,0.0,0.0,0.0,2.8,2.21,0.0
20230202:2010,0.0,0.0,0.0,2.26,2.14,0.0
20230202:2110,0.0,0.0,0.0,1.94,2.07,0.0
20230202:2210,0.0,0.0,0.0,1.42,2.14,0.0
20230202:2310,0.0,0.0,0.0,0.84,2.21,0.0
20230203:0010,0.0,0.0,0.0,0.58,2.34,0.0
20230203:0110,0.0,0.0,0.0,0.39,2.41,0.0
20230203:0210,0.0,0.0,0.0,0.41,2.34,0.0
20230203:0310,0.0,0.0,0.0,0.14,2.34,0.0
20230203:0410,0.0,0.0,0.0,-0.06,2.34,0.0
20230203:0510,0.0,0.0,0.0,-0.34,2.28,0.0
20230203:0610,0.0,0.0,0.0,-0.84,2.21,0.0
20230203:0710,2.67,10.41,3.27,-0.49,2.28,0.0
20230203:0810,17.59,36.39,11.93,0.53,2.07,0.0
20230203:0910,40.27,89.0,19.18,4.62,1.79,0.0
20230203:1010,74.19,130.33,24.45,6.93,1.66,0.0
20230203:1110,78.36,138.96,27.21,8.8,1.45,0.0
20230203:1210,63.42,121.87,27.09,10.19,1.24,0.0
20230203:1310,32.24,77.45,24.12,11.05,1.17,0.0
20230203:1410,79.06,96.56,18.67,11.37,1.24,0.0
20230203:1510,57.18,73.84,11.29,10.56,1.03,0.0
20230203:1610,1.93,9.47,2.53,8.87,1.1,0.0
20230203:1710,0.0,0.0,0.0,7.77,1.31,0.0
20230203:1810,0.0,0.0,0.0,6.04,1.52,0.0
20230203:1910,0.0,0.0,0.0,4.53,1.93,0.0
20230203:2010,0.0,0.0,0.0,3.49,2.07,0.0
20230203:2110,0.0,0.0,0.0,2.67,2.14,0.0
20230203:2210,0.0,0.0,0.0,2.16,2.21,0.0
20230203:2310,0.0,0.0,0.0,1.68,2.28,0.0
20230204:0010,0.0,0.0,0.0,1.49,2.34,0.0
20230204:0110,0.0,0.0,0.0,1.61,2.28,0.0
20230204:0210,0.0,0.0,0.0,1.63,2.28,0.0
20230204:0310,0.0,0.0,0.0,2.06,2.21,0.0
20230204:0410,0.0,0.0,0.0,2.29,2.14,0.0
20230204:0510,0.0,0.0,0.0,2.25,2.07,0.0
20230204:0610,0.0,0.0,0.0,2.45,2.07,0.0
20230204:0710,5.8,15.15,3.48,2.45,2.21,0.0
20230204:0810,18.25,40.06,12.16,3.74,2.07,0.0
20230204:0910,46.94,95.5,19.43,6.98,1.79,0.0
20230204:1010,73.0,131.91,24.73,10.49,1.86,0.0
20230204:1110,86.56,146.11,27.5,11.5,2.28,0.0
20230204:1210,70.02,128.26,27.39,12.02,2.55,0.0
20230204:1310,36.79,83.46,24.41,12.12,2.55,0.0
20230204:1410,38.12,53.96,18.95,12.02,2.41,0.0
20230204:1510,28.73,43.55,11.55,11.43,2.21,0.0
20230204:1610,3.03,11.36,2.78,10.15,2.14,0.0
20230204:1710,0.0,0.0,0.0,8.24,2.21,0.0
20230204:1810,0.0,0.0,0.0,6.81,2.14,0.0
20230204:1910,0.0,0.0,0.0,6.0,2.69,0.0
20230204:2010,0.0,0.0,0.0,5.01,2.48,0.0
20230204:2110,0.0,0.0,0.0,3.98,2.14,0.0
20230204:2210,0.0,0.0,0.0,4.18,1.66,0.0
20230204:2310,0.0,0.0,0.0,5.45,1.17,0.0
20230205:0010,0.0,0.0,0.0,5.69,0.83,0.0
20230205:0110,0.0,0.0,0.0,4.8,0.41,0.0
20230205:0210,0.0,0.0,0.0,4.18,0.14,0.0
20230205:0310,0.0,0.0,0.0,3.87,0.07,0.0
20230205:0410,0.0,0.0,0.0,3.81,0.14,0.0
20230205:0510,0.0,0.0,0.0,3.5,0.34,0.0
20230205:0610,0.0,0.0,0.0,3.14,0.55,0.0
20230205:0710,5.79,15.15,3.69,2.64,0.83,0.0
20230205:0810,18.28,42.94,12.4,2.06,0.62,0.0
20230205:0910,47.3,98.48,19.69,3.15,0.28,0.0
20230205:1010,78.07,136.97,25.01,4.49,0.83,0.0
20230205:1110,93.62,151.92,27.8,5.52,1.24,0.0
20230205:1210,75.63,133.44,27.69,5.84,1.31,0.0
20230205:1310,43.34,90.77,24.71,5.77,1.45,0.0
20230205:1410,52.13,67.22,19.23,5.68,1.72,0.0
20230205:1510,31.42,45.44,11.82,5.15,1.86,0.0
20230205:1610,4.42,13.25,3.03,4.23,1.52,0.0
20230205:1710,0.0,0.0,0.0,3.31,1.31,0.0
20230205:1810,0.0,0.0,0.0,2.34,1.24,0.0
20230205:1910,0.0,0.0,0.0,1.72,1.38,0.0
20230205:2010,0.0,0.0,0.0,1.49,1.38,0.0
20230205:2110,0.0,0.0,0.0,1.35,1.17,0.0
20230205:2210,0.0,0.0,0.0,1.38,1.03,0.0
20230205:2310,0.0,0.0,0.0,1.04,0.97,0.0
20230206:0010,0.0,0.0,0.0,0.93,0.76,0.0
20230206:0110,0.0,0.0,0.0,0.83,0.76,0.0
20230206:0210,0.0,0.0,0.0,0.27,0.97,0.0
20230206:0310,0.0,0.0,0.0,0.12,0.97,0.0
20230206:0410,0.0,0.0,0.0,0.29,0.9,0.0
20230206:0510,0.0,0.0,0.0,0.29,0.97,0.0
20230206:0610,0.0,0.0,0.0,0.14,0.97,0.0
20230206:0710,0.0,0.0,0.0,0.22,1.1,0.0
20230206:0810,64.12,78.3,12.64,0.76,1.24,0.0
20230206:0910,117.58,130.37,19.95,0.94,1.24,0.0
20230206:1010,109.87,122.3,25.3,0.94,1.24,0.0
20230206:1110,164.7,175.08,28.1,1.09,1.31,0.0
20230206:1210,205.93,217.48,28.0,0.88,1.31,0.0
20230206:1310,69.7,83.47,25.01,1.08,1.38,0.0
20230206:1410,54.1,67.94,19.51,0.8,1.45,0.0
20230206:1510,26.76,39.76,12.08,0.95,1.59,0.0
20230206:1610,0.0,2.84,3.28,0.62,1.66,0.0
20230206:1710,0.0,0.0,0.0,0.24,1.72,0.0
20230206:1810,0.0,0.0,0.0,-0.06,1.72,0.0
20230206:1910,0.0,0.0,0.0,0.36,1.86,0.0
20230206:2010,0.0,0.0,0.0,-0.05,1.72,0.0
20230206:2110,0.0,0.0,0.0,-0.46,1.59,0.0
20230206:2210,0.0,0.0,0.0,-0.74,1.38,0.0
20230206:2310,0.0,0.0,0.0,-0.86,0.76,0.0
20230207:0010,0.0,0.0,0.0,-1.0,0.69,0.0
20230207:0110,0.0,0.0,0.0,-1.3,1.31,0.0
20230207:0210,0.0,0.0,0.0,-1.45,1.31,0.0
20230207:0310,0.0,0.0,0.0,-2.02,1.24,0.0
20230207:0410,0.0,0.0,0.0,-2.17,1.1,0.0
20230207:0510,0.0,0.0,0.0,-1.96,1.03,0.0
20230207:0610,0.0,0.0,0.0,-1.74,1.03,0.0
20230207:0710,8.84,18.93,4.13,-1.67,0.97,0.0
20230207:0810,23.75,53.15,12.88,-0.8,0.62,0.0
20230207:0910,60.78,111.8,20.22,0.78,0.83,0.0
20230207:1010,91.32,149.39,25.59,1.66,0.97,0.0
20230207:1110,99.32,159.88,28.41,2.5,0.97,0.0
20230207:1210,81.42,142.23,28.31,3.13,0.97,0.0
20230207:1310,47.03,99.04,25.31,3.52,0.9,0.0
20230207:1410,19.61,37.43,19.8,3.7,0.9,0.0
20230207:1510,32.55,46.39,12.35,3.5,1.03,0.0
20230207:1610,7.17,17.04,3.53,2.88,1.1,0.0
20230207:1710,0.0,0.0,0.0,1.23,1.24,0.0
20230207:1810,0.0,0.0,0.0,-0.02,1.17,0.0
20230207:1910,0.0,0.0,0.0,-0.62,1.24,0.0
20230207:2010,0.0,0.0,0.0,-0.77,1.1,0.0
20230207:2110,0.0,0.0,0.0,-0.3,0.83,0.0
20230207:2210,0.0,0.0,0.0,-0.31,0.62,0.0
20230207:2310,0.0,0.0,0.0,-0.44,0.34,0.0
20230208:0010,0.0,0.0,0.0,-0.51,0.34,0.0
20230208:0110,0.0,0.0,0.0,-1.01,0.69,0.0
20230208:0210,0.0,0.0,0.0,-1.16,0.76,0.0
20230208:0310,0.0,0.0,0.0,-1.21,0.76,0.0
20230208:0410,0.0,0.0,0.0,-1.08,0.69,0.0
20230208:0510,0.0,0.0,0.0,-0.88,0.69,0.0
20230208:0610,0.0,0.0,0.0,-0.77,0.55,0.0
20230208:0710,9.54,19.88,4.36,-0.65,0.21,0.0
20230208:0810,41.27,69.7,13.13,-0.57,0.28,0.0
20230208:0910,73.37,122.09,20.5,0.18,0.83,0.0
20230208:1010,133.11,176.96,25.89,0.97,1.03,0.0
20230208:1110,102.89,164.53,28.72,1.56,1.1,0.0
20230208:1210,87.11,147.82,28.63,1.69,1.24,0.0
20230208:1310,52.7,105.49,25.62,1.87,1.17,0.0
20230208:1410,23.11,44.69,20.09,1.78,1.1,0.0
20230208:1510,40.18,53.96,12.62,1.32,1.1,0.0
20230208:1610,7.26,17.04,3.78,0.79,1.03,0.0
20230208:1710,0.0,0.0,0.0,0.04,1.1,0.0
20230208:1810,0.0,0.0,0.0,-0.97,1.17,0.0
20230208:1910,0.0,0.0,0.0,-1.44,0.97,0.0
20230208:2010,0.0,0.0,0.0,-1.97,1.03,0.0
20230208:2110,0.0,0.0,0.0,-2.06,1.03,0.0
20230208:2210,0.0,0.0,0.0,-2.1,1.17,0.0
20230208:2310,0.0,0.0,0.0,-1.69,1.17,0.0
20230209:0010,0.0,0.0,0.0,-1.87,1.17,0.0
20230209:0110,0.0,0.0,0.0,-2.04,1.1,0.0
20230209:0210,0.0,0.0,0.0,-2.27,1.1,0.0
20230209:0310,0.0,0.0,0.0,-2.53,1.1,0.0
20230209:0410,0.0,0.0,0.0,-2.71,0.97,0.0
20230209:0510,0.0,0.0,0.0,-2.9,0.76,0.0
20230209:0610,0.0,0.0,0.0,-3.05,0.69,0.0
20230209:0710,14.41,25.56,4.6,-2.96,0.55,0.0
20230209:0810,76.81,90.14,13.39,-2.69,0.69,0.0
20230209:0910,138.56,149.49,20.78,-2.05,1.03,0.0
20230209:1010,107.16,162.41,26.19,-1.67,1.1,0.0
20230209:1110,122.77,177.09,29.04,-1.32,1.1,0.0
20230209:1210,98.94,156.53,28.95,-1.33,0.97,0.0
20230209:1310,57.14,110.92,25.93,-0.51,0.83,0.0
20230209:1410,25.67,50.59,20.38,-0.27,0.55,0.0
20230209:1510,34.96,48.28,12.89,-0.23,0.55,0.0
20230209:1610,10.29,20.83,4.03,-0.44,0.48,0.0
20230209:1710,0.0,0.0,0.0,-1.45,0.69,0.0
20230209:1810,0.0,0.0,0.0,-1.11,0.55,0.0
20230209:1910,0.0,0.0,0.0,-0.68,0.48,0.0
20230209:2010,0.0,0.0,0.0,-0.85,0.41,0.0
20230209:2110,0.0,0.0,0.0,-0.99,0.34,0.0
20230209:2210,0.0,0.0,0.0,-1.17,0.28,0.0
20230209:2310,0.0,0.0,0.0,-1.24,0.28,0.0
20230210:0010,0.0,0.0,0.0,-1.32,0.21,0.0
20230210:0110,0.0,0.0,0.0,-1.35,0.21,0.0
20230210:0210,0.0,0.0,0.0,-1.51,0.34,0.0
20230210:0310,0.0,0.0,0.0,-1.59,0.41,0.0
20230210:0410,0.0,0.0,0.0,-3.36,0.76,0.0
20230210:0510,0.0,0.0,0.0,-3.44,0.97,0.0
20230210:0610,0.0,0.0,0.0,-3.08,1.03,0.0
20230210:0710,8.18,17.99,4.84,-3.35,1.24,0.0
20230210:0810,26.27,64.51,13.65,-1.75,1.03,0.0
20230210:0910,71.65,126.93,21.06,0.66,0.62,0.0
20230210:1010,103.58,165.41,26.49,2.67,0.07,0.0
20230210:1110,111.99,176.22,29.36,4.03,0.48,0.0
20230210:1210,95.4,159.46,29.27,4.91,0.69,0.0
20230210:1310,55.49,114.2,26.24,5.33,0.76,0.0
20230210:1410,22.67,52.11,20.67,5.28,0.76,0.0
20230210:1510,34.09,48.28,13.16,4.86,0.83,0.0
20230210:1610,12.32,23.67,4.29,3.93,0.76,0.0
20230210:1710,0.0,0.0,0.0,3.12,0.41,0.0
20230210:1810,0.0,0.0,0.0,2.41,0.14,0.0
20230210:1910,0.0,0.0,0.0,2.38,0.14,0.0
20230210:2010,0.0,0.0,0.0,2.02,0.41,0.0
20230210:2110,0.0,0.0,0.0,1.6,0.62,0.0
20230210:2210,0.0,0.0,0.0,1.08,0.76,0.0
20230210:2310,0.0,0.0,0.0,0.34,0.83,0.0
20230211:0010,0.0,0.0,0.0,-2.5,1.03,0.0
20230211:0110,0.0,0.0,0.0,-2.68,1.17,0.0
20230211:0210,0.0,0.0,0.0,-2.6,1.38,0.0
20230211:0310,0.0,0.0,0.0,-2.89,1.45,0.0
20230211:0410,0.0,0.0,0.0,-3.0,1.38,0.0
20230211:0510,0.0,0.0,0.0,-3.12,1.38,0.0
20230211:0610,0.0,0.0,0.0,-3.15,1.38,0.0
20230211:0710,9.65,19.88,5.08,-2.66,1.38,0.0
20230211:0810,32.06,70.71,13.91,-1.26,1.1,0.0
20230211:0910,147.03,172.76,21.35,1.86,0.76,0.0
20230211:1010,150.97,194.9,26.8,4.6,0.21,0.0
20230211:1110,122.63,183.27,29.68,6.19,0.28,0.0
20230211:1210,115.29,173.16,29.6,7.23,0.55,0.0
20230211:1310,69.56,125.48,26.55,7.68,0.69,0.0
20230211:1410,33.55,65.64,20.97,7.87,0.76,0.0
20230211:1510,37.14,52.07,13.44,7.6,0.76,0.0
20230211:1610,12.92,24.61,4.54,6.31,0.76,0.0
20230211:1710,0.0,0.0,0.0,5.78,0.48,0.0
20230211:1810,0.0,0.0,0.0,4.92,0.28,0.0
20230211:1910,0.0,0.0,0.0,4.6,0.48,0.0
20230211:2010,0.0,0.0,0.0,3.77,0.83,0.0
20230211:2110,0.0,0.0,0.0,2.44,1.03,0.0
20230211:2210,0.0,0.0,0.0,1.75,1.1,0.0
20230211:2310,0.0,0.0,0.0,1.16,1.24,0.0
20230212:0010,0.0,0.0,0.0,0.78,1.31,0.0
20230212:0110,0.0,0.0,0.0,0.42,1.38,0.0
20230212:0210,0.0,0.0,0.0,0.21,1.45,0.0
20230212:0310,0.0,0.0,0.0,0.14,1.45,0.0
20230212:0410,0.0,0.0,0.0,0.09,1.45,0.0
20230212:0510,0.0,0.0,0.0,0.02,1.45,0.0
20230212:0610,0.0,0.0,0.0,-0.04,1.52,0.0
20230212:0710,11.81,22.72,5.33,-0.04,1.52,0.0
20230212:0810,34.78,75.4,14.18,1.84,1.24,0.0
20230212:0910,77.0,135.18,21.64,6.09,0.9,0.0
20230212:1010,109.54,173.67,27.12,8.76,0.55,0.0
20230212:1110,117.79,184.88,30.01,10.61,0.21,0.0
20230212:1210,100.98,168.24,29.93,11.85,0.14,0.0
20230212:1310,60.62,123.19,26.87,12.5,0.55,0.0
20230212:1410,25.95,62.38,21.26,12.51,1.03,0.0
20230212:1510,31.19,46.39,13.71,11.87,1.24,0.0
20230212:1610,14.95,27.45,4.8,10.29,1.38,0.0
20230212:1710,0.0,0.0,0.0,7.72,1.17,0.0
20230212:1810,0.0,0.0,0.0,7.88,0.69,0.0
20230212:1910,0.0,0.0,0.0,7.89,0.28,0.0
20230212:2010,0.0,0.0,0.0,7.18,0.0,0.0
20230212:2110,0.0,0.0,0.0,6.55,0.21,0.0
20230212:2210,0.0,0.0,0.0,5.9,0.62,0.0
20230212:2310,0.0,0.0,0.0,4.32,1.1,0.0
20230213:0010,0.0,0.0,0.0,2.25,1.24,0.0
20230213:0110,0.0,0.0,0.0,0.89,1.31,0.0
20230213:0210,0.0,0.0,0.0,0.21,1.31,0.0
20230213:0310,0.0,0.0,0.0,-0.16,1.31,0.0
20230213:0410,0.0,0.0,0.0,-0.43,1.31,0.0
20230213:0510,0.0,0.0,0.0,-0.64,1.31,0.0
20230213:0610,0.0,0.0,0.0,-0.85,1.31,0.0
20230213:0710,13.55,24.61,5.59,-2.24,1.24,0.0
20230213:0810,37.12,79.99,14.46,0.23,1.03,0.0
20230213:0910,85.5,142.2,21.94,3.31,0.76,0.0
20230213:1010,116.76,180.15,27.44,6.64,0.0,0.0
20230213:1110,126.98,191.89,30.35,8.07,0.69,0.0
20230213:1210,111.99,176.01,30.26,8.83,0.9,0.0
20230213:1310,65.93,128.9,27.19,9.3,0.9,0.0
20230213:1410,31.19,69.97,21.56,9.48,0.83,0.0
20230213:1510,35.08,50.18,13.99,9.24,0.76,0.0
20230213:1610,16.68,29.35,5.06,8.4,0.76,0.0
20230213:1710,0.0,0.0,0.0,7.72,0.55,0.0
20230213:1810,0.0,0.0,0.0,6.84,0.28,0.0
20230213:1910,0.0,0.0,0.0,6.43,0.07,0.0
20230213:2010,0.0,0.0,0.0,5.65,0.62,0.0
20230213:2110,0.0,0.0,0.0,4.01,1.03,0.0
20230213:2210,0.0,0.0,0.0,2.45,1.17,0.0
20230213:2310,0.0,0.0,0.0,1.21,1.24,0.0
20230214:0010,0.0,0.0,0.0,0.6,1.24,0.0
20230214:0110,0.0,0.0,0.0,-1.22,1.31,0.0
20230214:0210,0.0,0.0,0.0,-2.13,1.24,0.0
20230214:0310,0.0,0.0,0.0,-2.03,1.24,0.0
20230214:0410,0.0,0.0,0.0,-2.02,1.24,0.0
20230214:0510,0.0,0.0,0.0,-2.11,1.31,0.0
20230214:0610,0.0,0.0,0.0,-2.12,1.24,0.0
20230214:0710,13.54,24.61,5.85,-2.07,1.24,0.0
20230214:0810,38.36,84.15,14.74,0.25,1.1,0.0
20230214:0910,90.17,147.94,22.24,3.85,0.97,0.0
20230214:1010,124.74,187.25,27.76,7.28,0.69,0.0
20230214:1110,133.92,199.37,30.68,10.34,0.28,0.0
20230214:1210,126.9,188.86,30.6,12.02,0.28,0.0
20230214:1310,79.78,141.22,27.51,12.83,0.48,0.0
20230214:1410,37.58,79.18,21.86,13.16,0.48,0.0
20230214:1510,36.99,53.02,14.26,12.97,0.55,0.0
20230214:1610,17.99,31.24,5.31,11.35,0.62,0.0
20230214:1710,0.0,0.0,0.0,10.68,0.34,0.0
20230214:1810,0.0,0.0,0.0,9.47,0.41,0.0
20230214:1910,0.0,0.0,0.0,6.01,1.38,0.0
20230214:2010,0.0,0.0,0.0,3.91,1.52,0.0
20230214:2110,0.0,0.0,0.0,2.14,1.59,0.0
20230214:2210,0.0,0.0,0.0,0.96,1.59,0.0
20230214:2310,0.0,0.0,0.0,0.31,1.59,0.0
20230215:0010,0.0,0.0,0.0,-0.21,1.59,0.0
20230215:0110,0.0,0.0,0.0,-0.57,1.66,0.0
20230215:0210,0.0,0.0,0.0,-0.8,1.66,0.0
20230215:0310,0.0,0.0,0.0,-0.88,1.59,0.0
20230215:0410,0.0,0.0,0.0,-0.91,1.59,0.0
20230215:0510,0.0,0.0,0.0,-0.86,1.59,0.0
20230215:0610,0.0,0.0,0.0,-0.88,1.52,0.0
20230215:0710,14.26,25.56,6.11,-1.0,1.59,0.0
20230215:0810,41.57,89.6,15.02,1.4,1.24,0.0
20230215:0910,92.87,153.86,22.55,7.09,0.9,0.0
20230215:1010,127.78,193.72,28.09,10.45,0.41,0.0
20230215:1110,137.54,205.85,31.02,12.55,0.21,0.0
20230215:1210,118.44,187.88,30.93,13.45,0.62,0.0
20230215:1310,73.59,141.28,27.84,13.8,0.69,0.0
20230215:1410,30.91,77.06,22.16,13.82,0.62,0.0
20230215:1510,31.77,47.34,14.54,13.41,0.62,0.0
20230215:1610,11.76,23.67,5.57,12.22,0.55,0.0
20230215:1710,0.0,0.0,0.0,11.31,0.21,0.0
20230215:1810,0.0,0.0,0.0,10.2,0.55,0.0
20230215:1910,0.0,0.0,0.0,8.06,1.24,0.0
20230215:2010,0.0,0.0,0.0,5.29,1.45,0.0
20230215:2110,0.0,0.0,0.0,3.5,1.52,0.0
20230215:2210,0.0,0.0,0.0,2.04,1.52,0.0
20230215:2310,0.0,0.0,0.0,1.13,1.52,0.0
20230216:0010,0.0,0.0,0.0,0.53,1.52,0.0
20230216:0110,0.0,0.0,0.0,0.03,1.52,0.0
20230216:0210,0.0,0.0,0.0,-0.35,1.59,0.0
20230216:0310,0.0,0.0,0.0,-0.57,1.52,0.0
20230216:0410,0.0,0.0,0.0,-0.73,1.52,0.0
20230216:0510,0.0,0.0,0.0,-1.1,1.45,0.0
20230216:0610,0.0,0.0,0.0,-1.88,1.45,0.0
20230216:0710,22.77,35.03,6.38,-2.07,1.31,0.0
20230216:0810,80.0,112.59,15.31,0.91,0.97,0.0
20230216:0910,154.09,187.22,22.86,4.54,0.62,0.0
20230216:1010,174.16,220.23,28.42,8.18,0.07,0.0
20230216:1110,148.07,211.54,31.37,10.03,0.69,0.0
20230216:1210,127.35,193.69,31.28,10.86,0.9,0.0
20230216:1310,81.22,147.42,28.16,11.28,0.9,0.0
20230216:1410,38.87,85.78,22.47,11.34,0.97,0.0
20230216:1510,36.51,52.07,14.82,11.0,0.97,0.0
20230216:1610,13.42,25.56,5.83,10.06,0.9,0.0
20230216:1710,0.0,0.0,0.0,8.47,0.83,0.0
20230216:1810,0.0,0.0,0.0,8.02,0.48,0.0
20230216:1910,0.0,0.0,0.0,7.63,0.9,0.0
20230216:2010,0.0,0.0,0.0,6.66,0.62,0.0
20230216:2110,0.0,0.0,0.0,5.81,0.28,0.0
20230216:2210,0.0,0.0,0.0,5.07,0.28,0.0
20230216:2310,0.0,0.0,0.0,4.4,0.62,0.0
20230217:0010,0.0,0.0,0.0,2.17,0.97,0.0
20230217:0110,0.0,0.0,0.0,1.21,1.03,0.0
20230217:0210,0.0,0.0,0.0,1.04,0.97,0.0
20230217:0310,0.0,0.0,0.0,1.08,0.97,0.0
20230217:0410,0.0,0.0,0.0,0.97,0.97,0.0
20230217:0510,0.0,0.0,0.0,1.12,0.9,0.0
20230217:0610,0.0,0.0,0.0,1.39,0.83,0.0
20230217:0710,19.96,32.19,6.65,0.01,0.83,0.0
20230217:0810,61.68,104.76,15.6,2.12,0.62,0.0
20230217:0910,111.92,166.08,23.17,5.22,0.21,0.0
20230217:1010,148.96,205.84,28.76,7.16,0.28,0.0
20230217:1110,159.82,218.24,31.72,8.97,0.55,0.0
20230217:1210,196.0,238.46,31.62,10.25,0.9,0.0
20230217:1310,121.67,174.57,28.49,11.04,1.03,0.0
20230217:1410,65.1,108.59,22.77,11.33,1.1,0.0
20230217:1510,51.59,68.16,15.1,11.16,1.1,0.0
20230217:1610,17.29,30.29,6.09,10.43,0.97,0.0
20230217:1710,0.0,0.0,0.0,8.78,1.03,0.0
20230217:1810,0.0,0.0,0.0,8.0,0.69,0.0
20230217:1910,0.0,0.0,0.0,8.21,0.69,0.0
20230217:2010,0.0,0.0,0.0,7.45,0.41,0.0
20230217:2110,0.0,0.0,0.0,6.75,0.14,0.0
20230217:2210,0.0,0.0,0.0,6.16,0.55,0.0
20230217:2310,0.0,0.0,0.0,5.5,0.9,0.0
20230218:0010,0.0,0.0,0.0,4.39,1.03,0.0
20230218:0110,0.0,0.0,0.0,3.69,1.1,0.0
20230218:0210,0.0,0.0,0.0,3.17,1.1,0.0
20230218:0310,0.0,0.0,0.0,2.9,1.1,0.0
20230218:0410,0.0,0.0,0.0,2.71,1.1,0.0
20230218:0510,0.0,0.0,0.0,2.65,1.03,0.0
20230218:0610,0.0,0.0,0.0,2.56,0.97,0.0
20230218:0710,25.53,38.82,6.93,3.51,0.83,0.0
20230218:0810,61.17,107.83,15.9,4.93,0.41,0.0
20230218:0910,121.74,174.56,23.49,7.3,0.21,0.0
20230218:1010,150.68,209.76,29.1,9.05,0.62,0.0
20230218:1110,179.75,232.69,32.07,10.39,0.9,0.0
20230218:1210,148.59,208.66,31.97,11.39,1.03,0.0
20230218:1310,143.88,192.2,28.82,12.01,1.24,0.0
20230218:1410,111.22,147.11,23.08,12.19,1.31,0.0
20230218:1510,92.82,110.77,15.38,11.94,1.31,0.0
20230218:1610,24.56,38.82,6.35,11.01,1.1,0.0
20230218:1710,0.0,0.0,0.0,9.47,1.03,0.0
20230218:1810,0.0,0.0,0.0,7.86,0.9,0.0
20230218:1910,0.0,0.0,0.0,6.7,0.97,0.0
20230218:2010,0.0,0.0,0.0,6.84,0.62,0.0
20230218:2110,0.0,0.0,0.0,6.05,0.28,0.0
20230218:2210,0.0,0.0,0.0,5.43,0.34,0.0
20230218:2310,0.0,0.0,0.0,5.13,0.48,0.0
20230219:0010,0.0,0.0,0.0,4.32,0.62,0.0
20230219:0110,0.0,0.0,0.0,4.03,0.69,0.0
20230219:0210,0.0,0.0,0.0,3.7,0.69,0.0
20230219:0310,0.0,0.0,0.0,3.43,0.76,0.0
20230219:0410,0.0,0.0,0.0,3.32,0.76,0.0
20230219:0510,0.0,0.0,0.0,3.43,0.76,0.0
20230219:0610,0.0,0.0,0.0,3.75,0.69,0.0
20230219:0710,22.83,35.97,7.21,4.58,0.41,0.0
20230219:0810,54.74,69.88,16.2,5.2,0.14,0.0
20230219:0910,172.6,191.87,23.82,6.9,0.34,0.0
20230219:1010,212.8,247.88,29.44,8.04,0.62,0.0
20230219:1110,205.68,250.93,32.42,9.11,0.62,0.0
20230219:1210,150.7,212.77,32.32,10.59,0.62,0.0
20230219:1310,102.41,167.05,29.16,12.33,0.69,0.0
20230219:1410,46.59,100.23,23.39,13.39,0.76,0.0
20230219:1510,33.44,49.23,15.66,13.63,0.83,0.0
20230219:1610,13.98,26.51,6.61,12.76,0.9,0.0
20230219:1710,0.0,0.0,0.0,10.9,0.76,0.0
20230219:1810,0.0,0.0,0.0,9.34,0.9,0.0
20230219:1910,0.0,0.0,0.0,9.18,0.9,0.0
20230219:2010,0.0,0.0,0.0,8.47,0.9,0.0
20230219:2110,0.0,0.0,0.0,7.67,0.97,0.0
20230219:2210,0.0,0.0,0.0,6.89,1.17,0.0
20230219:2310,0.0,0.0,0.0,6.21,1.24,0.0
20230220:0010,0.0,0.0,0.0,5.43,1.31,0.0
20230220:0110,0.0,0.0,0.0,5.33,1.24,0.0
20230220:0210,0.0,0.0,0.0,5.42,1.1,0.0
20230220:0310,0.0,0.0,0.0,4.75,1.1,0.0
20230220:0410,0.0,0.0,0.0,4.61,1.03,0.0
20230220:0510,0.0,0.0,0.0,4.56,1.03,0.0
20230220:0610,0.0,0.0,0.0,4.24,1.03,0.0
20230220:0710,31.51,45.44,7.5,4.43,0.97,0.0
20230220:0810,105.64,133.61,16.5,5.66,0.55,0.0
20230220:0910,119.17,135.48,24.14,7.69,0.34,0.0
20230220:1010,223.67,245.12,29.79,9.23,0.55,0.0
20230220:1110,201.33,219.7,32.78,10.42,0.62,0.0
20230220:1210,177.19,230.44,32.68,11.26,0.9,0.0
20230220:1310,107.16,171.4,29.49,11.82,1.1,0.0
20230220:1410,51.78,106.09,23.69,11.93,1.03,0.0
20230220:1510,79.82,97.51,15.95,11.68,0.97,0.0
20230220:1610,20.45,34.08,6.87,10.94,0.83,0.0
20230220:1710,0.0,0.0,0.0,9.68,0.76,0.0
20230220:1810,0.0,0.0,0.0,9.0,0.34,0.0
20230220:1910,0.0,0.0,0.0,8.05,0.28,0.0
20230220:2010,0.0,0.0,0.0,6.96,0.9,0.0
20230220:2110,0.0,0.0,0.0,5.58,0.97,0.0
20230220:2210,0.0,0.0,0.0,4.57,1.03,0.0
20230220:2310,0.0,0.0,0.0,3.69,1.03,0.0
20230221:0010,0.0,0.0,0.0,3.13,1.03,0.0
20230221:0110,0.0,0.0,0.0,2.8,1.1,0.0
20230221:0210,0.0,0.0,0.0,2.5,1.1,0.0
20230221:0310,0.0,0.0,0.0,2.62,1.03,0.0
20230221:0410,0.0,0.0,0.0,2.78,1.03,0.0
20230221:0510,0.0,0.0,0.0,1.51,1.03,0.0
20230221:0610,0.0,0.0,0.0,0.17,1.03,0.0
20230221:0710,25.6,38.82,7.79,2.98,0.62,0.0
20230221:0810,96.0,133.15,16.81,4.03,0.28,0.0
20230221:0910,131.87,187.91,24.47,6.05,0.34,0.0
20230221:1010,178.04,230.87,30.14,7.17,0.69,0.0
20230221:1110,207.89,254.65,33.14,8.29,0.97,0.0
20230221:1210,195.77,243.01,33.03,8.69,1.1,0.0
20230221:1310,139.45,192.98,29.83,9.11,0.97,0.0
20230221:1410,94.31,138.9,24.0,9.51,0.76,0.0
20230221:1510,30.39,47.88,16.23,9.36,0.76,0.0
20230221:1610,16.62,29.35,7.13,9.02,0.83,0.0
20230221:1710,0.0,0.0,0.0,8.16,0.69,0.0
20230221:1810,0.0,0.0,0.0,7.44,0.28,0.0
20230221:1910,0.0,0.0,0.0,8.3,0.41,0.0
20230221:2010,0.0,0.0,0.0,7.88,0.41,0.0
20230221:2110,0.0,0.0,0.0,7.47,0.41,0.0
20230221:2210,0.0,0.0,0.0,6.88,0.48,0.0
20230221:2310,0.0,0.0,0.0,6.59,0.55,0.0
20230222:0010,0.0,0.0,0.0,6.5,0.48,0.0
20230222:0110,0.0,0.0,0.0,6.28,0.48,0.0
20230222:0210,0.0,0.0,0.0,6.06,0.55,0.0
20230222:0310,0.0,0.0,0.0,6.0,0.55,0.0
20230222:0410,0.0,0.0,0.0,6.02,0.48,0.0
20230222:0510,0.0,0.0,0.0,5.6,0.55,0.0
20230222:0610,0.0,0.0,0.0,5.27,0.62,0.0
20230222:0710,9.19,19.88,8.08,5.78,0.62,0.0
20230222:0810,84.4,100.82,17.12,6.88,0.48,0.0
20230222:0910,98.4,114.53,24.81,7.64,0.55,0.0
20230222:1010,218.66,236.91,30.49,8.16,0.55,0.0
20230222:1110,210.12,226.91,33.51,8.77,0.62,0.0
20230222:1210,59.35,75.71,33.39,9.2,0.69,0.0
20230222:1310,80.31,97.06,30.16,9.32,0.97,0.0
20230222:1410,153.01,171.15,24.31,9.11,0.69,0.0
20230222:1510,98.74,116.52,16.51,9.04,0.69,0.0
20230222:1610,31.68,46.39,7.39,8.68,0.62,0.0
20230222:1710,0.0,0.0,0.0,8.25,0.48,0.0
20230222:1810,0.0,0.0,0.0,7.79,0.34,0.0
20230222:1910,0.0,0.0,0.0,7.67,0.21,0.0
20230222:2010,0.0,0.0,0.0,7.6,0.14,0.0
20230222:2110,0.0,0.0,0.0,7.48,0.21,0.0
20230222:2210,0.0,0.0,0.0,7.22,0.41,0.0
20230222:2310,0.0,0.0,0.0,7.22,0.28,0.0
20230223:0010,0.0,0.0,0.0,7.1,0.14,0.0
20230223:0110,0.0,0.0,0.0,6.91,0.21,0.0
20230223:0210,0.0,0.0,0.0,6.65,0.34,0.0
20230223:0310,0.0,0.0,0.0,6.45,0.34,0.0
20230223:0410,0.0,0.0,0.0,6.16,0.55,0.0
20230223:0510,0.0,0.0,0.0,5.92,0.55,0.0
20230223:0610,0.0,0.0,0.0,5.76,0.55,0.0
20230223:0710,32.27,46.39,8.38,5.08,0.55,0.0
20230223:0810,117.85,145.85,17.44,6.82,0.34,0.0
20230223:0910,186.0,217.99,25.14,8.35,0.0,0.0
20230223:1010,238.77,269.1,30.85,9.29,0.34,0.0
20230223:1110,230.22,248.75,33.87,9.79,0.76,0.0
20230223:1210,63.86,80.56,33.75,9.99,0.97,0.0
20230223:1310,57.25,73.77,30.5,10.02,0.9,0.0
20230223:1410,47.07,63.09,24.62,9.76,0.62,0.0
20230223:1510,95.68,113.46,16.79,9.81,0.34,0.0
20230223:1610,7.58,17.99,7.65,9.59,0.34,0.0
20230223:1710,0.0,0.0,0.0,9.06,0.28,0.0
20230223:1810,0.0,0.0,0.0,8.74,0.14,0.0
20230223:1910,0.0,0.0,0.0,7.69,0.62,0.0
20230223:2010,0.0,0.0,0.0,7.33,0.62,0.0
20230223:2110,0.0,0.0,0.0,7.2,0.48,0.0
20230223:2210,0.0,0.0,0.0,6.78,0.62,0.0
20230223:2310,0.0,0.0,0.0,6.52,0.62,0.0
20230224:0010,0.0,0.0,0.0,6.57,0.55,0.0
20230224:0110,0.0,0.0,0.0,6.39,0.55,0.0
20230224:0210,0.0,0.0,0.0,6.19,0.55,0.0
20230224:0310,0.0,0.0,0.0,6.06,0.55,0.0
20230224:0410,0.0,0.0,0.0,6.07,0.48,0.0
20230224:0510,0.0,0.0,0.0,6.13,0.34,0.0
20230224:0610,0.0,0.0,0.0,6.15,0.28,0.0
20230224:0710,24.3,37.87,8.68,6.36,0.28,0.0
20230224:0810,38.48,53.38,17.76,6.88,0.14,0.0
20230224:0910,54.19,69.88,25.49,7.36,0.41,0.0
20230224:1010,72.18,88.33,31.21,7.82,0.76,0.0
20230224:1110,44.73,60.18,34.24,7.92,0.69,0.0
20230224:1210,44.63,60.18,34.11,8.35,0.55,0.0
20230224:1310,30.08,44.65,30.84,8.76,0.34,0.0
20230224:1410,104.41,121.33,24.93,9.11,0.28,0.0
20230224:1510,23.94,37.85,17.08,9.09,0.21,0.0
20230224:1610,21.5,35.03,7.91,8.75,0.28,0.0
20230224:1710,0.0,0.0,0.0,8.01,0.28,0.0
20230224:1810,0.0,0.0,0.0,7.47,0.48,0.0
20230224:1910,0.0,0.0,0.0,6.9,0.41,0.0
20230224:2010,0.0,0.0,0.0,6.79,0.55,0.0
20230224:2110,0.0,0.0,0.0,6.67,0.55,0.0
20230224:2210,0.0,0.0,0.0,6.63,0.76,0.0
20230224:2310,0.0,0.0,0.0,6.54,0.76,0.0
20230225:0010,0.0,0.0,0.0,6.28,0.69,0.0
20230225:0110,0.0,0.0,0.0,6.27,0.76,0.0
20230225:0210,0.0,0.0,0.0,6.06,0.9,0.0
20230225:0310,0.0,0.0,0.0,5.85,0.83,0.0
20230225:0410,0.0,0.0,0.0,5.34,0.9,0.0
20230225:0510,0.0,0.0,0.0,4.46,1.03,0.0
20230225:0610,0.0,0.0,0.0,3.56,1.03,0.0
20230225:0710,39.63,53.96,8.98,4.01,0.97,0.0
20230225:0810,119.43,155.12,18.08,6.24,0.55,0.0
20230225:0910,181.42,223.66,25.83,8.91,0.55,0.0
20230225:1010,198.06,255.26,31.57,10.33,0.76,0.0
20230225:1110,208.98,267.8,34.62,11.56,0.83,0.0
20230225:1210,187.67,249.93,34.48,12.53,0.62,0.0
20230225:1310,136.26,203.23,31.18,13.36,0.48,0.0
20230225:1410,72.07,134.31,25.24,13.68,0.41,0.0
20230225:1510,18.47,50.26,17.36,13.46,0.62,0.0
20230225:1610,22.68,36.92,8.17,12.79,0.83,0.0
20230225:1710,0.0,0.0,0.0,11.12,0.83,0.0
20230225:1810,0.0,0.0,0.0,10.6,0.69,0.0
20230225:1910,0.0,0.0,0.0,7.92,1.17,0.0
20230225:2010,0.0,0.0,0.0,6.27,1.52,0.0
20230225:2110,0.0,0.0,0.0,4.83,2.0,0.0
20230225:2210,0.0,0.0,0.0,3.96,2.21,0.0
20230225:2310,0.0,0.0,0.0,3.38,2.34,0.0
20230226:0010,0.0,0.0,0.0,2.97,2.48,0.0
20230226:0110,0.0,0.0,0.0,2.51,2.48,0.0
20230226:0210,0.0,0.0,0.0,2.01,2.48,0.0
20230226:0310,0.0,0.0,0.0,1.48,2.48,0.0
20230226:0410,0.0,0.0,0.0,0.85,2.28,0.0
20230226:0510,0.0,0.0,0.0,1.4,1.52,0.0
20230226:0610,0.0,0.0,0.0,2.84,0.83,0.0
20230226:0710,39.31,53.02,9.29,1.08,1.31,0.0
20230226:0810,46.9,61.15,18.41,2.51,0.69,0.0
20230226:0910,56.44,70.86,26.18,2.61,0.48,0.0
20230226:1010,56.54,70.86,31.94,2.3,0.69,0.0
20230226:1110,69.34,83.47,34.99,1.97,0.83,0.0
20230226:1210,47.92,62.12,34.84,2.41,1.31,0.0
20230226:1310,151.58,163.06,31.53,2.69,1.72,0.0
20230226:1410,176.71,189.6,25.56,3.2,1.93,0.0
20230226:1510,113.61,129.79,17.64,3.49,1.72,0.0
20230226:1610,40.69,54.91,8.43,3.37,1.31,0.0
20230226:1710,0.0,0.0,0.0,2.92,0.62,0.0
20230226:1810,0.0,0.0,0.0,2.95,0.21,0.0
20230226:1910,0.0,0.0,0.0,1.85,0.21,0.0
20230226:2010,0.0,0.0,0.0,1.51,0.34,0.0
20230226:2110,0.0,0.0,0.0,0.97,0.48,0.0
20230226:2210,0.0,0.0,0.0,0.38,0.62,0.0
20230226:2310,0.0,0.0,0.0,0.13,0.62,0.0
20230227:0010,0.0,0.0,0.0,0.06,0.55,0.0
20230227:0110,0.0,0.0,0.0,-0.01,0.48,0.0
20230227:0210,0.0,0.0,0.0,-0.16,0.55,0.0
20230227:0310,0.0,0.0,0.0,-0.2,0.48,0.0
20230227:0410,0.0,0.0,0.0,-0.19,0.41,0.0
20230227:0510,0.0,0.0,0.0,-0.21,0.41,0.0
20230227:0610,0.0,0.0,0.0,-0.2,0.34,0.0
20230227:0710,30.36,43.55,9.6,0.32,0.34,0.0
20230227:0810,112.83,126.67,18.74,0.92,0.0,0.0
20230227:0910,166.67,178.41,26.53,1.55,0.21,0.0
20230227:1010,258.72,271.22,32.31,2.23,0.62,0.0
20230227:1110,150.77,163.06,35.37,3.3,0.9,0.0
20230227:1210,163.44,175.68,35.21,3.9,0.97,0.0
20230227:1310,182.5,194.97,31.87,4.47,0.97,0.0
20230227:1410,153.02,166.65,25.87,4.65,1.45,0.0
20230227:1510,81.21,96.05,17.92,4.4,1.52,0.0
20230227:1610,28.98,42.6,8.69,3.82,1.52,0.0
20230227:1710,0.0,0.0,0.0,3.05,1.24,0.0
20230227:1810,0.0,0.0,0.0,2.42,1.1,0.0
20230227:1910,0.0,0.0,0.0,1.96,0.9,0.0
20230227:2010,0.0,0.0,0.0,1.52,0.76,0.0
20230227:2110,0.0,0.0,0.0,1.23,0.83,0.0
20230227:2210,0.0,0.0,0.0,1.06,0.76,0.0
20230227:2310,0.0,0.0,0.0,0.94,0.62,0.0
20230228:0010,0.0,0.0,0.0,0.75,0.62,0.0
20230228:0110,0.0,0.0,0.0,0.56,0.62,0.0
20230228:0210,0.0,0.0,0.0,0.3,0.62,0.0
20230228:0310,0.0,0.0,0.0,0.18,0.55,0.0
20230228:0410,0.0,0.0,0.0,0.09,0.55,0.0
20230228:0510,0.0,0.0,0.0,-0.04,0.62,0.0
20230228:0610,0.0,0.0,0.0,-0.03,0.62,0.0
20230228:0710,46.9,60.59,9.92,0.11,0.69,0.0
20230228:0810,126.67,141.19,19.07,1.25,0.62,0.0
20230228:0910,161.76,173.58,26.88,2.36,0.76,0.0
20230228:1010,201.75,212.96,32.68,3.33,0.76,0.0
20230228:1110,275.5,288.87,35.75,4.42,0.76,0.0
20230228:1210,283.47,300.7,35.58,5.38,0.69,0.0
20230228:1310,234.93,250.55,32.21,5.91,0.69,0.0
20230228:1410,189.96,213.32,26.18,6.51,0.55,0.0
20230228:1510,36.69,74.81,18.2,6.79,0.9,0.0
20230228:1610,22.6,35.97,8.95,6.59,1.03,0.0
20230228:1710,0.0,0.0,0.0,5.61,0.97,0.0
20230228:1810,0.0,0.0,0.0,4.03,0.83,0.0
20230228:1910,0.0,0.0,0.0,4.05,0.21,0.0
20230228:2010,0.0,0.0,0.0,3.53,0.55,0.0
20230228:2110,0.0,0.0,0.0,3.08,0.55,0.0
20230228:2210,0.0,0.0,0.0,2.71,0.48,0.0
20230228:2310,0.0,0.0,0.0,2.46,0.62,0.0
20230301:0010,0.0,0.0,0.0,0.76,0.62,0.0
20230301:0110,0.0,0.0,0.0,-1.52,0.9,0.0
20230301:0210,0.0,0.0,0.0,-1.24,1.03,0.0
20230301:0310,0.0,0.0,0.0,-1.28,1.31,0.0
20230301:0410,0.0,0.0,0.0,-1.03,1.31,0.0
20230301:0510,0.0,0.0,0.0,-0.88,1.1,0.0
20230301:0610,0.0,0.0,0.0,-1.09,0.9,0.0
20230301:0710,35.06,48.28,10.23,-0.77,0.76,0.0
20230301:0810,150.34,172.02,19.4,0.83,0.48,0.0
20230301:0910,194.71,244.49,27.24,2.25,0.28,0.0
20230301:1010,241.72,286.89,33.06,3.45,0.48,0.0
20230301:1110,255.68,299.49,36.13,4.94,0.69,0.0
20230301:1210,289.45,314.56,35.95,6.35,1.03,0.0
20230301:1310,209.69,223.67,32.56,6.75,1.59,0.0
20230301:1410,194.03,216.27,26.49,6.19,1.24,0.0
20230301:1510,88.31,103.84,18.49,5.86,1.17,0.0
20230301:1610,26.16,39.76,9.21,5.3,1.24,0.0
20230301:1710,0.0,0.0,0.0,4.44,1.24,0.0
20230301:1810,0.0,0.0,0.0,3.38,1.17,0.0
20230301:1910,0.0,0.0,0.0,2.75,1.24,0.0
20230301:2010,0.0,0.0,0.0,2.5,0.9,0.0
20230301:2110,0.0,0.0,0.0,2.36,0.83,0.0
20230301:2210,0.0,0.0,0.0,2.39,0.69,0.0
20230301:2310,0.0,0.0,0.0,2.21,0.62,0.0
20230302:0010,0.0,0.0,0.0,1.9,0.55,0.0
20230302:0110,0.0,0.0,0.0,1.7,0.48,0.0
20230302:0210,0.0,0.0,0.0,1.8,0.76,0.0
20230302:0310,0.0,0.0,0.0,2.04,0.9,0.0
20230302:0410,0.0,0.0,0.0,2.18,0.69,0.0
20230302:0510,0.0,0.0,0.0,2.08,0.76,0.0
20230302:0610,0.0,0.0,0.0,1.94,0.9,0.0
20230302:0710,47.27,61.54,10.55,2.54,0.69,0.0
20230302:0810,149.07,170.32,19.74,4.17,0.76,0.0
20230302:0910,121.39,135.89,27.59,5.3,0.76,0.0
20230302:1010,199.21,213.72,33.43,6.76,0.55,0.0
20230302:1110,296.21,318.11,36.51,7.96,0.69,0.0
20230302:1210,291.1,317.62,36.33,9.02,1.03,0.0
20230302:1310,214.34,258.45,32.9,9.52,1.1,0.0
20230302:1410,76.36,93.18,26.8,9.67,1.1,0.0
20230302:1510,94.82,125.15,18.77,9.59,0.97,0.0
20230302:1610,36.0,51.12,9.47,9.08,1.17,0.0
20230302:1710,0.0,0.0,0.0,8.08,1.17,0.0
20230302:1810,0.0,0.0,0.0,6.51,0.97,0.0
20230302:1910,0.0,0.0,0.0,5.29,0.76,0.0
20230302:2010,0.0,0.0,0.0,5.42,0.21,0.0
20230302:2110,0.0,0.0,0.0,4.93,0.34,0.0
20230302:2210,0.0,0.0,0.0,4.46,0.62,0.0
20230302:2310,0.0,0.0,0.0,3.88,0.69,0.0
20230303:0010,0.0,0.0,0.0,3.48,0.76,0.0
20230303:0110,0.0,0.0,0.0,0.73,1.03,0.0
20230303:0210,0.0,0.0,0.0,0.91,1.24,0.0
20230303:0310,0.0,0.0,0.0,0.6,1.38,0.0
20230303:0410,0.0,0.0,0.0,0.69,1.45,0.0
20230303:0510,0.0,0.0,0.0,0.34,1.59,0.0
20230303:0610,0.0,0.0,0.0,-0.05,1.59,0.0
20230303:0710,55.19,69.11,10.88,1.01,1.24,0.0
20230303:0810,136.11,186.92,20.08,3.74,0.97,0.0
20230303:0910,206.42,256.4,27.96,6.95,0.41,0.0
20230303:1010,249.91,299.92,33.81,8.81,0.41,0.0
20230303:1110,261.83,313.33,36.9,10.02,0.9,0.0
20230303:1210,247.39,296.47,36.7,10.79,1.17,0.0
20230303:1310,198.24,251.41,33.25,11.23,1.45,0.0
20230303:1410,118.05,177.5,27.11,11.28,1.52,0.0
20230303:1510,120.06,141.05,19.05,11.04,1.59,0.0
20230303:1610,28.88,43.55,9.72,10.29,1.38,0.0
20230303:1710,0.0,0.0,0.0,9.18,1.31,0.0
20230303:1810,0.0,0.0,0.0,7.39,1.17,0.0
20230303:1910,0.0,0.0,0.0,7.31,0.97,0.0
20230303:2010,0.0,0.0,0.0,7.62,0.62,0.0
20230303:2110,0.0,0.0,0.0,7.05,0.34,0.0
20230303:2210,0.0,0.0,0.0,6.63,0.55,0.0
20230303:2310,0.0,0.0,0.0,5.34,0.9,0.0
20230304:0010,0.0,0.0,0.0,4.09,1.03,0.0
20230304:0110,0.0,0.0,0.0,3.23,1.17,0.0
20230304:0210,0.0,0.0,0.0,2.69,1.24,0.0
20230304:0310,0.0,0.0,0.0,2.01,1.31,0.0
20230304:0410,0.0,0.0,0.0,1.24,1.45,0.0
20230304:0510,0.0,0.0,0.0,0.61,1.52,0.0
20230304:0610,0.0,0.0,0.0,0.12,1.59,0.0
20230304:0710,34.67,48.28,11.2,1.6,1.31,0.0
20230304:0810,142.62,194.44,20.42,5.15,0.9,0.0
20230304:0910,213.77,264.11,28.32,7.81,0.41,0.0
20230304:1010,257.97,307.17,34.19,9.44,0.28,0.0
20230304:1110,269.94,319.69,37.29,10.51,0.69,0.0
20230304:1210,263.25,309.0,37.08,11.21,0.97,0.0
20230304:1310,197.49,254.4,33.6,11.71,1.1,0.0
20230304:1410,123.01,183.41,27.43,11.93,1.24,0.0
20230304:1510,46.39,95.29,19.33,11.88,1.24,0.0
20230304:1610,32.13,47.34,9.98,11.34,1.17,0.0
20230304:1710,0.0,0.0,0.0,10.21,0.97,0.0
20230304:1810,0.0,0.0,0.0,9.1,0.62,0.0
20230304:1910,0.0,0.0,0.0,9.16,0.28,0.0
20230304:2010,0.0,0.0,0.0,8.29,0.69,0.0
20230304:2110,0.0,0.0,0.0,6.98,1.03,0.0
20230304:2210,0.0,0.0,0.0,5.19,1.31,0.0
20230304:2310,0.0,0.0,0.0,4.08,1.45,0.0
20230305:0010,0.0,0.0,0.0,2.99,1.59,0.0
20230305:0110,0.0,0.0,0.0,1.85,1.79,0.0
20230305:0210,0.0,0.0,0.0,0.81,1.86,0.0
20230305:0310,0.0,0.0,0.0,-0.14,1.93,0.0
20230305:0410,0.0,0.0,0.0,-0.75,1.93,0.0
20230305:0510,0.0,0.0,0.0,-1.03,2.0,0.0
20230305:0610,0.0,0.0,0.0,-1.39,2.0,0.0
20230305:0710,35.94,49.23,11.53,-0.37,1.66,0.0
20230305:0810,151.03,202.85,20.77,3.98,1.45,0.0
20230305:0910,224.68,273.81,28.68,7.11,1.03,0.0
20230305:1010,268.01,317.39,34.58,9.35,0.41,0.0
20230305:1110,279.83,329.5,37.68,10.64,0.69,0.0
20230305:1210,263.51,312.61,37.45,11.35,1.17,0.0
20230305:1310,205.99,262.59,33.94,11.72,1.38,0.0
20230305:1410,130.32,190.61,27.74,11.77,1.45,0.0
20230305:1510,51.06,101.7,19.61,11.5,1.45,0.0
20230305:1610,34.81,50.18,10.24,10.85,1.17,0.0
20230305:1710,0.0,0.0,0.0,9.61,0.97,0.0
20230305:1810,0.0,0.0,0.0,9.03,0.69,0.0
20230305:1910,0.0,0.0,0.0,7.65,0.97,0.0
20230305:2010,0.0,0.0,0.0,7.31,0.83,0.0
20230305:2110,0.0,0.0,0.0,6.72,0.62,0.0
20230305:2210,0.0,0.0,0.0,5.96,0.48,0.0
20230305:2310,0.0,0.0,0.0,5.29,0.41,0.0
20230306:0010,0.0,0.0,0.0,4.79,0.55,0.0
20230306:0110,0.0,0.0,0.0,4.69,0.62,0.0
20230306:0210,0.0,0.0,0.0,4.42,0.62,0.0
20230306:0310,0.0,0.0,0.0,4.27,0.62,0.0
20230306:0410,0.0,0.0,0.0,4.28,0.48,0.0
20230306:0510,0.0,0.0,0.0,4.4,0.41,0.0
20230306:0610,0.0,0.95,1.83,4.18,0.55,0.0
20230306:0710,57.15,71.95,11.86,3.99,0.62,0.0
20230306:0810,147.69,164.35,21.11,4.63,0.55,0.0
20230306:0910,210.25,224.92,29.05,5.47,0.76,0.0
20230306:1010,284.51,301.6,34.96,6.44,0.9,0.0
20230306:1110,320.87,343.27,38.07,7.16,1.1,0.0
20230306:1210,311.4,335.61,37.83,7.46,1.24,0.0
20230306:1310,254.58,288.75,34.29,7.56,1.24,0.0
20230306:1410,176.57,217.11,28.05,7.67,1.03,0.0
20230306:1510,102.54,136.99,19.89,7.72,0.76,0.0
20230306:1610,47.0,62.48,10.49,7.58,0.55,0.0
20230306:1710,0.0,0.0,0.0,6.9,0.14,0.0
20230306:1810,0.0,0.0,0.0,6.02,0.41,0.0
20230306:1910,0.0,0.0,0.0,4.84,0.97,0.0
20230306:2010,0.0,0.0,0.0,4.58,0.97,0.0
20230306:2110,0.0,0.0,0.0,4.44,0.9,0.0
20230306:2210,0.0,0.0,0.0,4.34,0.9,0.0
20230306:2310,0.0,0.0,0.0,3.92,0.97,0.0
20230307:0010,0.0,0.0,0.0,3.54,1.03,0.0
20230307:0110,0.0,0.0,0.0,3.4,1.1,0.0
20230307:0210,0.0,0.0,0.0,3.2,1.17,0.0
20230307:0310,0.0,0.0,0.0,2.56,1.24,0.0
20230307:0410,0.0,0.0,0.0,2.17,1.24,0.0
20230307:0510,0.0,0.0,0.0,2.08,1.31,0.0
20230307:0610,0.0,3.79,2.15,2.29,1.31,0.0
20230307:0710,66.82,81.42,12.19,3.31,0.83,0.0
20230307:0810,158.22,175.44,21.46,4.82,0.76,0.0
20230307:0910,219.62,235.32,29.42,5.94,0.48,0.0
20230307:1010,283.97,302.73,35.35,6.97,0.21,0.0
20230307:1110,171.31,186.36,38.46,7.67,0.83,0.0
20230307:1210,310.46,331.58,38.21,8.18,1.03,0.0
20230307:1310,175.45,190.85,34.64,8.16,1.03,0.0
20230307:1410,197.84,215.9,28.36,7.98,0.83,0.0
20230307:1510,92.54,108.82,20.17,7.52,0.41,0.0
20230307:1610,42.56,57.75,10.75,7.16,0.34,0.0
20230307:1710,0.0,0.0,0.0,6.47,0.76,0.0
20230307:1810,0.0,0.0,0.0,5.81,0.9,0.0
20230307:1910,0.0,0.0,0.0,5.43,1.1,0.0
20230307:2010,0.0,0.0,0.0,5.12,1.17,0.0
20230307:2110,0.0,0.0,0.0,4.82,1.17,0.0
20230307:2210,0.0,0.0,0.0,4.57,1.03,0.0
20230307:2310,0.0,0.0,0.0,3.59,1.03,0.0
20230308:0010,0.0,0.0,0.0,2.97,1.1,0.0
20230308:0110,0.0,0.0,0.0,2.76,1.03,0.0
20230308:0210,0.0,0.0,0.0,2.22,1.03,0.0
20230308:0310,0.0,0.0,0.0,1.79,1.03,0.0
20230308:0410,0.0,0.0,0.0,0.92,1.24,0.0
20230308:0510,0.0,0.0,0.0,-0.82,1.31,0.0
20230308:0610,0.08,5.68,2.47,0.0,1.45,0.0
20230308:0710,69.09,83.31,12.52,2.24,0.9,0.0
20230308:0810,172.66,214.85,21.81,5.19,0.55,0.0
20230308:0910,243.1,286.31,29.79,7.19,0.28,0.0
20230308:1010,290.27,331.02,35.74,8.08,0.21,0.0
20230308:1110,318.42,341.95,38.85,9.29,0.55,0.0
20230308:1210,253.76,271.5,38.59,9.73,0.83,0.0
20230308:1310,158.04,174.71,34.98,9.83,1.17,0.0
20230308:1410,210.4,231.53,28.67,9.47,1.24,0.0
20230308:1510,132.85,153.36,20.44,9.0,0.48,0.0
20230308:1610,57.63,73.84,11.0,8.66,0.14,0.0
20230308:1710,0.0,0.0,0.0,7.96,0.41,0.0
20230308:1810,0.0,0.0,0.0,6.8,0.97,0.0
20230308:1910,0.0,0.0,0.0,6.32,1.24,0.0
20230308:2010,0.0,0.0,0.0,6.18,1.17,0.0
20230308:2110,0.0,0.0,0.0,6.03,1.17,0.0
20230308:2210,0.0,0.0,0.0,5.88,1.24,0.0
20230308:2310,0.0,0.0,0.0,5.65,1.03,0.0
20230309:0010,0.0,0.0,0.0,5.56,1.24,0.0
20230309:0110,0.0,0.0,0.0,5.46,1.17,0.0
20230309:0210,0.0,0.0,0.0,5.34,1.17,0.0
20230309:0310,0.0,0.0,0.0,5.26,1.17,0.0
20230309:0410,0.0,0.0,0.0,4.92,1.1,0.0
20230309:0510,0.0,0.0,0.0,4.11,1.03,0.0
20230309:0610,2.01,9.47,2.8,3.69,1.03,0.0
20230309:0710,39.53,53.96,12.86,4.48,0.76,0.0
20230309:0810,174.91,223.97,22.17,7.23,0.34,0.0
20230309:0910,248.53,294.57,30.17,8.97,0.69,0.0
20230309:1010,293.87,338.89,36.13,10.18,1.17,0.0
20230309:1110,304.83,349.38,39.25,11.28,0.83,0.0
20230309:1210,280.09,331.76,38.96,12.48,0.41,0.0
20230309:1310,225.46,284.11,35.33,13.43,0.21,0.0
20230309:1410,171.61,223.13,28.98,14.03,0.28,0.0
20230309:1510,67.39,123.26,20.72,14.26,0.48,0.0
20230309:1610,55.29,72.9,11.26,13.95,0.62,0.0
20230309:1710,0.0,0.0,0.0,12.69,0.69,0.0
20230309:1810,0.0,0.0,0.0,12.07,0.62,0.0
20230309:1910,0.0,0.0,0.0,11.81,0.41,0.0
20230309:2010,0.0,0.0,0.0,10.94,0.55,0.0
20230309:2110,0.0,0.0,0.0,9.87,0.69,0.0
20230309:2210,0.0,0.0,0.0,8.94,0.62,0.0
20230309:2310,0.0,0.0,0.0,8.27,0.55,0.0
20230310:0010,0.0,0.0,0.0,7.6,0.62,0.0
20230310:0110,0.0,0.0,0.0,6.98,0.83,0.0
20230310:0210,0.0,0.0,0.0,5.79,1.03,0.0
20230310:0310,0.0,0.0,0.0,5.84,0.83,0.0
20230310:0410,0.0,0.0,0.0,5.59,0.83,0.0
20230310:0510,0.0,0.0,0.0,5.7,0.97,0.0
20230310:0610,0.0,1.89,3.13,5.98,1.03,0.0
20230310:0710,28.56,42.6,13.2,6.53,0.55,0.0
20230310:0810,41.12,56.3,22.52,7.6,0.69,0.0
20230310:0910,49.33,65.03,30.54,8.13,0.76,0.0
20230310:1010,213.91,229.66,36.52,8.61,0.83,0.0
20230310:1110,328.67,363.01,39.65,10.11,0.76,0.0
20230310:1210,309.92,347.49,39.34,11.21,1.31,0.0
20230310:1310,247.6,294.37,35.68,12.02,1.79,0.0
20230310:1410,166.42,220.8,29.29,12.38,2.07,0.0
20230310:1510,73.39,128.86,21.0,12.62,1.66,0.0
20230310:1610,59.38,76.68,11.51,12.51,1.38,0.0
20230310:1710,0.0,0.0,0.0,11.29,0.55,0.0
20230310:1810,0.0,0.0,0.0,9.48,0.97,0.0
20230310:1910,0.0,0.0,0.0,8.88,0.97,0.0
20230310:2010,0.0,0.0,0.0,7.7,1.31,0.0
20230310:2110,0.0,0.0,0.0,7.13,1.66,0.0
20230310:2210,0.0,0.0,0.0,6.56,1.72,0.0
20230310:2310,0.0,0.0,0.0,5.92,1.66,0.0
20230311:0010,0.0,0.0,0.0,5.3,1.66,0.0
20230311:0110,0.0,0.0,0.0,4.51,1.72,0.0
20230311:0210,0.0,0.0,0.0,3.66,1.79,0.0
20230311:0310,0.0,0.0,0.0,2.88,1.93,0.0
20230311:0410,0.0,0.0,0.0,2.55,2.0,0.0
20230311:0510,0.0,0.0,0.0,2.61,1.93,0.0
20230311:0610,3.84,12.31,3.46,2.05,2.0,0.0
20230311:0710,55.25,70.06,13.54,4.42,1.72,0.0
20230311:0810,190.52,238.43,22.88,8.01,1.86,0.0
20230311:0910,271.73,297.36,30.92,9.61,2.41,0.0
20230311:1010,310.95,351.56,36.91,11.0,2.83,0.0
20230311:1110,324.37,368.77,40.04,12.07,2.97,0.0
20230311:1210,299.52,346.11,39.72,12.89,3.1,0.0
20230311:1310,244.23,296.92,36.02,13.42,3.17,0.0
20230311:1410,163.43,223.79,29.6,13.63,3.1,0.0
20230311:1510,79.75,135.28,21.27,13.43,2.97,0.0
20230311:1610,35.37,51.12,11.76,12.77,2.34,0.0
20230311:1710,0.0,0.0,0.0,11.58,2.21,0.0
20230311:1810,0.0,0.0,0.0,10.16,2.21,0.0
20230311:1910,0.0,0.0,0.0,9.8,2.55,0.0
20230311:2010,0.0,0.0,0.0,8.62,2.41,0.0
20230311:2110,0.0,0.0,0.0,7.54,2.28,0.0
20230311:2210,0.0,0.0,0.0,6.5,2.07,0.0
20230311:2310,0.0,0.0,0.0,5.56,1.79,0.0
20230312:0010,0.0,0.0,0.0,5.66,1.31,0.0
20230312:0110,0.0,0.0,0.0,6.37,0.83,0.0
20230312:0210,0.0,0.0,0.0,6.32,0.62,0.0
20230312:0310,0.0,0.0,0.0,5.95,0.55,0.0
20230312:0410,0.0,0.0,0.0,5.67,0.34,0.0
20230312:0510,0.0,0.0,0.0,5.4,0.34,0.0
20230312:0610,7.79,17.99,3.79,5.05,0.69,0.0
20230312:0710,103.74,150.51,13.88,5.61,0.55,0.0
20230312:0810,197.66,246.45,23.23,8.03,0.34,0.0
20230312:0910,274.0,319.01,31.29,9.11,0.9,0.0
20230312:1010,319.68,362.95,37.31,9.88,0.97,0.0
20230312:1110,330.42,374.92,40.44,10.85,0.9,0.0
20230312:1210,304.98,353.55,40.11,12.15,0.69,0.0
20230312:1310,250.71,304.27,36.37,12.87,0.9,0.0
20230312:1410,170.14,230.7,29.9,13.33,1.03,0.0
20230312:1510,83.71,140.53,21.55,13.25,1.38,0.0
20230312:1610,37.96,53.96,12.01,12.64,1.45,0.0
20230312:1710,0.0,4.73,1.83,11.45,1.31,0.0
20230312:1810,0.0,0.0,0.0,9.78,1.17,0.0
20230312:1910,0.0,0.0,0.0,9.22,1.1,0.0
20230312:2010,0.0,0.0,0.0,9.08,0.9,0.0
20230312:2110,0.0,0.0,0.0,8.81,0.76,0.0
20230312:2210,0.0,0.0,0.0,7.18,0.97,0.0
20230312:2310,0.0,0.0,0.0,6.12,1.03,0.0
20230313:0010,0.0,0.0,0.0,5.2,1.03,0.0
20230313:0110,0.0,0.0,0.0,4.1,1.1,0.0
20230313:0210,0.0,0.0,0.0,3.47,1.03,0.0
20230313:0310,0.0,0.0,0.0,3.01,1.1,0.0
20230313:0410,0.0,0.0,0.0,2.73,1.17,0.0
20230313:0510,0.0,0.0,0.0,2.66,1.1,0.0
20230313:0610,4.46,13.25,4.12,2.8,1.03,0.0
20230313:0710,98.82,120.43,14.22,5.7,0.55,0.0
20230313:0810,107.41,123.81,23.59,7.96,0.34,0.0
20230313:0910,279.33,308.97,31.67,9.59,0.62,0.0
20230313:1010,326.16,354.76,37.7,10.48,0.69,0.0
20230313:1110,337.7,375.33,40.84,11.38,0.9,0.0
20230313:1210,331.68,360.08,40.49,11.88,0.97,0.0
20230313:1310,284.32,309.05,36.71,11.93,1.03,0.0
20230313:1410,166.25,184.88,30.21,11.83,1.24,0.0
20230313:1510,114.26,132.76,21.82,11.54,1.17,0.0
20230313:1610,48.91,65.32,12.26,10.99,0.83,0.0
20230313:1710,0.0,0.95,2.07,10.34,0.55,0.0
20230313:1810,0.0,0.0,0.0,9.65,0.14,0.0
20230313:1910,0.0,0.0,0.0,8.56,0.21,0.0
20230313:2010,0.0,0.0,0.0,8.19,0.48,0.0
20230313:2110,0.0,0.0,0.0,8.02,0.69,0.0
20230313:2210,0.0,0.0,0.0,7.73,0.69,0.0
20230313:2310,0.0,0.0,0.0,7.47,0.76,0.0
20230314:0010,0.0,0.0,0.0,7.22,0.9,0.0
20230314:0110,0.0,0.0,0.0,7.02,0.9,0.0
20230314:0210,0.0,0.0,0.0,6.87,0.69,0.0
20230314:0310,0.0,0.0,0.0,6.61,0.97,0.0
20230314:0410,0.0,0.0,0.0,6.36,1.1,0.0
20230314:0510,0.0,0.0,0.0,6.11,1.17,0.0
20230314:0610,1.98,9.47,4.45,5.97,1.17,0.0
20230314:0710,15.1,27.18,14.56,5.66,1.1,0.0
20230314:0810,33.21,47.56,23.95,6.1,1.1,0.0
20230314:0910,137.36,152.39,32.05,6.75,0.76,0.0
20230314:1010,250.01,265.29,38.1,7.85,0.76,0.0
20230314:1110,315.62,335.63,41.24,9.5,0.69,0.0
20230314:1210,336.41,364.36,40.87,10.78,0.34,0.0
20230314:1310,287.4,326.57,37.06,11.5,0.14,0.0
20230314:1410,232.08,263.72,30.51,12.61,0.28,0.0
20230314:1510,146.62,169.96,22.09,12.93,0.69,0.0
20230314:1610,67.45,85.2,12.51,12.89,1.31,0.0
20230314:1710,0.0,4.73,2.31,12.09,1.66,0.0
20230314:1810,0.0,0.0,0.0,10.78,2.0,0.0
20230314:1910,0.0,0.0,0.0,9.52,2.21,0.0
20230314:2010,0.0,0.0,0.0,8.09,2.21,0.0
20230314:2110,0.0,0.0,0.0,7.13,2.21,0.0
20230314:2210,0.0,0.0,0.0,6.12,2.07,0.0
20230314:2310,0.0,0.0,0.0,5.27,2.0,0.0
20230315:0010,0.0,0.0,0.0,4.52,2.07,0.0
20230315:0110,0.0,0.0,0.0,4.2,1.93,0.0
20230315:0210,0.0,0.0,0.0,4.03,1.72,0.0
20230315:0310,0.0,0.0,0.0,3.29,1.66,0.0
20230315:0410,0.0,0.0,0.0,2.18,1.93,0.0
20230315:0510,0.0,0.0,0.0,2.11,2.69,0.0
20230315:0610,14.79,26.51,4.79,2.69,2.9,0.0
20230315:0710,128.64,176.1,14.91,4.24,2.97,0.0
20230315:0810,231.45,274.02,24.31,5.68,2.83,0.0
20230315:0910,312.97,349.55,32.43,6.7,3.1,0.0
20230315:1010,360.89,395.06,38.5,7.69,3.1,0.0
20230315:1110,370.73,406.08,41.64,8.63,2.9,0.0
20230315:1210,344.9,385.25,41.25,9.34,2.69,0.0
20230315:1310,284.57,332.12,37.4,9.84,2.55,0.0
20230315:1410,198.61,254.58,30.82,10.1,2.48,0.0
20230315:1510,130.93,175.27,22.36,9.99,2.14,0.0
20230315:1610,44.78,60.59,12.76,9.62,1.38,0.0
20230315:1710,1.93,9.47,2.54,8.53,0.83,0.0
20230315:1810,0.0,0.0,0.0,7.33,0.83,0.0
20230315:1910,0.0,0.0,0.0,5.78,1.31,0.0
20230315:2010,0.0,0.0,0.0,5.28,1.31,0.0
20230315:2110,0.0,0.0,0.0,4.11,1.45,0.0
20230315:2210,0.0,0.0,0.0,3.42,1.52,0.0
20230315:2310,0.0,0.0,0.0,2.74,1.59,0.0
20230316:0010,0.0,0.0,0.0,2.21,1.59,0.0
20230316:0110,0.0,0.0,0.0,1.91,1.59,0.0
20230316:0210,0.0,0.0,0.0,1.61,1.59,0.0
20230316:0310,0.0,0.0,0.0,1.34,1.59,0.0
20230316:0410,0.0,0.0,0.0,1.32,1.52,0.0
20230316:0510,0.0,0.0,0.0,1.19,1.45,0.0
20230316:0610,13.3,24.61,5.12,1.16,1.38,0.0
20230316:0710,132.15,175.32,15.25,1.92,1.03,0.0
20230316:0810,229.95,271.7,24.67,5.91,0.62,0.0
20230316:0910,306.12,344.68,32.81,7.64,0.76,0.0
20230316:1010,353.7,390.72,38.9,8.47,1.1,0.0
20230316:1110,364.67,402.16,42.04,9.16,1.31,0.0
20230316:1210,340.54,381.02,41.63,9.64,1.31,0.0
20230316:1310,284.18,329.59,37.75,10.01,1.17,0.0
20230316:1410,200.01,255.33,31.12,9.83,0.97,0.0
20230316:1510,109.58,164.03,22.63,9.9,0.69,0.0
20230316:1610,43.87,59.64,13.01,9.51,0.76,0.0
20230316:1710,1.93,9.47,2.78,8.8,0.69,0.0
20230316:1810,0.0,0.0,0.0,8.22,0.34,0.0
20230316:1910,0.0,0.0,0.0,7.86,0.28,0.0
20230316:2010,0.0,0.0,0.0,7.21,0.41,0.0
20230316:2110,0.0,0.0,0.0,6.58,0.69,0.0
20230316:2210,0.0,0.0,0.0,5.96,0.76,0.0
20230316:2310,0.0,0.0,0.0,5.53,0.76,0.0
20230317:0010,0.0,0.0,0.0,4.74,0.9,0.0
20230317:0110,0.0,0.0,0.0,4.11,0.97,0.0
20230317:0210,0.0,0.0,0.0,3.38,0.97,0.0
20230317:0310,0.0,0.0,0.0,2.85,0.97,0.0
20230317:0410,0.0,0.0,0.0,2.5,0.9,0.0
20230317:0510,0.0,0.0,0.0,2.15,0.9,0.0
20230317:0610,16.45,28.4,5.46,1.94,0.9,0.0
20230317:0710,136.56,176.43,15.6,3.45,0.55,0.0
20230317:0810,234.95,272.52,25.04,5.98,0.21,0.0
20230317:0910,311.06,344.28,33.19,7.0,0.34,0.0
20230317:1010,357.37,387.79,39.29,8.05,0.55,0.0
20230317:1110,374.22,403.45,42.44,8.95,0.62,0.0
20230317:1210,357.75,389.51,42.01,9.72,0.62,0.0
20230317:1310,305.42,342.1,38.09,10.23,0.76,0.0
20230317:1410,219.12,265.36,31.42,10.48,0.83,0.0
20230317:1510,134.88,179.38,22.9,10.41,0.9,0.0
20230317:1610,71.14,88.04,13.25,10.02,0.83,0.0
20230317:1710,0.02,5.68,3.01,9.33,0.76,0.0
20230317:1810,0.0,0.0,0.0,8.45,0.55,0.0
20230317:1910,0.0,0.0,0.0,7.6,0.14,0.0
20230317:2010,0.0,0.0,0.0,7.08,0.34,0.0
20230317:2110,0.0,0.0,0.0,6.49,0.55,0.0
20230317:2210,0.0,0.0,0.0,5.95,0.69,0.0
20230317:2310,0.0,0.0,0.0,5.49,0.76,0.0
20230318:0010,0.0,0.0,0.0,4.83,0.9,0.0
20230318:0110,0.0,0.0,0.0,3.76,1.1,0.0
20230318:0210,0.0,0.0,0.0,2.96,1.1,0.0
20230318:0310,0.0,0.0,0.0,2.46,1.17,0.0
20230318:0410,0.0,0.0,0.0,0.76,1.1,0.0
20230318:0510,0.0,0.0,0.0,0.71,1.1,0.0
20230318:0610,20.74,33.13,5.8,0.73,1.17,0.0
20230318:0710,145.08,188.8,15.95,3.92,0.83,0.0
20230318:0810,241.35,283.06,25.4,7.54,0.34,0.0
20230318:0910,317.19,357.05,33.58,9.33,0.55,0.0
20230318:1010,365.7,404.96,39.69,10.41,1.1,0.0
20230318:1110,374.03,413.13,42.84,11.24,1.31,0.0
20230318:1210,349.93,391.98,42.39,11.76,1.31,0.0
20230318:1310,296.72,341.64,38.43,12.2,1.17,0.0
20230318:1410,212.68,265.91,31.72,12.39,1.03,0.0
20230318:1510,161.6,185.95,23.17,12.38,0.9,0.0
20230318:1610,51.34,68.16,13.5,12.02,0.83,0.0
20230318:1710,2.44,10.41,3.25,11.25,0.76,0.0
20230318:1810,0.0,0.0,0.0,10.2,0.62,0.0
20230318:1910,0.0,0.0,0.0,9.54,0.07,0.0
20230318:2010,0.0,0.0,0.0,9.1,0.28,0.0
20230318:2110,0.0,0.0,0.0,8.53,0.62,0.0
20230318:2210,0.0,0.0,0.0,7.1,0.97,0.0
20230318:2310,0.0,0.0,0.0,5.97,1.03,0.0
20230319:0010,0.0,0.0,0.0,5.27,1.03,0.0
20230319:0110,0.0,0.0,0.0,4.75,1.1,0.0
20230319:0210,0.0,0.0,0.0,4.47,1.03,0.0
20230319:0310,0.0,0.0,0.0,4.22,1.03,0.0
20230319:0410,0.0,0.0,0.0,4.14,1.03,0.0
20230319:0510,0.0,0.0,0.0,4.07,1.03,0.0
20230319:0610,22.05,35.03,6.14,4.13,1.03,0.0
20230319:0710,147.1,185.8,16.29,5.84,0.69,0.0
20230319:0810,237.07,266.39,25.76,8.81,0.21,0.0
20230319:0910,319.3,357.92,33.96,10.15,0.34,0.0
20230319:1010,363.83,400.76,40.09,10.89,0.62,0.0
20230319:1110,370.09,397.93,43.24,11.52,0.9,0.0
20230319:1210,270.98,290.59,42.77,11.79,1.17,0.0
20230319:1310,252.12,271.36,38.77,11.49,1.17,0.0
20230319:1410,94.01,111.62,32.02,10.93,0.76,0.0
20230319:1510,82.7,99.97,23.43,10.32,0.48,0.0
20230319:1610,68.37,85.2,13.74,9.95,0.76,0.0
20230319:1710,1.39,8.52,3.48,9.44,0.9,0.0
20230319:1810,0.0,0.0,0.0,8.25,1.1,0.0
20230319:1910,0.0,0.0,0.0,7.72,0.97,0.0
20230319:2010,0.0,0.0,0.0,6.95,1.03,0.0
20230319:2110,0.0,0.0,0.0,6.5,0.97,0.0
20230319:2210,0.0,0.0,0.0,5.77,0.97,0.0
20230319:2310,0.0,0.0,0.0,4.86,1.1,0.0
20230320:0010,0.0,0.0,0.0,4.24,1.1,0.0
20230320:0110,0.0,0.0,0.0,3.99,1.1,0.0
20230320:0210,0.0,0.0,0.0,3.8,1.1,0.0
20230320:0310,0.0,0.0,0.0,3.44,1.1,0.0
20230320:0410,0.0,0.0,0.0,3.16,1.17,0.0
20230320:0510,0.0,0.0,0.0,3.05,1.17,0.0
20230320:0610,21.31,34.08,6.48,3.25,1.17,0.0
20230320:0710,157.31,197.56,16.64,3.47,0.9,0.0
20230320:0810,256.87,295.52,26.12,6.9,0.55,0.0
20230320:0910,330.22,368.92,34.34,9.58,0.48,0.0
20230320:1010,373.15,411.57,40.49,11.22,0.9,0.0
20230320:1110,385.58,426.25,43.64,12.41,1.17,0.0
20230320:1210,364.46,408.85,43.15,13.25,1.45,0.0
20230320:1310,307.06,354.77,39.11,13.68,1.79,0.0
20230320:1410,223.94,277.8,32.32,13.82,1.93,0.0
20230320:1510,128.68,185.23,23.7,13.42,1.93,0.0
20230320:1610,46.69,63.43,13.98,12.99,1.59,0.0
20230320:1710,6.12,16.09,3.71,12.01,1.38,0.0
20230320:1810,0.0,0.0,0.0,10.61,1.17,0.0
20230320:1910,0.0,0.0,0.0,9.51,1.03,0.0
20230320:2010,0.0,0.0,0.0,8.77,0.97,0.0
20230320:2110,0.0,0.0,0.0,8.74,0.83,0.0
20230320:2210,0.0,0.0,0.0,8.68,0.55,0.0
20230320:2310,0.0,0.0,0.0,8.19,0.48,0.0
20230321:0010,0.0,0.0,0.0,7.08,0.83,0.0
20230321:0110,0.0,0.0,0.0,4.72,1.03,0.0
20230321:0210,0.0,0.0,0.0,3.98,0.9,0.0
20230321:0310,0.0,0.0,0.0,4.28,1.03,0.0
20230321:0410,0.0,0.0,0.0,4.01,1.24,0.0
20230321:0510,0.0,0.0,0.0,3.48,1.31,0.0
20230321:0610,24.73,37.87,6.81,3.18,1.45,0.0
20230321:0710,0.0,0.0,0.0,6.35,0.9,0.0
20230321:0810,0.0,0.0,0.0,9.66,0.55,0.0
20230321:0910,326.52,362.0,34.72,11.76,0.28,0.0
20230321:1010,371.52,407.08,40.89,13.11,0.76,0.0
20230321:1110,385.83,425.73,44.05,14.07,1.1,0.0
20230321:1210,362.74,406.5,43.53,14.68,1.24,0.0
20230321:1310,319.14,360.78,39.45,15.07,1.31,0.0
20230321:1410,246.74,290.03,32.62,15.19,1.17,0.0
20230321:1510,168.2,204.73,23.96,14.95,1.1,0.0
20230321:1610,80.6,99.4,14.23,14.39,0.97,0.0
20230321:1710,4.15,13.25,3.95,13.55,0.62,0.0
20230321:1810,0.0,0.0,0.0,12.79,0.21,0.0
20230321:1910,0.0,0.0,0.0,12.57,0.14,0.0
20230321:2010,0.0,0.0,0.0,12.03,0.21,0.0
20230321:2110,0.0,0.0,0.0,11.28,0.69,0.0
20230321:2210,0.0,0.0,0.0,9.42,1.03,0.0
20230321:2310,0.0,0.0,0.0,8.01,1.17,0.0
20230322:0010,0.0,0.0,0.0,6.95,1.24,0.0
20230322:0110,0.0,0.0,0.0,6.04,1.31,0.0
20230322:0210,0.0,0.0,0.0,5.37,1.31,0.0
20230322:0310,0.0,0.0,0.0,4.73,1.38,0.0
20230322:0410,0.0,0.0,0.0,4.21,1.38,0.0
20230322:0510,0.0,0.0,0.0,3.79,1.38,0.0
20230322:0610,23.8,36.92,7.15,3.7,1.38,0.0
20230322:0710,0.0,0.0,0.0,7.09,0.97,0.0
20230322:0810,262.6,304.03,26.85,11.49,0.48,0.0
20230322:0910,334.85,377.99,35.11,13.42,0.28,0.0
20230322:1010,379.15,422.62,41.29,14.4,0.76,0.0
20230322:1110,390.55,435.31,44.45,15.1,0.97,0.0
20230322:1210,369.47,417.8,43.9,15.78,0.97,0.0
20230322:1310,313.15,363.56,39.79,16.21,1.03,0.0
20230322:1410,232.87,287.5,32.91,16.54,1.24,0.0
20230322:1510,136.91,195.36,24.22,16.43,1.31,0.0
20230322:1610,47.74,65.32,14.47,15.94,1.31,0.0
20230322:1710,9.41,20.83,4.18,15.04,0.83,0.0
20230322:1810,0.0,0.0,0.0,13.92,0.62,0.0
20230322:1910,0.0,0.0,0.0,13.71,0.34,0.0
20230322:2010,0.0,0.0,0.0,12.82,0.69,0.0
20230322:2110,0.0,0.0,0.0,11.79,0.76,0.0
20230322:2210,0.0,0.0,0.0,11.16,0.55,0.0
20230322:2310,0.0,0.0,0.0,10.18,0.55,0.0
20230323:0010,0.0,0.0,0.0,9.24,0.76,0.0
20230323:0110,0.0,0.0,0.0,8.31,0.97,0.0
20230323:0210,0.0,0.0,0.0,7.42,1.03,0.0
20230323:0310,0.0,0.0,0.0,7.13,1.1,0.0
20230323:0410,0.0,0.0,0.0,6.98,1.17,0.0
20230323:0510,0.0,0.0,0.0,6.81,1.24,0.0
20230323:0610,21.72,35.03,7.49,7.0,1.1,0.0
20230323:0710,80.78,97.59,17.68,8.51,0.48,0.0
20230323:0810,267.04,307.61,27.21,11.31,0.14,0.0
20230323:0910,341.72,382.39,35.49,12.7,0.55,0.0
20230323:1010,379.96,418.55,41.69,13.95,0.62,0.0
20230323:1110,393.69,435.23,44.85,14.76,1.03,0.0
20230323:1210,372.64,416.0,44.28,15.25,1.24,0.0
20230323:1310,319.12,366.75,40.12,15.47,1.24,0.0
20230323:1410,239.31,291.44,33.2,15.61,1.24,0.0
20230323:1510,153.91,203.82,24.48,15.54,1.17,0.0
20230323:1610,77.6,96.56,14.7,15.13,1.17,0.0
20230323:1710,7.37,17.99,4.41,14.27,0.97,0.0
20230323:1810,0.0,0.0,0.0,12.84,0.9,0.0
20230323:1910,0.0,0.0,0.0,12.72,0.62,0.0
20230323:2010,0.0,0.0,0.0,11.91,0.69,0.0
20230323:2110,0.0,0.0,0.0,11.31,0.62,0.0
20230323:2210,0.0,0.0,0.0,10.8,0.48,0.0
20230323:2310,0.0,0.0,0.0,10.17,0.48,0.0
20230324:0010,0.0,0.0,0.0,9.64,0.48,0.0
20230324:0110,0.0,0.0,0.0,9.28,0.34,0.0
20230324:0210,0.0,0.0,0.0,8.85,0.34,0.0
20230324:0310,0.0,0.0,0.0,8.19,0.34,0.0
20230324:0410,0.0,0.0,0.0,7.84,0.28,0.0
20230324:0510,0.0,0.0,0.0,7.72,0.34,0.0
20230324:0610,6.95,17.04,7.83,7.98,0.34,0.0
20230324:0710,37.19,52.41,18.03,8.94,0.28,0.0
20230324:0810,98.38,115.5,27.57,9.61,0.34,0.0
20230324:0910,78.96,96.09,35.87,10.13,0.55,0.0
20230324:1010,42.37,58.24,42.09,10.35,0.69,0.0
20230324:1110,70.21,87.36,45.25,10.76,0.83,0.0
20230324:1210,99.86,117.45,44.66,10.79,0.76,0.0
20230324:1310,73.85,91.24,40.46,11.16,0.76,0.0
20230324:1410,60.59,77.65,33.5,11.2,0.34,0.0
20230324:1510,55.03,71.83,24.74,11.01,0.07,0.0
20230324:1610,56.09,72.9,14.94,10.98,0.34,0.0
20230324:1710,3.02,11.36,4.64,10.61,0.41,0.0
20230324:1810,0.0,0.0,0.0,10.12,0.34,0.0
20230324:1910,0.0,0.0,0.0,9.88,0.14,0.0
20230324:2010,0.0,0.0,0.0,9.67,0.14,0.0
20230324:2110,0.0,0.0,0.0,9.35,0.34,0.0
20230324:2210,0.0,0.0,0.0,9.19,0.34,0.0
20230324:2310,0.0,0.0,0.0,9.15,0.41,0.0
20230325:0010,0.0,0.0,0.0,8.81,0.55,0.0
20230325:0110,0.0,0.0,0.0,8.39,0.55,0.0
20230325:0210,0.0,0.0,0.0,8.16,0.69,0.0
20230325:0310,0.0,0.0,0.0,7.59,0.9,0.0
20230325:0410,0.0,0.0,0.0,7.09,0.97,0.0
20230325:0510,0.0,0.0,0.0,6.27,1.17,0.0
20230325:0610,28.73,42.6,8.17,5.49,1.17,0.0
20230325:0710,192.75,234.92,18.38,7.47,0.97,0.0
20230325:0810,296.04,336.5,27.94,10.1,0.83,0.0
20230325:0910,368.67,408.66,36.25,12.0,0.83,0.0
20230325:1010,410.36,451.13,42.49,13.59,1.17,0.0
20230325:1110,422.2,463.22,45.65,14.59,1.86,0.0
20230325:1210,401.53,445.86,45.03,15.32,2.14,0.0
20230325:1310,341.67,388.64,40.79,15.58,2.34,0.0
20230325:1410,261.35,309.15,33.79,15.62,2.28,0.0
20230325:1510,153.48,213.9,25.0,15.41,2.21,0.0
20230325:1610,41.88,58.7,15.18,14.87,1.79,0.0
20230325:1710,10.92,22.72,4.86,13.77,1.38,0.0
20230325:1810,0.0,0.0,0.0,11.58,1.24,0.0
20230325:1910,0.0,0.0,0.0,11.38,1.1,0.0
20230325:2010,0.0,0.0,0.0,10.16,1.24,0.0
20230325:2110,0.0,0.0,0.0,8.53,1.38,0.0
20230325:2210,0.0,0.0,0.0,7.27,1.52,0.0
20230325:2310,0.0,0.0,0.0,6.0,1.66,0.0
20230326:0010,0.0,0.0,0.0,5.16,1.79,0.0
20230326:0110,0.0,0.0,0.0,4.63,1.79,0.0
20230326:0210,0.0,0.0,0.0,4.52,1.86,0.0
20230326:0310,0.0,0.0,0.0,4.54,1.79,0.0
20230326:0410,0.0,0.0,0.0,3.97,1.59,0.0
20230326:0510,0.0,0.0,0.0,4.1,1.38,0.0
20230326:0610,36.82,51.12,8.51,4.57,1.03,0.0
20230326:0710,128.57,146.05,18.72,6.93,0.69,0.0
20230326:0810,267.93,292.02,28.3,9.83,0.97,0.0
20230326:0910,164.91,182.48,36.63,10.88,0.97,0.0
20230326:1010,85.97,103.86,42.88,11.83,0.83,0.0
20230326:1110,120.25,138.8,46.04,12.18,0.55,0.0
20230326:1210,99.29,117.45,45.4,11.84,0.55,0.0
20230326:1310,65.2,82.5,41.12,11.57,0.62,0.0
20230326:1410,127.47,145.59,34.08,11.4,0.55,0.0
20230326:1510,70.91,88.33,25.25,11.38,0.62,0.0
20230326:1610,89.24,106.98,15.42,11.11,0.34,0.0
20230326:1710,14.91,27.45,5.09,10.68,0.62,0.0
20230326:1810,0.0,0.0,0.0,9.84,0.55,0.0
20230326:1910,0.0,0.0,0.0,7.14,1.1,0.0
20230326:2010,0.0,0.0,0.0,5.8,1.31,0.0
20230326:2110,0.0,0.0,0.0,4.63,1.52,0.0
20230326:2210,0.0,0.0,0.0,3.63,1.72,0.0
20230326:2310,0.0,0.0,0.0,3.14,1.86,0.0
20230327:0010,0.0,0.0,0.0,2.86,1.93,0.0
20230327:0110,0.0,0.0,0.0,2.62,2.0,0.0
20230327:0210,0.0,0.0,0.0,2.35,2.07,0.0
20230327:0310,0.0,0.0,0.0,2.08,2.07,0.0
20230327:0410,0.0,0.0,0.0,1.87,2.0,0.0
20230327:0510,0.0,0.0,0.0,1.73,2.07,0.0
20230327:0610,25.76,38.82,8.85,1.94,2.07,0.0
20230327:0710,218.25,258.92,19.07,5.65,1.72,0.0
20230327:0810,323.71,360.34,28.66,9.25,2.14,0.0
20230327:0910,400.41,432.27,37.01,10.78,3.03,0.0
20230327:1010,448.18,477.62,43.28,11.38,3.72,0.0
20230327:1110,461.25,490.68,46.44,11.52,4.0,0.0
20230327:1210,437.44,469.31,45.78,11.49,4.14,0.0
20230327:1310,374.87,411.66,41.45,11.29,4.21,0.0
20230327:1410,284.22,330.64,34.36,10.77,4.21,0.0
20230327:1510,173.89,229.19,25.51,9.89,4.14,0.0
20230327:1610,45.97,61.54,15.65,8.8,3.79,0.0
20230327:1710,12.84,24.61,5.32,7.66,3.03,0.0
20230327:1810,0.0,0.0,0.0,6.63,3.31,0.0
20230327:1910,0.0,0.0,0.0,5.9,3.79,0.0
20230327:2010,0.0,0.0,0.0,5.41,3.72,0.0
20230327:2110,0.0,0.0,0.0,5.06,3.59,0.0
20230327:2210,0.0,0.0,0.0,4.79,3.24,0.0
20230327:2310,0.0,0.0,0.0,4.39,2.76,0.0
20230328:0010,0.0,0.0,0.0,3.69,2.28,0.0
20230328:0110,0.0,0.0,0.0,3.33,1.93,0.0
20230328:0210,0.0,0.0,0.0,2.67,1.66,0.0
20230328:0310,0.0,0.0,0.0,2.11,1.52,0.0
20230328:0410,0.0,0.0,0.0,1.79,1.52,0.0
20230328:0510,0.0,0.0,0.0,1.57,1.52,0.0
20230328:0610,25.76,38.82,9.18,1.9,1.38,0.0
20230328:0710,225.34,261.79,19.41,3.56,1.31,0.0
20230328:0810,333.13,364.04,29.02,5.79,1.52,0.0
20230328:0910,408.93,437.37,37.39,7.36,1.45,0.0
20230328:1010,450.96,482.56,43.68,8.81,1.03,0.0
20230328:1110,456.67,494.62,46.84,10.06,0.41,0.0
20230328:1210,430.89,471.7,46.15,10.99,0.48,0.0
20230328:1310,374.01,416.36,41.78,11.54,1.17,0.0
20230328:1410,287.1,335.44,34.65,11.34,1.72,0.0
20230328:1510,184.87,234.49,25.76,10.79,1.72,0.0
20230328:1610,47.35,63.43,15.88,10.14,1.38,0.0
20230328:1710,13.46,25.56,5.54,9.51,1.03,0.0
20230328:1810,0.0,0.0,0.0,8.17,0.62,0.0
20230328:1910,0.0,0.0,0.0,9.2,0.55,0.0
20230328:2010,0.0,0.0,0.0,8.46,0.21,0.0
20230328:2110,0.0,0.0,0.0,7.92,0.14,0.0
20230328:2210,0.0,0.0,0.0,7.33,0.28,0.0
20230328:2310,0.0,0.0,0.0,6.8,0.41,0.0
20230329:0010,0.0,0.0,0.0,6.2,0.69,0.0
20230329:0110,0.0,0.0,0.0,5.76,0.69,0.0
20230329:0210,0.0,0.0,0.0,5.22,0.76,0.0
20230329:0310,0.0,0.0,0.0,4.77,0.76,0.0
20230329:0410,0.0,0.0,0.0,4.18,0.83,0.0
20230329:0510,0.0,0.0,0.0,3.5,0.9,0.0
20230329:0610,43.39,57.75,9.52,3.42,0.83,0.0
20230329:0710,211.64,242.68,19.76,5.2,0.28,0.0
20230329:0810,317.59,349.76,29.37,7.7,0.28,0.0
20230329:0910,393.53,426.17,37.77,8.95,0.34,0.0
20230329:1010,440.02,473.88,44.07,9.94,0.62,0.0
20230329:1110,445.8,481.35,47.23,11.19,0.83,0.0
20230329:1210,425.59,465.0,46.52,12.32,0.97,0.0
20230329:1310,367.63,410.82,42.11,13.04,1.03,0.0
20230329:1410,282.54,330.9,34.93,13.34,1.24,0.0
20230329:1510,179.72,234.78,26.01,13.18,1.31,0.0
20230329:1610,52.94,70.06,16.12,12.9,1.24,0.0
20230329:1710,14.79,27.45,5.77,12.19,0.69,0.0
20230329:1810,0.0,0.0,0.0,11.52,0.21,0.0
20230329:1910,0.0,0.0,0.0,10.84,0.69,0.0
20230329:2010,0.0,0.0,0.0,9.86,0.76,0.0
20230329:2110,0.0,0.0,0.0,9.46,0.76,0.0
20230329:2210,0.0,0.0,0.0,8.81,0.34,0.0
20230329:2310,0.0,0.0,0.0,8.25,0.28,0.0
20230330:0010,0.0,0.0,0.0,7.62,0.41,0.0
20230330:0110,0.0,0.0,0.0,7.19,0.48,0.0
20230330:0210,0.0,0.0,0.0,6.37,0.76,0.0
20230330:0310,0.0,0.0,0.0,5.73,0.83,0.0
20230330:0410,0.0,0.0,0.0,5.15,0.9,0.0
20230330:0510,0.0,0.0,0.0,5.01,0.9,0.0
20230330:0610,13.02,24.61,9.86,5.0,0.9,0.0
20230330:0710,113.83,130.84,20.1,8.03,0.34,0.0
20230330:0810,61.34,77.65,29.73,8.68,0.28,0.0
20230330:0910,271.57,288.96,38.14,8.99,0.41,0.0
20230330:1010,102.4,119.39,44.46,9.39,0.48,0.0
20230330:1110,95.52,112.59,47.63,9.72,0.69,0.0
20230330:1210,104.11,121.33,46.89,9.89,0.55,0.0
20230330:1310,121.37,138.8,42.43,10.25,0.55,0.0
20230330:1410,51.48,67.94,35.21,10.51,0.28,0.0
20230330:1510,156.13,174.81,26.26,10.31,0.21,0.0
20230330:1610,38.4,53.96,16.35,10.19,0.55,0.0
20230330:1710,11.16,22.72,5.99,10.0,0.62,0.0
20230330:1810,0.0,0.0,0.0,9.37,0.69,0.0
20230330:1910,0.0,0.0,0.0,9.18,0.07,0.0
20230330:2010,0.0,0.0,0.0,8.98,0.07,0.0
20230330:2110,0.0,0.0,0.0,8.83,0.07,0.0
20230330:2210,0.0,0.0,0.0,8.49,0.14,0.0
20230330:2310,0.0,0.0,0.0,8.24,0.14,0.0
20230331:0010,0.0,0.0,0.0,7.99,0.07,0.0
20230331:0110,0.0,0.0,0.0,7.68,0.21,0.0
20230331:0210,0.0,0.0,0.0,7.18,0.28,0.0
20230331:0310,0.0,0.0,0.0,6.91,0.41,0.0
20230331:0410,0.0,0.0,0.0,6.44,0.41,0.0
20230331:0510,0.0,0.0,0.0,6.51,0.48,0.0
20230331:0610,33.79,48.28,10.19,6.54,0.69,0.0
20230331:0710,109.94,126.36,20.44,7.25,0.28,0.0
20230331:0810,39.25,54.35,30.09,7.69,0.41,0.0
20230331:0910,77.85,94.15,38.52,8.03,0.55,0.0
20230331:1010,53.97,69.88,44.86,8.19,0.48,0.0
20230331:1110,59.56,75.71,48.02,8.44,0.55,0.0
20230331:1210,50.11,66.0,47.25,8.47,0.0,0.0
20230331:1310,59.44,75.71,42.75,8.7,0.21,0.0
20230331:1410,34.43,49.5,35.49,9.29,0.34,0.0
20230331:1510,22.2,35.91,26.51,9.4,0.41,0.0
20230331:1610,99.5,116.45,16.58,9.33,0.55,0.0
20230331:1710,20.65,34.08,6.22,9.1,0.69,0.0
20230331:1810,0.0,0.0,0.0,8.29,0.76,0.0
20230331:1910,0.0,0.0,0.0,7.03,1.03,0.0
20230331:2010,0.0,0.0,0.0,6.16,0.83,0.0
20230331:2110,0.0,0.0,0.0,5.73,0.55,0.0
20230331:2210,0.0,0.0,0.0,4.22,1.03,0.0
20230331:2310,0.0,0.0,0.0,3.29,1.24,0.0
20230401:0010,0.0,0.0,0.0,2.73,1.31,0.0
20230401:0110,0.0,0.0,0.0,2.23,1.45,0.0
20230401:0210,0.0,0.0,0.0,1.92,1.45,0.0
20230401:0310,0.0,0.0,0.0,1.86,1.52,0.0
20230401:0410,0.0,0.0,0.0,1.74,1.59,0.0
20230401:0510,0.0,0.0,0.0,1.78,1.59,0.0
20230401:0610,38.18,52.07,10.52,2.26,1.52,0.0
20230401:0710,251.4,286.3,20.78,5.73,1.17,0.0
20230401:0810,354.6,389.49,30.44,9.47,0.97,0.0
20230401:0910,414.98,449.6,38.89,11.8,0.97,0.0
20230401:1010,461.47,501.01,45.25,13.15,0.9,0.0
20230401:1110,383.12,411.16,48.41,14.05,1.31,0.0
20230401:1210,425.62,458.95,47.62,14.54,1.72,0.0
20230401:1310,387.96,427.83,43.08,14.68,1.45,0.0
20230401:1410,305.52,350.1,35.77,14.84,1.31,0.0
20230401:1510,215.28,252.41,26.76,14.82,1.17,0.0
20230401:1610,87.09,106.03,16.8,14.38,1.24,0.0
20230401:1710,18.58,32.19,6.44,13.56,1.1,0.0
20230401:1810,0.0,0.0,0.0,11.3,1.24,0.0
20230401:1910,0.0,0.0,0.0,9.31,1.38,0.0
20230401:2010,0.0,0.0,0.0,7.68,1.59,0.0
20230401:2110,0.0,0.0,0.0,6.13,1.79,0.0
20230401:2210,0.0,0.0,0.0,4.98,1.93,0.0
20230401:2310,0.0,0.0,0.0,4.29,2.07,0.0
20230402:0010,0.0,0.0,0.0,3.86,2.07,0.0
20230402:0110,0.0,0.0,0.0,3.45,2.0,0.0
20230402:0210,0.0,0.0,0.0,3.06,1.93,0.0
20230402:0310,0.0,0.0,0.0,2.76,1.86,0.0
20230402:0410,0.0,0.0,0.0,2.29,1.79,0.0
20230402:0510,0.0,0.0,0.0,2.02,1.72,0.0
20230402:0610,38.1,52.07,10.85,2.66,1.45,0.0
20230402:0710,255.51,290.01,21.12,6.89,1.45,0.0
20230402:0810,357.85,392.89,30.79,10.23,0.97,0.0
20230402:0910,428.82,468.39,39.26,11.98,0.34,0.0
20230402:1010,469.74,511.28,45.64,13.01,0.55,0.0
20230402:1110,468.71,511.85,48.81,13.84,0.48,0.0
20230402:1210,395.29,428.94,47.98,14.69,0.62,0.0
20230402:1310,168.12,189.27,43.39,15.16,0.83,0.0
20230402:1410,301.29,332.81,36.05,15.4,0.9,0.0
20230402:1510,210.96,258.53,27.0,15.54,1.03,0.0
20230402:1610,101.41,121.18,17.03,15.25,1.03,0.0
20230402:1710,23.32,37.87,6.66,14.24,0.76,0.0
20230402:1810,0.0,0.0,0.0,12.57,0.83,0.0
20230402:1910,0.0,0.0,0.0,12.74,0.14,0.0
20230402:2010,0.0,0.0,0.0,12.11,0.07,0.0
20230402:2110,0.0,0.0,0.0,11.42,0.21,0.0
20230402:2210,0.0,0.0,0.0,10.67,0.69,0.0
20230402:2310,0.0,0.0,0.0,7.83,1.38,0.0
20230403:0010,0.0,0.0,0.0,5.87,1.59,0.0
20230403:0110,0.0,0.0,0.0,4.93,1.79,0.0
20230403:0210,0.0,0.0,0.0,4.32,1.93,0.0
20230403:0310,0.0,0.0,0.0,3.96,2.0,0.0
20230403:0410,0.0,0.0,0.0,3.77,2.0,0.0
20230403:0510,0.0,0.0,0.0,3.68,2.0,0.0
20230403:0610,132.77,168.9,11.18,4.38,1.72,0.0
20230403:0710,262.89,298.93,21.45,8.36,1.38,0.0
20230403:0810,365.42,401.12,31.14,11.51,1.38,0.0
20230403:0910,438.24,475.65,39.63,12.39,0.97,0.0
20230403:1010,477.68,518.58,46.03,12.87,0.62,0.0
20230403:1110,487.51,528.91,49.19,13.59,0.97,0.0
20230403:1210,466.05,508.67,48.35,14.01,1.1,0.0
20230403:1310,404.74,448.2,43.71,14.15,1.1,0.0
20230403:1410,321.45,368.37,36.32,13.77,1.38,0.0
20230403:1510,214.79,266.56,27.25,12.92,1.66,0.0
20230403:1610,88.25,106.03,17.26,11.98,2.0,0.0
20230403:1710,20.45,34.08,6.88,10.98,1.31,0.0
20230403:1810,0.0,0.0,0.0,9.46,1.1,0.0
20230403:1910,0.0,0.0,0.0,9.57,0.55,0.0
20230403:2010,0.0,0.0,0.0,8.49,0.62,0.0
20230403:2110,0.0,0.0,0.0,7.18,0.83,0.0
20230403:2210,0.0,0.0,0.0,6.15,0.9,0.0
20230403:2310,0.0,0.0,0.0,5.78,0.62,0.0
20230404:0010,0.0,0.0,0.0,5.28,0.28,0.0
20230404:0110,0.0,0.0,0.0,4.65,0.34,0.0
20230404:0210,0.0,0.0,0.0,3.67,0.55,0.0
20230404:0310,0.0,0.0,0.0,2.95,0.76,0.0
20230404:0410,0.0,0.0,0.0,2.51,0.9,0.0
20230404:0510,0.0,0.0,0.0,2.12,0.9,0.0
20230404:0610,47.03,61.37,11.51,1.95,0.83,0.0
20230404:0710,266.28,294.38,21.79,4.32,0.9,0.0
20230404:0810,377.03,397.83,31.49,4.73,1.59,0.0
20230404:0910,458.9,477.21,40.0,5.42,1.79,0.0
20230404:1010,503.72,522.04,46.41,6.32,2.0,0.0
20230404:1110,510.9,530.14,49.58,6.91,2.14,0.0
20230404:1210,490.21,512.25,48.71,7.55,2.34,0.0
20230404:1310,424.2,450.87,44.03,8.35,2.34,0.0
20230404:1410,337.48,370.91,36.6,8.07,2.48,0.0
20230404:1510,226.97,271.35,27.49,8.76,2.34,0.0
20230404:1610,60.7,76.68,17.48,8.31,2.28,0.0
20230404:1710,22.48,35.97,7.1,7.7,1.86,0.0
20230404:1810,0.0,0.0,0.0,6.77,1.31,0.0
20230404:1910,0.0,0.0,0.0,6.58,1.1,0.0
20230404:2010,0.0,0.0,0.0,5.6,1.03,0.0
20230404:2110,0.0,0.0,0.0,5.22,0.97,0.0
20230404:2210,0.0,0.0,0.0,4.7,1.03,0.0
20230404:2310,0.0,0.0,0.0,4.23,1.03,0.0
20230405:0010,0.0,0.0,0.0,3.91,0.9,0.0
20230405:0110,0.0,0.0,0.0,3.53,0.83,0.0
20230405:0210,0.0,0.0,0.0,3.21,0.83,0.0
20230405:0310,0.0,0.0,0.0,3.05,0.9,0.0
20230405:0410,0.0,0.0,0.0,3.08,0.97,0.0
20230405:0510,0.0,0.0,0.0,2.82,0.9,0.0
20230405:0610,94.43,113.69,11.84,2.69,0.76,0.0
20230405:0710,278.66,305.64,22.12,3.31,1.17,0.0
20230405:0810,393.35,413.92,31.84,3.96,1.45,0.0
20230405:0910,467.92,486.6,40.37,4.96,1.38,0.0
20230405:1010,507.53,528.36,46.8,5.9,1.17,0.0
20230405:1110,506.99,530.32,49.97,6.79,1.03,0.0
20230405:1210,478.87,502.4,49.06,7.68,1.38,0.0
20230405:1310,428.45,455.3,44.34,8.35,2.0,0.0
20230405:1410,342.28,376.03,36.87,8.56,2.28,0.0
20230405:1510,232.85,276.88,27.73,8.63,2.21,0.0
20230405:1610,68.16,84.26,17.71,8.28,2.21,0.0
20230405:1710,23.33,36.92,7.32,7.62,1.93,0.0
20230405:1810,0.0,0.0,0.0,6.58,1.59,0.0
20230405:1910,0.0,0.0,0.0,5.96,1.38,0.0
20230405:2010,0.0,0.0,0.0,4.53,1.17,0.0
20230405:2110,0.0,0.0,0.0,3.96,1.1,0.0
20230405:2210,0.0,0.0,0.0,3.86,0.97,0.0
20230405:2310,0.0,0.0,0.0,4.11,0.83,0.0
20230406:0010,0.0,0.0,0.0,4.08,0.69,0.0
20230406:0110,0.0,0.0,0.0,3.7,0.48,0.0
20230406:0210,0.0,0.0,0.0,3.31,0.41,0.0
20230406:0310,0.0,0.0,0.0,2.99,0.34,0.0
20230406:0410,0.0,0.0,0.0,2.68,0.34,0.0
20230406:0510,0.0,1.89,1.75,2.48,0.41,0.0
20230406:0610,146.57,177.89,12.16,2.55,0.21,0.0
20230406:0710,282.37,311.5,22.45,4.17,0.14,0.0
20230406:0810,389.46,415.67,32.18,6.05,0.55,0.0
20230406:0910,467.17,492.17,40.73,7.49,1.1,0.0
20230406:1010,507.84,533.25,47.18,8.67,1.52,0.0
20230406:1110,507.85,533.98,50.35,9.67,1.79,0.0
20230406:1210,487.47,515.36,49.42,10.44,2.14,0.0
20230406:1310,411.94,435.4,44.65,10.76,2.34,0.0
20230406:1410,340.48,366.92,37.14,10.79,2.21,0.0
20230406:1510,241.97,272.73,27.97,10.92,2.14,0.0
20230406:1610,114.41,131.59,17.93,10.51,1.86,0.0
20230406:1710,31.51,46.39,7.54,9.88,1.24,0.0
20230406:1810,0.0,0.0,0.0,8.66,0.83,0.0
20230406:1910,0.0,0.0,0.0,9.13,0.41,0.0
20230406:2010,0.0,0.0,0.0,8.46,0.14,0.0
20230406:2110,0.0,0.0,0.0,7.99,0.55,0.0
20230406:2210,0.0,0.0,0.0,7.51,0.69,0.0
20230406:2310,0.0,0.0,0.0,6.98,0.69,0.0
20230407:0010,0.0,0.0,0.0,6.48,0.69,0.0
20230407:0110,0.0,0.0,0.0,6.02,0.76,0.0
20230407:0210,0.0,0.0,0.0,5.54,0.83,0.0
20230407:0310,0.0,0.0,0.0,4.97,0.9,0.0
20230407:0410,0.0,0.0,0.0,4.3,0.97,0.0
20230407:0510,0.05,5.68,2.08,3.88,1.03,0.0
20230407:0610,153.7,186.61,12.48,4.27,0.83,0.0
20230407:0710,152.31,167.39,22.78,5.71,0.41,0.0
20230407:0810,251.52,267.62,32.52,7.62,0.21,0.0
20230407:0910,291.21,307.45,41.09,8.07,0.34,0.0
20230407:1010,346.82,366.61,47.56,8.74,0.07,0.0
20230407:1110,195.34,211.6,50.73,8.85,0.34,0.0
20230407:1210,334.02,350.91,49.77,8.67,0.83,0.0
20230407:1310,373.58,392.74,44.96,8.84,1.1,0.0
20230407:1410,328.54,350.87,37.4,9.07,0.83,0.0
20230407:1510,112.24,129.09,28.21,9.07,0.34,0.0
20230407:1610,110.37,126.86,18.15,8.74,0.97,0.0
20230407:1710,33.54,48.28,7.76,8.13,1.17,0.0
20230407:1810,0.0,0.0,0.0,7.08,1.24,0.0
20230407:1910,0.0,0.0,0.0,7.0,0.9,0.0
20230407:2010,0.0,0.0,0.0,6.73,0.62,0.0
20230407:2110,0.0,0.0,0.0,6.28,0.41,0.0
20230407:2210,0.0,0.0,0.0,5.75,0.48,0.0
20230407:2310,0.0,0.0,0.0,4.9,0.76,0.0
20230408:0010,0.0,0.0,0.0,4.31,0.9,0.0
20230408:0110,0.0,0.0,0.0,3.78,1.03,0.0
20230408:0210,0.0,0.0,0.0,3.15,1.17,0.0
20230408:0310,0.0,0.0,0.0,2.56,1.31,0.0
20230408:0410,0.0,0.0,0.0,1.97,1.45,0.0
20230408:0510,0.51,6.63,2.4,1.25,1.59,0.0
20230408:0610,164.44,194.91,12.8,1.54,1.52,0.0
20230408:0710,296.51,325.05,23.1,6.08,1.31,0.0
20230408:0810,400.3,428.29,32.86,8.49,1.1,0.0
20230408:0910,468.87,502.42,41.45,10.68,0.69,0.0
20230408:1010,504.1,543.05,47.94,12.35,0.62,0.0
20230408:1110,504.48,546.26,51.11,13.47,0.62,0.0
20230408:1210,336.38,362.91,50.13,14.14,0.69,0.0
20230408:1310,414.74,453.8,45.27,14.57,0.62,0.0
20230408:1410,341.26,385.99,37.67,15.07,0.55,0.0
20230408:1510,233.85,264.79,28.44,15.27,0.69,0.0
20230408:1610,103.16,123.07,18.37,15.12,0.48,0.0
20230408:1710,33.35,49.23,7.97,14.2,0.9,0.0
20230408:1810,0.0,0.0,0.0,12.62,0.97,0.0
20230408:1910,0.0,0.0,0.0,10.3,1.17,0.0
20230408:2010,0.0,0.0,0.0,9.23,1.17,0.0
20230408:2110,0.0,0.0,0.0,8.47,1.03,0.0
20230408:2210,0.0,0.0,0.0,8.09,0.83,0.0
20230408:2310,0.0,0.0,0.0,7.85,0.69,0.0
20230409:0010,0.0,0.0,0.0,7.36,0.48,0.0
20230409:0110,0.0,0.0,0.0,7.0,0.28,0.0
20230409:0210,0.0,0.0,0.0,6.72,0.21,0.0
20230409:0310,0.0,0.0,0.0,6.48,0.14,0.0
20230409:0410,0.0,0.0,0.0,6.25,0.07,0.0
20230409:0510,1.44,8.52,2.72,5.93,0.07,0.0
20230409:0610,161.72,193.93,13.12,5.67,0.14,0.0
20230409:0710,279.36,306.79,23.43,7.62,0.34,0.0
20230409:0810,392.24,418.35,33.2,9.1,1.24,0.0
20230409:0910,456.51,482.4,41.81,10.15,1.45,0.0
20230409:1010,465.49,492.19,48.31,11.06,1.38,0.0
20230409:1110,498.46,528.71,51.49,11.38,1.38,0.0
20230409:1210,483.87,516.04,50.48,11.92,1.38,0.0
20230409:1310,435.41,470.71,45.57,12.86,1.52,0.0
20230409:1410,352.06,390.53,37.93,12.9,1.38,0.0
20230409:1510,248.55,291.44,28.68,13.17,1.66,0.0
20230409:1610,65.71,83.31,18.59,12.82,1.93,0.0
20230409:1710,27.78,42.6,8.19,12.02,1.59,0.0
20230409:1810,0.0,0.0,0.0,10.89,1.38,0.0
20230409:1910,0.0,0.0,0.0,9.79,1.45,0.0
20230409:2010,0.0,0.0,0.0,8.16,1.52,0.0
20230409:2110,0.0,0.0,0.0,7.23,1.38,0.0
20230409:2210,0.0,0.0,0.0,6.91,1.17,0.0
20230409:2310,0.0,0.0,0.0,6.84,0.97,0.0
20230410:0010,0.0,0.0,0.0,6.61,0.83,0.0
20230410:0110,0.0,0.0,0.0,6.54,0.69,0.0
20230410:0210,0.0,0.0,0.0,6.72,0.41,0.0
20230410:0310,0.0,0.0,0.0,6.32,0.0,0.0
20230410:0410,0.0,0.0,0.0,5.92,0.28,0.0
20230410:0510,0.0,2.84,3.03,5.42,0.48,0.0
20230410:0610,149.35,175.56,13.44,5.35,0.34,0.0
20230410:0710,271.96,295.28,23.75,7.22,0.62,0.0
20230410:0810,401.11,427.8,33.53,8.13,0.62,0.0
20230410:0910,475.62,504.17,42.16,9.22,0.76,0.0
20230410:1010,513.89,543.77,48.69,10.25,1.1,0.0
20230410:1110,508.65,540.36,51.87,11.44,1.24,0.0
20230410:1210,485.99,519.16,50.82,12.0,1.17,0.0
20230410:1310,441.3,478.02,45.87,12.56,1.1,0.0
20230410:1410,343.5,374.0,38.19,13.11,1.03,0.0
20230410:1510,249.61,280.39,28.91,12.92,0.9,0.0
20230410:1610,111.93,130.65,18.81,12.86,0.97,0.0
20230410:1710,36.28,52.07,8.4,12.26,0.97,0.0
20230410:1810,0.0,0.0,0.0,11.12,0.97,0.0
20230410:1910,0.0,0.0,0.0,10.36,0.62,0.0
20230410:2010,0.0,0.0,0.0,10.15,0.41,0.0
20230410:2110,0.0,0.0,0.0,9.65,0.34,0.0
20230410:2210,0.0,0.0,0.0,9.0,0.62,0.0
20230410:2310,0.0,0.0,0.0,8.19,0.62,0.0
20230411:0010,0.0,0.0,0.0,7.61,0.62,0.0
20230411:0110,0.0,0.0,0.0,6.86,0.83,0.0
20230411:0210,0.0,0.0,0.0,6.4,0.83,0.0
20230411:0310,0.0,0.0,0.0,6.13,0.9,0.0
20230411:0410,0.0,0.0,0.0,5.92,0.9,0.0
20230411:0510,2.55,10.41,3.35,5.66,0.9,0.0
20230411:0610,149.62,175.53,13.75,6.1,0.69,0.0
20230411:0710,286.12,314.23,24.06,8.76,0.28,0.0
20230411:0810,397.04,428.56,33.86,10.25,0.28,0.0
20230411:0910,457.47,489.13,42.51,11.09,0.55,0.0
20230411:1010,481.51,517.58,49.06,12.28,0.41,0.0
20230411:1110,510.02,549.67,52.24,13.4,0.76,0.0
20230411:1210,478.35,516.61,51.17,14.35,1.1,0.0
20230411:1310,430.57,469.02,46.17,15.06,1.31,0.0
20230411:1410,352.38,393.17,38.45,15.71,1.31,0.0
20230411:1510,251.21,298.01,29.14,15.99,1.31,0.0
20230411:1610,64.71,83.31,19.02,15.77,1.45,0.0
20230411:1710,28.16,43.55,8.62,15.11,1.1,0.0
20230411:1810,0.0,0.0,0.0,13.71,0.9,0.0
20230411:1910,0.0,0.0,0.0,12.16,0.55,0.0
20230411:2010,0.0,0.0,0.0,11.43,0.55,0.0
20230411:2110,0.0,0.0,0.0,10.96,0.62,0.0
20230411:2210,0.0,0.0,0.0,10.18,0.69,0.0
20230411:2310,0.0,0.0,0.0,9.5,0.62,0.0
20230412:0010,0.0,0.0,0.0,9.06,0.48,0.0
20230412:0110,0.0,0.0,0.0,8.83,0.55,0.0
20230412:0210,0.0,0.0,0.0,8.25,0.69,0.0
20230412:0310,0.0,0.0,0.0,6.96,0.97,0.0
20230412:0410,0.0,0.0,0.0,6.7,0.97,0.0
20230412:0510,0.0,2.84,3.66,7.17,0.69,0.0
20230412:0610,14.11,26.21,14.06,7.79,0.34,0.0
20230412:0710,32.68,47.56,24.38,9.11,0.34,0.0
20230412:0810,67.7,84.44,34.19,9.63,0.48,0.0
20230412:0910,153.63,170.83,42.86,10.24,0.83,0.0
20230412:1010,95.21,112.59,49.42,10.56,1.03,0.0
20230412:1110,79.8,97.06,52.61,10.62,0.97,0.0
20230412:1210,125.97,143.65,51.51,11.04,1.1,0.0
20230412:1310,204.08,222.27,46.47,11.71,1.17,0.0
20230412:1410,92.82,110.65,38.71,11.57,1.03,0.0
20230412:1510,65.2,82.5,29.37,11.65,0.9,0.0
20230412:1610,31.42,46.59,19.24,11.5,0.83,0.0
20230412:1710,10.35,21.77,8.83,11.16,0.69,0.0
20230412:1810,0.0,0.0,0.0,10.66,0.69,0.0
20230412:1910,0.0,0.0,0.0,8.73,0.28,0.0
20230412:2010,0.0,0.0,0.0,8.47,0.62,0.0
20230412:2110,0.0,0.0,0.0,8.3,0.83,0.0
20230412:2210,0.0,0.0,0.0,8.08,0.69,0.0
20230412:2310,0.0,0.0,0.0,8.04,0.62,0.0
20230413:0010,0.0,0.0,0.0,7.93,0.76,0.0
20230413:0110,0.0,0.0,0.0,7.91,0.55,0.0
20230413:0210,0.0,0.0,0.0,7.91,0.48,0.0
20230413:0310,0.0,0.0,0.0,7.95,0.48,0.0
20230413:0410,0.0,0.0,0.0,7.72,0.55,0.0
20230413:0510,4.95,14.2,3.97,7.74,0.83,0.0
20230413:0610,142.5,165.48,14.36,7.74,1.1,0.0
20230413:0710,321.33,348.46,24.69,8.08,1.38,0.0
20230413:0810,433.52,457.9,34.51,9.03,1.86,0.0
20230413:0910,398.38,414.45,43.2,9.91,2.83,0.0
20230413:1010,203.41,219.36,49.79,10.94,3.38,0.0
20230413:1110,119.87,136.86,52.98,10.74,3.1,0.0
20230413:1210,288.42,303.33,51.85,10.01,2.62,0.0
20230413:1310,248.54,262.76,46.77,9.19,2.48,0.0
20230413:1410,145.7,161.12,38.96,8.57,2.41,0.0
20230413:1510,75.07,91.24,29.59,8.29,2.14,0.0
20230413:1610,62.6,78.62,19.45,8.2,1.86,0.0
20230413:1710,32.69,47.34,9.04,8.1,1.93,0.0
20230413:1810,0.0,0.0,0.0,7.57,1.66,0.0
20230413:1910,0.0,0.0,0.0,7.59,1.79,0.0
20230413:2010,0.0,0.0,0.0,7.02,1.93,0.0
20230413:2110,0.0,0.0,0.0,6.3,1.86,0.0
20230413:2210,0.0,0.0,0.0,5.43,1.72,0.0
20230413:2310,0.0,0.0,0.0,4.91,1.66,0.0
20230414:0010,0.0,0.0,0.0,4.5,1.66,0.0
20230414:0110,0.0,0.0,0.0,4.22,1.72,0.0
20230414:0210,0.0,0.0,0.0,3.69,1.79,0.0
20230414:0310,0.0,0.0,0.0,3.29,1.86,0.0
20230414:0410,0.0,0.0,0.0,2.96,1.93,0.0
20230414:0510,10.87,21.77,4.27,2.75,2.0,0.0
20230414:0610,218.77,249.54,14.67,3.88,2.07,0.0
20230414:0710,343.37,370.02,25.0,7.74,1.86,0.0
20230414:0810,449.41,472.77,34.84,9.65,2.69,0.0
20230414:0910,510.81,533.46,43.55,11.08,3.17,0.0
20230414:1010,552.68,578.84,50.15,12.17,3.1,0.0
20230414:1110,569.58,599.95,53.34,12.94,2.9,0.0
20230414:1210,534.3,568.0,52.19,13.77,2.55,0.0
20230414:1310,474.51,511.31,47.06,14.3,2.21,0.0
20230414:1410,389.36,429.92,39.21,14.54,2.14,0.0
20230414:1510,279.59,326.57,29.82,14.45,1.86,0.0
20230414:1610,160.03,213.71,19.66,14.11,1.52,0.0
20230414:1710,27.55,42.6,9.25,13.5,0.97,0.0
20230414:1810,0.0,0.0,0.0,11.96,0.9,0.0
20230414:1910,0.0,0.0,0.0,10.19,1.17,0.0
20230414:2010,0.0,0.0,0.0,10.33,0.97,0.0
20230414:2110,0.0,0.0,0.0,9.93,0.83,0.0
20230414:2210,0.0,0.0,0.0,8.35,1.03,0.0
20230414:2310,0.0,0.0,0.0,5.75,1.38,0.0
20230415:0010,0.0,0.0,0.0,4.14,1.59,0.0
20230415:0110,0.0,0.0,0.0,3.27,1.72,0.0
20230415:0210,0.0,0.0,0.0,2.71,1.79,0.0
20230415:0310,0.0,0.0,0.0,2.37,1.79,0.0
20230415:0410,0.0,0.0,0.0,2.25,1.66,0.0
20230415:0510,10.13,20.83,4.58,2.3,1.59,0.0
20230415:0610,103.09,118.97,14.96,3.81,1.17,0.0
20230415:0710,221.7,238.06,25.3,7.59,0.83,0.0
20230415:0810,428.27,458.14,35.15,9.79,0.41,0.0
20230415:0910,503.47,540.26,43.88,11.53,0.41,0.0
20230415:1010,513.26,551.57,50.51,12.8,0.62,0.0
20230415:1110,535.29,576.92,53.7,13.73,0.83,0.0
20230415:1210,469.07,505.4,52.52,14.3,1.03,0.0
20230415:1310,197.41,218.39,47.35,14.46,0.97,0.0
20230415:1410,287.17,311.96,39.46,14.58,0.97,0.0
20230415:1510,252.99,281.16,30.04,14.84,1.24,0.0
20230415:1610,154.49,182.55,19.87,14.27,1.66,0.0
20230415:1710,9.49,20.83,9.46,13.61,1.31,0.0
20230415:1810,0.0,0.0,0.0,12.32,1.52,0.0
20230415:1910,0.0,0.0,0.0,10.65,2.0,0.0
20230415:2010,0.0,0.0,0.0,8.69,1.66,0.0
20230415:2110,0.0,0.0,0.0,8.26,1.31,0.0
20230415:2210,0.0,0.0,0.0,8.23,1.17,0.0
20230415:2310,0.0,0.0,0.0,7.46,1.24,0.0
20230416:0010,0.0,0.0,0.0,6.37,1.38,0.0
20230416:0110,0.0,0.0,0.0,5.74,1.38,0.0
20230416:0210,0.0,0.0,0.0,5.04,1.45,0.0
20230416:0310,0.0,0.0,0.0,4.68,1.45,0.0
20230416:0410,0.0,0.0,0.0,4.55,1.45,0.0
20230416:0510,12.3,23.67,4.88,4.3,1.52,0.0
20230416:0610,224.5,255.09,15.26,5.27,1.38,0.0
20230416:0710,347.73,377.19,25.6,9.88,1.52,0.0
20230416:0810,450.44,480.11,35.47,11.82,1.86,0.0
20230416:0910,521.54,553.62,44.22,13.17,2.14,0.0
20230416:1010,512.05,544.49,50.86,14.26,2.28,0.0
20230416:1110,540.01,575.64,54.06,15.3,2.62,0.0
20230416:1210,442.71,473.85,52.86,16.26,2.9,0.0
20230416:1310,335.5,361.15,47.64,16.6,3.03,0.0
20230416:1410,315.63,341.16,39.71,16.37,3.24,0.0
20230416:1510,281.13,319.73,30.27,16.19,3.31,0.0
20230416:1610,166.37,215.2,20.08,15.33,2.9,0.0
20230416:1710,29.97,45.44,9.67,14.36,2.14,0.0
20230416:1810,0.0,0.0,0.0,12.88,1.79,0.0
20230416:1910,0.0,0.0,0.0,10.97,1.52,0.0
20230416:2010,0.0,0.0,0.0,11.54,0.83,0.0
20230416:2110,0.0,0.0,0.0,11.09,0.55,0.0
20230416:2210,0.0,0.0,0.0,10.24,0.76,0.0
20230416:2310,0.0,0.0,0.0,8.47,1.1,0.0
20230417:0010,0.0,0.0,0.0,7.24,1.24,0.0
20230417:0110,0.0,0.0,0.0,6.42,1.31,0.0
20230417:0210,0.0,0.0,0.0,5.82,1.31,0.0
20230417:0310,0.0,0.0,0.0,5.14,1.31,0.0
20230417:0410,0.0,0.0,0.0,4.62,1.38,0.0
20230417:0510,13.85,25.56,5.17,4.37,1.45,0.0
20230417:0610,220.94,249.52,15.55,5.38,1.31,0.0
20230417:0710,351.63,381.29,25.9,9.99,1.24,0.0
20230417:0810,453.01,486.11,35.78,12.1,1.1,0.0
20230417:0910,519.07,558.89,44.55,13.63,0.9,0.0
20230417:1010,548.66,596.32,51.22,14.57,0.48,0.0
20230417:1110,560.48,610.33,54.42,15.16,0.62,0.0
20230417:1210,522.1,569.22,53.19,15.57,0.69,0.0
20230417:1310,470.86,515.9,47.92,16.04,0.9,0.0
20230417:1410,390.11,434.41,39.96,16.06,0.97,0.0
20230417:1510,284.89,330.26,30.49,16.07,1.03,0.0
20230417:1610,171.06,222.26,20.29,15.78,1.45,0.0
20230417:1710,32.36,48.28,9.88,15.14,1.59,0.0
20230417:1810,0.0,0.0,0.0,13.75,1.52,0.0
20230417:1910,0.0,0.0,0.0,11.69,1.1,0.0
20230417:2010,0.0,0.0,0.0,11.31,0.9,0.0
20230417:2110,0.0,0.0,0.0,11.18,0.55,0.0
20230417:2210,0.0,0.0,0.0,10.43,0.48,0.0
20230417:2310,0.0,0.0,0.0,9.75,0.83,0.0
20230418:0010,0.0,0.0,0.0,7.71,1.1,0.0
20230418:0110,0.0,0.0,0.0,6.0,1.31,0.0
20230418:0210,0.0,0.0,0.0,5.17,1.38,0.0
20230418:0310,0.0,0.0,0.0,4.77,1.52,0.0
20230418:0410,0.0,0.0,0.0,4.22,1.59,0.0
20230418:0510,13.12,24.61,5.46,3.66,1.66,0.0
20230418:0610,154.62,173.36,15.84,5.55,1.45,0.0
20230418:0710,315.9,339.1,26.2,9.73,1.38,0.0
20230418:0810,452.35,485.12,36.08,12.59,1.24,0.0
20230418:0910,514.14,555.52,44.88,14.41,0.83,0.0
20230418:1010,538.2,588.4,51.57,15.58,0.34,0.0
20230418:1110,541.48,590.18,54.77,16.44,0.9,0.0
20230418:1210,430.04,467.33,53.51,16.65,1.1,0.0
20230418:1310,68.2,87.36,48.2,16.73,1.1,0.0
20230418:1410,39.24,56.3,40.2,16.8,0.76,0.0
20230418:1510,26.33,41.74,30.7,16.8,0.83,0.0
20230418:1610,49.06,66.97,20.5,16.68,0.9,0.0
20230418:1710,43.27,60.59,10.08,16.28,0.9,0.0
20230418:1810,0.0,0.0,0.0,14.74,1.1,0.0
20230418:1910,0.0,0.0,0.0,14.36,0.76,0.0
20230418:2010,0.0,0.0,0.0,12.95,0.9,0.0
20230418:2110,0.0,0.0,0.0,11.5,1.03,0.0
20230418:2210,0.0,0.0,0.0,10.6,1.1,0.0
20230418:2310,0.0,0.0,0.0,10.15,0.97,0.0
20230419:0010,0.0,0.0,0.0,10.23,0.69,0.0
20230419:0110,0.0,0.0,0.0,8.93,0.9,0.0
20230419:0210,0.0,0.0,0.0,7.41,1.1,0.0
20230419:0310,0.0,0.0,0.0,6.24,1.17,0.0
20230419:0410,0.0,0.0,0.0,5.35,1.24,0.0
20230419:0510,17.82,30.29,5.75,4.85,1.24,0.0
20230419:0610,232.08,261.37,16.13,6.58,0.9,0.0
20230419:0710,355.57,386.78,26.49,11.16,0.9,0.0
20230419:0810,448.81,486.71,36.39,13.33,0.41,0.0
20230419:0910,516.4,560.83,45.2,14.43,0.41,0.0
20230419:1010,554.11,601.69,51.91,15.58,0.83,0.0
20230419:1110,568.24,617.26,55.13,16.38,1.17,0.0
20230419:1210,538.69,587.19,53.84,17.2,1.31,0.0
20230419:1310,479.61,526.61,48.48,17.85,1.38,0.0
20230419:1410,389.91,434.89,40.44,18.12,1.31,0.0
20230419:1510,290.05,337.91,30.92,18.33,1.38,0.0
20230419:1610,173.15,212.92,20.7,18.05,1.31,0.0
20230419:1710,42.15,59.64,10.29,17.49,1.17,0.0
20230419:1810,0.0,0.0,0.0,15.89,0.97,0.0
20230419:1910,0.0,0.0,0.0,14.26,1.03,0.0
20230419:2010,0.0,0.0,0.0,12.23,1.24,0.0
20230419:2110,0.0,0.0,0.0,10.99,1.24,0.0
20230419:2210,0.0,0.0,0.0,10.34,1.03,0.0
20230419:2310,0.0,0.0,0.0,10.69,0.69,0.0
20230420:0010,0.0,0.0,0.0,9.55,0.21,0.0
20230420:0110,0.0,0.0,0.0,9.03,0.55,0.0
20230420:0210,0.0,0.0,0.0,8.14,0.69,0.0
20230420:0310,0.0,0.0,0.0,8.03,0.55,0.0
20230420:0410,0.0,0.0,0.0,8.2,0.55,0.0
20230420:0510,10.52,21.77,6.04,8.27,0.62,0.0
20230420:0610,20.65,33.97,16.41,8.26,0.83,0.0
20230420:0710,101.19,117.45,26.77,8.23,1.1,0.0
20230420:0810,65.19,81.53,36.69,8.7,0.76,0.0
20230420:0910,90.13,106.77,45.52,8.85,0.83,0.0
20230420:1010,108.57,125.21,52.25,9.05,1.03,0.0
20230420:1110,107.51,124.24,55.47,9.18,0.97,0.0
20230420:1210,65.97,82.5,54.16,9.38,1.17,0.0
20230420:1310,78.27,95.12,48.76,9.73,1.24,0.0
20230420:1410,65.03,81.53,40.68,9.33,1.1,0.0
20230420:1510,49.95,66.0,31.14,9.49,1.17,0.0
20230420:1610,14.81,27.18,20.91,9.18,1.31,0.0
20230420:1710,3.06,11.36,10.49,8.83,1.59,0.0
20230420:1810,0.0,0.0,0.0,8.53,1.38,0.0
20230420:1910,0.0,0.0,0.0,6.86,1.38,0.0
20230420:2010,0.0,0.0,0.0,6.83,1.38,0.0
20230420:2110,0.0,0.0,0.0,6.74,1.31,0.0
20230420:2210,0.0,0.0,0.0,6.67,1.24,0.0
20230420:2310,0.0,0.0,0.0,6.58,1.1,0.0
20230421:0010,0.0,0.0,0.0,6.56,1.03,0.0
20230421:0110,0.0,0.0,0.0,6.58,0.97,0.0
20230421:0210,0.0,0.0,0.0,6.62,0.9,0.0
20230421:0310,0.0,0.0,0.0,6.73,0.76,0.0
20230421:0410,0.0,0.0,0.0,6.79,0.62,0.0
20230421:0510,0.93,7.57,6.32,6.81,0.55,0.0
20230421:0610,40.3,55.33,16.69,7.04,0.48,0.0
20230421:0710,32.19,46.59,27.05,6.82,1.03,0.0
20230421:0810,77.2,93.18,36.98,7.43,1.1,0.0
20230421:0910,76.91,93.18,45.83,8.23,1.17,0.0
20230421:1010,63.3,79.59,52.59,8.72,0.9,0.0
20230421:1110,79.32,96.09,55.82,9.24,0.62,0.0
20230421:1210,241.41,258.8,54.48,9.93,0.48,0.0
20230421:1310,438.77,466.11,49.03,10.28,0.48,0.0
20230421:1410,274.77,293.14,40.92,10.56,0.9,0.0
20230421:1510,246.8,266.81,31.35,10.79,1.17,0.0
20230421:1610,114.61,132.87,21.11,10.94,1.31,0.0
20230421:1710,42.75,58.7,10.7,10.67,1.17,0.0
20230421:1810,0.0,0.0,0.0,10.14,1.24,0.0
20230421:1910,0.0,0.0,0.0,9.36,1.1,0.0
20230421:2010,0.0,0.0,0.0,8.53,1.1,0.0
20230421:2110,0.0,0.0,0.0,7.99,1.1,0.0
20230421:2210,0.0,0.0,0.0,7.31,1.17,0.0
20230421:2310,0.0,0.0,0.0,7.26,1.17,0.0
20230422:0010,0.0,0.0,0.0,6.82,1.31,0.0
20230422:0110,0.0,0.0,0.0,6.59,1.31,0.0
20230422:0210,0.0,0.0,0.0,6.24,1.38,0.0
20230422:0310,0.0,0.0,0.0,5.82,1.38,0.0
20230422:0410,0.0,0.0,0.0,5.36,1.45,0.0
20230422:0510,21.12,34.08,6.6,4.96,1.45,0.0
20230422:0610,170.36,189.15,16.96,6.52,1.31,0.0
20230422:0710,229.3,246.52,27.33,9.61,1.1,0.0
20230422:0810,357.39,380.11,37.27,11.54,0.83,0.0
20230422:0910,452.92,484.4,46.15,12.51,0.55,0.0
20230422:1010,543.24,586.02,52.92,13.11,0.34,0.0
20230422:1110,523.56,565.2,56.16,13.7,0.55,0.0
20230422:1210,464.34,502.33,54.79,14.24,0.48,0.0
20230422:1310,329.53,356.02,49.31,14.33,0.62,0.0
20230422:1410,331.23,357.27,41.15,13.85,0.97,0.0
20230422:1510,300.91,336.57,31.56,13.89,0.97,0.0
20230422:1610,151.19,174.44,21.31,13.64,0.97,0.0
20230422:1710,52.79,70.06,10.9,13.35,0.83,0.0
20230422:1810,0.0,0.0,0.0,12.5,0.97,0.0
20230422:1910,0.0,0.0,0.0,12.39,0.83,0.0
20230422:2010,0.0,0.0,0.0,11.35,0.97,0.0
20230422:2110,0.0,0.0,0.0,10.62,1.03,0.0
20230422:2210,0.0,0.0,0.0,9.83,1.17,0.0
20230422:2310,0.0,0.0,0.0,9.33,1.17,0.0
20230423:0010,0.0,0.0,0.0,8.72,1.17,0.0
20230423:0110,0.0,0.0,0.0,8.62,1.1,0.0
20230423:0210,0.0,0.0,0.0,8.33,1.1,0.0
20230423:0310,0.0,0.0,0.0,8.27,1.1,0.0
20230423:0410,0.0,0.0,0.0,7.87,1.17,0.0
20230423:0510,20.82,34.08,6.87,7.6,1.17,0.0
20230423:0610,107.46,125.08,17.24,9.0,0.76,0.0
20230423:0710,189.39,208.9,27.61,12.17,0.55,0.0
20230423:0810,137.97,157.24,37.56,13.15,0.69,0.0
20230423:0910,332.37,356.25,46.45,13.78,1.17,0.0
20230423:1010,456.93,488.48,53.25,14.26,1.45,0.0
20230423:1110,506.41,543.86,56.49,15.21,1.59,0.0
20230423:1210,529.42,568.2,55.1,15.2,1.66,0.0
20230423:1310,388.71,418.56,49.57,15.47,1.52,0.0
20230423:1410,218.5,240.79,41.38,15.6,1.38,0.0
20230423:1510,150.18,171.09,31.77,15.39,1.1,0.0
20230423:1610,30.81,46.59,21.51,15.25,0.83,0.0
20230423:1710,10.87,22.72,11.1,14.51,0.62,0.0
20230423:1810,0.0,0.0,0.0,13.4,0.41,0.0
20230423:1910,0.0,0.0,0.0,12.83,0.48,0.0
20230423:2010,0.0,0.0,0.0,12.3,0.14,0.0
20230423:2110,0.0,0.0,0.0,11.46,0.21,0.0
20230423:2210,0.0,0.0,0.0,10.58,0.48,0.0
20230423:2310,0.0,0.0,0.0,10.16,0.34,0.0
20230424:0010,0.0,0.0,0.0,10.23,0.14,0.0
20230424:0110,0.0,0.0,0.0,9.45,0.69,0.0
20230424:0210,0.0,0.0,0.0,9.35,0.55,0.0
20230424:0310,0.0,0.0,0.0,8.61,0.9,0.0
20230424:0410,0.0,0.0,0.0,8.46,0.76,0.0
20230424:0510,23.31,36.92,7.14,7.66,1.03,0.0
20230424:0610,270.89,302.49,17.5,9.04,0.69,0.0
20230424:0710,387.83,418.15,27.88,11.09,0.83,0.0
20230424:0810,483.56,517.61,37.84,13.0,1.1,0.0
20230424:0910,548.32,589.37,46.75,14.6,1.17,0.0
20230424:1010,584.96,629.85,53.58,15.89,1.59,0.0
20230424:1110,586.09,632.26,56.83,16.99,1.93,0.0
20230424:1210,540.55,586.83,55.41,17.61,1.72,0.0
20230424:1310,444.51,483.4,49.84,18.08,1.93,0.0
20230424:1410,398.88,437.04,41.61,17.94,2.0,0.0
20230424:1510,322.25,367.14,31.98,17.21,2.0,0.0
20230424:1610,204.82,254.72,21.71,16.84,1.79,0.0
20230424:1710,35.6,52.07,11.3,16.05,1.52,0.0
20230424:1810,0.0,0.0,0.0,14.59,1.59,0.0
20230424:1910,0.0,0.0,0.0,13.03,1.93,0.0
20230424:2010,0.0,0.0,0.0,11.56,2.0,0.0
20230424:2110,0.0,0.0,0.0,10.51,1.93,0.0
20230424:2210,0.0,0.0,0.0,9.4,2.0,0.0
20230424:2310,0.0,0.0,0.0,8.23,1.93,0.0
20230425:0010,0.0,0.0,0.0,7.88,1.59,0.0
20230425:0110,0.0,0.0,0.0,7.89,1.31,0.0
20230425:0210,0.0,0.0,0.0,7.97,1.1,0.0
20230425:0310,0.0,0.0,0.0,8.38,0.9,0.0
20230425:0410,0.0,0.0,0.0,8.19,0.76,0.0
20230425:0510,106.55,135.99,7.41,7.74,0.62,0.0
20230425:0610,271.86,300.59,17.76,7.42,0.34,0.0
20230425:0710,393.97,424.16,28.14,10.0,0.28,0.0
20230425:0810,486.02,521.24,38.12,11.27,0.21,0.0
20230425:0910,544.54,586.43,47.05,12.53,0.28,0.0
20230425:1010,488.94,527.12,53.9,13.77,0.55,0.0
20230425:1110,557.17,599.64,57.16,14.84,1.31,0.0
20230425:1210,579.18,622.15,55.71,15.55,1.79,0.0
20230425:1310,526.91,565.76,50.1,15.68,2.28,0.0
20230425:1410,433.18,470.33,41.84,15.7,2.34,0.0
20230425:1510,334.13,375.79,32.18,15.66,2.62,0.0
20230425:1610,213.45,261.05,21.91,15.32,2.62,0.0
20230425:1710,37.64,53.96,11.5,14.43,1.93,0.0
20230425:1810,0.0,0.0,0.0,12.97,2.07,0.0
20230425:1910,0.0,0.0,0.0,11.18,1.72,0.0
20230425:2010,0.0,0.0,0.0,9.84,1.24,0.0
20230425:2110,0.0,0.0,0.0,10.2,0.97,0.0
20230425:2210,0.0,0.0,0.0,9.21,1.03,0.0
20230425:2310,0.0,0.0,0.0,7.49,1.38,0.0
20230426:0010,0.0,0.0,0.0,6.33,1.59,0.0
20230426:0110,0.0,0.0,0.0,5.38,1.66,0.0
20230426:0210,0.0,0.0,0.0,4.65,1.72,0.0
20230426:0310,0.0,0.0,0.0,3.69,1.79,0.0
20230426:0410,0.0,0.0,0.0,3.38,1.93,0.0
20230426:0510,99.75,123.69,7.67,3.07,1.86,0.0
20230426:0610,286.35,310.35,18.02,5.59,1.66,0.0
20230426:0710,412.35,437.09,28.4,9.32,1.52,0.0
20230426:0810,503.39,535.11,38.39,11.54,1.03,0.0
20230426:0910,561.65,608.91,47.35,13.18,0.14,0.0
20230426:1010,599.38,647.0,54.22,14.42,0.9,0.0
20230426:1110,615.64,663.18,57.48,15.1,1.38,0.0
20230426:1210,559.67,602.03,56.02,15.64,1.72,0.0
20230426:1310,514.01,553.75,50.36,15.94,1.93,0.0
20230426:1410,437.07,475.23,42.07,15.89,2.07,0.0
20230426:1510,336.0,376.37,32.39,15.18,1.93,0.0
20230426:1610,211.99,252.75,22.1,15.11,1.66,0.0
20230426:1710,49.81,67.22,11.7,14.61,1.1,0.0
20230426:1810,0.0,0.0,0.0,13.59,0.55,0.0
20230426:1910,0.0,0.0,0.0,13.67,0.34,0.0
20230426:2010,0.0,0.0,0.0,12.82,0.55,0.0
20230426:2110,0.0,0.0,0.0,11.99,0.69,0.0
20230426:2210,0.0,0.0,0.0,11.36,0.83,0.0
20230426:2310,0.0,0.0,0.0,10.31,0.9,0.0
20230427:0010,0.0,0.0,0.0,8.93,1.1,0.0
20230427:0110,0.0,0.0,0.0,7.46,1.24,0.0
20230427:0210,0.0,0.0,0.0,6.69,1.24,0.0
20230427:0310,0.0,0.0,0.0,6.29,1.17,0.0
20230427:0410,0.0,0.0,0.0,5.97,1.17,0.0
20230427:0510,114.4,141.74,7.93,5.92,1.1,0.0
20230427:0610,273.15,299.76,18.27,7.63,0.55,0.0
20230427:0710,394.8,425.71,28.66,11.13,0.34,0.0
20230427:0810,469.2,500.98,38.66,12.51,0.83,0.0
20230427:0910,528.05,564.71,47.63,13.66,1.1,0.0
20230427:1010,528.49,566.97,54.53,14.66,1.38,0.0
20230427:1110,599.61,643.76,57.81,15.45,1.66,0.0
20230427:1210,549.83,593.16,56.31,15.93,1.52,0.0
20230427:1310,500.75,541.75,50.62,16.07,1.45,0.0
20230427:1410,418.69,456.16,42.29,16.37,1.59,0.0
20230427:1510,310.54,344.53,32.59,16.25,1.45,0.0
20230427:1610,215.78,261.9,22.3,16.11,1.24,0.0
20230427:1710,41.67,58.7,11.89,15.64,0.83,0.0
20230427:1810,0.0,1.89,1.74,14.82,0.41,0.0
20230427:1910,0.0,0.0,0.0,14.18,0.55,0.0
20230427:2010,0.0,0.0,0.0,13.34,0.62,0.0
20230427:2110,0.0,0.0,0.0,12.66,0.62,0.0
20230427:2210,0.0,0.0,0.0,12.1,0.69,0.0
20230427:2310,0.0,0.0,0.0,11.16,0.83,0.0
20230428:0010,0.0,0.0,0.0,10.58,0.9,0.0
20230428:0110,0.0,0.0,0.0,9.83,0.97,0.0
20230428:0210,0.0,0.0,0.0,9.26,1.03,0.0
20230428:0310,0.0,0.0,0.0,8.61,1.03,0.0
20230428:0410,0.0,0.0,0.0,8.16,1.03,0.0
20230428:0510,88.76,112.59,8.18,8.01,0.97,0.0
20230428:0610,73.5,90.51,18.52,9.86,0.48,0.0
20230428:0710,185.74,204.51,28.91,11.88,0.76,0.0
20230428:0810,343.09,365.99,38.92,12.64,0.97,0.0
20230428:0910,502.67,537.37,47.92,13.49,0.97,0.0
20230428:1010,534.7,573.73,54.84,13.88,0.97,0.0
20230428:1110,539.42,580.3,58.12,14.51,1.1,0.0
20230428:1210,400.31,431.03,56.61,15.16,1.17,0.0
20230428:1310,462.25,500.94,50.87,15.72,0.97,0.0
20230428:1410,401.27,438.29,42.51,15.73,0.69,0.0
20230428:1510,309.67,346.18,32.79,16.12,0.41,0.0
20230428:1610,202.33,239.26,22.49,16.28,0.14,0.0
20230428:1710,48.54,66.27,12.09,15.89,0.21,0.0
20230428:1810,0.0,3.79,1.95,15.13,0.34,0.0
20230428:1910,0.0,0.0,0.0,15.49,0.21,0.0
20230428:2010,0.0,0.0,0.0,14.68,0.14,0.0
20230428:2110,0.0,0.0,0.0,13.81,0.28,0.0
20230428:2210,0.0,0.0,0.0,13.04,0.34,0.0
20230428:2310,0.0,0.0,0.0,12.26,0.55,0.0
20230429:0010,0.0,0.0,0.0,11.58,0.69,0.0
20230429:0110,0.0,0.0,0.0,11.47,0.69,0.0
20230429:0210,0.0,0.0,0.0,11.59,0.48,0.0
20230429:0310,0.0,0.0,0.0,11.56,0.21,0.0
20230429:0410,0.0,0.0,0.0,11.36,0.21,0.0
20230429:0510,1.49,8.74,8.43,11.18,0.07,0.0
20230429:0610,34.99,50.47,18.77,11.13,0.21,0.0
20230429:0710,118.68,137.83,29.16,12.81,0.0,0.0
20230429:0810,240.82,262.83,39.18,13.74,0.34,0.0
20230429:0910,463.4,499.43,48.2,15.31,0.97,0.0
20230429:1010,492.03,533.04,55.14,16.76,1.31,0.0
20230429:1110,454.17,494.99,58.44,18.19,1.45,0.0
20230429:1210,468.38,511.05,56.9,18.59,1.59,0.0
20230429:1310,312.96,343.23,51.13,19.03,1.79,0.0
20230429:1410,231.92,258.33,42.73,19.36,1.93,0.0
20230429:1510,270.51,301.57,32.99,19.4,2.0,0.0
20230429:1610,209.01,250.37,22.68,19.28,2.0,0.0
20230429:1710,56.72,75.74,12.28,18.66,1.72,0.0
20230429:1810,0.0,3.79,2.15,17.56,1.45,0.0
20230429:1910,0.0,0.0,0.0,15.31,0.83,0.0
20230429:2010,0.0,0.0,0.0,14.46,0.83,0.0
20230429:2110,0.0,0.0,0.0,13.66,0.9,0.0
20230429:2210,0.0,0.0,0.0,13.28,0.76,0.0
20230429:2310,0.0,0.0,0.0,12.74,0.69,0.0
20230430:0010,0.0,0.0,0.0,12.14,0.76,0.0
20230430:0110,0.0,0.0,0.0,12.09,0.62,0.0
20230430:0210,0.0,0.0,0.0,11.99,0.55,0.0
20230430:0310,0.0,0.0,0.0,11.82,0.55,0.0
20230430:0410,0.0,0.0,0.0,11.35,0.69,0.0
20230430:0510,65.53,86.36,8.67,11.52,0.55,0.0
20230430:0610,11.46,23.29,19.01,12.33,0.28,0.0
20230430:0710,106.19,125.21,29.4,13.29,0.48,0.0
20230430:0810,95.54,114.53,39.43,13.74,0.62,0.0
20230430:0910,205.79,227.13,48.47,14.28,0.62,0.0
20230430:1010,333.78,360.98,55.44,15.13,0.83,0.0
20230430:1110,215.74,237.8,58.75,14.65,0.55,0.0
20230430:1210,205.74,228.1,57.19,15.12,0.48,0.0
20230430:1310,131.72,152.39,51.37,15.46,0.76,0.0
20230430:1410,132.93,153.36,42.94,14.85,0.48,0.0
20230430:1510,38.79,55.33,33.19,14.71,0.97,0.0
20230430:1610,30.02,45.62,22.87,14.9,1.03,0.0
20230430:1710,15.38,28.4,12.47,14.29,0.55,0.0
20230430:1810,0.0,1.89,2.36,13.71,0.83,0.0
20230430:1910,0.0,0.0,0.0,12.33,0.83,0.0
20230430:2010,0.0,0.0,0.0,11.67,1.1,0.0
20230430:2110,0.0,0.0,0.0,11.16,1.17,0.0
20230430:2210,0.0,0.0,0.0,11.2,1.24,0.0
20230430:2310,0.0,0.0,0.0,11.17,1.24,0.0
20230501:0010,0.0,0.0,0.0,11.08,1.1,0.0
20230501:0110,0.0,0.0,0.0,10.75,1.03,0.0
20230501:0210,0.0,0.0,0.0,10.51,0.9,0.0
20230501:0310,0.0,0.0,0.0,10.29,0.83,0.0
20230501:0410,0.0,0.0,0.0,10.16,0.83,0.0
20230501:0510,11.62,23.29,8.91,9.92,0.69,0.0
20230501:0610,48.67,65.03,19.24,10.71,0.34,0.0
20230501:0710,92.13,109.68,29.64,10.97,1.03,0.0
20230501:0810,103.56,121.33,39.68,11.33,1.17,0.0
20230501:0910,85.08,102.89,48.74,11.8,1.1,0.0
20230501:1010,149.69,167.92,55.74,12.0,1.31,0.0
20230501:1110,239.68,258.19,59.05,11.93,1.38,0.0
20230501:1210,126.8,144.62,57.47,11.47,1.45,0.0
20230501:1310,185.05,202.86,51.62,11.53,1.38,0.0
20230501:1410,140.36,158.21,43.16,11.54,1.45,0.0
20230501:1510,231.98,250.69,33.38,11.54,1.45,0.0
20230501:1610,139.91,158.95,23.06,11.78,1.45,0.0
20230501:1710,42.5,58.7,12.67,11.86,1.31,0.0
20230501:1810,0.0,1.89,2.56,11.69,1.1,0.0
20230501:1910,0.0,0.0,0.0,10.77,0.9,0.0
20230501:2010,0.0,0.0,0.0,10.35,0.69,0.0
20230501:2110,0.0,0.0,0.0,10.59,0.48,0.0
20230501:2210,0.0,0.0,0.0,10.5,0.41,0.0
20230501:2310,0.0,0.0,0.0,10.3,0.28,0.0
20230502:0010,0.0,0.0,0.0,10.09,0.41,0.0
20230502:0110,0.0,0.0,0.0,9.76,0.55,0.0
20230502:0210,0.0,0.0,0.0,9.44,0.62,0.0
20230502:0310,0.0,0.0,0.0,9.12,0.76,0.0
20230502:0410,0.0,0.0,0.0,8.76,0.83,0.0
20230502:0510,5.17,14.56,9.14,8.61,0.83,0.0
20230502:0610,229.21,251.28,19.47,10.09,0.55,0.0
20230502:0710,0.0,0.0,0.0,12.0,0.83,0.0
20230502:0810,490.01,525.13,39.92,13.96,0.97,0.0
20230502:0910,575.16,620.65,49.0,15.68,1.17,0.0
20230502:1010,606.34,657.44,56.03,17.27,1.52,0.0
20230502:1110,614.76,672.15,59.35,18.57,1.45,0.0
20230502:1210,583.31,642.81,57.75,19.55,1.17,0.0
20230502:1310,530.08,587.08,51.86,19.94,0.97,0.0
20230502:1410,431.21,481.36,43.37,20.09,0.69,0.0
20230502:1510,305.45,344.28,33.58,19.61,0.34,0.0
20230502:1610,232.87,278.58,23.25,18.5,1.52,0.0
20230502:1710,45.75,63.43,12.86,17.08,1.86,0.0
20230502:1810,1.82,9.47,2.76,15.54,1.59,0.0
20230502:1910,0.0,0.0,0.0,13.96,1.31,0.0
20230502:2010,0.0,0.0,0.0,12.64,0.9,0.0
20230502:2110,0.0,0.0,0.0,12.2,0.76,0.0
20230502:2210,0.0,0.0,0.0,11.95,0.62,0.0
20230502:2310,0.0,0.0,0.0,11.27,0.48,0.0
20230503:0010,0.0,0.0,0.0,10.78,0.28,0.0
20230503:0110,0.0,0.0,0.0,10.38,0.07,0.0
20230503:0210,0.0,0.0,0.0,9.98,0.41,0.0
20230503:0310,0.0,0.0,0.0,8.84,0.83,0.0
20230503:0410,0.0,0.0,0.0,7.27,1.17,0.0
20230503:0510,129.53,154.25,9.37,7.16,1.17,0.0
20230503:0610,271.39,293.98,19.69,9.11,1.03,0.0
20230503:0710,408.2,436.66,30.09,11.57,0.62,0.0
20230503:0810,500.58,538.96,40.16,13.46,0.41,0.0
20230503:0910,577.4,619.21,49.26,14.92,1.38,0.0
20230503:1010,609.73,655.07,56.31,15.95,1.79,0.0
20230503:1110,606.75,653.75,59.65,16.7,1.93,0.0
20230503:1210,590.78,636.16,58.03,16.94,2.07,0.0
20230503:1310,542.78,585.11,52.1,16.95,2.07,0.0
20230503:1410,460.82,501.33,43.58,17.32,2.07,0.0
20230503:1510,349.79,388.38,33.77,17.38,2.0,0.0
20230503:1610,235.85,276.38,23.43,17.04,2.07,0.0
20230503:1710,59.14,77.63,13.04,16.43,1.66,0.0
20230503:1810,1.82,9.47,2.95,15.55,1.24,0.0
20230503:1910,0.0,0.0,0.0,14.63,1.52,0.0
20230503:2010,0.0,0.0,0.0,13.46,1.45,0.0
20230503:2110,0.0,0.0,0.0,12.48,1.24,0.0
20230503:2210,0.0,0.0,0.0,11.9,0.97,0.0
20230503:2310,0.0,0.0,0.0,12.11,0.62,0.0
20230504:0010,0.0,0.0,0.0,12.23,0.21,0.0
20230504:0110,0.0,0.0,0.0,12.1,0.07,0.0
20230504:0210,0.0,0.0,0.0,11.69,0.34,0.0
20230504:0310,0.0,0.0,0.0,11.42,0.48,0.0
20230504:0410,0.0,0.0,0.0,11.32,0.62,0.0
20230504:0510,25.34,39.8,9.6,11.58,0.62,0.0
20230504:0610,130.89,150.31,19.91,12.54,0.69,0.0
20230504:0710,220.41,240.67,30.32,12.76,0.55,0.0
20230504:0810,481.42,518.71,40.39,13.52,0.28,0.0
20230504:0910,539.26,585.93,49.51,14.05,0.07,0.0
20230504:1010,569.6,621.35,56.59,14.91,0.28,0.0
20230504:1110,573.91,626.56,59.94,15.53,0.48,0.0
20230504:1210,524.68,573.37,58.3,16.19,0.55,0.0
20230504:1310,504.32,553.2,52.34,16.75,0.41,0.0
20230504:1410,436.07,480.41,43.78,17.1,0.41,0.0
20230504:1510,344.72,387.37,33.96,17.51,0.34,0.0
20230504:1610,233.55,275.24,23.62,17.51,0.41,0.0
20230504:1710,49.93,68.16,13.23,17.42,0.48,0.0
20230504:1810,0.0,2.84,3.15,16.59,0.48,0.0
20230504:1910,0.0,0.0,0.0,17.19,0.55,0.0
20230504:2010,0.0,0.0,0.0,16.15,0.62,0.0
20230504:2110,0.0,0.0,0.0,15.27,0.69,0.0
20230504:2210,0.0,0.0,0.0,13.93,0.83,0.0
20230504:2310,0.0,0.0,0.0,12.94,0.97,0.0
20230505:0010,0.0,0.0,0.0,11.79,1.1,0.0
20230505:0110,0.0,0.0,0.0,10.57,1.24,0.0
20230505:0210,0.0,0.0,0.0,9.7,1.31,0.0
20230505:0310,0.0,0.0,0.0,8.88,1.31,0.0
20230505:0410,0.0,0.0,0.0,8.08,1.31,0.0
20230505:0510,36.26,51.52,9.82,7.85,1.24,0.0
20230505:0610,155.81,175.04,20.13,11.41,0.69,0.0
20230505:0710,397.83,433.61,30.53,15.24,0.34,0.0
20230505:0810,491.73,533.25,40.62,16.49,0.9,0.0
20230505:0910,553.02,602.42,49.76,17.5,1.03,0.0
20230505:1010,575.81,629.9,56.86,18.08,1.1,0.0
20230505:1110,570.79,627.01,60.23,18.88,1.17,0.0
20230505:1210,535.18,588.64,58.57,19.05,1.1,0.0
20230505:1310,481.55,530.43,52.57,19.53,1.1,0.0
20230505:1410,447.59,496.01,43.99,19.9,1.17,0.0
20230505:1510,350.94,396.54,34.14,19.63,1.03,0.0
20230505:1610,239.92,286.13,23.8,19.32,0.97,0.0
20230505:1710,57.38,76.68,13.41,19.07,0.62,0.0
20230505:1810,3.43,12.31,3.35,18.05,0.83,0.0
20230505:1910,0.0,0.0,0.0,16.67,1.03,0.0
20230505:2010,0.0,0.0,0.0,16.29,0.9,0.0
20230505:2110,0.0,0.0,0.0,15.73,0.9,0.0
20230505:2210,0.0,0.0,0.0,14.84,0.9,0.0
20230505:2310,0.0,0.0,0.0,13.41,1.03,0.0
20230506:0010,0.0,0.0,0.0,12.27,1.1,0.0
20230506:0110,0.0,0.0,0.0,11.48,1.17,0.0
20230506:0210,0.0,0.0,0.0,11.0,1.24,0.0
20230506:0310,0.0,0.0,0.0,10.62,1.17,0.0
20230506:0410,0.0,0.0,0.0,10.43,1.31,0.0
20230506:0510,84.97,105.6,10.03,10.35,1.31,0.0
20230506:0610,267.95,293.31,20.34,12.21,0.97,0.0
20230506:0710,395.13,431.73,30.74,16.24,0.48,0.0
20230506:0810,500.39,550.53,40.84,17.72,0.28,0.0
20230506:0910,556.12,615.6,50.0,18.94,0.41,0.0
20230506:1010,591.62,654.63,57.13,20.05,0.97,0.0
20230506:1110,589.57,653.28,60.52,20.74,1.17,0.0
20230506:1210,567.8,628.83,58.84,21.13,1.31,0.0
20230506:1310,521.24,577.86,52.8,21.23,1.24,0.0
20230506:1410,436.39,485.66,44.19,21.21,1.24,0.0
20230506:1510,338.53,382.95,34.33,21.25,1.17,0.0
20230506:1610,238.91,285.93,23.98,20.87,0.69,0.0
20230506:1710,61.3,81.42,13.6,20.41,0.14,0.0
20230506:1810,3.4,12.31,3.54,19.42,0.48,0.0
20230506:1910,0.0,0.0,0.0,18.64,0.48,0.0
20230506:2010,0.0,0.0,0.0,18.0,0.48,0.0
20230506:2110,0.0,0.0,0.0,16.76,0.83,0.0
20230506:2210,0.0,0.0,0.0,16.03,0.76,0.0
20230506:2310,0.0,0.0,0.0,15.38,0.41,0.0
20230507:0010,0.0,0.0,0.0,14.64,0.55,0.0
20230507:0110,0.0,0.0,0.0,13.07,0.9,0.0
20230507:0210,0.0,0.0,0.0,12.12,0.97,0.0
20230507:0310,0.0,0.0,0.0,11.77,1.1,0.0
20230507:0410,0.0,0.0,0.0,11.63,1.03,0.0
20230507:0510,118.82,143.36,10.24,11.66,0.97,0.0
20230507:0610,183.83,205.69,20.54,13.74,0.83,0.0
20230507:0710,353.46,381.28,30.95,14.84,1.03,0.0
20230507:0810,406.89,441.74,41.06,16.57,0.69,0.0
20230507:0910,392.54,431.63,50.24,18.04,0.28,0.0
20230507:1010,562.18,619.81,57.39,19.14,0.9,0.0
20230507:1110,608.46,668.67,60.79,19.9,1.45,0.0
20230507:1210,525.6,575.64,59.1,19.62,1.72,0.0
20230507:1310,466.67,511.26,53.02,19.27,1.45,0.0
20230507:1410,332.22,366.75,44.39,18.74,0.55,0.0
20230507:1510,299.19,332.54,34.51,18.44,0.76,0.0
20230507:1610,188.47,216.28,24.16,17.92,0.9,0.0
20230507:1710,27.03,42.6,13.78,17.1,0.62,0.0
20230507:1810,2.35,10.41,3.73,15.77,0.55,0.0
20230507:1910,0.0,0.0,0.0,15.06,0.97,0.0
20230507:2010,0.0,0.0,0.0,14.17,1.03,0.0
20230507:2110,0.0,0.0,0.0,13.91,0.9,0.0
20230507:2210,0.0,0.0,0.0,13.39,0.97,0.0
20230507:2310,0.0,0.0,0.0,13.02,1.03,0.0
20230508:0010,0.0,0.0,0.0,12.58,1.03,0.0
20230508:0110,0.0,0.0,0.0,12.43,0.9,0.0
20230508:0210,0.0,0.0,0.0,12.21,0.97,0.0
20230508:0310,0.0,0.0,0.0,12.17,0.9,0.0
20230508:0410,0.0,0.0,0.0,12.43,0.69,0.0
20230508:0510,76.49,96.94,10.45,12.7,0.55,0.0
20230508:0610,312.99,344.87,20.74,13.55,0.48,0.0
20230508:0710,407.96,441.83,31.15,14.65,0.48,0.0
20230508:0810,393.6,428.23,41.27,16.42,0.41,0.0
20230508:0910,342.24,373.57,50.47,17.57,0.97,0.0
20230508:1010,410.72,448.95,57.65,18.36,1.1,0.0
20230508:1110,512.0,558.79,61.07,19.03,1.79,0.0
20230508:1210,551.64,600.13,59.35,19.16,2.14,0.0
20230508:1310,505.09,547.94,53.25,18.09,1.86,0.0
20230508:1410,264.44,290.69,44.58,17.88,1.66,0.0
20230508:1510,55.04,73.77,34.69,17.95,1.03,0.0
20230508:1610,207.72,237.37,24.33,17.04,0.76,0.0
20230508:1710,74.08,93.72,13.96,16.92,0.41,0.0
20230508:1810,5.95,16.09,3.92,16.38,0.83,0.0
20230508:1910,0.0,0.0,0.0,14.71,0.69,0.0
20230508:2010,0.0,0.0,0.0,13.87,0.69,0.0
20230508:2110,0.0,0.0,0.0,13.31,0.69,0.0
20230508:2210,0.0,0.0,0.0,13.61,0.28,0.0
20230508:2310,0.0,0.0,0.0,13.57,0.28,0.0
20230509:0010,0.0,0.0,0.0,13.53,0.34,0.0
20230509:0110,0.0,0.0,0.0,13.0,0.41,0.0
20230509:0210,0.0,0.0,0.0,12.97,0.55,0.0
20230509:0310,0.0,0.0,0.0,12.7,0.69,0.0
20230509:0410,0.0,0.0,0.0,12.62,0.76,0.0
20230509:0510,5.71,15.53,10.65,12.53,0.76,0.0
20230509:0610,13.75,26.21,20.94,12.57,0.76,0.0
20230509:0710,74.92,93.18,31.35,13.42,0.83,0.0
20230509:0810,175.4,195.09,41.47,13.41,0.97,0.0
20230509:0910,153.36,173.74,50.69,14.74,1.1,0.0
20230509:1010,181.47,201.89,57.9,14.15,0.97,0.0
20230509:1110,140.67,161.12,61.34,15.17,1.17,0.0
20230509:1210,298.87,324.02,59.61,15.47,1.17,0.0
20230509:1310,323.78,350.23,53.47,15.73,1.31,0.0
20230509:1410,208.68,231.38,44.77,15.97,1.03,0.0
20230509:1510,108.83,129.09,34.87,15.84,1.03,0.0
20230509:1610,42.19,59.21,24.51,15.45,0.97,0.0
20230509:1710,29.87,45.44,14.14,14.8,0.9,0.0
20230509:1810,1.33,8.52,4.11,14.0,0.97,0.0
20230509:1910,0.0,0.0,0.0,13.38,0.97,0.0
20230509:2010,0.0,0.0,0.0,13.06,0.97,0.0
20230509:2110,0.0,0.0,0.0,12.85,1.03,0.0
20230509:2210,0.0,0.0,0.0,12.66,1.1,0.0
20230509:2310,0.0,0.0,0.0,12.34,1.24,0.0
20230510:0010,0.0,0.0,0.0,12.06,1.1,0.0
20230510:0110,0.0,0.0,0.0,11.79,0.9,0.0
20230510:0210,0.0,0.0,0.0,11.51,0.28,0.0
20230510:0310,0.0,0.0,0.0,11.46,0.14,0.0
20230510:0410,0.0,0.0,0.0,11.43,0.07,0.0
20230510:0510,7.12,17.47,10.84,11.35,0.21,0.0
20230510:0610,26.22,40.77,21.13,11.38,0.48,0.0
20230510:0710,93.57,111.62,31.54,11.85,0.69,0.0
20230510:0810,90.63,108.71,41.67,12.16,0.97,0.0
20230510:0910,194.03,212.57,50.91,12.19,1.24,0.0
20230510:1010,114.61,132.98,58.15,12.46,1.45,0.0
20230510:1110,299.82,320.86,61.6,13.12,1.52,0.0
20230510:1210,230.68,250.42,59.85,13.26,1.52,0.0
20230510:1310,390.19,415.97,53.68,13.59,1.45,0.0
20230510:1410,284.64,306.4,44.96,13.91,1.52,0.0
20230510:1510,267.01,288.8,35.05,13.71,1.59,0.0
20230510:1610,89.28,107.74,24.68,13.21,1.31,0.0
20230510:1710,77.62,95.62,14.31,12.54,0.83,0.0
20230510:1810,8.17,18.93,4.29,11.76,0.69,0.0
20230510:1910,0.0,0.0,0.0,11.77,0.48,0.0
20230510:2010,0.0,0.0,0.0,10.68,0.76,0.0
20230510:2110,0.0,0.0,0.0,10.15,0.69,0.0
20230510:2210,0.0,0.0,0.0,9.84,0.69,0.0
20230510:2310,0.0,0.0,0.0,9.93,0.55,0.0
20230511:0010,0.0,0.0,0.0,9.69,0.34,0.0
20230511:0110,0.0,0.0,0.0,9.46,0.48,0.0
20230511:0210,0.0,0.0,0.0,8.82,0.69,0.0
20230511:0310,0.0,0.0,0.0,8.08,0.9,0.0
20230511:0410,0.0,0.0,0.0,7.7,0.97,0.0
20230511:0510,44.42,60.13,11.03,7.98,0.97,0.0
20230511:0610,126.49,143.89,21.31,9.99,0.76,0.0
20230511:0710,390.97,416.54,31.72,12.25,0.76,0.0
20230511:0810,351.91,377.43,41.86,13.84,0.76,0.0
20230511:0910,360.69,390.14,51.13,15.22,0.62,0.0
20230511:1010,524.94,573.51,58.39,16.31,0.55,0.0
20230511:1110,596.24,659.79,61.86,17.02,0.21,0.0
20230511:1210,534.33,591.62,60.1,17.67,0.21,0.0
20230511:1310,107.82,129.09,53.9,17.58,0.76,0.0
20230511:1410,43.48,61.15,45.15,17.48,0.34,0.0
20230511:1510,52.14,69.88,35.22,15.48,1.79,0.0
20230511:1610,53.58,70.86,24.85,13.49,1.79,0.0
20230511:1710,37.14,53.02,14.49,12.4,1.59,0.0
20230511:1810,6.13,16.09,4.48,11.7,1.03,0.0
20230511:1910,0.0,0.0,0.0,10.96,0.9,0.0
20230511:2010,0.0,0.0,0.0,10.64,0.69,0.0
20230511:2110,0.0,0.0,0.0,10.23,0.34,0.0
20230511:2210,0.0,0.0,0.0,9.94,0.14,0.0
20230511:2310,0.0,0.0,0.0,9.77,0.14,0.0
20230512:0010,0.0,0.0,0.0,9.36,0.34,0.0
20230512:0110,0.0,0.0,0.0,9.41,0.34,0.0
20230512:0210,0.0,0.0,0.0,9.33,0.34,0.0
20230512:0310,0.0,0.0,0.0,9.02,0.34,0.0
20230512:0410,0.0,0.0,0.0,8.61,0.48,0.0
20230512:0510,44.24,60.1,11.21,8.6,0.41,0.0
20230512:0610,104.65,122.12,21.49,9.95,0.14,0.0
20230512:0710,132.47,150.45,31.9,10.92,0.28,0.0
20230512:0810,237.94,257.4,42.05,12.02,0.62,0.0
20230512:0910,323.67,346.31,51.33,12.79,0.83,0.0
20230512:1010,330.81,354.75,58.63,14.11,1.38,0.0
20230512:1110,360.08,385.58,62.11,14.75,1.79,0.0
20230512:1210,157.55,177.62,60.34,14.98,2.21,0.0
20230512:1310,160.54,180.54,54.1,14.45,1.59,0.0
20230512:1410,230.6,251.2,45.34,13.9,1.38,0.0
20230512:1510,62.97,80.56,35.39,12.87,1.1,0.0
20230512:1610,96.28,114.53,25.02,12.51,1.31,0.0
20230512:1710,77.65,95.62,14.66,12.32,0.55,0.0
20230512:1810,1.36,8.52,4.66,12.04,0.21,0.0
20230512:1910,0.0,0.0,0.0,10.78,0.76,0.0
20230512:2010,0.0,0.0,0.0,10.08,0.62,0.0
20230512:2110,0.0,0.0,0.0,9.74,0.48,0.0
20230512:2210,0.0,0.0,0.0,9.62,0.34,0.0
20230512:2310,0.0,0.0,0.0,9.59,0.34,0.0
20230513:0010,0.0,0.0,0.0,9.29,0.41,0.0
20230513:0110,0.0,0.0,0.0,9.35,0.41,0.0
20230513:0210,0.0,0.0,0.0,9.29,0.55,0.0
20230513:0310,0.0,0.0,0.0,9.07,0.48,0.0
20230513:0410,0.0,0.95,1.6,9.21,0.34,0.0
20230513:0510,5.15,14.56,11.39,9.31,0.34,0.0
20230513:0610,41.62,57.27,21.66,9.52,0.55,0.0
20230513:0710,222.5,239.23,32.07,9.96,0.83,0.0
20230513:0810,183.05,200.92,42.23,11.0,0.69,0.0
20230513:0910,330.45,351.8,51.53,11.37,0.55,0.0
20230513:1010,352.35,376.35,58.86,12.83,0.9,0.0
20230513:1110,465.37,496.55,62.36,13.24,1.17,0.0
20230513:1210,528.45,565.42,60.57,13.34,1.1,0.0
20230513:1310,550.71,591.74,54.31,13.76,0.83,0.0
20230513:1410,460.73,495.68,45.52,13.8,0.76,0.0
20230513:1510,344.96,373.88,35.56,13.95,0.83,0.0
20230513:1610,262.19,295.44,25.19,13.75,0.62,0.0
20230513:1710,29.24,44.5,14.83,13.31,0.28,0.0
20230513:1810,0.0,4.73,4.84,12.94,0.28,0.0
20230513:1910,0.0,0.0,0.0,11.65,0.48,0.0
20230513:2010,0.0,0.0,0.0,11.01,0.28,0.0
20230513:2110,0.0,0.0,0.0,10.57,0.21,0.0
20230513:2210,0.0,0.0,0.0,9.64,0.62,0.0
20230513:2310,0.0,0.0,0.0,9.29,0.76,0.0
20230514:0010,0.0,0.0,0.0,9.23,0.69,0.0
20230514:0110,0.0,0.0,0.0,9.17,0.69,0.0
20230514:0210,0.0,0.0,0.0,9.24,0.62,0.0
20230514:0310,0.0,0.0,0.0,9.01,0.62,0.0
20230514:0410,0.0,0.95,1.78,8.87,0.62,0.0
20230514:0510,39.76,55.25,11.56,8.83,0.48,0.0
20230514:0610,136.45,154.21,21.83,10.32,0.41,0.0
20230514:0710,160.7,178.64,32.24,10.63,0.14,0.0
20230514:0810,446.54,473.46,42.41,12.1,0.83,0.0
20230514:0910,382.15,406.81,51.73,13.15,1.24,0.0
20230514:1010,588.18,628.86,59.08,13.83,1.38,0.0
20230514:1110,485.4,518.54,62.6,14.63,1.79,0.0
20230514:1210,521.54,556.92,60.81,15.36,2.28,0.0
20230514:1310,487.52,520.18,54.51,15.1,2.14,0.0
20230514:1410,354.09,380.06,45.7,15.32,1.93,0.0
20230514:1510,274.01,297.74,35.73,14.9,1.38,0.0
20230514:1610,210.7,235.33,25.35,14.29,0.76,0.0
20230514:1710,83.83,102.24,15.0,13.11,0.69,0.0
20230514:1810,14.0,26.51,5.02,12.49,0.69,0.0
20230514:1910,0.0,0.0,0.0,11.97,0.83,0.0
20230514:2010,0.0,0.0,0.0,11.01,0.55,0.0
20230514:2110,0.0,0.0,0.0,10.79,0.48,0.0
20230514:2210,0.0,0.0,0.0,10.14,0.55,0.0
20230514:2310,0.0,0.0,0.0,9.74,0.48,0.0
20230515:0010,0.0,0.0,0.0,9.57,0.34,0.0
20230515:0110,0.0,0.0,0.0,9.29,0.48,0.0
20230515:0210,0.0,0.0,0.0,8.85,0.62,0.0
20230515:0310,0.0,0.0,0.0,8.27,0.83,0.0
20230515:0410,0.0,3.79,1.96,7.76,0.97,0.0
20230515:0510,190.16,213.99,11.73,7.78,0.97,0.0
20230515:0610,355.74,381.11,21.99,10.04,0.69,0.0
20230515:0710,475.96,506.01,32.4,12.94,1.31,0.0
20230515:0810,557.67,598.78,42.58,14.74,1.03,0.0
20230515:0910,612.01,668.56,51.92,16.33,0.62,0.0
20230515:1010,641.36,709.54,59.3,17.7,0.48,0.0
20230515:1110,639.47,710.06,62.84,18.61,0.55,0.0
20230515:1210,611.5,680.68,61.03,19.28,0.48,0.0
20230515:1310,566.36,629.61,54.71,19.54,0.48,0.0
20230515:1410,484.95,540.08,45.88,19.77,0.41,0.0
20230515:1510,348.78,391.14,35.9,19.57,0.07,0.0
20230515:1610,291.34,340.8,25.51,19.32,0.41,0.0
20230515:1710,48.66,67.22,15.16,18.95,0.21,0.0
20230515:1810,12.85,25.56,5.19,17.71,0.76,0.0
20230515:1910,0.0,0.0,0.0,14.44,0.97,0.0
20230515:2010,0.0,0.0,0.0,13.83,0.55,0.0
20230515:2110,0.0,0.0,0.0,12.02,1.1,0.0
20230515:2210,0.0,0.0,0.0,11.35,1.24,0.0
20230515:2310,0.0,0.0,0.0,10.56,1.31,0.0
20230516:0010,0.0,0.0,0.0,9.75,1.38,0.0
20230516:0110,0.0,0.0,0.0,8.83,1.59,0.0
20230516:0210,0.0,0.0,0.0,7.98,1.79,0.0
20230516:0310,0.0,0.0,0.0,7.7,1.86,0.0
20230516:0410,0.0,4.73,2.13,7.58,1.93,0.0
20230516:0510,110.93,129.9,11.89,8.66,2.0,0.0
20230516:0610,245.21,264.31,22.15,11.42,1.79,0.0
20230516:0710,279.03,298.76,32.56,13.41,2.07,0.0
20230516:0810,338.16,362.12,42.75,15.2,2.07,0.0
20230516:0910,347.96,375.52,52.1,16.45,1.79,0.0
20230516:1010,214.01,237.8,59.51,17.18,1.38,0.0
20230516:1110,363.12,395.91,63.07,17.05,0.83,0.0
20230516:1210,189.68,213.54,61.25,16.94,0.28,0.0
20230516:1310,199.52,223.24,54.91,16.9,0.69,0.0
20230516:1410,140.69,162.09,46.05,16.66,1.38,0.0
20230516:1510,251.72,275.94,36.06,16.2,1.45,0.0
20230516:1610,161.11,182.9,25.67,15.83,1.66,0.0
20230516:1710,53.25,71.0,15.33,15.26,1.93,0.0
20230516:1810,4.12,13.25,5.36,14.55,2.07,0.0
20230516:1910,0.0,0.0,0.0,14.06,1.93,0.0
20230516:2010,0.0,0.0,0.0,13.22,1.72,0.0
20230516:2110,0.0,0.0,0.0,12.34,1.59,0.0
20230516:2210,0.0,0.0,0.0,11.73,1.45,0.0
20230516:2310,0.0,0.0,0.0,11.25,1.59,0.0
20230517:0010,0.0,0.0,0.0,11.0,1.72,0.0
20230517:0110,0.0,0.0,0.0,10.62,1.72,0.0
20230517:0210,0.0,0.0,0.0,10.61,1.86,0.0
20230517:0310,0.0,0.0,0.0,10.79,2.0,0.0
20230517:0410,0.0,3.79,2.3,10.9,2.14,0.0
20230517:0510,12.32,24.27,12.05,11.07,2.14,0.0
20230517:0610,54.12,70.86,22.3,11.56,2.14,0.0
20230517:0710,78.26,96.09,32.71,12.52,2.0,0.0
20230517:0810,160.63,179.57,42.91,13.39,2.07,0.0
20230517:0910,104.15,123.27,52.28,14.35,2.07,0.0
20230517:1010,142.19,162.09,59.71,14.65,1.66,0.0
20230517:1110,97.86,117.45,63.3,15.17,1.24,0.0
20230517:1210,177.25,198.98,61.47,15.27,0.48,0.0
20230517:1310,183.92,205.77,55.1,15.36,0.62,0.0
20230517:1410,251.31,273.71,46.22,15.01,1.38,0.0
20230517:1510,248.94,271.0,36.22,14.44,1.31,0.0
20230517:1610,163.9,184.73,25.83,14.14,1.1,0.0
20230517:1710,80.77,99.4,15.49,13.92,0.9,0.0
20230517:1810,15.44,28.4,5.53,13.62,0.76,0.0
20230517:1910,0.0,0.0,0.0,12.66,1.1,0.0
20230517:2010,0.0,0.0,0.0,11.49,1.1,0.0
20230517:2110,0.0,0.0,0.0,11.12,1.1,0.0
20230517:2210,0.0,0.0,0.0,10.7,1.1,0.0
20230517:2310,0.0,0.0,0.0,10.62,1.1,0.0
20230518:0010,0.0,0.0,0.0,10.77,1.03,0.0
20230518:0110,0.0,0.0,0.0,10.72,1.03,0.0
20230518:0210,0.0,0.0,0.0,10.67,0.83,0.0
20230518:0310,0.0,0.0,0.0,10.83,0.62,0.0
20230518:0410,0.0,0.95,2.46,10.83,0.34,0.0
20230518:0510,19.54,33.0,12.2,10.76,0.14,0.0
20230518:0610,35.86,51.44,22.44,11.29,0.34,0.0
20230518:0710,81.54,99.0,32.86,10.73,0.28,0.0
20230518:0810,250.05,268.95,43.06,10.82,0.21,0.0
20230518:0910,313.85,334.93,52.45,10.98,0.21,0.0
20230518:1010,455.08,486.86,59.91,11.54,0.14,0.0
20230518:1110,607.4,656.85,63.52,11.75,0.07,0.0
20230518:1210,588.47,633.93,61.69,12.28,0.34,0.0
20230518:1310,435.14,465.64,55.29,12.56,0.48,0.0
20230518:1410,337.36,361.91,46.39,13.09,0.62,0.0
20230518:1510,188.17,208.69,36.38,13.76,0.62,0.0
20230518:1610,167.49,188.5,25.99,13.74,0.48,0.0
20230518:1710,42.0,58.7,15.65,13.97,0.41,0.0
20230518:1810,15.43,28.4,5.7,13.7,0.28,0.0
20230518:1910,0.0,0.0,0.0,13.05,0.41,0.0
20230518:2010,0.0,0.0,0.0,12.31,0.62,0.0
20230518:2110,0.0,0.0,0.0,11.52,0.83,0.0
20230518:2210,0.0,0.0,0.0,11.03,0.9,0.0
20230518:2310,0.0,0.0,0.0,10.73,1.03,0.0
20230519:0010,0.0,0.0,0.0,10.89,0.97,0.0
20230519:0110,0.0,0.0,0.0,10.64,0.97,0.0
20230519:0210,0.0,0.0,0.0,10.71,0.9,0.0
20230519:0310,0.0,0.0,0.0,10.68,0.9,0.0
20230519:0410,0.0,2.84,2.62,10.64,0.83,0.0
20230519:0510,13.11,25.24,12.35,10.74,0.69,0.0
20230519:0610,37.64,53.38,22.58,11.26,0.28,0.0
20230519:0710,58.53,75.71,33.0,12.04,0.83,0.0
20230519:0810,218.87,238.49,43.21,12.51,0.69,0.0
20230519:0910,192.65,212.57,52.62,13.01,0.55,0.0
20230519:1010,379.66,406.63,60.1,13.25,0.69,0.0
20230519:1110,114.97,133.95,63.74,13.31,1.03,0.0
20230519:1210,106.52,125.21,61.89,13.12,1.31,0.0
20230519:1310,140.17,159.18,55.47,13.22,1.38,0.0
20230519:1410,74.44,92.21,46.55,12.27,1.1,0.0
20230519:1510,84.88,102.89,36.53,11.98,0.48,0.0
20230519:1610,50.22,66.97,26.14,11.88,0.41,0.0
20230519:1710,16.37,29.35,15.81,11.83,0.69,0.0
20230519:1810,11.06,22.72,5.87,11.61,0.55,0.0
20230519:1910,0.0,0.0,0.0,11.26,0.83,0.0
20230519:2010,0.0,0.0,0.0,11.14,1.03,0.0
20230519:2110,0.0,0.0,0.0,11.05,1.1,0.0
20230519:2210,0.0,0.0,0.0,10.93,1.03,0.0
20230519:2310,0.0,0.0,0.0,10.74,0.9,0.0
20230520:0010,0.0,0.0,0.0,10.83,0.83,0.0
20230520:0110,0.0,0.0,0.0,10.66,0.76,0.0
20230520:0210,0.0,0.0,0.0,10.6,0.83,0.0
20230520:0310,0.0,0.0,0.0,10.43,0.83,0.0
20230520:0410,0.0,2.84,2.77,10.39,0.97,0.0
20230520:0510,10.8,22.32,12.49,10.84,0.97,0.0
20230520:0610,48.51,65.03,22.72,11.47,0.76,0.0
20230520:0710,96.25,114.53,33.13,12.55,1.24,0.0
20230520:0810,95.64,114.53,43.35,13.79,1.1,0.0
20230520:0910,87.62,106.77,52.77,14.49,0.55,0.0
20230520:1010,204.65,226.15,60.29,14.32,0.48,0.0
20230520:1110,167.69,188.3,63.95,14.46,0.76,0.0
20230520:1210,136.0,156.27,62.1,14.82,0.9,0.0
20230520:1310,124.52,144.62,55.65,15.1,1.24,0.0
20230520:1410,81.86,100.94,46.72,15.08,1.24,0.0
20230520:1510,44.15,61.15,36.69,14.69,1.1,0.0
20230520:1610,33.57,49.5,26.29,14.41,1.1,0.0
20230520:1710,24.98,39.76,15.96,14.16,1.03,0.0
20230520:1810,9.49,20.83,6.03,13.58,0.97,0.0
20230520:1910,0.0,0.0,0.0,12.78,1.1,0.0
20230520:2010,0.0,0.0,0.0,12.42,1.31,0.0
20230520:2110,0.0,0.0,0.0,12.22,1.45,0.0
20230520:2210,0.0,0.0,0.0,12.0,1.38,0.0
20230520:2310,0.0,0.0,0.0,11.81,1.03,0.0
20230521:0010,0.0,0.0,0.0,11.82,0.9,0.0
20230521:0110,0.0,0.0,0.0,11.7,1.03,0.0
20230521:0210,0.0,0.0,0.0,11.76,1.17,0.0
20230521:0310,0.0,0.0,0.0,11.56,1.24,0.0
20230521:0410,0.0,2.84,2.91,11.46,1.24,0.0
20230521:0510,10.74,22.32,12.62,11.73,1.17,0.0
20230521:0610,120.81,139.23,22.85,12.27,1.24,0.0
20230521:0710,221.55,240.49,33.26,12.81,1.52,0.0
20230521:0810,225.46,246.17,43.48,14.08,1.31,0.0
20230521:0910,130.21,150.45,52.93,15.24,1.38,0.0
20230521:1010,100.06,120.36,60.47,16.7,1.72,0.0
20230521:1110,127.91,149.48,64.15,17.57,1.72,0.0
20230521:1210,386.93,421.02,62.3,18.4,1.79,0.0
20230521:1310,371.99,406.8,55.83,19.3,1.72,0.0
20230521:1410,450.3,492.4,46.87,19.3,1.59,0.0
20230521:1510,405.3,450.65,36.84,19.88,1.24,0.0
20230521:1610,280.19,320.99,26.44,20.01,1.1,0.0
20230521:1710,69.5,89.94,16.11,19.86,0.76,0.0
20230521:1810,18.79,33.13,6.19,19.02,0.41,0.0
20230521:1910,0.0,0.0,0.0,18.22,0.55,0.0
20230521:2010,0.0,0.0,0.0,17.33,0.76,0.0
20230521:2110,0.0,0.0,0.0,15.1,1.17,0.0
20230521:2210,0.0,0.0,0.0,13.68,1.31,0.0
20230521:2310,0.0,0.0,0.0,12.76,1.45,0.0
20230522:0010,0.0,0.0,0.0,11.77,1.45,0.0
20230522:0110,0.0,0.0,0.0,10.93,1.38,0.0
20230522:0210,0.0,0.0,0.0,10.35,1.45,0.0
20230522:0310,0.0,0.0,0.0,9.81,1.59,0.0
20230522:0410,0.0,1.89,3.05,9.78,1.66,0.0
20230522:0510,12.35,24.27,12.75,10.58,1.52,0.0
20230522:0610,84.61,102.89,22.97,12.99,1.24,0.0
20230522:0710,55.43,73.77,33.38,16.53,0.97,0.0
20230522:0810,249.73,277.59,43.61,18.7,0.69,0.0
20230522:0910,555.74,617.78,53.07,19.89,0.48,0.0
20230522:1010,638.33,711.64,60.64,20.79,0.9,0.0
20230522:1110,648.59,721.22,64.35,21.35,1.31,0.0
20230522:1210,633.25,703.7,62.49,21.65,1.38,0.0
20230522:1310,583.23,645.19,56.0,21.94,1.66,0.0
20230522:1410,479.92,532.3,47.03,21.05,1.03,0.0
20230522:1510,277.11,310.48,36.98,20.48,0.41,0.0
20230522:1610,280.39,322.39,26.58,19.81,0.21,0.0
20230522:1710,61.63,81.42,16.26,19.62,0.76,0.0
20230522:1810,19.58,34.08,6.34,19.01,0.69,0.0
20230522:1910,0.0,0.0,0.0,18.84,0.28,0.0
20230522:2010,0.0,0.0,0.0,18.0,0.62,0.0
20230522:2110,0.0,0.0,0.0,16.17,0.97,0.0
20230522:2210,0.0,0.0,0.0,14.99,1.1,0.0
20230522:2310,0.0,0.0,0.0,13.85,1.17,0.0
20230523:0010,0.0,0.0,0.0,13.29,1.24,0.0
20230523:0110,0.0,0.0,0.0,12.45,1.38,0.0
20230523:0210,0.0,0.0,0.0,11.75,1.45,0.0
20230523:0310,0.0,0.0,0.0,10.96,1.52,0.0
20230523:0410,0.89,7.57,3.18,10.47,1.52,0.0
20230523:0510,171.91,194.55,12.87,11.28,1.45,0.0
20230523:0610,338.59,366.32,23.09,14.35,1.17,0.0
20230523:0710,469.03,512.5,33.5,18.35,0.9,0.0
20230523:0810,554.2,614.51,43.74,20.7,0.76,0.0
20230523:0910,598.04,671.57,53.21,22.02,0.62,0.0
20230523:1010,637.15,718.32,60.81,22.93,0.9,0.0
20230523:1110,651.26,733.6,64.54,23.57,1.24,0.0
20230523:1210,627.99,704.34,62.68,24.07,1.59,0.0
20230523:1310,550.2,615.29,56.17,24.08,1.66,0.0
20230523:1410,407.17,455.6,47.18,24.0,1.59,0.0
20230523:1510,373.42,420.57,37.13,23.42,1.31,0.0
20230523:1610,175.45,204.36,26.73,22.73,0.9,0.0
20230523:1710,47.07,66.27,16.41,22.02,0.55,0.0
20230523:1810,22.52,37.87,6.5,20.72,0.62,0.0
20230523:1910,0.0,0.0,0.0,20.84,0.21,0.0
20230523:2010,0.0,0.0,0.0,19.94,0.21,0.0
20230523:2110,0.0,0.0,0.0,18.87,0.48,0.0
20230523:2210,0.0,0.0,0.0,17.39,0.97,0.0
20230523:2310,0.0,0.0,0.0,15.53,1.17,0.0
20230524:0010,0.0,0.0,0.0,14.69,1.24,0.0
20230524:0110,0.0,0.0,0.0,13.98,1.31,0.0
20230524:0210,0.0,0.0,0.0,13.38,1.31,0.0
20230524:0310,0.0,0.0,0.0,12.64,1.38,0.0
20230524:0410,2.99,11.36,3.31,12.06,1.45,0.0
20230524:0510,188.17,212.82,12.99,12.42,1.31,0.0
20230524:0610,157.36,178.79,23.2,15.74,1.03,0.0
20230524:0710,211.26,234.62,33.61,16.78,1.1,0.0
20230524:0810,295.16,324.62,43.86,18.17,0.76,0.0
20230524:0910,472.33,522.69,53.35,19.22,0.34,0.0
20230524:1010,504.7,556.42,60.97,19.44,0.97,0.0
20230524:1110,580.2,640.29,64.73,19.69,1.24,0.0
20230524:1210,589.38,653.28,62.86,18.96,0.62,0.0
20230524:1310,574.13,638.25,56.33,19.53,0.41,0.0
20230524:1410,421.35,465.93,47.33,20.04,0.76,0.0
20230524:1510,51.02,69.88,37.27,19.38,0.48,0.0
20230524:1610,126.56,149.04,26.87,18.19,0.62,0.0
20230524:1710,30.42,46.39,16.55,16.58,0.62,0.0
20230524:1810,4.72,14.2,6.65,15.26,0.83,0.0
20230524:1910,0.0,0.0,0.0,14.78,1.31,0.0
20230524:2010,0.0,0.0,0.0,14.3,0.97,0.0
20230524:2110,0.0,0.0,0.0,13.85,0.69,0.0
20230524:2210,0.0,0.0,0.0,13.56,0.83,0.0
20230524:2310,0.0,0.0,0.0,13.07,0.97,0.0
20230525:0010,0.0,0.0,0.0,12.95,0.83,0.0
20230525:0110,0.0,0.0,0.0,12.49,0.97,0.0
20230525:0210,0.0,0.0,0.0,12.53,0.9,0.0
20230525:0310,0.0,0.0,0.0,12.44,1.17,0.0
20230525:0410,1.87,9.47,3.43,12.45,1.24,0.0
20230525:0510,9.2,20.38,13.1,12.86,0.97,0.0
20230525:0610,49.85,66.97,23.31,13.47,0.76,0.0
20230525:0710,44.38,61.15,33.72,13.55,0.62,0.0
20230525:0810,189.04,209.57,43.97,14.1,0.9,0.0
20230525:0910,198.09,219.36,53.48,15.12,1.38,0.0
20230525:1010,205.19,228.1,61.13,16.59,1.38,0.0
20230525:1110,647.66,706.51,64.91,17.44,1.31,0.0
20230525:1210,630.84,693.57,63.04,18.57,1.03,0.0
20230525:1310,583.35,641.65,56.5,19.06,0.97,0.0
20230525:1410,520.76,575.03,47.48,19.35,0.76,0.0
20230525:1510,428.48,479.68,37.41,19.71,0.41,0.0
20230525:1610,301.9,346.4,27.01,19.65,0.41,0.0
20230525:1710,73.25,93.72,16.69,19.36,0.83,0.0
20230525:1810,22.78,37.87,6.79,18.65,0.76,0.0
20230525:1910,0.0,0.0,0.0,18.15,0.48,0.0
20230525:2010,0.0,0.0,0.0,17.78,0.41,0.0
20230525:2110,0.0,0.0,0.0,16.79,0.76,0.0
20230525:2210,0.0,0.0,0.0,15.06,1.03,0.0
20230525:2310,0.0,0.0,0.0,13.83,1.17,0.0
20230526:0010,0.0,0.0,0.0,13.02,1.24,0.0
20230526:0110,0.0,0.0,0.0,12.21,1.31,0.0
20230526:0210,0.0,0.0,0.0,11.3,1.45,0.0
20230526:0310,0.0,0.0,0.0,10.52,1.52,0.0
20230526:0410,3.63,12.31,3.55,10.11,1.59,0.0
20230526:0510,226.21,251.19,13.21,10.98,1.45,0.0
20230526:0610,375.97,405.28,23.41,14.01,1.17,0.0
20230526:0710,496.2,540.32,33.82,17.35,0.83,0.0
20230526:0810,572.05,637.22,44.07,19.54,0.21,0.0
20230526:0910,615.46,691.16,53.6,21.03,0.41,0.0
20230526:1010,653.93,735.59,61.27,21.97,0.83,0.0
20230526:1110,665.22,748.08,65.08,22.58,1.1,0.0
20230526:1210,643.09,721.49,63.22,22.94,1.24,0.0
20230526:1310,594.88,664.99,56.65,23.22,1.38,0.0
20230526:1410,526.64,589.37,47.62,23.34,1.31,0.0
20230526:1510,425.57,479.79,37.54,23.12,1.24,0.0
20230526:1610,311.66,361.28,27.14,22.89,1.17,0.0
20230526:1710,59.93,80.47,16.83,22.34,0.9,0.0
20230526:1810,20.88,35.97,6.94,21.28,0.48,0.0
20230526:1910,0.0,0.0,0.0,20.76,0.55,0.0
20230526:2010,0.0,0.0,0.0,20.04,0.62,0.0
20230526:2110,0.0,0.0,0.0,18.99,0.76,0.0
20230526:2210,0.0,0.0,0.0,17.92,0.9,0.0
20230526:2310,0.0,0.0,0.0,17.02,1.03,0.0
20230527:0010,0.0,0.0,0.0,16.03,1.1,0.0
20230527:0110,0.0,0.0,0.0,14.88,1.24,0.0
20230527:0210,0.0,0.0,0.0,13.99,1.45,0.0
20230527:0310,0.0,0.0,0.0,13.28,1.45,0.0
20230527:0410,1.87,9.47,3.66,12.44,1.45,0.0
20230527:0510,137.29,159.02,13.31,12.98,0.97,0.0
20230527:0610,203.55,225.8,23.5,15.0,0.69,0.0
20230527:0710,304.65,332.48,33.91,17.02,0.76,0.0
20230527:0810,428.16,464.19,44.17,16.91,0.83,0.0
20230527:0910,374.04,406.34,53.71,17.29,1.17,0.0
20230527:1010,605.77,660.55,61.42,17.64,1.31,0.0
20230527:1110,638.69,700.48,65.25,17.94,1.1,0.0
20230527:1210,593.74,659.44,63.39,18.63,0.41,0.0
20230527:1310,536.54,598.34,56.81,19.09,0.07,0.0
20230527:1410,487.52,542.42,47.76,19.84,0.28,0.0
20230527:1510,320.86,356.59,37.68,19.9,0.62,0.0
20230527:1610,241.86,274.39,27.27,19.86,0.62,0.0
20230527:1710,89.17,110.77,16.97,19.58,0.34,0.0
20230527:1810,15.84,29.35,7.08,17.77,0.48,0.0
20230527:1910,0.0,0.0,0.0,15.92,1.38,0.0
20230527:2010,0.0,0.0,0.0,15.76,1.17,0.0
20230527:2110,0.0,0.0,0.0,15.11,1.17,0.0
20230527:2210,0.0,0.0,0.0,14.29,1.45,0.0
20230527:2310,0.0,0.0,0.0,14.16,1.31,0.0
20230528:0010,0.0,0.0,0.0,13.61,1.24,0.0
20230528:0110,0.0,0.0,0.0,12.92,1.38,0.0
20230528:0210,0.0,0.0,0.0,12.91,1.17,0.0
20230528:0310,0.0,0.0,0.0,12.73,1.52,0.0
20230528:0410,0.0,4.73,3.76,12.65,1.45,0.0
20230528:0510,43.62,60.18,13.41,13.07,1.31,0.0
20230528:0610,202.12,223.0,23.59,14.26,1.24,0.0
20230528:0710,431.67,468.37,34.0,16.87,0.69,0.0
20230528:0810,540.84,593.58,44.27,17.66,0.34,0.0
20230528:0910,604.32,671.37,53.82,18.4,0.21,0.0
20230528:1010,640.73,714.6,61.55,19.12,0.41,0.0
20230528:1110,632.42,709.06,65.41,20.03,0.41,0.0
20230528:1210,590.44,659.36,63.55,20.85,0.76,0.0
20230528:1310,560.18,621.37,56.95,21.13,1.1,0.0
20230528:1410,501.09,555.02,47.9,20.95,1.03,0.0
20230528:1510,408.3,457.79,37.81,20.44,0.28,0.0
20230528:1610,21.12,35.91,27.4,18.85,0.9,0.0
20230528:1710,21.98,36.92,17.1,18.61,0.41,0.0
20230528:1810,26.05,41.66,7.22,18.2,0.48,0.0
20230528:1910,0.0,0.0,0.0,15.36,1.31,0.0
20230528:2010,0.0,0.0,0.0,14.62,1.24,0.0
20230528:2110,0.0,0.0,0.0,14.1,1.38,0.0
20230528:2210,0.0,0.0,0.0,13.64,1.24,0.0
20230528:2310,0.0,0.0,0.0,12.94,1.24,0.0
20230529:0010,0.0,0.0,0.0,12.28,1.31,0.0
20230529:0110,0.0,0.0,0.0,11.7,1.38,0.0
20230529:0210,0.0,0.0,0.0,11.2,1.31,0.0
20230529:0310,0.0,0.0,0.0,10.75,1.38,0.0
20230529:0410,3.62,12.31,3.86,10.48,1.52,0.0
20230529:0510,159.1,180.15,13.5,11.36,1.52,0.0
20230529:0610,16.77,30.09,23.68,14.21,1.17,0.0
20230529:0710,54.46,72.8,34.09,16.73,0.97,0.0
20230529:0810,207.04,232.8,44.36,17.96,0.14,0.0
20230529:0910,548.3,603.21,53.92,18.67,0.76,0.0
20230529:1010,605.65,672.79,61.68,19.19,0.62,0.0
20230529:1110,656.3,735.14,65.56,19.83,0.48,0.0
20230529:1210,637.23,715.7,63.71,20.22,0.34,0.0
20230529:1310,589.94,660.64,57.1,20.76,0.41,0.0
20230529:1410,523.2,584.85,48.03,20.9,0.41,0.0
20230529:1510,428.08,479.87,37.94,20.84,0.55,0.0
20230529:1610,310.37,354.55,27.53,20.43,0.83,0.0
20230529:1710,95.57,117.39,17.23,19.67,0.9,0.0
20230529:1810,26.77,42.6,7.35,18.9,0.48,0.0
20230529:1910,0.0,0.0,0.0,18.77,0.34,0.0
20230529:2010,0.0,0.0,0.0,16.07,0.83,0.0
20230529:2110,0.0,0.0,0.0,14.86,1.31,0.0
20230529:2210,0.0,0.0,0.0,14.13,1.59,0.0
20230529:2310,0.0,0.0,0.0,13.42,1.72,0.0
20230530:0010,0.0,0.0,0.0,13.25,1.66,0.0
20230530:0110,0.0,0.0,0.0,12.58,1.59,0.0
20230530:0210,0.0,0.0,0.0,12.06,1.59,0.0
20230530:0310,0.0,0.0,0.0,11.48,1.59,0.0
20230530:0410,8.92,19.88,3.96,11.06,1.59,0.0
20230530:0510,101.12,120.19,13.58,11.88,1.45,0.0
20230530:0610,176.23,196.68,23.76,14.31,1.17,0.0
20230530:0710,418.55,456.77,34.16,17.48,0.41,0.0
20230530:0810,427.24,466.23,44.44,18.26,0.83,0.0
20230530:0910,529.82,580.15,54.02,18.75,1.1,0.0
20230530:1010,627.44,689.78,61.8,19.32,1.38,0.0
20230530:1110,595.57,655.53,65.71,19.38,1.38,0.0
20230530:1210,608.81,674.41,63.86,19.95,1.03,0.0
20230530:1310,579.66,649.87,57.24,20.13,0.14,0.0
20230530:1410,514.7,572.63,48.16,20.55,0.55,0.0
20230530:1510,396.57,440.29,38.06,19.95,0.76,0.0
20230530:1610,266.77,299.49,27.65,18.64,0.97,0.0
20230530:1710,8.56,19.88,17.35,17.97,0.9,0.0
20230530:1810,27.84,43.55,7.48,17.19,0.62,0.0
20230530:1910,0.0,0.0,0.0,16.67,0.83,0.0
20230530:2010,0.0,0.0,0.0,15.11,1.17,0.0
20230530:2110,0.0,0.0,0.0,14.15,1.72,0.0
20230530:2210,0.0,0.0,0.0,13.93,1.72,0.0
20230530:2310,0.0,0.0,0.0,13.91,1.59,0.0
20230531:0010,0.0,0.0,0.0,13.66,1.52,0.0
20230531:0110,0.0,0.0,0.0,13.32,1.52,0.0
20230531:0210,0.0,0.0,0.0,13.27,1.52,0.0
20230531:0310,0.0,0.0,0.0,12.83,1.66,0.0
20230531:0410,0.0,2.84,4.04,12.5,1.66,0.0
20230531:0510,9.92,21.35,13.66,13.07,1.38,0.0
20230531:0610,67.94,86.39,23.83,14.8,1.24,0.0
20230531:0710,61.55,79.59,34.24,14.53,1.31,0.0
20230531:0810,116.14,135.89,44.52,14.9,1.52,0.0
20230531:0910,297.55,321.7,54.11,15.53,1.66,0.0
20230531:1010,418.17,450.09,61.92,16.26,1.72,0.0
20230531:1110,673.65,728.89,65.85,17.02,1.79,0.0
20230531:1210,649.54,709.71,64.01,18.96,1.66,0.0
20230531:1310,404.0,443.92,57.38,19.57,1.17,0.0
20230531:1410,514.83,570.51,48.29,20.16,0.69,0.0
20230531:1510,84.25,105.8,38.18,20.22,0.55,0.0
20230531:1610,306.67,350.14,27.77,19.87,0.14,0.0
20230531:1710,79.43,100.35,17.48,19.48,0.69,0.0
20230531:1810,25.97,41.66,7.61,18.84,0.62,0.0
20230531:1910,0.0,0.0,0.0,17.9,0.07,0.0
20230531:2010,0.0,0.0,0.0,17.26,0.41,0.0
20230531:2110,0.0,0.0,0.0,15.95,0.83,0.0
20230531:2210,0.0,0.0,0.0,14.48,1.03,0.0
20230531:2310,0.0,0.0,0.0,13.7,1.1,0.0
20230601:0010,0.0,0.0,0.0,13.03,1.17,0.0
20230601:0110,0.0,0.0,0.0,12.44,1.17,0.0
20230601:0210,0.0,0.0,0.0,11.79,1.24,0.0
20230601:0310,0.0,0.0,0.0,10.8,1.31,0.0
20230601:0410,9.68,20.83,4.13,10.21,1.38,0.0
20230601:0510,195.6,218.06,13.73,11.26,1.1,0.0
20230601:0610,364.77,394.24,23.9,14.67,0.9,0.0
20230601:0710,492.27,536.44,34.3,17.46,0.69,0.0
20230601:0810,569.63,629.01,44.59,18.74,0.41,0.0
20230601:0910,625.79,691.79,54.2,19.76,0.97,0.0
20230601:1010,659.82,733.45,62.02,20.54,1.1,0.0
20230601:1110,661.91,737.0,65.99,20.97,1.17,0.0
20230601:1210,643.48,715.68,64.15,21.28,1.24,0.0
20230601:1310,596.73,664.07,57.51,21.65,1.1,0.0
20230601:1410,527.76,591.13,48.41,21.53,0.48,0.0
20230601:1510,436.05,486.59,38.3,20.62,0.76,0.0
20230601:1610,321.17,367.88,27.89,20.53,0.34,0.0
20230601:1710,84.53,106.03,17.59,20.31,1.03,0.0
20230601:1810,29.1,45.44,7.74,19.67,0.34,0.0
20230601:1910,0.0,0.0,0.0,19.89,0.34,0.0
20230601:2010,0.0,0.0,0.0,19.17,0.28,0.0
20230601:2110,0.0,0.0,0.0,18.37,0.76,0.0
20230601:2210,0.0,0.0,0.0,16.65,0.97,0.0
20230601:2310,0.0,0.0,0.0,15.7,1.03,0.0
20230602:0010,0.0,0.0,0.0,14.9,1.1,0.0
20230602:0110,0.0,0.0,0.0,14.02,1.24,0.0
20230602:0210,0.0,0.0,0.0,13.15,1.38,0.0
20230602:0310,0.0,0.0,0.0,12.46,1.38,0.0
20230602:0410,1.36,8.52,4.2,12.16,1.31,0.0
20230602:0510,25.16,39.8,13.8,13.0,1.1,0.0
20230602:0610,369.1,401.86,23.96,16.01,0.76,0.0
20230602:0710,494.88,541.04,34.36,17.94,0.62,0.0
20230602:0810,563.4,628.05,44.66,19.74,0.14,0.0
20230602:0910,630.33,703.25,54.27,20.8,0.76,0.0
20230602:1010,654.51,732.15,62.13,21.63,1.03,0.0
20230602:1110,659.32,738.94,66.12,22.28,1.17,0.0
20230602:1210,634.12,711.43,64.29,22.49,1.03,0.0
20230602:1310,594.8,668.05,57.63,22.89,0.9,0.0
20230602:1410,516.28,578.66,48.53,22.86,0.83,0.0
20230602:1510,435.9,484.8,38.41,21.07,1.24,0.0
20230602:1610,318.05,361.34,28.0,19.89,0.69,0.0
20230602:1710,9.16,20.83,17.71,19.63,0.9,0.0
20230602:1810,0.8,7.57,7.86,19.22,0.9,0.0
20230602:1910,0.0,0.0,0.0,18.37,1.24,0.0
20230602:2010,0.0,0.0,0.0,16.89,1.31,0.0
20230602:2110,0.0,0.0,0.0,15.71,1.45,0.0
20230602:2210,0.0,0.0,0.0,14.57,1.52,0.0
20230602:2310,0.0,0.0,0.0,13.82,1.38,0.0
20230603:0010,0.0,0.0,0.0,13.17,1.45,0.0
20230603:0110,0.0,0.0,0.0,12.66,1.45,0.0
20230603:0210,0.0,0.0,0.0,12.25,1.45,0.0
20230603:0310,0.0,0.0,0.0,11.71,1.45,0.0
20230603:0410,0.0,3.79,4.27,11.19,1.38,0.0
20230603:0510,78.95,97.38,13.86,12.56,1.1,0.0
20230603:0610,297.03,322.71,24.02,15.2,0.9,0.0
20230603:0710,453.65,491.72,34.42,16.42,0.55,0.0
20230603:0810,468.22,509.78,44.72,17.64,0.76,0.0
20230603:0910,586.5,641.7,54.35,18.56,1.17,0.0
20230603:1010,624.2,685.25,62.22,19.24,1.45,0.0
20230603:1110,578.14,634.01,66.24,19.86,1.86,0.0
20230603:1210,607.66,668.43,64.42,20.23,1.66,0.0
20230603:1310,551.8,605.81,57.76,19.84,1.45,0.0
20230603:1410,393.55,432.56,48.64,19.49,1.03,0.0
20230603:1510,139.27,163.06,38.52,19.21,0.21,0.0
20230603:1610,140.96,164.51,28.11,18.85,0.48,0.0
20230603:1710,91.62,112.66,17.82,18.27,0.55,0.0
20230603:1810,29.39,45.44,7.97,17.83,0.69,0.0
20230603:1910,0.0,0.0,0.0,16.85,0.55,0.0
20230603:2010,0.0,0.0,0.0,16.05,0.55,0.0
20230603:2110,0.0,0.0,0.0,14.89,0.9,0.0
20230603:2210,0.0,0.0,0.0,14.05,1.03,0.0
20230603:2310,0.0,0.0,0.0,13.62,0.97,0.0
20230604:0010,0.0,0.0,0.0,12.99,0.83,0.0
20230604:0110,0.0,0.0,0.0,13.17,0.83,0.0
20230604:0210,0.0,0.0,0.0,13.46,1.03,0.0
20230604:0310,0.0,0.0,0.0,13.53,0.97,0.0
20230604:0410,6.74,17.04,4.34,13.18,0.97,0.0
20230604:0510,5.67,15.53,13.92,13.4,0.62,0.0
20230604:0610,89.62,108.71,24.07,14.07,0.28,0.0
20230604:0710,167.05,189.45,34.47,16.02,0.07,0.0
20230604:0810,412.28,448.87,44.77,16.57,0.28,0.0
20230604:0910,526.66,576.34,54.41,17.41,0.62,0.0
20230604:1010,363.67,399.12,62.31,18.54,0.83,0.0
20230604:1110,281.67,311.86,66.36,18.51,0.48,0.0
20230604:1210,362.88,398.44,64.54,19.49,1.38,0.0
20230604:1310,536.09,588.05,57.88,19.0,1.17,0.0
20230604:1410,504.85,556.32,48.75,18.97,0.62,0.0
20230604:1510,432.82,480.79,38.63,19.02,0.34,0.0
20230604:1610,170.03,195.31,28.22,19.09,0.41,0.0
20230604:1710,61.11,80.47,17.93,18.34,0.48,0.0
20230604:1810,30.38,46.39,8.08,16.78,0.48,0.0
20230604:1910,0.0,0.0,0.0,16.06,0.48,0.0
20230604:2010,0.0,0.0,0.0,15.08,0.83,0.0
20230604:2110,0.0,0.0,0.0,14.42,0.83,0.0
20230604:2210,0.0,0.0,0.0,14.27,0.48,0.0
20230604:2310,0.0,0.0,0.0,13.89,0.55,0.0
20230605:0010,0.0,0.0,0.0,13.25,0.69,0.0
20230605:0110,0.0,0.0,0.0,12.86,0.76,0.0
20230605:0210,0.0,0.0,0.0,12.49,0.76,0.0
20230605:0310,0.0,0.0,0.0,11.8,0.83,0.0
20230605:0410,0.0,2.84,4.39,12.03,0.76,0.0
20230605:0510,7.08,17.47,13.97,12.46,0.69,0.0
20230605:0610,141.39,160.98,24.12,13.43,0.55,0.0
20230605:0710,393.15,426.14,34.52,15.39,0.07,0.0
20230605:0810,492.79,535.06,44.82,16.48,0.55,0.0
20230605:0910,446.42,485.52,54.47,17.67,1.1,0.0
20230605:1010,423.4,461.46,62.39,18.29,1.38,0.0
20230605:1110,360.46,394.29,66.47,18.66,1.38,0.0
20230605:1210,339.95,373.59,64.66,19.43,1.38,0.0
20230605:1310,375.78,412.5,57.99,19.39,1.24,0.0
20230605:1410,284.38,315.22,48.86,19.54,0.9,0.0
20230605:1510,238.24,267.1,38.74,19.3,0.28,0.0
20230605:1610,126.98,150.21,28.32,19.14,0.28,0.0
20230605:1710,102.38,124.02,18.04,18.46,0.48,0.0
20230605:1810,30.2,46.39,8.19,17.87,0.34,0.0
20230605:1910,0.0,0.0,0.0,15.74,0.55,0.0
20230605:2010,0.0,0.0,0.0,15.21,0.14,0.0
20230605:2110,0.0,0.0,0.0,14.98,0.28,0.0
20230605:2210,0.0,0.0,0.0,14.82,0.34,0.0
20230605:2310,0.0,0.0,0.0,13.89,0.48,0.0
20230606:0010,0.0,0.0,0.0,13.49,0.48,0.0
20230606:0110,0.0,0.0,0.0,13.02,0.55,0.0
20230606:0210,0.0,0.0,0.0,12.87,0.55,0.0
20230606:0310,0.0,0.0,0.0,12.34,0.69,0.0
20230606:0410,6.79,17.04,4.45,12.03,0.76,0.0
20230606:0510,174.18,196.86,14.02,12.81,0.62,0.0
20230606:0610,356.64,385.6,24.16,14.13,0.41,0.0
20230606:0710,0.0,0.0,0.0,15.55,0.14,0.0
20230606:0810,519.24,565.98,44.86,16.85,0.48,0.0
20230606:0910,595.09,653.5,54.53,18.56,0.97,0.0
20230606:1010,650.85,718.02,62.47,19.43,1.24,0.0
20230606:1110,652.59,722.38,66.57,20.3,1.38,0.0
20230606:1210,643.45,711.37,64.78,20.97,1.59,0.0
20230606:1310,599.41,661.17,58.1,21.3,1.66,0.0
20230606:1410,515.07,577.02,48.96,20.92,0.21,0.0
20230606:1510,427.99,477.3,38.84,20.34,0.48,0.0
20230606:1610,325.9,371.54,28.42,20.42,0.28,0.0
20230606:1710,82.7,104.14,18.14,20.06,0.34,0.0
20230606:1810,29.11,45.44,8.3,19.56,0.21,0.0
20230606:1910,0.0,0.0,0.0,17.21,0.83,0.0
20230606:2010,0.0,0.0,0.0,16.17,0.55,0.0
20230606:2110,0.0,0.0,0.0,15.18,0.83,0.0
20230606:2210,0.0,0.0,0.0,14.52,0.97,0.0
20230606:2310,0.0,0.0,0.0,14.22,1.03,0.0
20230607:0010,0.0,0.0,0.0,14.0,0.97,0.0
20230607:0110,0.0,0.0,0.0,13.84,0.9,0.0
20230607:0210,0.0,0.0,0.0,13.13,1.03,0.0
20230607:0310,0.0,0.0,0.0,13.18,0.9,0.0
20230607:0410,25.05,41.25,4.5,13.08,0.83,0.0
20230607:0510,109.21,129.64,14.06,13.81,0.55,0.0
20230607:0610,272.04,298.7,24.19,15.8,0.14,0.0
20230607:0710,480.76,524.44,34.59,17.22,0.41,0.0
20230607:0810,577.21,628.25,44.9,17.97,1.1,0.0
20230607:0910,625.92,687.75,54.58,18.56,0.97,0.0
20230607:1010,637.47,703.26,62.54,19.31,1.17,0.0
20230607:1110,663.43,732.38,66.66,20.01,1.45,0.0
20230607:1210,645.38,711.64,64.88,19.73,1.31,0.0
20230607:1310,594.73,656.46,58.2,19.65,0.97,0.0
20230607:1410,518.58,573.55,49.06,19.64,0.62,0.0
20230607:1510,437.8,487.61,38.93,19.67,0.34,0.0
20230607:1610,329.74,374.67,28.52,19.76,0.28,0.0
20230607:1710,71.4,91.83,18.24,19.32,0.34,0.0
20230607:1810,29.26,45.44,8.4,18.63,0.34,0.0
20230607:1910,0.0,0.0,0.0,18.42,0.21,0.0
20230607:2010,0.0,0.0,0.0,17.82,0.48,0.0
20230607:2110,0.0,0.0,0.0,16.69,0.55,0.0
20230607:2210,0.0,0.0,0.0,15.75,0.83,0.0
20230607:2310,0.0,0.0,0.0,14.71,1.03,0.0
20230608:0010,0.0,0.0,0.0,13.85,1.17,0.0
20230608:0110,0.0,0.0,0.0,12.78,1.17,0.0
20230608:0210,0.0,0.0,0.0,12.95,1.17,0.0
20230608:0310,0.0,0.0,0.0,12.15,1.24,0.0
20230608:0410,5.07,14.56,4.54,11.78,1.24,0.0
20230608:0510,142.25,162.67,14.09,12.16,1.1,0.0
20230608:0610,199.97,220.07,24.22,13.56,1.03,0.0
20230608:0710,335.46,364.08,34.62,16.5,0.69,0.0
20230608:0810,537.05,595.94,44.93,18.72,0.0,0.0
20230608:0910,626.06,699.08,54.62,19.85,0.41,0.0
20230608:1010,650.56,729.01,62.6,20.57,0.62,0.0
20230608:1110,665.11,745.93,66.75,21.4,0.9,0.0
20230608:1210,623.81,697.41,64.99,21.49,0.97,0.0
20230608:1310,598.55,668.9,58.3,21.25,0.69,0.0
20230608:1410,537.97,597.84,49.16,20.87,0.76,0.0
20230608:1510,430.47,480.92,39.03,21.43,0.76,0.0
20230608:1610,331.17,377.8,28.61,21.24,0.62,0.0
20230608:1710,65.56,86.15,18.33,20.99,0.55,0.0
20230608:1810,32.24,49.23,8.5,20.54,0.21,0.0
20230608:1910,0.0,0.0,0.0,19.6,0.21,0.0
20230608:2010,0.0,0.0,0.0,18.52,0.69,0.0
20230608:2110,0.0,0.0,0.0,17.76,0.69,0.0
20230608:2210,0.0,0.0,0.0,16.61,0.83,0.0
20230608:2310,0.0,0.0,0.0,15.55,0.9,0.0
20230609:0010,0.0,0.0,0.0,14.44,0.97,0.0
20230609:0110,0.0,0.0,0.0,13.07,1.03,0.0
20230609:0210,0.0,0.0,0.0,13.22,1.1,0.0
20230609:0310,0.0,0.0,0.0,12.84,1.17,0.0
20230609:0410,19.98,34.86,4.57,12.47,1.24,0.0
20230609:0510,148.92,170.18,14.12,12.97,1.03,0.0
20230609:0610,361.6,390.4,24.25,14.74,0.83,0.0
20230609:0710,390.82,422.95,34.64,16.67,0.76,0.0
20230609:0810,548.91,606.47,44.96,18.99,0.34,0.0
20230609:0910,613.04,686.69,54.66,20.17,0.28,0.0
20230609:1010,574.98,640.03,62.66,21.08,1.03,0.0
20230609:1110,540.88,601.94,66.83,21.56,1.24,0.0
20230609:1210,340.51,378.25,65.08,21.79,1.45,0.0
20230609:1310,466.0,517.08,58.4,21.37,1.1,0.0
20230609:1410,388.97,433.41,49.25,21.92,0.83,0.0
20230609:1510,229.02,260.04,39.12,21.88,0.48,0.0
20230609:1610,164.62,191.75,28.7,21.6,0.34,0.0
20230609:1710,92.6,114.55,18.42,20.1,0.62,0.0
20230609:1810,21.95,36.92,8.59,18.79,0.21,0.0
20230609:1910,0.0,0.0,0.0,18.66,0.28,0.0
20230609:2010,0.0,0.0,0.0,18.16,0.48,0.0
20230609:2110,0.0,0.0,0.0,17.58,0.55,0.0
20230609:2210,0.0,0.0,0.0,17.34,0.28,0.0
20230609:2310,0.0,0.0,0.0,16.86,0.28,0.0
20230610:0010,0.0,0.0,0.0,15.83,0.41,0.0
20230610:0110,0.0,0.0,0.0,15.83,0.48,0.0
20230610:0210,0.0,0.0,0.0,15.55,0.48,0.0
20230610:0310,0.0,0.0,0.0,15.44,0.41,0.0
20230610:0410,57.94,81.02,4.6,15.33,0.41,0.0
20230610:0510,53.64,71.7,14.15,15.57,0.34,0.0
20230610:0610,84.3,103.86,24.27,15.53,0.28,0.0
20230610:0710,182.8,206.2,34.66,17.47,0.9,0.0
20230610:0810,211.26,235.68,44.98,17.53,0.97,0.0
20230610:0910,260.62,287.72,54.69,18.02,1.03,0.0
20230610:1010,361.33,395.82,62.7,18.26,0.9,0.0
20230610:1110,403.76,444.87,66.91,18.92,0.62,0.0
20230610:1210,602.8,677.39,65.17,20.31,0.28,0.0
20230610:1310,560.0,628.54,58.49,21.64,0.48,0.0
20230610:1410,502.0,560.53,49.34,22.44,0.9,0.0
20230610:1510,431.47,485.2,39.2,22.5,0.62,0.0
20230610:1610,306.5,350.05,28.79,22.27,0.55,0.0
20230610:1710,99.49,123.07,18.51,22.16,0.07,0.0
20230610:1810,9.74,21.77,8.68,21.53,0.41,0.0
20230610:1910,0.0,0.0,0.0,19.0,0.83,0.0
20230610:2010,0.0,0.0,0.0,17.19,0.9,0.0
20230610:2110,0.0,0.0,0.0,16.18,1.1,0.0
20230610:2210,0.0,0.0,0.0,15.81,0.9,0.0
20230610:2310,0.0,0.0,0.0,15.55,0.9,0.0
20230611:0010,0.0,0.0,0.0,14.74,1.1,0.0
20230611:0110,0.0,0.0,0.0,14.19,1.1,0.0
20230611:0210,0.0,0.0,0.0,13.6,1.1,0.0
20230611:0310,0.0,0.0,0.0,13.1,1.17,0.0
20230611:0410,5.7,15.53,4.63,12.65,1.17,0.0
20230611:0510,212.56,236.96,14.17,13.23,1.1,0.0
20230611:0610,387.15,416.92,24.28,14.54,0.97,0.0
20230611:0710,482.83,533.43,34.68,19.02,0.14,0.0
20230611:0810,550.58,610.62,45.0,20.39,0.55,0.0
20230611:0910,592.91,659.79,54.71,21.35,0.97,0.0
20230611:1010,582.21,650.12,62.75,22.23,1.24,0.0
20230611:1110,614.26,686.86,66.98,22.89,1.52,0.0
20230611:1210,621.46,693.49,65.26,22.96,1.59,0.0
20230611:1310,538.7,606.15,58.58,23.0,0.76,0.0
20230611:1410,468.62,524.64,49.42,22.5,0.69,0.0
20230611:1510,393.8,435.34,39.28,20.61,1.24,0.0
20230611:1610,303.93,341.39,28.87,20.35,1.38,0.0
20230611:1710,9.8,21.77,18.59,20.51,0.76,0.0
20230611:1810,1.26,8.52,8.76,19.51,0.69,0.0
20230611:1910,0.0,0.0,0.0,18.03,1.31,0.0
20230611:2010,0.0,0.0,0.0,17.23,1.1,0.0
20230611:2110,0.0,0.0,0.0,16.44,1.24,0.0
20230611:2210,0.0,0.0,0.0,16.09,1.45,0.0
20230611:2310,0.0,0.0,0.0,15.81,1.45,0.0
20230612:0010,0.0,0.0,0.0,15.69,1.38,0.0
20230612:0110,0.0,0.0,0.0,14.91,1.38,0.0
20230612:0210,0.0,0.0,0.0,14.54,1.31,0.0
20230612:0310,0.0,0.0,0.0,14.77,1.31,0.0
20230612:0410,11.94,24.5,4.65,14.98,1.17,0.0
20230612:0510,232.56,260.72,14.18,15.39,1.1,0.0
20230612:0610,310.97,339.17,24.29,16.68,0.97,0.0
20230612:0710,493.83,542.03,34.69,18.19,0.34,0.0
20230612:0810,577.2,634.94,45.01,19.11,0.76,0.0
20230612:0910,0.0,0.0,0.0,19.47,0.97,0.0
20230612:1010,669.27,746.61,62.78,20.41,0.9,0.0
20230612:1110,652.31,731.13,67.04,21.13,0.83,0.0
20230612:1210,642.16,718.58,65.33,21.65,0.97,0.0
20230612:1310,587.74,657.46,58.66,22.14,0.9,0.0
20230612:1410,522.74,583.39,49.5,21.71,0.69,0.0
20230612:1510,400.52,449.72,39.36,21.21,0.07,0.0
20230612:1610,260.22,295.07,28.95,21.17,0.48,0.0
20230612:1710,96.81,119.29,18.67,20.81,0.83,0.0
20230612:1810,1.27,8.52,8.84,19.0,0.62,0.0
20230612:1910,0.0,0.0,0.0,17.8,0.69,0.0
20230612:2010,0.0,0.0,0.0,17.2,1.03,0.0
20230612:2110,0.0,0.0,0.0,16.58,1.17,0.0
20230612:2210,0.0,0.0,0.0,16.09,1.1,0.0
20230612:2310,0.0,0.0,0.0,16.18,1.03,0.0
20230613:0010,0.0,0.0,0.0,16.28,0.97,0.0
20230613:0110,0.0,0.0,0.0,16.12,0.76,0.0
20230613:0210,0.0,0.0,0.0,15.88,0.55,0.0
20230613:0310,0.0,0.0,0.0,15.82,0.83,0.0
20230613:0410,0.0,3.88,4.66,15.64,1.1,0.0
20230613:0510,5.6,15.53,14.19,15.63,1.31,0.0
20230613:0610,17.41,31.06,24.3,15.97,1.24,0.0
20230613:0710,29.89,45.62,34.69,15.82,1.72,0.0
20230613:0810,76.76,96.09,45.02,16.26,1.45,0.0
20230613:0910,136.64,158.21,54.75,16.87,1.1,0.0
20230613:1010,156.01,178.59,62.81,17.68,1.31,0.0
20230613:1110,260.52,288.06,67.09,18.29,1.03,0.0
20230613:1210,278.2,307.95,65.4,18.98,0.9,0.0
20230613:1310,502.08,553.98,58.73,19.42,0.83,0.0
20230613:1410,502.79,555.42,49.58,19.74,0.69,0.0
20230613:1510,388.11,428.98,39.44,19.44,0.62,0.0
20230613:1610,309.19,347.27,29.02,19.32,0.62,0.0
20230613:1710,107.6,129.7,18.75,19.11,0.83,0.0
20230613:1810,37.71,54.91,8.91,18.2,0.76,0.0
20230613:1910,0.0,0.0,0.0,17.58,0.83,0.0
20230613:2010,0.0,0.0,0.0,16.87,0.69,0.0
20230613:2110,0.0,0.0,0.0,16.34,0.48,0.0
20230613:2210,0.0,0.0,0.0,15.95,0.55,0.0
20230613:2310,0.0,0.0,0.0,15.99,0.62,0.0
20230614:0010,0.0,0.0,0.0,15.76,0.69,0.0
20230614:0110,0.0,0.0,0.0,15.63,0.69,0.0
20230614:0210,0.0,0.0,0.0,15.57,0.62,0.0
20230614:0310,0.0,0.0,0.0,15.73,0.55,0.0
20230614:0410,0.0,3.88,4.67,15.47,0.48,0.0
20230614:0510,6.26,16.5,14.19,15.53,0.21,0.0
20230614:0610,158.07,180.57,24.3,16.52,0.14,0.0
20230614:0710,211.36,234.94,34.69,16.1,0.28,0.0
20230614:0810,447.09,485.6,45.02,16.22,0.34,0.0
20230614:0910,607.89,663.53,54.75,16.5,0.69,0.0
20230614:1010,619.33,678.81,62.84,16.62,0.69,0.0
20230614:1110,644.89,708.89,67.14,17.27,0.83,0.0
20230614:1210,612.84,674.21,65.47,18.23,0.97,0.0
20230614:1310,542.8,597.75,58.8,18.63,0.76,0.0
20230614:1410,513.23,565.01,49.65,18.98,0.69,0.0
20230614:1510,448.34,495.91,39.51,19.51,0.76,0.0
20230614:1610,355.71,400.49,29.09,18.84,0.62,0.0
20230614:1710,62.03,81.42,18.82,18.27,0.62,0.0
20230614:1810,1.28,8.52,8.99,18.08,0.69,0.0
20230614:1910,0.0,0.0,0.0,18.18,0.83,0.0
20230614:2010,0.0,0.0,0.0,16.38,1.17,0.0
20230614:2110,0.0,0.0,0.0,15.47,1.03,0.0
20230614:2210,0.0,0.0,0.0,15.17,0.9,0.0
20230614:2310,0.0,0.0,0.0,14.78,1.03,0.0
20230615:0010,0.0,0.0,0.0,14.35,1.03,0.0
20230615:0110,0.0,0.0,0.0,14.56,0.9,0.0
20230615:0210,0.0,0.0,0.0,14.15,0.97,0.0
20230615:0310,0.0,0.0,0.0,14.19,0.9,0.0
20230615:0410,10.46,22.53,4.67,14.3,0.76,0.0
20230615:0510,231.48,259.34,14.19,14.74,0.55,0.0
20230615:0610,386.79,421.65,24.29,16.03,0.41,0.0
20230615:0710,485.58,528.65,34.68,17.03,0.48,0.0
20230615:0810,579.48,639.96,45.02,18.68,0.41,0.0
20230615:0910,637.78,709.19,54.76,20.01,0.76,0.0
20230615:1010,672.22,751.36,62.86,20.9,0.97,0.0
20230615:1110,684.62,766.36,67.18,21.79,1.24,0.0
20230615:1210,644.02,717.2,65.53,21.95,1.45,0.0
20230615:1310,612.31,680.78,58.87,22.65,1.59,0.0
20230615:1410,536.13,595.5,49.71,22.77,1.52,0.0
20230615:1510,449.2,500.51,39.57,22.7,1.59,0.0
20230615:1610,340.19,385.18,29.16,20.94,0.9,0.0
20230615:1710,108.91,131.59,18.88,20.32,1.31,0.0
20230615:1810,39.27,56.8,9.05,19.06,1.52,0.0
20230615:1910,0.0,0.0,0.0,18.63,0.97,0.0
20230615:2010,0.0,0.0,0.0,17.21,0.9,0.0
20230615:2110,0.0,0.0,0.0,16.21,1.03,0.0
20230615:2210,0.0,0.0,0.0,16.07,0.9,0.0
20230615:2310,0.0,0.0,0.0,15.44,0.9,0.0
20230616:0010,0.0,0.0,0.0,14.81,0.97,0.0
20230616:0110,0.0,0.0,0.0,14.4,0.97,0.0
20230616:0210,0.0,0.0,0.0,13.97,1.03,0.0
20230616:0310,0.0,0.0,0.0,13.31,1.1,0.0
20230616:0410,66.04,89.22,4.67,12.96,1.1,0.0
20230616:0510,260.79,288.89,14.18,13.65,0.9,0.0
20230616:0610,395.6,431.23,24.28,16.71,0.76,0.0
20230616:0710,493.46,542.46,34.67,18.67,0.41,0.0
20230616:0810,576.79,641.39,45.01,20.25,0.48,0.0
20230616:0910,638.07,717.34,54.76,21.31,0.55,0.0
20230616:1010,668.45,757.22,62.87,22.44,0.69,0.0
20230616:1110,678.18,768.76,67.21,23.29,0.97,0.0
20230616:1210,646.66,732.49,65.58,23.99,1.03,0.0
20230616:1310,613.98,693.7,58.93,24.56,1.17,0.0
20230616:1410,551.63,622.13,49.77,24.93,1.24,0.0
20230616:1510,458.62,518.33,39.63,24.9,1.31,0.0
20230616:1610,348.23,400.79,29.22,24.46,1.1,0.0
20230616:1710,70.68,92.78,18.94,24.01,0.83,0.0
20230616:1810,37.65,55.86,9.11,22.74,0.62,0.0
20230616:1910,0.0,0.0,0.0,21.15,1.03,0.0
20230616:2010,0.0,0.0,0.0,19.54,1.24,0.0
20230616:2110,0.0,0.0,0.0,18.35,1.45,0.0
20230616:2210,0.0,0.0,0.0,17.91,1.31,0.0
20230616:2310,0.0,0.0,0.0,17.71,1.17,0.0
20230617:0010,0.0,0.0,0.0,16.91,1.17,0.0
20230617:0110,0.0,0.0,0.0,15.76,1.24,0.0
20230617:0210,0.0,0.0,0.0,14.35,1.38,0.0
20230617:0310,0.0,0.0,0.0,13.34,1.45,0.0
20230617:0410,0.0,4.85,4.66,12.75,1.45,0.0
20230617:0510,119.57,139.65,14.17,13.25,1.31,0.0
20230617:0610,277.96,304.2,24.27,16.75,1.03,0.0
20230617:0710,479.71,530.26,34.66,19.3,0.21,0.0
20230617:0810,571.62,638.39,44.99,20.93,0.41,0.0
20230617:0910,636.16,717.65,54.75,21.99,0.55,0.0
20230617:1010,667.02,757.52,62.87,22.94,0.69,0.0
20230617:1110,676.44,769.05,67.24,23.63,0.9,0.0
20230617:1210,661.02,748.27,65.63,23.88,1.1,0.0
20230617:1310,614.84,692.44,58.98,24.12,1.24,0.0
20230617:1410,539.7,606.07,49.83,24.23,1.24,0.0
20230617:1510,442.4,497.99,39.69,24.15,1.24,0.0
20230617:1610,328.68,376.65,29.28,23.82,0.9,0.0
20230617:1710,86.66,109.82,19.0,23.43,0.62,0.0
20230617:1810,40.23,58.7,9.17,22.38,0.62,0.0
20230617:1910,0.0,0.0,0.0,22.36,0.55,0.0
20230617:2010,0.0,0.0,0.0,21.04,0.76,0.0
20230617:2110,0.0,0.0,0.0,18.91,1.1,0.0
20230617:2210,0.0,0.0,0.0,17.87,1.17,0.0
20230617:2310,0.0,0.0,0.0,17.37,1.1,0.0
20230618:0010,0.0,0.0,0.0,16.94,1.03,0.0
20230618:0110,0.0,0.0,0.0,16.63,1.03,0.0
20230618:0210,0.0,0.0,0.0,16.14,1.03,0.0
20230618:0310,0.0,0.0,0.0,15.25,1.17,0.0
20230618:0410,12.0,24.52,4.65,14.38,1.24,0.0
20230618:0510,160.76,183.82,14.15,14.75,1.03,0.0
20230618:0610,274.33,303.13,24.25,18.33,0.76,0.0
20230618:0710,317.38,351.49,34.64,20.13,0.48,0.0
20230618:0810,538.53,604.89,44.98,21.64,0.14,0.0
20230618:0910,614.15,694.46,54.73,22.48,0.41,0.0
20230618:1010,651.32,736.98,62.87,22.96,0.76,0.0
20230618:1110,654.87,740.06,67.26,23.68,1.1,0.0
20230618:1210,625.18,703.66,65.67,24.05,1.38,0.0
20230618:1310,594.16,666.59,59.03,23.93,1.31,0.0
20230618:1410,531.88,595.26,49.88,23.75,1.24,0.0
20230618:1510,391.62,439.33,39.74,23.35,1.03,0.0
20230618:1610,243.79,278.06,29.33,22.42,0.55,0.0
20230618:1710,94.42,117.39,19.05,21.96,0.62,0.0
20230618:1810,4.53,14.2,9.22,21.47,0.76,0.0
20230618:1910,0.0,0.0,0.0,20.44,1.1,0.0
20230618:2010,0.0,0.0,0.0,19.23,1.17,0.0
20230618:2110,0.0,0.0,0.0,18.38,1.24,0.0
20230618:2210,0.0,0.0,0.0,18.01,1.17,0.0
20230618:2310,0.0,0.0,0.0,17.59,1.17,0.0
20230619:0010,0.0,0.0,0.0,17.38,1.03,0.0
20230619:0110,0.0,0.0,0.0,16.98,1.03,0.0
20230619:0210,0.0,0.0,0.0,16.19,1.17,0.0
20230619:0310,0.0,0.0,0.0,15.76,1.17,0.0
20230619:0410,0.0,3.88,4.63,15.62,1.03,0.0
20230619:0510,104.0,125.25,14.13,16.14,0.9,0.0
20230619:0610,357.13,392.27,24.23,18.46,0.83,0.0
20230619:0710,477.88,527.94,34.61,20.33,0.55,0.0
20230619:0810,558.97,623.4,44.95,21.91,0.69,0.0
20230619:0910,622.71,698.41,54.72,22.73,0.97,0.0
20230619:1010,649.42,735.17,62.86,23.61,0.9,0.0
20230619:1110,656.9,746.92,67.27,24.45,0.97,0.0
20230619:1210,609.73,689.33,65.7,24.85,1.31,0.0
20230619:1310,517.74,582.51,59.08,24.98,1.52,0.0
20230619:1410,441.25,494.97,49.93,24.49,1.38,0.0
20230619:1510,34.5,52.41,39.79,23.68,1.17,0.0
20230619:1610,333.52,379.47,29.38,22.02,0.83,0.0
20230619:1710,72.39,93.72,19.1,21.87,1.24,0.0
20230619:1810,23.22,38.82,9.27,21.54,1.1,0.0
20230619:1910,0.0,0.0,0.0,20.25,1.03,0.0
20230619:2010,0.0,0.0,0.0,19.11,1.17,0.0
20230619:2110,0.0,0.0,0.0,18.36,1.17,0.0
20230619:2210,0.0,0.0,0.0,18.09,1.03,0.0
20230619:2310,0.0,0.0,0.0,17.6,1.1,0.0
20230620:0010,0.0,0.0,0.0,17.23,1.17,0.0
20230620:0110,0.0,0.0,0.0,17.07,1.1,0.0
20230620:0210,0.0,0.0,0.0,16.74,1.17,0.0
20230620:0310,0.0,0.0,0.0,16.51,1.17,0.0
20230620:0410,0.92,7.76,4.61,16.32,1.17,0.0
20230620:0510,61.29,80.27,14.11,16.88,1.03,0.0
20230620:0610,315.84,349.16,24.2,19.22,0.69,0.0
20230620:0710,442.83,487.92,34.59,20.8,0.9,0.0
20230620:0810,479.28,534.27,44.92,22.32,0.69,0.0
20230620:0910,571.01,643.87,54.69,23.31,0.69,0.0
20230620:1010,616.02,702.09,62.85,24.22,0.62,0.0
20230620:1110,602.15,689.41,67.28,24.94,0.62,0.0
20230620:1210,485.31,551.97,65.73,25.3,0.83,0.0
20230620:1310,446.71,507.5,59.11,25.56,0.83,0.0
20230620:1410,503.97,571.74,49.97,25.69,0.9,0.0
20230620:1510,399.23,453.23,39.84,25.62,0.97,0.0
20230620:1610,320.39,369.56,29.43,25.42,1.03,0.0
20230620:1710,72.27,94.67,19.15,24.59,1.24,0.0
20230620:1810,34.21,52.07,9.31,23.66,1.31,0.0
20230620:1910,0.0,0.0,0.0,21.74,1.1,0.0
20230620:2010,0.0,0.0,0.0,20.61,1.03,0.0
20230620:2110,0.0,0.0,0.0,19.59,1.17,0.0
20230620:2210,0.0,0.0,0.0,18.8,1.24,0.0
20230620:2310,0.0,0.0,0.0,18.35,1.24,0.0
20230621:0010,0.0,0.0,0.0,17.95,1.17,0.0
20230621:0110,0.0,0.0,0.0,17.31,1.17,0.0
20230621:0210,0.0,0.0,0.0,16.55,1.24,0.0
20230621:0310,0.0,0.0,0.0,16.17,1.24,0.0
20230621:0410,15.79,29.78,4.58,15.63,1.31,0.0
20230621:0510,150.4,174.01,14.07,16.21,1.17,0.0
20230621:0610,321.58,355.02,24.17,19.23,0.83,0.0
20230621:0710,422.75,467.49,34.55,20.92,0.62,0.0
20230621:0810,486.45,544.14,44.89,22.93,0.69,0.0
20230621:0910,567.15,645.49,54.66,24.41,0.48,0.0
20230621:1010,598.84,687.55,62.83,25.68,0.62,0.0
20230621:1110,621.52,714.61,67.28,26.51,0.9,0.0
20230621:1210,535.8,617.2,65.75,27.13,0.76,0.0
20230621:1310,453.79,519.71,59.15,27.42,0.97,0.0
20230621:1410,448.97,513.69,50.01,27.55,0.97,0.0
20230621:1510,305.51,349.92,39.88,27.25,1.17,0.0
20230621:1610,304.75,353.53,29.47,26.79,0.97,0.0
20230621:1710,64.73,87.1,19.18,26.1,0.55,0.0
20230621:1810,33.83,52.07,9.35,25.61,0.55,0.0
20230621:1910,0.0,0.0,0.0,24.45,0.69,0.0
20230621:2010,0.0,0.0,0.0,24.5,0.55,0.0
20230621:2110,0.0,0.0,0.0,23.41,0.76,0.0
20230621:2210,0.0,0.0,0.0,21.72,0.97,0.0
20230621:2310,0.0,0.0,0.0,20.26,1.17,0.0
20230622:0010,0.0,0.0,0.0,19.3,1.31,0.0
20230622:0110,0.0,0.0,0.0,18.78,1.31,0.0
20230622:0210,0.0,0.0,0.0,18.33,1.38,0.0
20230622:0310,0.0,0.0,0.0,18.04,1.38,0.0
20230622:0410,32.35,51.02,4.55,17.82,1.45,0.0
20230622:0510,175.15,202.11,14.04,18.38,1.24,0.0
20230622:0610,197.09,225.36,24.13,21.69,0.83,0.0
20230622:0710,376.01,421.07,34.51,23.98,0.9,0.0
20230622:0810,397.85,451.04,44.85,25.2,0.41,0.0
20230622:0910,581.09,671.09,54.63,26.2,0.21,0.0
20230622:1010,628.75,723.05,62.8,27.07,0.97,0.0
20230622:1110,638.92,737.97,67.27,27.68,0.97,0.0
20230622:1210,597.58,692.01,65.76,28.16,0.83,0.0
20230622:1310,327.61,376.28,59.17,28.61,1.45,0.0
20230622:1410,315.2,362.55,50.05,28.82,1.45,0.0
20230622:1510,354.6,406.71,39.91,28.72,1.59,0.0
20230622:1610,192.1,226.93,29.5,28.44,1.52,0.0
20230622:1710,31.83,50.18,19.22,27.9,0.97,0.0
20230622:1810,38.42,57.75,9.38,27.2,0.83,0.0
20230622:1910,0.0,0.0,0.0,24.24,0.76,0.0
20230622:2010,0.0,0.0,0.0,22.47,1.1,0.0
20230622:2110,0.0,0.0,0.0,20.66,1.24,0.0
20230622:2210,0.0,0.0,0.0,20.03,1.24,0.0
20230622:2310,0.0,0.0,0.0,19.18,1.38,0.0
20230623:0010,0.0,0.0,0.0,18.4,1.52,0.0
20230623:0110,0.0,0.0,0.0,17.88,1.66,0.0
20230623:0210,0.0,0.0,0.0,17.71,1.66,0.0
20230623:0310,0.0,0.0,0.0,17.62,1.52,0.0
20230623:0410,65.35,90.16,4.51,17.21,1.31,0.0
20230623:0510,128.92,152.5,14.0,17.86,1.17,0.0
20230623:0610,395.01,435.79,24.09,20.16,1.31,0.0
20230623:0710,504.34,554.71,34.47,22.08,1.86,0.0
20230623:0810,588.32,648.49,44.81,23.68,2.55,0.0
20230623:0910,651.61,718.71,54.59,24.62,3.31,0.0
20230623:1010,686.23,759.76,62.77,25.25,3.52,0.0
20230623:1110,691.21,768.45,67.26,25.94,3.52,0.0
20230623:1210,675.57,754.4,65.77,26.63,3.31,0.0
20230623:1310,625.06,698.4,59.2,27.07,3.24,0.0
20230623:1410,558.72,625.1,50.07,27.4,3.24,0.0
20230623:1510,463.54,521.09,39.94,27.19,3.31,0.0
20230623:1610,350.58,402.13,29.53,26.62,3.1,0.0
20230623:1710,69.49,91.83,19.25,25.68,3.31,0.0
20230623:1810,37.41,55.86,9.41,24.44,2.97,0.0
20230623:1910,0.0,0.0,0.0,23.37,2.9,0.0
20230623:2010,0.0,0.0,0.0,22.03,2.83,0.0
20230623:2110,0.0,0.0,0.0,20.97,2.76,0.0
20230623:2210,0.0,0.0,0.0,19.99,2.62,0.0
20230623:2310,0.0,0.0,0.0,19.09,2.48,0.0
20230624:0010,0.0,0.0,0.0,18.2,2.28,0.0
20230624:0110,0.0,0.0,0.0,17.39,2.21,0.0
20230624:0210,0.0,0.0,0.0,16.65,2.07,0.0
20230624:0310,0.0,0.0,0.0,15.78,2.0,0.0
20230624:0410,16.8,30.96,4.47,15.01,1.86,0.0
20230624:0510,262.25,292.07,13.95,15.47,1.59,0.0
20230624:0610,398.4,435.96,24.04,18.46,1.31,0.0
20230624:0710,507.28,553.86,34.42,20.96,2.07,0.0
20230624:0810,573.06,632.89,44.77,22.39,1.72,0.0
20230624:0910,641.22,722.1,54.55,23.67,1.17,0.0
20230624:1010,658.95,756.02,62.74,24.75,0.62,0.0
20230624:1110,664.29,771.34,67.24,25.65,0.34,0.0
20230624:1210,644.55,751.03,65.77,26.52,0.28,0.0
20230624:1310,611.17,701.03,59.21,27.07,1.03,0.0
20230624:1410,550.82,627.85,50.1,27.55,1.45,0.0
20230624:1510,461.61,527.81,39.97,27.54,1.45,0.0
20230624:1610,351.96,409.8,29.56,27.4,1.38,0.0
20230624:1710,62.84,85.2,19.27,26.86,1.1,0.0
20230624:1810,33.0,51.12,9.43,25.77,0.76,0.0
20230624:1910,0.0,0.0,0.0,24.76,1.03,0.0
20230624:2010,0.0,0.0,0.0,23.45,1.24,0.0
20230624:2110,0.0,0.0,0.0,21.57,1.52,0.0
20230624:2210,0.0,0.0,0.0,21.66,1.31,0.0
20230624:2310,0.0,0.0,0.0,21.74,0.97,0.0
20230625:0010,0.0,0.0,0.0,20.87,0.9,0.0
20230625:0110,0.0,0.0,0.0,20.37,0.83,0.0
20230625:0210,0.0,0.0,0.0,20.02,0.76,0.0
20230625:0310,0.0,0.0,0.0,19.54,0.76,0.0
20230625:0410,24.79,41.82,4.42,18.83,0.83,0.0
20230625:0510,249.88,285.23,13.9,19.14,0.62,0.0
20230625:0610,382.2,425.85,23.99,20.26,0.34,0.0
20230625:0710,490.86,546.82,34.37,21.54,0.48,0.0
20230625:0810,572.85,640.55,44.72,22.35,0.76,0.0
20230625:0910,626.41,707.65,54.5,23.05,0.69,0.0
20230625:1010,654.49,745.13,62.69,23.77,0.69,0.0
20230625:1110,658.05,753.66,67.21,24.48,0.62,0.0
20230625:1210,645.34,737.64,65.77,25.17,0.83,0.0
20230625:1310,599.38,686.22,59.22,25.88,0.69,0.0
20230625:1410,536.37,616.56,50.12,26.28,0.34,0.0
20230625:1510,449.67,518.13,39.99,26.21,0.21,0.0
20230625:1610,341.57,399.91,29.58,26.13,0.07,0.0
20230625:1710,65.63,88.04,19.29,25.84,0.28,0.0
20230625:1810,35.54,53.96,9.45,25.15,0.48,0.0
20230625:1910,0.0,0.0,0.0,24.15,0.55,0.0
20230625:2010,0.0,0.0,0.0,23.37,0.69,0.0
20230625:2110,0.0,0.0,0.0,22.96,0.62,0.0
20230625:2210,0.0,0.0,0.0,22.18,0.62,0.0
20230625:2310,0.0,0.0,0.0,21.5,0.62,0.0
20230626:0010,0.0,0.0,0.0,20.92,0.69,0.0
20230626:0110,0.0,0.0,0.0,19.97,0.83,0.0
20230626:0210,0.0,0.0,0.0,19.23,0.9,0.0
20230626:0310,0.0,0.0,0.0,18.67,0.97,0.0
20230626:0410,15.8,30.13,4.37,18.26,1.03,0.0
20230626:0510,234.38,265.99,13.85,17.55,0.76,0.0
20230626:0610,373.14,414.1,23.93,20.06,0.62,0.0
20230626:0710,476.18,534.53,34.32,22.85,0.34,0.0
20230626:0810,562.51,634.45,44.66,24.19,0.76,0.0
20230626:0910,618.71,704.27,54.44,25.34,0.9,0.0
20230626:1010,644.71,741.87,62.64,26.47,0.83,0.0
20230626:1110,654.46,757.6,67.17,27.31,0.83,0.0
20230626:1210,633.91,735.34,65.76,28.14,0.83,0.0
20230626:1310,593.29,683.92,59.23,28.59,1.1,0.0
20230626:1410,528.91,609.18,50.13,28.84,1.03,0.0
20230626:1510,441.87,511.69,40.01,29.07,0.9,0.0
20230626:1610,331.75,390.23,29.6,28.82,0.9,0.0
20230626:1710,78.63,103.19,19.31,27.9,0.34,0.0
20230626:1810,37.57,56.8,9.46,27.3,0.55,0.0
20230626:1910,0.0,0.0,0.0,25.08,1.1,0.0
20230626:2010,0.0,0.0,0.0,23.24,1.03,0.0
20230626:2110,0.0,0.0,0.0,22.66,0.97,0.0
20230626:2210,0.0,0.0,0.0,22.31,0.9,0.0
20230626:2310,0.0,0.0,0.0,21.44,0.97,0.0
20230627:0010,0.0,0.0,0.0,20.48,1.1,0.0
20230627:0110,0.0,0.0,0.0,19.88,1.17,0.0
20230627:0210,0.0,0.0,0.0,19.34,1.31,0.0
20230627:0310,0.0,0.0,0.0,19.0,1.38,0.0
20230627:0410,11.15,23.82,4.31,18.63,1.45,0.0
20230627:0510,136.54,161.53,13.79,19.04,1.31,0.0
20230627:0610,248.5,280.4,23.88,22.23,1.1,0.0
20230627:0710,398.38,446.79,34.26,23.63,0.55,0.0
20230627:0810,458.34,514.55,44.6,24.46,0.97,0.0
20230627:0910,535.35,607.27,54.39,25.14,0.83,0.0
20230627:1010,629.56,724.38,62.59,26.19,0.69,0.0
20230627:1110,633.07,734.4,67.13,27.04,0.55,0.0
20230627:1210,609.26,710.43,65.74,27.98,0.41,0.0
20230627:1310,561.75,653.05,59.23,28.27,0.41,0.0
20230627:1410,497.23,574.8,50.14,28.63,0.62,0.0
20230627:1510,410.6,473.69,40.02,28.76,0.97,0.0
20230627:1610,307.42,358.82,29.61,28.58,1.38,0.0
20230627:1710,105.65,132.54,19.32,28.01,1.24,0.0
20230627:1810,28.78,46.39,9.46,26.97,0.55,0.0
20230627:1910,0.0,0.0,0.0,25.46,1.1,0.0
20230627:2010,0.0,0.0,0.0,24.25,1.1,0.0
20230627:2110,0.0,0.0,0.0,23.12,1.31,0.0
20230627:2210,0.0,0.0,0.0,21.84,1.45,0.0
20230627:2310,0.0,0.0,0.0,22.13,1.1,0.0
20230628:0010,0.0,0.0,0.0,22.72,0.62,0.0
20230628:0110,0.0,0.0,0.0,21.36,0.48,0.0
20230628:0210,0.0,0.0,0.0,20.38,0.55,0.0
20230628:0310,0.0,0.0,0.0,19.65,0.48,0.0
20230628:0410,5.86,16.09,4.24,18.87,0.41,0.0
20230628:0510,191.9,221.61,13.73,18.61,0.34,0.0
20230628:0610,302.06,335.95,23.81,19.43,0.28,0.0
20230628:0710,407.56,453.52,34.2,21.04,0.14,0.0
20230628:0810,471.35,527.42,44.54,22.2,0.34,0.0
20230628:0910,570.27,646.79,54.32,23.34,0.34,0.0
20230628:1010,578.63,655.47,62.53,24.39,0.97,0.0
20230628:1110,422.36,472.71,67.08,24.67,2.0,0.0
20230628:1210,432.4,480.8,65.71,24.39,2.69,0.0
20230628:1310,555.26,615.09,59.22,24.1,2.62,0.0
20230628:1410,516.23,570.92,50.14,23.76,2.41,0.0
20230628:1510,426.74,476.06,40.03,23.42,1.72,0.0
20230628:1610,276.91,314.76,29.62,23.36,1.38,0.0
20230628:1710,93.19,116.45,19.32,22.96,1.17,0.0
20230628:1810,41.08,59.64,9.47,22.45,1.1,0.0
20230628:1910,0.0,0.0,0.0,21.6,1.31,0.0
20230628:2010,0.0,0.0,0.0,20.79,1.38,0.0
20230628:2110,0.0,0.0,0.0,20.24,1.52,0.0
20230628:2210,0.0,0.0,0.0,19.82,1.59,0.0
20230628:2310,0.0,0.0,0.0,19.3,1.31,0.0
20230629:0010,0.0,0.0,0.0,19.14,1.17,0.0
20230629:0110,0.0,0.0,0.0,18.76,0.9,0.0
20230629:0210,0.0,0.0,0.0,18.5,0.69,0.0
20230629:0310,0.0,0.0,0.0,18.25,0.34,0.0
20230629:0410,0.0,2.84,4.18,18.15,0.14,0.0
20230629:0510,16.38,30.09,13.66,18.31,0.07,0.0
20230629:0610,53.03,71.83,23.74,18.42,0.21,0.0
20230629:0710,133.44,156.27,34.13,18.41,0.48,0.0
20230629:0810,175.28,199.95,44.47,18.66,0.48,0.0
20230629:0910,258.8,287.62,54.26,18.76,0.55,0.0
20230629:1010,320.3,353.98,62.46,19.17,0.62,0.0
20230629:1110,514.97,570.11,67.03,19.52,0.76,0.0
20230629:1210,624.89,698.13,65.68,19.87,0.48,0.0
20230629:1310,580.2,650.07,59.21,20.55,0.28,0.0
20230629:1410,446.82,497.53,50.14,20.99,0.48,0.0
20230629:1510,258.02,289.62,40.03,21.13,0.76,0.0
20230629:1610,274.73,309.65,29.62,20.93,0.9,0.0
20230629:1710,40.57,58.7,19.32,20.79,0.76,0.0
20230629:1810,33.92,51.12,9.46,20.52,0.83,0.0
20230629:1910,0.0,0.0,0.0,20.13,1.1,0.0
20230629:2010,0.0,0.0,0.0,19.2,1.1,0.0
20230629:2110,0.0,0.0,0.0,18.64,1.1,0.0
20230629:2210,0.0,0.0,0.0,18.36,1.03,0.0
20230629:2310,0.0,0.0,0.0,18.58,0.83,0.0
20230630:0010,0.0,0.0,0.0,18.42,0.9,0.0
20230630:0110,0.0,0.0,0.0,17.94,1.03,0.0
20230630:0210,0.0,0.0,0.0,18.41,0.83,0.0
20230630:0310,0.0,0.0,0.0,18.6,0.55,0.0
20230630:0410,1.28,8.52,4.11,18.16,0.41,0.0
20230630:0510,40.72,58.24,13.59,18.04,0.41,0.0
20230630:0610,98.14,119.71,23.67,18.74,0.55,0.0
20230630:0710,72.11,92.21,34.06,18.41,0.48,0.0
20230630:0810,443.07,485.79,44.4,18.61,0.48,0.0
20230630:0910,179.15,203.83,54.18,18.84,0.83,0.0
20230630:1010,152.83,176.65,62.39,18.93,0.69,0.0
20230630:1110,0.0,0.0,0.0,19.42,0.83,0.0
20230630:1210,74.71,95.12,65.64,18.94,0.76,0.0
20230630:1310,91.23,112.59,59.19,19.08,0.69,0.0
20230630:1410,94.78,116.47,50.13,19.2,0.34,0.0
20230630:1510,81.59,102.89,40.02,20.04,0.62,0.0
20230630:1610,57.96,77.65,29.61,20.21,0.76,0.0
20230630:1710,38.27,55.86,19.32,19.76,1.17,0.0
20230630:1810,12.75,25.56,9.45,19.09,0.76,0.0
20230630:1910,0.0,0.0,0.0,17.1,0.9,0.0
20230630:2010,0.0,0.0,0.0,16.74,0.9,0.0
20230630:2110,0.0,0.0,0.0,16.45,0.9,0.0
20230630:2210,0.0,0.0,0.0,16.31,0.97,0.0
20230630:2310,0.0,0.0,0.0,16.42,0.9,0.0
20230701:0010,0.0,0.0,0.0,16.37,0.69,0.0
20230701:0110,0.0,0.0,0.0,16.1,0.62,0.0
20230701:0210,0.0,0.0,0.0,16.1,0.55,0.0
20230701:0310,0.0,0.0,0.0,16.15,0.55,0.0
20230701:0410,0.0,2.84,4.03,16.17,0.55,0.0
20230701:0510,9.75,21.35,13.51,16.07,0.62,0.0
20230701:0610,257.55,284.99,23.6,17.58,0.55,0.0
20230701:0710,433.67,475.57,33.98,18.68,0.41,0.0
20230701:0810,512.23,565.36,44.33,19.82,0.55,0.0
20230701:0910,575.84,644.93,54.11,21.35,0.48,0.0
20230701:1010,636.23,719.46,62.32,22.41,0.55,0.0
20230701:1110,639.97,725.05,66.9,23.25,0.76,0.0
20230701:1210,630.68,711.86,65.59,24.2,1.17,0.0
20230701:1310,587.51,658.2,59.16,24.62,1.66,0.0
20230701:1410,538.7,599.51,50.12,24.47,2.07,0.0
20230701:1510,302.38,339.88,40.02,24.31,2.0,0.0
20230701:1610,257.23,293.28,29.61,23.76,1.45,0.0
20230701:1710,65.68,87.1,19.31,23.38,0.9,0.0
20230701:1810,33.51,51.12,9.44,22.78,0.48,0.0
20230701:1910,0.0,0.0,0.0,21.97,0.21,0.0
20230701:2010,0.0,0.0,0.0,21.62,0.14,0.0
20230701:2110,0.0,0.0,0.0,21.15,0.41,0.0
20230701:2210,0.0,0.0,0.0,20.62,0.48,0.0
20230701:2310,0.0,0.0,0.0,18.59,0.69,0.0
20230702:0010,0.0,0.0,0.0,16.84,0.83,0.0
20230702:0110,0.0,0.0,0.0,16.55,0.83,0.0
20230702:0210,0.0,0.0,0.0,16.26,0.83,0.0
20230702:0310,0.0,0.0,0.0,15.91,0.9,0.0
20230702:0410,0.0,5.68,3.95,15.55,0.97,0.0
20230702:0510,167.74,193.16,13.43,16.13,0.76,0.0
20230702:0610,369.48,407.6,23.52,18.17,0.41,0.0
20230702:0710,447.71,496.03,33.91,20.29,0.28,0.0
20230702:0810,558.26,623.86,44.25,21.65,0.48,0.0
20230702:0910,605.6,684.34,54.03,22.86,0.48,0.0
20230702:1010,631.98,716.93,62.23,23.78,0.76,0.0
20230702:1110,646.83,733.18,66.82,24.47,1.1,0.0
20230702:1210,633.87,717.32,65.54,24.9,1.24,0.0
20230702:1310,586.34,660.09,59.13,24.91,1.38,0.0
20230702:1410,504.65,568.2,50.1,25.0,1.24,0.0
20230702:1510,401.01,453.78,40.0,24.77,0.9,0.0
20230702:1610,279.63,321.09,29.59,24.69,0.9,0.0
20230702:1710,64.46,86.15,19.29,24.38,0.69,0.0
20230702:1810,34.16,52.07,9.42,23.71,0.41,0.0
20230702:1910,0.0,0.0,0.0,22.49,0.76,0.0
20230702:2010,0.0,0.0,0.0,22.18,0.62,0.0
20230702:2110,0.0,0.0,0.0,21.9,0.48,0.0
20230702:2210,0.0,0.0,0.0,21.29,0.21,0.0
20230702:2310,0.0,0.0,0.0,20.8,0.14,0.0
20230703:0010,0.0,0.0,0.0,20.32,0.14,0.0
20230703:0110,0.0,0.0,0.0,19.9,0.21,0.0
20230703:0210,0.0,0.0,0.0,19.79,0.28,0.0
20230703:0310,0.0,0.0,0.0,19.57,0.34,0.0
20230703:0410,0.0,2.84,3.86,19.09,0.41,0.0
20230703:0510,8.18,19.41,13.35,18.8,0.55,0.0
20230703:0610,189.82,215.68,23.44,19.38,0.69,0.0
20230703:0710,276.12,308.13,33.82,20.75,0.55,0.0
20230703:0810,291.82,325.53,44.16,20.86,0.55,0.0
20230703:0910,558.61,626.54,53.94,21.31,0.34,0.0
20230703:1010,633.2,718.74,62.15,22.38,0.34,0.0
20230703:1110,642.31,725.9,66.74,23.26,0.9,0.0
20230703:1210,573.69,646.63,65.48,23.91,1.17,0.0
20230703:1310,456.94,514.31,59.09,24.42,1.17,0.0
20230703:1410,360.81,406.26,50.07,24.79,1.31,0.0
20230703:1510,253.35,288.74,39.98,24.09,0.69,0.0
20230703:1610,250.23,285.67,29.58,23.2,0.9,0.0
20230703:1710,15.54,29.35,19.27,21.2,0.62,0.0
20230703:1810,5.18,15.15,9.39,20.34,1.24,0.0
20230703:1910,0.0,0.0,0.0,20.36,0.97,0.0
20230703:2010,0.0,0.0,0.0,20.33,0.14,0.0
20230703:2110,0.0,0.0,0.0,18.35,1.1,0.0
20230703:2210,0.0,0.0,0.0,17.46,0.83,0.0
20230703:2310,0.0,0.0,0.0,17.19,0.28,0.0
20230704:0010,0.0,0.0,0.0,16.6,0.69,0.0
20230704:0110,0.0,0.0,0.0,16.0,0.83,0.0
20230704:0210,0.0,0.0,0.0,15.96,0.69,0.0
20230704:0310,0.0,0.0,0.0,15.65,0.83,0.0
20230704:0410,7.3,17.99,3.77,15.71,0.69,0.0
20230704:0510,239.09,271.09,13.26,16.01,0.34,0.0
20230704:0610,332.04,364.44,23.35,16.98,0.41,0.0
20230704:0710,426.24,463.65,33.74,17.47,0.62,0.0
20230704:0810,530.06,583.21,44.08,18.4,0.34,0.0
20230704:0910,591.06,662.54,53.85,19.84,0.07,0.0
20230704:1010,621.97,697.17,62.05,20.71,0.55,0.0
20230704:1110,627.82,703.76,66.65,21.37,0.83,0.0
20230704:1210,621.38,694.95,65.41,22.27,1.17,0.0
20230704:1310,575.03,642.25,59.05,22.47,1.1,0.0
20230704:1410,507.66,571.4,50.04,21.82,0.14,0.0
20230704:1510,410.34,454.59,39.96,20.41,0.9,0.0
20230704:1610,332.15,372.54,29.55,19.88,1.31,0.0
20230704:1710,100.91,123.07,19.25,19.9,1.03,0.0
20230704:1810,31.56,48.28,9.36,19.86,0.97,0.0
20230704:1910,0.0,0.0,0.0,18.72,1.17,0.0
20230704:2010,0.0,0.0,0.0,18.08,1.1,0.0
20230704:2110,0.0,0.0,0.0,17.61,1.03,0.0
20230704:2210,0.0,0.0,0.0,16.9,1.31,0.0
20230704:2310,0.0,0.0,0.0,16.41,1.24,0.0
20230705:0010,0.0,0.0,0.0,16.4,0.97,0.0
20230705:0110,0.0,0.0,0.0,15.73,1.03,0.0
20230705:0210,0.0,0.0,0.0,15.75,1.24,0.0
20230705:0310,0.0,0.0,0.0,16.18,1.24,0.0
20230705:0410,6.62,17.04,3.68,16.01,0.97,0.0
20230705:0510,84.1,104.93,13.17,16.95,0.62,0.0
20230705:0610,271.95,300.72,23.26,17.76,0.55,0.0
20230705:0710,0.0,0.0,0.0,18.13,0.21,0.0
20230705:0810,539.48,596.03,43.99,18.68,0.21,0.0
20230705:0910,608.81,678.06,53.76,18.68,0.14,0.0
20230705:1010,648.4,728.34,61.95,19.61,0.21,0.0
20230705:1110,660.42,741.72,66.56,20.87,0.62,0.0
20230705:1210,636.75,715.26,65.34,21.84,0.76,0.0
20230705:1310,115.45,139.77,59.0,22.19,0.69,0.0
20230705:1410,46.68,66.0,50.01,22.48,0.0,0.0
20230705:1510,276.86,311.89,39.93,22.18,0.55,0.0
20230705:1610,58.24,78.62,29.52,22.22,0.62,0.0
20230705:1710,73.09,94.67,19.22,22.13,0.69,0.0
20230705:1810,40.38,58.7,9.32,21.67,0.55,0.0
20230705:1910,0.0,0.0,0.0,21.3,0.76,0.0
20230705:2010,0.0,0.0,0.0,20.47,0.9,0.0
20230705:2110,0.0,0.0,0.0,20.18,0.9,0.0
20230705:2210,0.0,0.0,0.0,19.54,0.97,0.0
20230705:2310,0.0,0.0,0.0,18.86,1.1,0.0
20230706:0010,0.0,0.0,0.0,18.69,1.1,0.0
20230706:0110,0.0,0.0,0.0,17.78,1.24,0.0
20230706:0210,0.0,0.0,0.0,17.13,1.31,0.0
20230706:0310,0.0,0.0,0.0,17.11,1.17,0.0
20230706:0410,4.04,13.25,3.58,17.56,0.9,0.0
20230706:0510,153.1,178.82,13.07,17.3,0.9,0.0
20230706:0610,333.42,365.91,23.17,18.12,1.17,0.0
20230706:0710,244.16,270.8,33.55,18.88,1.24,0.0
20230706:0810,408.04,445.85,43.89,19.41,1.24,0.0
20230706:0910,587.33,645.3,53.66,19.35,1.1,0.0
20230706:1010,624.75,691.05,61.85,19.9,1.1,0.0
20230706:1110,653.23,725.97,66.46,20.31,1.03,0.0
20230706:1210,102.81,125.21,65.26,20.16,0.97,0.0
20230706:1310,99.32,121.33,58.95,19.9,1.31,0.0
20230706:1410,522.95,570.78,49.97,18.97,1.38,0.0
20230706:1510,280.59,310.86,39.89,19.05,0.76,0.0
20230706:1610,32.77,49.5,29.49,18.86,0.41,0.0
20230706:1710,68.9,88.99,19.18,19.04,0.76,0.0
20230706:1810,35.0,52.07,9.28,19.14,0.76,0.0
20230706:1910,0.0,0.0,0.0,19.22,0.76,0.0
20230706:2010,0.0,0.0,0.0,18.93,0.28,0.0
20230706:2110,0.0,0.0,0.0,17.84,0.83,0.0
20230706:2210,0.0,0.0,0.0,17.79,0.76,0.0
20230706:2310,0.0,0.0,0.0,17.36,0.76,0.0
20230707:0010,0.0,0.0,0.0,16.36,0.76,0.0
20230707:0110,0.0,0.0,0.0,15.28,0.9,0.0
20230707:0210,0.0,0.0,0.0,14.71,1.03,0.0
20230707:0310,0.0,0.0,0.0,14.1,1.17,0.0
20230707:0410,2.39,10.41,3.48,13.64,1.24,0.0
20230707:0510,221.09,249.06,12.97,14.43,1.1,0.0
20230707:0610,368.23,399.62,23.07,15.64,1.03,0.0
20230707:0710,477.51,526.29,33.46,19.38,0.48,0.0
20230707:0810,556.25,625.84,43.79,21.2,0.0,0.0
20230707:0910,619.46,697.2,53.56,22.27,0.62,0.0
20230707:1010,655.49,741.4,61.74,23.1,0.83,0.0
20230707:1110,666.32,755.15,66.35,23.9,1.03,0.0
20230707:1210,653.81,739.93,65.17,24.33,1.17,0.0
20230707:1310,610.26,687.98,58.88,24.7,1.31,0.0
20230707:1410,534.63,600.95,49.92,24.66,1.31,0.0
20230707:1510,445.35,504.01,39.85,24.59,1.03,0.0
20230707:1610,320.12,368.36,29.45,24.44,0.97,0.0
20230707:1710,75.91,98.46,19.14,24.08,0.97,0.0
20230707:1810,35.87,53.96,9.23,23.38,0.48,0.0
20230707:1910,0.0,0.0,0.0,21.78,0.55,0.0
20230707:2010,0.0,0.0,0.0,20.86,0.69,0.0
20230707:2110,0.0,0.0,0.0,20.5,0.69,0.0
20230707:2210,0.0,0.0,0.0,19.95,0.69,0.0
20230707:2310,0.0,0.0,0.0,19.56,0.69,0.0
20230708:0010,0.0,0.0,0.0,18.89,0.76,0.0
20230708:0110,0.0,0.0,0.0,17.71,1.17,0.0
20230708:0210,0.0,0.0,0.0,17.71,1.1,0.0
20230708:0310,0.0,0.0,0.0,17.62,1.17,0.0
20230708:0410,0.0,1.89,3.37,17.16,1.17,0.0
20230708:0510,90.5,112.15,12.87,17.7,0.97,0.0
20230708:0610,146.98,171.25,22.97,19.83,0.83,0.0
20230708:0710,197.91,224.27,33.36,19.92,0.83,0.0
20230708:0810,326.17,361.03,43.69,20.45,0.83,0.0
20230708:0910,340.74,377.5,53.45,20.64,0.9,0.0
20230708:1010,585.73,648.45,61.63,20.53,1.17,0.0
20230708:1110,597.76,663.65,66.24,21.49,1.45,0.0
20230708:1210,590.27,660.42,65.08,22.68,1.24,0.0
20230708:1310,588.41,664.97,58.82,23.9,0.76,0.0
20230708:1410,511.09,582.85,49.87,24.45,0.14,0.0
20230708:1510,431.45,492.07,39.81,24.6,0.34,0.0
20230708:1610,330.3,382.72,29.41,24.34,0.48,0.0
20230708:1710,63.67,85.2,19.09,24.15,0.69,0.0
20230708:1810,32.56,50.18,9.18,23.5,0.48,0.0
20230708:1910,0.0,0.0,0.0,22.39,0.83,0.0
20230708:2010,0.0,0.0,0.0,21.99,0.69,0.0
20230708:2110,0.0,0.0,0.0,21.29,0.76,0.0
20230708:2210,0.0,0.0,0.0,20.31,0.9,0.0
20230708:2310,0.0,0.0,0.0,19.62,0.97,0.0
20230709:0010,0.0,0.0,0.0,19.04,0.97,0.0
20230709:0110,0.0,0.0,0.0,17.94,1.03,0.0
20230709:0210,0.0,0.0,0.0,16.67,1.1,0.0
20230709:0310,0.0,0.0,0.0,16.85,1.17,0.0
20230709:0410,4.68,14.2,3.26,16.54,1.31,0.0
20230709:0510,222.22,253.36,12.76,16.73,1.17,0.0
20230709:0610,365.72,401.96,22.87,18.08,1.03,0.0
20230709:0710,471.73,522.89,33.26,21.4,0.83,0.0
20230709:0810,547.64,619.62,43.59,24.11,0.48,0.0
20230709:0910,600.11,691.11,53.34,25.71,0.28,0.0
20230709:1010,634.14,736.25,61.51,26.86,0.41,0.0
20230709:1110,645.6,749.12,66.12,27.75,0.76,0.0
20230709:1210,630.04,727.72,64.98,28.16,1.03,0.0
20230709:1310,586.18,674.45,58.74,28.34,1.1,0.0
20230709:1410,517.07,593.27,49.81,28.66,1.24,0.0
20230709:1510,430.54,497.69,39.76,28.66,0.97,0.0
20230709:1610,324.35,382.62,29.36,28.3,0.69,0.0
20230709:1710,59.05,81.42,19.04,27.92,0.62,0.0
20230709:1810,35.22,53.96,9.12,26.81,0.41,0.0
20230709:1910,0.0,0.0,0.0,26.15,0.41,0.0
20230709:2010,0.0,0.0,0.0,24.7,0.76,0.0
20230709:2110,0.0,0.0,0.0,24.1,0.69,0.0
20230709:2210,0.0,0.0,0.0,22.92,0.9,0.0
20230709:2310,0.0,0.0,0.0,21.93,0.97,0.0
20230710:0010,0.0,0.0,0.0,21.11,1.03,0.0
20230710:0110,0.0,0.0,0.0,20.58,1.03,0.0
20230710:0210,0.0,0.0,0.0,20.02,1.1,0.0
20230710:0310,0.0,0.0,0.0,19.56,1.1,0.0
20230710:0410,1.77,9.47,3.15,19.21,1.17,0.0
20230710:0510,181.17,211.63,12.65,19.43,1.1,0.0
20230710:0610,333.9,375.25,22.76,22.04,0.76,0.0
20230710:0710,441.74,499.87,33.15,24.92,0.48,0.0
20230710:0810,517.84,593.76,43.48,26.24,0.21,0.0
20230710:0910,585.52,679.34,53.23,27.19,0.21,0.0
20230710:1010,621.95,724.5,61.39,28.06,0.48,0.0
20230710:1110,630.21,734.8,65.99,28.75,0.69,0.0
20230710:1210,611.39,713.69,64.87,29.36,0.69,0.0
20230710:1310,563.42,658.16,58.66,29.41,0.41,0.0
20230710:1410,496.51,579.08,49.75,29.38,0.28,0.0
20230710:1510,416.85,487.16,39.7,29.43,0.34,0.0
20230710:1610,313.81,371.47,29.3,28.91,0.62,0.0
20230710:1710,73.53,97.51,18.98,27.92,0.62,0.0
20230710:1810,35.17,53.96,9.06,27.14,0.69,0.0
20230710:1910,0.0,0.0,0.0,26.88,0.62,0.0
20230710:2010,0.0,0.0,0.0,25.5,0.76,0.0
20230710:2110,0.0,0.0,0.0,24.27,0.9,0.0
20230710:2210,0.0,0.0,0.0,23.16,1.03,0.0
20230710:2310,0.0,0.0,0.0,22.57,0.97,0.0
20230711:0010,0.0,0.0,0.0,21.69,1.17,0.0
20230711:0110,0.0,0.0,0.0,21.28,1.17,0.0
20230711:0210,0.0,0.0,0.0,21.13,1.17,0.0
20230711:0310,0.0,0.0,0.0,20.84,1.24,0.0
20230711:0410,1.25,8.52,3.03,20.53,1.24,0.0
20230711:0510,72.79,94.53,12.54,20.93,1.1,0.0
20230711:0610,186.54,216.71,22.65,23.67,0.62,0.0
20230711:0710,406.43,458.19,33.04,24.79,0.69,0.0
20230711:0810,479.88,542.4,43.37,25.51,0.83,0.0
20230711:0910,581.7,666.97,53.11,26.3,0.55,0.0
20230711:1010,610.87,711.34,61.26,27.45,0.28,0.0
20230711:1110,617.09,716.19,65.86,28.12,0.69,0.0
20230711:1210,591.84,686.96,64.76,28.48,0.69,0.0
20230711:1310,556.19,646.06,58.57,28.87,0.55,0.0
20230711:1410,493.11,572.26,49.68,29.07,0.48,0.0
20230711:1510,419.96,487.83,39.64,29.17,0.76,0.0
20230711:1610,308.9,365.84,29.24,29.36,0.83,0.0
20230711:1710,54.52,76.68,18.92,28.92,0.34,0.0
20230711:1810,30.22,48.28,8.99,28.04,1.17,0.0
20230711:1910,0.0,0.0,0.0,25.71,0.97,0.0
20230711:2010,0.0,0.0,0.0,24.07,1.1,0.0
20230711:2110,0.0,0.0,0.0,23.43,1.1,0.0
20230711:2210,0.0,0.0,0.0,23.08,1.03,0.0
20230711:2310,0.0,0.0,0.0,23.35,0.48,0.0
20230712:0010,0.0,0.0,0.0,20.96,1.72,0.0
20230712:0110,0.0,0.0,0.0,20.61,1.72,0.0
20230712:0210,0.0,0.0,0.0,20.1,1.52,0.0
20230712:0310,0.0,0.0,0.0,19.69,1.1,0.0
20230712:0410,0.0,1.89,2.91,19.36,1.17,0.0
20230712:0510,5.45,15.53,12.42,19.74,1.24,0.0
20230712:0610,14.66,28.15,22.54,20.51,0.9,0.0
20230712:0710,122.4,146.56,32.93,21.47,0.9,0.0
20230712:0810,249.3,282.55,43.25,22.13,0.14,0.0
20230712:0910,159.33,186.36,52.99,22.13,0.28,0.0
20230712:1010,536.42,602.17,61.13,22.54,0.76,0.0
20230712:1110,412.66,464.69,65.72,21.99,0.07,0.0
20230712:1210,274.25,305.98,64.64,20.82,1.1,0.0
20230712:1310,77.12,98.03,58.48,20.38,2.21,0.0
20230712:1410,65.22,85.41,49.6,20.54,2.28,0.0
20230712:1510,78.67,99.97,39.57,20.94,1.72,0.0
20230712:1610,181.13,207.06,29.18,20.28,1.66,0.0
20230712:1710,78.47,99.4,18.85,20.03,1.59,0.0
20230712:1810,24.24,39.76,8.91,19.79,1.24,0.0
20230712:1910,0.0,0.0,0.0,20.15,1.31,0.0
20230712:2010,0.0,0.0,0.0,19.13,1.45,0.0
20230712:2110,0.0,0.0,0.0,18.82,1.1,0.0
20230712:2210,0.0,0.0,0.0,18.65,1.03,0.0
20230712:2310,0.0,0.0,0.0,18.71,1.24,0.0
20230713:0010,0.0,0.0,0.0,18.17,1.1,0.0
20230713:0110,0.0,0.0,0.0,17.92,0.9,0.0
20230713:0210,0.0,0.0,0.0,18.04,0.34,0.0
20230713:0310,0.0,0.0,0.0,17.39,0.76,0.0
20230713:0410,2.32,10.41,2.78,17.29,0.69,0.0
20230713:0510,207.82,240.62,12.3,17.16,0.07,0.0
20230713:0610,346.23,382.7,22.42,17.83,0.48,0.0
20230713:0710,457.34,503.35,32.81,20.59,1.1,0.0
20230713:0810,540.67,603.68,43.14,21.85,0.55,0.0
20230713:0910,594.21,665.37,52.86,23.05,1.03,0.0
20230713:1010,620.31,696.86,60.99,22.77,0.97,0.0
20230713:1110,554.52,625.4,65.58,23.29,0.9,0.0
20230713:1210,63.99,85.41,64.51,23.77,0.69,0.0
20230713:1310,543.05,616.99,58.38,24.41,0.55,0.0
20230713:1410,517.22,582.15,49.52,24.85,1.24,0.0
20230713:1510,432.74,491.63,39.5,25.43,1.17,0.0
20230713:1610,327.55,381.32,29.1,25.59,1.03,0.0
20230713:1710,63.26,85.2,18.77,25.51,0.97,0.0
20230713:1810,30.75,48.28,8.83,24.64,0.55,0.0
20230713:1910,0.0,0.0,0.0,23.59,0.62,0.0
20230713:2010,0.0,0.0,0.0,23.42,0.14,0.0
20230713:2110,0.0,0.0,0.0,22.06,0.55,0.0
20230713:2210,0.0,0.0,0.0,21.29,0.69,0.0
20230713:2310,0.0,0.0,0.0,20.7,0.76,0.0
20230714:0010,0.0,0.0,0.0,20.2,0.83,0.0
20230714:0110,0.0,0.0,0.0,19.82,0.69,0.0
20230714:0210,0.0,0.0,0.0,19.53,0.62,0.0
20230714:0310,0.0,0.0,0.0,17.19,0.76,0.0
20230714:0410,0.0,2.84,2.65,17.06,0.97,0.0
20230714:0510,10.41,22.32,12.18,17.23,0.9,0.0
20230714:0610,166.4,189.89,22.3,17.64,0.76,0.0
20230714:0710,81.84,102.89,32.7,19.52,0.83,0.0
20230714:0810,69.81,90.27,43.02,19.8,0.62,0.0
20230714:0910,96.04,118.42,52.73,20.51,0.48,0.0
20230714:1010,96.13,118.42,60.85,20.37,0.55,0.0
20230714:1110,136.46,161.12,65.43,21.07,0.76,0.0
20230714:1210,129.83,154.33,64.38,21.55,1.1,0.0
20230714:1310,163.72,190.24,58.27,22.14,1.31,0.0
20230714:1410,75.35,97.06,49.43,22.35,1.38,0.0
20230714:1510,200.59,229.69,39.42,22.46,1.03,0.0
20230714:1610,144.88,171.06,29.03,22.25,0.62,0.0
20230714:1710,66.04,87.1,18.69,22.29,0.83,0.0
20230714:1810,34.48,52.07,8.74,22.07,0.97,0.0
20230714:1910,0.0,0.0,0.0,20.77,1.1,0.0
20230714:2010,0.0,0.0,0.0,20.33,1.17,0.0
20230714:2110,0.0,0.0,0.0,19.53,1.31,0.0
20230714:2210,0.0,0.0,0.0,18.83,1.31,0.0
20230714:2310,0.0,0.0,0.0,18.46,1.24,0.0
20230715:0010,0.0,0.0,0.0,18.14,1.24,0.0
20230715:0110,0.0,0.0,0.0,17.86,1.24,0.0
20230715:0210,0.0,0.0,0.0,17.69,1.24,0.0
20230715:0310,0.0,0.0,0.0,17.51,1.24,0.0
20230715:0410,0.0,5.68,2.52,17.35,1.24,0.0
20230715:0510,27.9,43.68,12.05,17.67,1.17,0.0
20230715:0610,221.36,249.15,22.18,19.49,1.03,0.0
20230715:0710,317.5,353.12,32.57,21.36,0.76,0.0
20230715:0810,508.19,568.57,42.89,22.59,0.55,0.0
20230715:0910,580.44,656.57,52.6,23.25,0.41,0.0
20230715:1010,619.88,704.08,60.7,24.18,0.69,0.0
20230715:1110,629.19,709.61,65.27,25.1,1.52,0.0
20230715:1210,488.48,548.72,64.24,25.16,1.86,0.0
20230715:1310,539.79,605.36,58.16,25.11,1.79,0.0
20230715:1410,421.06,472.72,49.34,24.91,1.59,0.0
20230715:1510,340.0,385.38,39.34,25.03,1.03,0.0
20230715:1610,175.23,206.09,28.94,24.77,0.34,0.0
20230715:1710,75.65,98.46,18.61,24.65,0.69,0.0
20230715:1810,33.32,51.12,8.65,24.01,1.03,0.0
20230715:1910,0.0,0.0,0.0,23.01,1.17,0.0
20230715:2010,0.0,0.0,0.0,21.95,1.03,0.0
20230715:2110,0.0,0.0,0.0,21.21,0.97,0.0
20230715:2210,0.0,0.0,0.0,20.83,0.9,0.0
20230715:2310,0.0,0.0,0.0,20.42,0.9,0.0
20230716:0010,0.0,0.0,0.0,20.18,0.9,0.0
20230716:0110,0.0,0.0,0.0,19.46,1.03,0.0
20230716:0210,0.0,0.0,0.0,19.04,1.1,0.0
20230716:0310,0.0,0.0,0.0,18.8,1.17,0.0
20230716:0410,0.0,2.84,2.38,18.5,1.17,0.0
20230716:0510,99.87,123.55,11.92,18.92,1.03,0.0
20230716:0610,289.65,325.73,22.05,21.17,0.76,0.0
20230716:0710,431.0,481.67,32.45,22.76,0.69,0.0
20230716:0810,520.14,587.09,42.76,23.8,0.41,0.0
20230716:0910,576.76,658.24,52.47,24.77,0.34,0.0
20230716:1010,592.22,672.33,60.55,25.49,1.1,0.0
20230716:1110,607.14,689.77,65.11,25.95,1.31,0.0
20230716:1210,596.36,677.88,64.09,26.29,1.31,0.0
20230716:1310,560.94,636.75,58.04,26.36,1.24,0.0
20230716:1410,463.52,527.43,49.24,26.21,0.9,0.0
20230716:1510,272.1,313.28,39.25,26.07,0.28,0.0
20230716:1610,286.08,334.93,28.86,26.03,0.21,0.0
20230716:1710,99.85,124.97,18.51,25.5,0.9,0.0
20230716:1810,33.21,51.12,8.55,24.63,1.1,0.0
20230716:1910,0.0,0.0,0.0,24.1,1.17,0.0
20230716:2010,0.0,0.0,0.0,22.89,1.31,0.0
20230716:2110,0.0,0.0,0.0,22.0,1.31,0.0
20230716:2210,0.0,0.0,0.0,21.35,1.38,0.0
20230716:2310,0.0,0.0,0.0,20.58,1.31,0.0
20230717:0010,0.0,0.0,0.0,20.54,1.17,0.0
20230717:0110,0.0,0.0,0.0,20.4,1.17,0.0
20230717:0210,0.0,0.0,0.0,19.96,1.38,0.0
20230717:0310,0.0,0.0,0.0,19.95,1.38,0.0
20230717:0410,0.0,2.84,2.24,19.72,1.38,0.0
20230717:0510,124.69,151.47,11.79,20.07,1.17,0.0
20230717:0610,297.11,335.78,21.92,22.28,0.83,0.0
20230717:0710,425.26,478.24,32.32,23.68,0.55,0.0
20230717:0810,513.96,583.74,42.63,25.08,0.41,0.0
20230717:0910,573.85,657.51,52.33,25.84,0.41,0.0
20230717:1010,613.77,709.71,60.4,26.63,0.41,0.0
20230717:1110,622.42,723.53,64.95,27.36,0.41,0.0
20230717:1210,607.9,703.0,63.94,27.69,0.69,0.0
20230717:1310,563.79,652.61,57.92,27.89,0.48,0.0
20230717:1410,493.51,568.51,49.13,27.72,0.55,0.0
20230717:1510,406.21,470.13,39.15,27.86,0.62,0.0
20230717:1610,306.64,362.32,28.76,27.89,0.9,0.0
20230717:1710,61.76,84.26,18.42,27.48,0.83,0.0
20230717:1810,31.25,49.23,8.45,26.56,0.76,0.0
20230717:1910,0.0,0.0,0.0,25.55,1.31,0.0
20230717:2010,0.0,0.0,0.0,23.95,1.31,0.0
20230717:2110,0.0,0.0,0.0,23.12,1.24,0.0
20230717:2210,0.0,0.0,0.0,22.88,1.1,0.0
20230717:2310,0.0,0.0,0.0,22.72,1.03,0.0
20230718:0010,0.0,0.0,0.0,22.61,1.03,0.0
20230718:0110,0.0,0.0,0.0,22.24,1.1,0.0
20230718:0210,0.0,0.0,0.0,21.38,1.24,0.0
20230718:0310,0.0,0.0,0.0,20.58,1.38,0.0
20230718:0410,0.0,2.84,2.1,20.05,1.45,0.0
20230718:0510,148.64,178.02,11.66,20.04,1.38,0.0
20230718:0610,299.33,338.5,21.79,22.69,1.1,0.0
20230718:0710,414.77,468.51,32.2,24.07,0.34,0.0
20230718:0810,499.66,570.77,42.5,25.91,0.28,0.0
20230718:0910,564.67,644.84,52.18,27.06,0.97,0.0
20230718:1010,607.31,695.69,60.24,27.76,1.24,0.0
20230718:1110,613.72,703.76,64.77,28.16,1.38,0.0
20230718:1210,566.7,652.28,63.78,28.63,1.24,0.0
20230718:1310,473.99,544.28,57.79,29.15,1.52,0.0
20230718:1410,376.77,433.4,49.02,28.28,0.83,0.0
20230718:1510,330.75,382.89,39.05,28.02,0.41,0.0
20230718:1610,293.31,347.41,28.66,28.3,0.69,0.0
20230718:1710,91.5,117.39,18.32,28.03,0.34,0.0
20230718:1810,28.67,46.39,8.34,27.62,0.14,0.0
20230718:1910,0.0,0.0,0.0,25.94,0.83,0.0
20230718:2010,0.0,0.0,0.0,24.44,0.69,0.0
20230718:2110,0.0,0.0,0.0,23.57,1.17,0.0
20230718:2210,0.0,0.0,0.0,22.51,1.72,0.0
20230718:2310,0.0,0.0,0.0,21.92,2.21,0.0
20230719:0010,0.0,0.0,0.0,20.55,2.62,0.0
20230719:0110,0.0,0.0,0.0,20.05,2.34,0.0
20230719:0210,0.0,0.0,0.0,19.87,2.14,0.0
20230719:0310,0.0,0.0,0.0,19.81,1.93,0.0
20230719:0410,0.0,0.95,1.95,19.87,1.72,0.0
20230719:0510,42.91,61.28,11.52,20.03,1.59,0.0
20230719:0610,18.49,33.0,21.66,21.13,1.38,0.0
20230719:0710,67.46,89.3,32.06,23.72,0.07,0.0
20230719:0810,507.49,574.61,42.37,25.14,0.62,0.0
20230719:0910,568.73,651.67,52.04,26.4,0.55,0.0
20230719:1010,597.24,696.99,60.07,27.34,0.07,0.0
20230719:1110,579.99,677.4,64.6,27.94,0.21,0.0
20230719:1210,168.23,201.89,63.62,28.55,0.0,0.0
20230719:1310,402.66,462.87,57.65,28.74,1.17,0.0
20230719:1410,405.29,464.25,48.9,27.58,0.9,0.0
20230719:1510,392.72,450.83,38.94,26.86,0.9,0.0
20230719:1610,283.67,330.27,28.56,26.77,1.86,0.0
20230719:1710,96.8,122.13,18.21,26.65,1.52,0.0
20230719:1810,32.25,50.18,8.22,25.58,1.59,0.0
20230719:1910,0.0,0.0,0.0,24.08,1.1,0.0
20230719:2010,0.0,0.0,0.0,23.06,1.1,0.0
20230719:2110,0.0,0.0,0.0,22.39,1.17,0.0
20230719:2210,0.0,0.0,0.0,22.21,1.1,0.0
20230719:2310,0.0,0.0,0.0,21.73,1.1,0.0
20230720:0010,0.0,0.0,0.0,21.09,1.1,0.0
20230720:0110,0.0,0.0,0.0,20.93,1.03,0.0
20230720:0210,0.0,0.0,0.0,20.28,1.1,0.0
20230720:0310,0.0,0.0,0.0,19.76,1.1,0.0
20230720:0410,0.0,0.95,1.8,18.98,1.24,0.0
20230720:0510,164.97,195.24,11.38,18.5,1.31,0.0
20230720:0610,322.24,361.48,21.53,20.91,1.1,0.0
20230720:0710,440.42,488.38,31.93,22.08,1.24,0.0
20230720:0810,530.01,589.85,42.23,23.4,1.38,0.0
20230720:0910,589.28,664.39,51.89,24.81,1.17,0.0
20230720:1010,621.62,713.3,59.9,25.99,0.69,0.0
20230720:1110,619.19,721.13,64.41,26.88,0.21,0.0
20230720:1210,606.69,703.32,63.44,27.36,0.48,0.0
20230720:1310,564.92,650.81,57.5,27.75,0.76,0.0
20230720:1410,498.64,572.98,48.78,27.76,0.83,0.0
20230720:1510,410.76,474.52,38.83,27.58,0.83,0.0
20230720:1610,307.94,364.9,28.45,27.1,0.55,0.0
20230720:1710,69.75,92.78,18.09,26.49,0.55,0.0
20230720:1810,29.78,47.34,8.1,25.66,0.28,0.0
20230720:1910,0.0,0.0,0.0,24.49,0.69,0.0
20230720:2010,0.0,0.0,0.0,23.65,0.76,0.0
20230720:2110,0.0,0.0,0.0,24.23,0.28,0.0
20230720:2210,0.0,0.0,0.0,22.45,0.55,0.0
20230720:2310,0.0,0.0,0.0,22.19,0.48,0.0
20230721:0010,0.0,0.0,0.0,22.27,0.34,0.0
20230721:0110,0.0,0.0,0.0,20.5,0.55,0.0
20230721:0210,0.0,0.0,0.0,20.27,0.69,0.0
20230721:0310,0.0,0.0,0.0,19.73,0.62,0.0
20230721:0410,0.0,0.95,1.65,19.21,0.55,0.0
20230721:0510,15.6,29.12,11.23,18.45,0.69,0.0
20230721:0610,246.59,276.98,21.39,19.34,0.76,0.0
20230721:0710,34.22,51.44,31.79,20.47,0.83,0.0
20230721:0810,66.91,87.36,42.09,20.45,0.9,0.0
20230721:0910,78.47,99.97,51.73,21.0,0.62,0.0
20230721:1010,631.98,703.33,59.73,21.17,1.03,0.0
20230721:1110,648.09,716.87,64.22,21.12,1.52,0.0
20230721:1210,612.04,678.85,63.27,21.4,1.31,0.0
20230721:1310,533.52,594.09,57.35,21.97,1.1,0.0
20230721:1410,384.8,429.3,48.65,22.31,0.97,0.0
20230721:1510,383.77,431.55,38.71,22.31,0.69,0.0
20230721:1610,311.47,360.17,28.33,22.2,0.69,0.0
20230721:1710,66.98,88.04,17.97,21.82,0.21,0.0
20230721:1810,29.6,46.39,7.97,21.83,1.03,0.0
20230721:1910,0.0,0.0,0.0,22.91,0.55,0.0
20230721:2010,0.0,0.0,0.0,22.52,0.48,0.0
20230721:2110,0.0,0.0,0.0,21.89,0.48,0.0
20230721:2210,0.0,0.0,0.0,21.23,0.69,0.0
20230721:2310,0.0,0.0,0.0,21.19,0.55,0.0
20230722:0010,0.0,0.0,0.0,20.96,0.69,0.0
20230722:0110,0.0,0.0,0.0,20.44,0.62,0.0
20230722:0210,0.0,0.0,0.0,19.99,0.62,0.0
20230722:0310,0.0,0.0,0.0,19.55,0.62,0.0
20230722:0410,0.0,0.95,1.5,19.02,0.76,0.0
20230722:0510,117.13,143.13,11.09,18.53,0.83,0.0
20230722:0610,235.3,264.49,21.25,19.2,0.97,0.0
20230722:0710,382.79,420.53,31.65,19.43,0.9,0.0
20230722:0810,521.4,577.43,41.94,20.29,0.55,0.0
20230722:0910,561.55,629.81,51.58,21.63,0.41,0.0
20230722:1010,601.62,685.3,59.55,22.79,0.14,0.0
20230722:1110,599.85,681.43,64.03,23.77,0.62,0.0
20230722:1210,589.62,665.82,63.08,24.31,1.1,0.0
20230722:1310,524.36,589.72,57.2,24.57,1.38,0.0
20230722:1410,486.03,547.64,48.51,24.02,0.9,0.0
20230722:1510,405.93,463.14,38.58,24.07,0.41,0.0
20230722:1610,265.1,307.54,28.21,23.86,0.21,0.0
20230722:1710,89.28,112.66,17.85,23.4,0.48,0.0
20230722:1810,31.05,48.28,7.84,22.83,0.55,0.0
20230722:1910,0.0,0.0,0.0,22.92,0.55,0.0
20230722:2010,0.0,0.0,0.0,22.26,0.55,0.0
20230722:2110,0.0,0.0,0.0,22.04,0.41,0.0
20230722:2210,0.0,0.0,0.0,21.57,0.41,0.0
20230722:2310,0.0,0.0,0.0,21.15,0.41,0.0
20230723:0010,0.0,0.0,0.0,20.28,0.28,0.0
20230723:0110,0.0,0.0,0.0,19.26,0.55,0.0
20230723:0210,0.0,0.0,0.0,18.5,0.69,0.0
20230723:0310,0.0,0.0,0.0,18.51,0.48,0.0
20230723:0410,0.0,0.0,0.0,18.38,0.41,0.0
20230723:0510,189.18,224.26,10.94,18.33,0.34,0.0
20230723:0610,326.7,365.74,21.1,18.66,0.34,0.0
20230723:0710,59.26,78.62,31.51,18.95,0.97,0.0
20230723:0810,307.92,340.87,41.8,19.96,0.76,0.0
20230723:0910,536.04,597.72,51.42,21.15,0.55,0.0
20230723:1010,510.74,566.95,59.37,21.78,1.31,0.0
20230723:1110,593.22,659.49,63.83,22.34,1.59,0.0
20230723:1210,548.53,613.23,62.89,23.01,1.38,0.0
20230723:1310,514.91,578.23,57.03,23.49,1.03,0.0
20230723:1410,457.11,516.13,48.37,23.83,0.62,0.0
20230723:1510,394.0,448.84,38.45,24.02,0.48,0.0
20230723:1610,293.25,342.61,28.08,24.09,0.48,0.0
20230723:1710,95.96,120.23,17.72,23.89,0.0,0.0
20230723:1810,29.34,46.39,7.7,23.44,0.62,0.0
20230723:1910,0.0,0.0,0.0,22.69,1.17,0.0
20230723:2010,0.0,0.0,0.0,21.51,0.97,0.0
20230723:2110,0.0,0.0,0.0,21.39,0.83,0.0
20230723:2210,0.0,0.0,0.0,20.55,0.97,0.0
20230723:2310,0.0,0.0,0.0,20.23,0.97,0.0
20230724:0010,0.0,0.0,0.0,19.87,0.97,0.0
20230724:0110,0.0,0.0,0.0,19.78,0.97,0.0
20230724:0210,0.0,0.0,0.0,19.86,1.03,0.0
20230724:0310,0.0,0.0,0.0,19.64,1.1,0.0
20230724:0410,0.0,0.0,0.0,19.41,1.1,0.0
20230724:0510,9.55,21.35,10.79,19.61,0.97,0.0
20230724:0610,20.09,34.94,20.96,20.88,0.97,0.0
20230724:0710,36.69,54.35,31.37,21.0,0.97,0.0
20230724:0810,46.88,66.0,41.65,21.9,0.76,0.0
20230724:0910,56.42,76.68,51.25,22.59,1.24,0.0
20230724:1010,74.29,96.09,59.19,22.8,1.52,0.0
20230724:1110,66.08,87.36,63.62,23.18,1.66,0.0
20230724:1210,77.7,99.97,62.69,23.48,1.93,0.0
20230724:1310,52.66,72.8,56.86,23.65,2.0,0.0
20230724:1410,59.77,80.56,48.22,23.15,0.9,0.0
20230724:1510,38.9,57.27,38.32,22.83,1.03,0.0
20230724:1610,166.44,193.35,27.95,21.76,1.31,0.0
20230724:1710,29.09,45.44,17.58,19.96,1.45,0.0
20230724:1810,27.62,43.55,7.56,18.9,1.86,0.0
20230724:1910,0.0,0.0,0.0,19.52,1.1,0.0
20230724:2010,0.0,0.0,0.0,18.95,0.76,0.0
20230724:2110,0.0,0.0,0.0,18.5,0.76,0.0
20230724:2210,0.0,0.0,0.0,18.37,0.62,0.0
20230724:2310,0.0,0.0,0.0,18.63,0.14,0.0
20230725:0010,0.0,0.0,0.0,17.78,1.03,0.0
20230725:0110,0.0,0.0,0.0,17.42,0.69,0.0
20230725:0210,0.0,0.0,0.0,16.71,0.83,0.0
20230725:0310,0.0,0.0,0.0,16.83,0.83,0.0
20230725:0410,0.0,0.0,0.0,16.91,0.34,0.0
20230725:0510,46.25,64.49,10.64,17.23,0.55,0.0
20230725:0610,19.63,33.97,20.81,17.64,0.62,0.0
20230725:0710,431.13,474.45,31.22,18.7,0.55,0.0
20230725:0810,525.9,584.46,41.49,20.41,0.41,0.0
20230725:0910,583.12,654.13,51.09,21.51,0.41,0.0
20230725:1010,611.51,694.16,59.0,22.37,0.21,0.0
20230725:1110,608.04,694.32,63.41,23.42,0.21,0.0
20230725:1210,598.15,684.66,62.49,24.09,0.21,0.0
20230725:1310,532.99,605.45,56.69,24.48,0.55,0.0
20230725:1410,420.98,476.36,48.07,24.8,0.83,0.0
20230725:1510,293.22,333.38,38.17,24.74,0.97,0.0
20230725:1610,89.79,113.56,27.81,24.57,1.31,0.0
20230725:1710,16.79,31.24,17.44,24.13,1.52,0.0
20230725:1810,13.93,27.45,7.41,22.99,1.86,0.0
20230725:1910,0.0,0.0,0.0,21.89,2.55,0.0
20230725:2010,0.0,0.0,0.0,20.79,2.97,0.0
20230725:2110,0.0,0.0,0.0,19.75,2.97,0.0
20230725:2210,0.0,0.0,0.0,18.75,2.9,0.0
20230725:2310,0.0,0.0,0.0,17.89,2.83,0.0
20230726:0010,0.0,0.0,0.0,17.21,2.76,0.0
20230726:0110,0.0,0.0,0.0,16.65,2.76,0.0
20230726:0210,0.0,0.0,0.0,16.18,2.69,0.0
20230726:0310,0.0,0.0,0.0,15.84,2.62,0.0
20230726:0410,0.0,0.0,0.0,15.54,2.55,0.0
20230726:0510,171.58,201.33,10.48,15.66,2.62,0.0
20230726:0610,335.59,366.77,20.66,16.49,2.76,0.0
20230726:0710,464.95,498.04,31.07,17.23,3.03,0.0
20230726:0810,555.67,595.06,41.34,18.56,3.17,0.0
20230726:0910,620.48,669.06,50.92,19.76,3.1,0.0
20230726:1010,656.24,715.25,58.8,21.05,2.83,0.0
20230726:1110,660.14,726.71,63.2,22.18,2.48,0.0
20230726:1210,639.17,711.0,62.28,23.13,1.93,0.0
20230726:1310,584.63,654.07,56.51,23.67,1.52,0.0
20230726:1410,511.27,573.78,47.91,24.07,1.45,0.0
20230726:1510,420.35,475.94,38.03,24.15,1.59,0.0
20230726:1610,312.18,364.43,27.67,23.9,1.66,0.0
20230726:1710,56.26,76.68,17.29,23.25,1.59,0.0
20230726:1810,25.56,41.66,7.25,22.02,1.79,0.0
20230726:1910,0.0,0.0,0.0,20.03,2.21,0.0
20230726:2010,0.0,0.0,0.0,18.42,2.14,0.0
20230726:2110,0.0,0.0,0.0,17.4,2.14,0.0
20230726:2210,0.0,0.0,0.0,16.4,2.0,0.0
20230726:2310,0.0,0.0,0.0,15.57,1.93,0.0
20230727:0010,0.0,0.0,0.0,14.83,1.93,0.0
20230727:0110,0.0,0.0,0.0,14.31,1.79,0.0
20230727:0210,0.0,0.0,0.0,14.22,1.52,0.0
20230727:0310,0.0,0.0,0.0,14.07,1.38,0.0
20230727:0410,0.0,0.0,0.0,14.05,1.24,0.0
20230727:0510,20.84,34.94,10.32,14.16,1.1,0.0
20230727:0610,166.28,188.78,20.51,15.88,0.9,0.0
20230727:0710,243.96,268.62,30.92,16.73,0.97,0.0
20230727:0810,504.02,549.91,41.18,17.99,0.83,0.0
20230727:0910,594.22,654.65,50.75,18.9,0.76,0.0
20230727:1010,628.1,694.95,58.61,19.36,0.83,0.0
20230727:1110,600.41,666.46,62.98,20.5,1.03,0.0
20230727:1210,548.34,610.79,62.07,21.17,0.97,0.0
20230727:1310,542.53,604.01,56.32,21.52,0.97,0.0
20230727:1410,484.47,539.94,47.75,22.09,1.1,0.0
20230727:1510,404.59,455.57,37.87,22.21,1.1,0.0
20230727:1610,301.92,351.36,27.52,21.96,0.9,0.0
20230727:1710,58.37,78.58,17.14,21.68,0.69,0.0
20230727:1810,26.44,42.6,7.09,21.14,0.21,0.0
20230727:1910,0.0,0.0,0.0,20.17,0.48,0.0
20230727:2010,0.0,0.0,0.0,18.83,0.9,0.0
20230727:2110,0.0,0.0,0.0,18.25,1.03,0.0
20230727:2210,0.0,0.0,0.0,18.35,0.9,0.0
20230727:2310,0.0,0.0,0.0,18.26,0.83,0.0
20230728:0010,0.0,0.0,0.0,18.0,0.83,0.0
20230728:0110,0.0,0.0,0.0,17.45,0.83,0.0
20230728:0210,0.0,0.0,0.0,17.13,0.9,0.0
20230728:0310,0.0,0.0,0.0,16.74,0.9,0.0
20230728:0410,0.0,0.0,0.0,16.35,0.97,0.0
20230728:0510,91.43,114.69,10.16,16.28,0.9,0.0
20230728:0610,270.19,302.09,20.36,17.59,0.62,0.0
20230728:0710,416.11,461.36,30.77,19.36,0.28,0.0
20230728:0810,513.79,571.12,41.02,20.29,0.34,0.0
20230728:0910,569.67,636.16,50.57,21.25,0.55,0.0
20230728:1010,597.72,671.74,58.4,22.09,0.62,0.0
20230728:1110,559.28,628.65,62.75,22.95,0.97,0.0
20230728:1210,565.59,634.76,61.85,23.53,1.24,0.0
20230728:1310,400.49,449.47,56.12,23.96,1.24,0.0
20230728:1410,446.43,502.52,47.57,24.17,1.1,0.0
20230728:1510,298.4,338.36,37.71,24.42,1.17,0.0
20230728:1610,223.1,259.03,27.36,24.16,0.9,0.0
20230728:1710,56.0,76.68,16.98,23.76,0.34,0.0
20230728:1810,23.79,39.76,6.93,23.14,0.28,0.0
20230728:1910,0.0,0.0,0.0,21.96,0.41,0.0
20230728:2010,0.0,0.0,0.0,21.61,0.41,0.0
20230728:2110,0.0,0.0,0.0,21.01,0.28,0.0
20230728:2210,0.0,0.0,0.0,20.31,0.28,0.0
20230728:2310,0.0,0.0,0.0,19.75,0.28,0.0
20230729:0010,0.0,0.0,0.0,19.3,0.28,0.0
20230729:0110,0.0,0.0,0.0,18.96,0.34,0.0
20230729:0210,0.0,0.0,0.0,18.73,0.41,0.0
20230729:0310,0.0,0.0,0.0,18.51,0.34,0.0
20230729:0410,0.0,0.0,0.0,18.38,0.41,0.0
20230729:0510,81.34,104.24,10.0,17.34,0.62,0.0
20230729:0610,82.64,103.21,20.2,18.1,0.48,0.0
20230729:0710,324.2,361.82,30.61,20.45,0.14,0.0
20230729:0810,498.54,558.13,40.86,21.25,0.14,0.0
20230729:0910,462.69,519.07,50.39,22.23,0.34,0.0
20230729:1010,426.79,479.35,58.2,23.25,0.76,0.0
20230729:1110,486.49,546.78,62.52,23.85,1.17,0.0
20230729:1210,559.07,625.54,61.62,23.42,1.38,0.0
20230729:1310,194.61,224.21,55.92,22.88,0.62,0.0
20230729:1410,455.1,510.71,47.4,22.59,0.69,0.0
20230729:1510,247.66,280.18,37.55,22.45,1.03,0.0
20230729:1610,218.82,252.0,27.2,22.38,1.1,0.0
20230729:1710,82.83,105.08,16.82,22.07,0.69,0.0
20230729:1810,24.83,40.71,6.76,21.32,0.76,0.0
20230729:1910,0.0,0.0,0.0,22.04,0.76,0.0
20230729:2010,0.0,0.0,0.0,21.26,0.9,0.0
20230729:2110,0.0,0.0,0.0,20.6,0.97,0.0
20230729:2210,0.0,0.0,0.0,21.18,0.69,0.0
20230729:2310,0.0,0.0,0.0,20.8,0.62,0.0
20230730:0010,0.0,0.0,0.0,20.25,0.48,0.0
20230730:0110,0.0,0.0,0.0,19.93,0.41,0.0
20230730:0210,0.0,0.0,0.0,19.59,0.55,0.0
20230730:0310,0.0,0.0,0.0,19.05,0.48,0.0
20230730:0410,0.0,0.0,0.0,18.8,0.55,0.0
20230730:0510,138.16,168.63,9.84,17.59,0.76,0.0
20230730:0610,299.31,336.97,20.04,18.65,0.62,0.0
20230730:0710,419.72,467.87,30.46,20.5,0.41,0.0
20230730:0810,498.65,556.66,40.7,21.83,0.55,0.0
20230730:0910,558.37,628.54,50.21,23.16,0.62,0.0
20230730:1010,599.1,680.62,57.99,24.45,0.69,0.0
20230730:1110,610.07,694.42,62.29,25.25,0.9,0.0
20230730:1210,592.76,676.29,61.39,26.12,0.97,0.0
20230730:1310,543.87,621.17,55.72,26.75,0.97,0.0
20230730:1410,467.18,535.72,47.21,27.08,0.83,0.0
20230730:1510,379.84,440.53,37.38,27.11,0.76,0.0
20230730:1610,267.17,318.8,27.03,27.07,0.69,0.0
20230730:1710,78.38,102.24,16.65,26.44,0.48,0.0
20230730:1810,22.67,38.82,6.58,25.84,0.41,0.0
20230730:1910,0.0,0.0,0.0,25.01,0.28,0.0
20230730:2010,0.0,0.0,0.0,23.89,0.62,0.0
20230730:2110,0.0,0.0,0.0,22.43,0.83,0.0
20230730:2210,0.0,0.0,0.0,21.39,0.97,0.0
20230730:2310,0.0,0.0,0.0,20.96,1.03,0.0
20230731:0010,0.0,0.0,0.0,20.73,1.03,0.0
20230731:0110,0.0,0.0,0.0,20.91,0.83,0.0
20230731:0210,0.0,0.0,0.0,20.45,0.76,0.0
20230731:0310,0.0,0.0,0.0,20.02,0.76,0.0
20230731:0410,0.0,0.0,0.0,19.76,0.76,0.0
20230731:0510,29.32,45.79,9.67,19.39,0.83,0.0
20230731:0610,34.41,51.44,19.89,19.41,0.83,0.0
20230731:0710,316.01,351.8,30.3,20.96,0.83,0.0
20230731:0810,469.55,524.82,40.53,21.9,0.41,0.0
20230731:0910,550.8,616.97,50.03,22.69,0.76,0.0
20230731:1010,587.46,657.6,57.78,23.38,1.24,0.0
20230731:1110,542.0,607.53,62.05,23.8,1.45,0.0
20230731:1210,554.13,622.03,61.15,24.07,1.38,0.0
20230731:1310,500.39,562.89,55.5,24.36,1.24,0.0
20230731:1410,381.35,429.95,47.02,24.38,1.03,0.0
20230731:1510,339.26,386.72,37.2,24.28,0.62,0.0
20230731:1610,195.85,229.36,26.86,24.49,0.62,0.0
20230731:1710,58.45,79.52,16.47,24.19,0.41,0.0
20230731:1810,22.18,37.87,6.4,23.48,0.34,0.0
20230731:1910,0.0,0.0,0.0,22.96,0.34,0.0
20230731:2010,0.0,0.0,0.0,22.73,0.48,0.0
20230731:2110,0.0,0.0,0.0,21.99,0.62,0.0
20230731:2210,0.0,0.0,0.0,21.5,0.69,0.0
20230731:2310,0.0,0.0,0.0,21.01,0.55,0.0
20230801:0010,0.0,0.0,0.0,20.78,0.55,0.0
20230801:0110,0.0,0.0,0.0,20.31,0.55,0.0
20230801:0210,0.0,0.0,0.0,19.85,0.69,0.0
20230801:0310,0.0,0.0,0.0,19.84,0.97,0.0
20230801:0410,0.0,0.0,0.0,19.49,0.97,0.0
20230801:0510,4.2,13.59,9.5,19.31,0.83,0.0
20230801:0610,53.7,72.8,19.72,19.41,0.69,0.0
20230801:0710,258.22,286.77,30.14,19.26,1.1,0.0
20230801:0810,336.97,370.07,40.36,19.65,1.31,0.0
20230801:0910,327.91,361.97,49.84,19.92,1.03,0.0
20230801:1010,139.87,164.04,57.56,20.1,0.69,0.0
20230801:1110,494.56,552.23,61.81,20.57,0.41,0.0
20230801:1210,535.22,598.89,60.91,21.01,0.48,0.0
20230801:1310,516.53,575.3,55.29,21.99,1.03,0.0
20230801:1410,385.88,432.35,46.83,22.83,0.9,0.0
20230801:1510,308.76,349.39,37.02,23.45,0.97,0.0
20230801:1610,253.18,296.4,26.68,23.53,0.9,0.0
20230801:1710,57.9,78.58,16.29,23.34,0.9,0.0
20230801:1810,19.94,35.03,6.21,22.9,0.9,0.0
20230801:1910,0.0,0.0,0.0,21.45,0.76,0.0
20230801:2010,0.0,0.0,0.0,20.76,0.9,0.0
20230801:2110,0.0,0.0,0.0,20.16,1.03,0.0
20230801:2210,0.0,0.0,0.0,19.36,1.17,0.0
20230801:2310,0.0,0.0,0.0,18.87,1.24,0.0
20230802:0010,0.0,0.0,0.0,18.69,1.31,0.0
20230802:0110,0.0,0.0,0.0,18.81,1.31,0.0
20230802:0210,0.0,0.0,0.0,19.01,1.24,0.0
20230802:0310,0.0,0.0,0.0,18.67,1.17,0.0
20230802:0410,0.0,0.0,0.0,19.31,0.9,0.0
20230802:0510,58.15,79.44,9.33,19.42,0.62,0.0
20230802:0610,107.23,129.85,19.56,19.49,0.76,0.0
20230802:0710,194.34,220.25,29.98,19.59,0.97,0.0
20230802:0810,274.57,304.36,40.19,19.54,0.97,0.0
20230802:0910,527.63,578.88,49.65,19.92,1.24,0.0
20230802:1010,561.14,616.3,57.34,20.31,1.52,0.0
20230802:1110,506.66,560.01,61.56,20.78,1.31,0.0
20230802:1210,369.43,410.07,60.66,21.35,1.1,0.0
20230802:1310,55.66,75.71,55.06,22.19,1.38,0.0
20230802:1410,80.72,102.89,46.63,22.44,1.17,0.0
20230802:1510,97.02,120.36,36.83,22.65,1.17,0.0
20230802:1610,120.76,145.92,26.5,23.11,1.17,0.0
20230802:1710,72.9,94.67,16.11,22.82,1.1,0.0
20230802:1810,20.0,35.03,6.02,22.27,0.76,0.0
20230802:1910,0.0,0.0,0.0,21.04,0.83,0.0
20230802:2010,0.0,0.0,0.0,20.53,0.55,0.0
20230802:2110,0.0,0.0,0.0,20.78,0.28,0.0
20230802:2210,0.0,0.0,0.0,19.86,0.62,0.0
20230802:2310,0.0,0.0,0.0,19.67,0.62,0.0
20230803:0010,0.0,0.0,0.0,19.36,0.62,0.0
20230803:0110,0.0,0.0,0.0,19.36,0.55,0.0
20230803:0210,0.0,0.0,0.0,19.39,0.48,0.0
20230803:0310,0.0,0.0,0.0,19.19,0.48,0.0
20230803:0410,0.0,0.0,0.0,19.53,0.34,0.0
20230803:0510,34.52,51.94,9.16,19.21,0.34,0.0
20230803:0610,214.02,245.14,19.4,19.74,0.48,0.0
20230803:0710,117.15,139.77,29.81,19.46,1.03,0.0
20230803:0810,341.63,378.2,40.02,20.57,0.83,0.0
20230803:0910,380.76,425.16,49.46,21.44,0.34,0.0
20230803:1010,493.09,557.77,57.12,22.75,0.21,0.0
20230803:1110,539.14,609.86,61.3,23.63,0.69,0.0
20230803:1210,521.67,587.17,60.41,24.02,1.17,0.0
20230803:1310,255.4,290.94,54.83,24.14,0.76,0.0
20230803:1410,308.9,351.09,46.42,24.01,0.21,0.0
20230803:1510,124.58,150.45,36.64,24.17,1.31,0.0
20230803:1610,53.71,73.77,26.31,22.81,1.24,0.0
20230803:1710,78.88,100.35,15.92,21.14,1.31,0.0
20230803:1810,18.71,33.13,5.82,19.97,1.45,0.0
20230803:1910,0.0,0.0,0.0,19.28,1.52,0.0
20230803:2010,0.0,0.0,0.0,18.84,1.24,0.0
20230803:2110,0.0,0.0,0.0,18.75,1.52,0.0
20230803:2210,0.0,0.0,0.0,18.8,1.79,0.0
20230803:2310,0.0,0.0,0.0,18.43,1.79,0.0
20230804:0010,0.0,0.0,0.0,17.79,1.59,0.0
20230804:0110,0.0,0.0,0.0,16.84,1.59,0.0
20230804:0210,0.0,0.0,0.0,15.98,1.59,0.0
20230804:0310,0.0,0.0,0.0,15.41,1.38,0.0
20230804:0410,0.0,0.0,0.0,15.01,1.59,0.0
20230804:0510,30.86,46.84,8.99,15.39,1.38,0.0
20230804:0610,232.91,261.64,19.23,16.98,1.38,0.0
20230804:0710,222.28,248.0,29.64,18.66,1.45,0.0
20230804:0810,385.32,418.51,39.85,19.05,2.14,0.0
20230804:0910,301.34,330.04,49.26,19.24,2.34,0.0
20230804:1010,486.28,529.47,56.89,19.51,2.14,0.0
20230804:1110,539.55,590.59,61.05,19.97,1.93,0.0
20230804:1210,349.91,383.78,60.15,19.52,1.66,0.0
20230804:1310,376.94,412.51,54.6,19.53,1.79,0.0
20230804:1410,232.45,259.57,46.21,19.82,1.72,0.0
20230804:1510,62.66,82.5,36.44,19.83,1.59,0.0
20230804:1610,22.61,37.85,26.12,20.02,1.03,0.0
20230804:1710,11.99,24.61,15.72,19.65,0.69,0.0
20230804:1810,12.76,25.56,5.61,19.0,0.48,0.0
20230804:1910,0.0,0.0,0.0,19.73,0.55,0.0
20230804:2010,0.0,0.0,0.0,19.5,0.48,0.0
20230804:2110,0.0,0.0,0.0,18.65,0.76,0.0
20230804:2210,0.0,0.0,0.0,17.49,1.03,0.0
20230804:2310,0.0,0.0,0.0,17.38,0.97,0.0
20230805:0010,0.0,0.0,0.0,16.57,1.24,0.0
20230805:0110,0.0,0.0,0.0,15.87,1.59,0.0
20230805:0210,0.0,0.0,0.0,15.57,1.86,0.0
20230805:0310,0.0,0.0,0.0,15.13,2.0,0.0
20230805:0410,0.0,0.0,0.0,14.55,2.0,0.0
20230805:0510,150.45,183.06,8.81,14.76,2.28,0.0
20230805:0610,291.65,325.53,19.06,17.08,2.34,0.0
20230805:0710,416.81,453.46,29.48,17.94,2.14,0.0
20230805:0810,514.17,556.37,39.67,19.35,2.55,0.0
20230805:0910,574.97,623.99,49.06,20.61,2.76,0.0
20230805:1010,614.36,670.1,56.66,21.69,2.9,0.0
20230805:1110,618.93,678.0,60.78,22.6,2.97,0.0
20230805:1210,594.91,655.14,59.88,23.66,2.97,0.0
20230805:1310,542.53,601.48,54.35,24.39,2.69,0.0
20230805:1410,469.78,525.86,45.99,24.78,2.41,0.0
20230805:1510,377.15,430.46,36.24,24.86,2.28,0.0
20230805:1610,268.03,320.88,25.92,24.66,1.93,0.0
20230805:1710,50.89,71.0,15.52,24.07,1.52,0.0
20230805:1810,16.96,31.24,5.4,22.23,1.03,0.0
20230805:1910,0.0,0.0,0.0,20.52,1.31,0.0
20230805:2010,0.0,0.0,0.0,19.15,1.17,0.0
20230805:2110,0.0,0.0,0.0,19.3,0.62,0.0
20230805:2210,0.0,0.0,0.0,18.86,0.48,0.0
20230805:2310,0.0,0.0,0.0,17.55,0.83,0.0
20230806:0010,0.0,0.0,0.0,16.09,1.1,0.0
20230806:0110,0.0,0.0,0.0,15.2,1.31,0.0
20230806:0210,0.0,0.0,0.0,14.62,1.38,0.0
20230806:0310,0.0,0.0,0.0,14.26,1.45,0.0
20230806:0410,0.0,0.0,0.0,14.0,1.52,0.0
20230806:0510,134.48,164.77,8.64,13.85,1.59,0.0
20230806:0610,297.03,331.97,18.89,16.02,1.38,0.0
20230806:0710,422.52,463.18,29.31,18.97,1.93,0.0
20230806:0810,519.04,564.96,39.49,19.88,2.28,0.0
20230806:0910,580.88,632.95,48.86,20.85,2.55,0.0
20230806:1010,619.95,676.61,56.42,21.49,2.83,0.0
20230806:1110,627.25,684.97,60.52,22.13,3.17,0.0
20230806:1210,605.18,661.05,59.61,22.41,3.31,0.0
20230806:1310,557.36,609.38,54.11,22.46,3.38,0.0
20230806:1410,483.1,531.47,45.77,22.51,3.45,0.0
20230806:1510,388.8,435.2,36.03,22.0,3.52,0.0
20230806:1610,275.33,323.07,25.71,21.24,3.31,0.0
20230806:1710,52.01,71.0,15.31,20.18,3.17,0.0
20230806:1810,15.01,28.4,5.19,18.92,3.03,0.0
20230806:1910,0.0,0.0,0.0,18.07,3.24,0.0
20230806:2010,0.0,0.0,0.0,16.94,3.03,0.0
20230806:2110,0.0,0.0,0.0,16.02,2.9,0.0
20230806:2210,0.0,0.0,0.0,15.2,2.83,0.0
20230806:2310,0.0,0.0,0.0,14.42,2.62,0.0
20230807:0010,0.0,0.0,0.0,13.74,2.41,0.0
20230807:0110,0.0,0.0,0.0,13.17,2.28,0.0
20230807:0210,0.0,0.0,0.0,12.66,2.21,0.0
20230807:0310,0.0,0.0,0.0,12.29,2.14,0.0
20230807:0410,0.0,0.0,0.0,11.95,2.14,0.0
20230807:0510,123.4,151.19,8.46,11.91,2.07,0.0
20230807:0610,301.07,332.01,18.72,13.49,1.93,0.0
20230807:0710,429.78,462.1,29.14,15.48,2.41,0.0
20230807:0810,524.32,560.49,39.31,16.76,2.69,0.0
20230807:0910,593.16,635.01,48.66,17.85,2.97,0.0
20230807:1010,629.42,678.14,56.19,18.89,2.9,0.0
20230807:1110,635.57,688.95,60.25,20.02,2.9,0.0
20230807:1210,606.17,659.96,59.34,20.8,2.83,0.0
20230807:1310,559.89,612.21,53.85,21.49,2.83,0.0
20230807:1410,484.97,534.12,45.54,21.8,2.9,0.0
20230807:1510,386.69,434.49,35.81,21.72,2.83,0.0
20230807:1610,273.58,323.22,25.5,21.33,2.62,0.0
20230807:1710,49.26,68.16,15.1,20.55,2.21,0.0
20230807:1810,14.22,27.45,4.97,19.32,1.93,0.0
20230807:1910,0.0,0.0,0.0,17.94,2.34,0.0
20230807:2010,0.0,0.0,0.0,16.41,2.14,0.0
20230807:2110,0.0,0.0,0.0,15.39,2.0,0.0
20230807:2210,0.0,0.0,0.0,14.64,1.93,0.0
20230807:2310,0.0,0.0,0.0,13.94,1.86,0.0
20230808:0010,0.0,0.0,0.0,13.44,1.86,0.0
20230808:0110,0.0,0.0,0.0,13.27,1.86,0.0
20230808:0210,0.0,0.0,0.0,13.01,1.72,0.0
20230808:0310,0.0,0.0,0.0,12.86,1.66,0.0
20230808:0410,0.0,0.0,0.0,12.42,1.66,0.0
20230808:0510,16.16,29.12,8.28,12.14,1.66,0.0
20230808:0610,142.38,163.47,18.55,14.35,1.38,0.0
20230808:0710,370.06,403.07,28.96,16.24,1.1,0.0
20230808:0810,377.52,412.9,39.12,18.05,0.76,0.0
20230808:0910,554.78,612.61,48.45,19.54,0.76,0.0
20230808:1010,591.12,655.78,55.95,20.44,0.9,0.0
20230808:1110,597.12,664.61,59.97,21.12,0.97,0.0
20230808:1210,552.1,616.33,59.06,21.52,0.9,0.0
20230808:1310,496.03,556.05,53.6,21.83,0.62,0.0
20230808:1410,459.88,517.51,45.3,22.05,0.69,0.0
20230808:1510,351.22,400.6,35.59,22.43,0.69,0.0
20230808:1610,258.43,311.55,25.29,22.34,0.48,0.0
20230808:1710,50.56,70.06,14.89,21.77,0.62,0.0
20230808:1810,13.38,26.51,4.75,20.55,0.9,0.0
20230808:1910,0.0,0.0,0.0,18.31,1.1,0.0
20230808:2010,0.0,0.0,0.0,17.9,1.03,0.0
20230808:2110,0.0,0.0,0.0,17.94,0.97,0.0
20230808:2210,0.0,0.0,0.0,17.72,0.97,0.0
20230808:2310,0.0,0.0,0.0,17.4,0.97,0.0
20230809:0010,0.0,0.0,0.0,17.29,0.83,0.0
20230809:0110,0.0,0.0,0.0,17.36,0.69,0.0
20230809:0210,0.0,0.0,0.0,17.19,0.76,0.0
20230809:0310,0.0,0.0,0.0,16.61,0.9,0.0
20230809:0410,0.0,0.0,0.0,16.24,0.9,0.0
20230809:0510,44.62,63.82,8.1,16.37,0.76,0.0
20230809:0610,179.36,205.61,18.38,16.86,0.62,0.0
20230809:0710,376.38,418.36,28.79,18.61,0.34,0.0
20230809:0810,475.14,528.25,38.94,20.04,0.34,0.0
20230809:0910,527.78,587.56,48.24,21.04,0.62,0.0
20230809:1010,561.04,628.23,55.7,21.76,0.62,0.0
20230809:1110,574.19,647.96,59.69,22.65,0.48,0.0
20230809:1210,554.54,626.61,58.78,23.45,0.62,0.0
20230809:1310,511.94,576.56,53.33,24.01,1.03,0.0
20230809:1410,444.08,501.89,45.06,24.34,1.31,0.0
20230809:1510,354.72,410.09,35.36,24.54,1.1,0.0
20230809:1610,246.54,300.33,25.07,24.38,0.83,0.0
20230809:1710,50.81,71.0,14.66,24.0,0.34,0.0
20230809:1810,12.46,25.56,4.52,23.12,0.48,0.0
20230809:1910,0.0,0.0,0.0,23.51,0.0,0.0
20230809:2010,0.0,0.0,0.0,22.83,0.41,0.0
20230809:2110,0.0,0.0,0.0,21.93,0.62,0.0
20230809:2210,0.0,0.0,0.0,21.16,0.62,0.0
20230809:2310,0.0,0.0,0.0,20.34,0.62,0.0
20230810:0010,0.0,0.0,0.0,20.05,0.62,0.0
20230810:0110,0.0,0.0,0.0,19.81,0.55,0.0
20230810:0210,0.0,0.0,0.0,19.34,0.55,0.0
20230810:0310,0.0,0.0,0.0,18.88,0.55,0.0
20230810:0410,0.0,0.0,0.0,18.44,0.48,0.0
20230810:0510,86.46,114.46,7.92,18.19,0.34,0.0
20230810:0610,255.85,293.74,18.2,17.99,0.28,0.0
20230810:0710,380.07,425.64,28.61,19.97,0.41,0.0
20230810:0810,463.86,515.75,38.75,21.19,0.76,0.0
20230810:0910,535.76,598.48,48.03,22.26,0.83,0.0
20230810:1010,572.71,643.65,55.45,23.3,0.9,0.0
20230810:1110,572.83,647.11,59.41,24.23,0.9,0.0
20230810:1210,552.29,623.83,58.49,24.88,1.1,0.0
20230810:1310,505.75,571.78,53.07,25.48,1.31,0.0
20230810:1410,431.91,491.88,44.82,25.82,1.31,0.0
20230810:1510,238.72,275.35,35.13,25.56,0.9,0.0
20230810:1610,196.53,233.73,24.84,25.36,0.9,0.0
20230810:1710,51.44,71.95,14.44,24.96,0.69,0.0
20230810:1810,10.29,22.72,4.28,23.95,0.69,0.0
20230810:1910,0.0,0.0,0.0,23.68,0.62,0.0
20230810:2010,0.0,0.0,0.0,22.76,0.69,0.0
20230810:2110,0.0,0.0,0.0,21.86,0.76,0.0
20230810:2210,0.0,0.0,0.0,21.43,0.69,0.0
20230810:2310,0.0,0.0,0.0,21.23,0.69,0.0
20230811:0010,0.0,0.0,0.0,20.87,0.62,0.0
20230811:0110,0.0,0.0,0.0,20.3,0.69,0.0
20230811:0210,0.0,0.0,0.0,20.1,0.62,0.0
20230811:0310,0.0,0.0,0.0,19.82,0.48,0.0
20230811:0410,0.0,0.0,0.0,19.39,0.28,0.0
20230811:0510,57.88,80.83,7.73,18.49,0.28,0.0
20230811:0610,193.39,224.07,18.02,18.75,0.28,0.0
20230811:0710,244.93,274.91,28.43,19.95,0.76,0.0
20230811:0810,321.71,358.12,38.56,21.36,0.9,0.0
20230811:0910,465.79,520.03,47.82,22.39,0.83,0.0
20230811:1010,523.12,589.25,55.2,23.33,0.69,0.0
20230811:1110,554.04,629.63,59.12,24.48,0.55,0.0
20230811:1210,538.09,614.12,58.19,25.66,0.62,0.0
20230811:1310,492.99,563.21,52.79,26.39,0.83,0.0
20230811:1410,428.33,492.57,44.56,26.84,0.97,0.0
20230811:1510,335.04,394.38,34.9,26.93,0.69,0.0
20230811:1610,229.66,284.04,24.61,26.67,0.83,0.0
20230811:1710,51.97,72.9,14.2,26.13,0.69,0.0
20230811:1810,9.55,21.77,4.04,24.84,0.55,0.0
20230811:1910,0.0,0.0,0.0,24.5,0.48,0.0
20230811:2010,0.0,0.0,0.0,23.69,0.55,0.0
20230811:2110,0.0,0.0,0.0,23.02,0.62,0.0
20230811:2210,0.0,0.0,0.0,22.49,0.62,0.0
20230811:2310,0.0,0.0,0.0,22.33,0.48,0.0
20230812:0010,0.0,0.0,0.0,21.94,0.55,0.0
20230812:0110,0.0,0.0,0.0,21.6,0.48,0.0
20230812:0210,0.0,0.0,0.0,21.46,0.41,0.0
20230812:0310,0.0,0.0,0.0,21.19,0.34,0.0
20230812:0410,0.0,0.0,0.0,20.98,0.48,0.0
20230812:0510,50.67,72.98,7.55,20.75,0.48,0.0
20230812:0610,207.92,243.42,17.85,20.98,0.34,0.0
20230812:0710,351.47,397.74,28.25,21.89,0.41,0.0
20230812:0810,434.34,488.94,38.37,22.87,0.41,0.0
20230812:0910,505.18,569.73,47.6,23.83,0.62,0.0
20230812:1010,517.75,586.69,54.95,24.4,0.62,0.0
20230812:1110,546.56,620.81,58.83,24.89,0.69,0.0
20230812:1210,524.63,596.7,57.9,25.57,0.83,0.0
20230812:1310,477.97,545.08,52.51,26.21,0.9,0.0
20230812:1410,398.38,457.89,44.31,26.82,0.83,0.0
20230812:1510,323.31,379.09,34.66,26.98,0.97,0.0
20230812:1610,222.56,275.58,24.38,26.56,0.9,0.0
20230812:1710,63.84,86.15,13.97,26.25,0.69,0.0
20230812:1810,8.83,20.83,3.8,25.72,0.62,0.0
20230812:1910,0.0,0.0,0.0,23.59,0.62,0.0
20230812:2010,0.0,0.0,0.0,22.88,0.76,0.0
20230812:2110,0.0,0.0,0.0,22.28,0.83,0.0
20230812:2210,0.0,0.0,0.0,21.99,0.76,0.0
20230812:2310,0.0,0.0,0.0,21.6,0.76,0.0
20230813:0010,0.0,0.0,0.0,20.92,0.83,0.0
20230813:0110,0.0,0.0,0.0,20.51,0.97,0.0
20230813:0210,0.0,0.0,0.0,18.51,1.1,0.0
20230813:0310,0.0,0.0,0.0,18.56,1.1,0.0
20230813:0410,0.0,0.0,0.0,18.37,1.1,0.0
20230813:0510,54.54,77.12,7.36,18.17,1.1,0.0
20230813:0610,213.24,246.91,17.67,18.93,0.9,0.0
20230813:0710,349.27,392.78,28.07,21.19,0.83,0.0
20230813:0810,445.03,502.0,38.18,23.42,0.55,0.0
20230813:0910,504.81,576.55,47.38,25.01,0.21,0.0
20230813:1010,535.94,616.42,54.69,26.04,0.21,0.0
20230813:1110,543.12,622.59,58.54,27.0,0.76,0.0
20230813:1210,521.06,597.71,57.59,27.69,0.97,0.0
20230813:1310,477.69,549.84,52.23,27.31,0.62,0.0
20230813:1410,408.84,474.68,44.05,27.34,0.41,0.0
20230813:1510,324.19,378.99,34.41,25.54,0.9,0.0
20230813:1610,222.68,274.09,24.14,24.56,1.38,0.0
20230813:1710,52.48,72.9,13.73,24.39,1.1,0.0
20230813:1810,7.6,18.93,3.55,23.79,0.9,0.0
20230813:1910,0.0,0.0,0.0,24.67,0.69,0.0
20230813:2010,0.0,0.0,0.0,22.81,0.83,0.0
20230813:2110,0.0,0.0,0.0,21.42,1.1,0.0
20230813:2210,0.0,0.0,0.0,21.47,0.97,0.0
20230813:2310,0.0,0.0,0.0,20.78,1.17,0.0
20230814:0010,0.0,0.0,0.0,20.29,1.17,0.0
20230814:0110,0.0,0.0,0.0,20.08,1.17,0.0
20230814:0210,0.0,0.0,0.0,19.93,1.24,0.0
20230814:0310,0.0,0.0,0.0,19.77,1.17,0.0
20230814:0410,0.0,0.0,0.0,19.11,1.31,0.0
20230814:0510,36.32,55.28,7.18,18.72,1.38,0.0
20230814:0610,142.09,168.82,17.49,20.35,1.17,0.0
20230814:0710,240.26,272.11,27.89,21.91,1.17,0.0
20230814:0810,431.34,481.32,37.98,21.61,0.69,0.0
20230814:0910,508.66,563.48,47.16,21.79,1.24,0.0
20230814:1010,516.3,575.15,54.43,22.8,1.31,0.0
20230814:1110,532.27,600.25,58.24,24.27,0.97,0.0
20230814:1210,522.26,594.54,57.29,25.26,0.62,0.0
20230814:1310,474.99,545.01,51.94,26.28,0.48,0.0
20230814:1410,407.45,472.6,43.78,26.74,0.34,0.0
20230814:1510,316.09,374.32,34.16,26.7,0.41,0.0
20230814:1610,213.64,266.36,23.89,26.29,0.76,0.0
20230814:1710,66.53,88.99,13.48,25.96,0.83,0.0
20230814:1810,0.0,1.89,3.3,25.24,1.1,0.0
20230814:1910,0.0,0.0,0.0,23.88,1.38,0.0
20230814:2010,0.0,0.0,0.0,22.91,1.45,0.0
20230814:2110,0.0,0.0,0.0,22.14,1.31,0.0
20230814:2210,0.0,0.0,0.0,21.69,1.24,0.0
20230814:2310,0.0,0.0,0.0,21.11,1.38,0.0
20230815:0010,0.0,0.0,0.0,20.92,1.31,0.0
20230815:0110,0.0,0.0,0.0,20.77,1.24,0.0
20230815:0210,0.0,0.0,0.0,20.79,1.17,0.0
20230815:0310,0.0,0.0,0.0,20.45,1.17,0.0
20230815:0410,0.0,0.0,0.0,20.13,1.24,0.0
20230815:0510,53.53,77.25,6.99,19.97,1.17,0.0
20230815:0610,219.72,257.96,17.31,20.9,1.03,0.0
20230815:0710,322.86,369.16,27.71,22.96,0.14,0.0
20230815:0810,430.57,489.41,37.78,23.93,0.21,0.0
20230815:0910,494.13,563.88,46.94,24.87,0.21,0.0
20230815:1010,527.77,605.79,54.16,25.7,0.21,0.0
20230815:1110,531.67,610.77,57.94,26.15,0.34,0.0
20230815:1210,516.27,592.11,56.97,26.7,0.62,0.0
20230815:1310,473.04,540.75,51.65,26.19,0.76,0.0
20230815:1410,404.68,468.0,43.51,26.48,0.55,0.0
20230815:1510,315.6,372.82,33.9,26.77,1.03,0.0
20230815:1610,207.69,257.49,23.64,26.19,1.24,0.0
20230815:1710,56.33,77.63,13.23,25.77,0.9,0.0
20230815:1810,5.64,16.09,3.04,24.77,0.9,0.0
20230815:1910,0.0,0.0,0.0,25.98,0.48,0.0
20230815:2010,0.0,0.0,0.0,24.92,0.55,0.0
20230815:2110,0.0,0.0,0.0,24.51,0.55,0.0
20230815:2210,0.0,0.0,0.0,23.48,0.55,0.0
20230815:2310,0.0,0.0,0.0,23.4,0.28,0.0
20230816:0010,0.0,0.0,0.0,22.86,0.07,0.0
20230816:0110,0.0,0.0,0.0,21.09,0.76,0.0
20230816:0210,0.0,0.0,0.0,19.6,1.03,0.0
20230816:0310,0.0,0.0,0.0,19.42,1.03,0.0
20230816:0410,0.0,0.0,0.0,19.64,1.03,0.0
20230816:0510,5.2,15.15,6.8,19.72,1.03,0.0
20230816:0610,202.27,237.87,17.12,20.42,0.83,0.0
20230816:0710,332.06,379.09,27.52,22.82,0.41,0.0
20230816:0810,430.5,487.73,37.58,24.03,0.55,0.0
20230816:0910,495.06,561.75,46.71,25.09,0.69,0.0
20230816:1010,529.85,604.16,53.89,26.06,0.76,0.0
20230816:1110,535.64,612.32,57.63,26.82,0.9,0.0
20230816:1210,514.08,589.63,56.66,27.43,0.9,0.0
20230816:1310,469.05,537.36,51.35,27.19,1.03,0.0
20230816:1410,391.26,451.58,43.23,26.18,0.48,0.0
20230816:1510,269.1,313.09,33.64,26.47,0.69,0.0
20230816:1610,209.77,267.22,23.39,26.68,0.48,0.0
20230816:1710,54.7,75.74,12.98,25.24,0.21,0.0
20230816:1810,4.43,14.2,2.78,24.67,0.48,0.0
20230816:1910,0.0,0.0,0.0,23.7,0.76,0.0
20230816:2010,0.0,0.0,0.0,23.84,0.69,0.0
20230816:2110,0.0,0.0,0.0,23.76,0.62,0.0
20230816:2210,0.0,0.0,0.0,22.69,0.76,0.0
20230816:2310,0.0,0.0,0.0,20.36,1.45,0.0
20230817:0010,0.0,0.0,0.0,20.64,1.24,0.0
20230817:0110,0.0,0.0,0.0,21.36,0.76,0.0
20230817:0210,0.0,0.0,0.0,20.94,0.9,0.0
20230817:0310,0.0,0.0,0.0,20.58,0.97,0.0
20230817:0410,0.0,0.0,0.0,20.62,0.9,0.0
20230817:0510,0.0,5.68,6.61,19.53,0.97,0.0
20230817:0610,122.7,148.48,16.94,20.71,0.76,0.0
20230817:0710,329.1,374.26,27.33,21.82,0.41,0.0
20230817:0810,400.91,453.37,37.38,23.48,0.41,0.0
20230817:0910,450.79,512.31,46.48,24.97,0.48,0.0
20230817:1010,502.96,573.83,53.62,26.14,0.76,0.0
20230817:1110,530.94,608.66,57.32,27.17,0.83,0.0
20230817:1210,506.25,586.17,56.34,27.88,0.41,0.0
20230817:1310,461.28,532.99,51.05,28.65,0.97,0.0
20230817:1410,317.09,362.86,42.95,27.34,1.66,0.0
20230817:1510,281.8,329.98,33.38,26.43,0.41,0.0
20230817:1610,119.4,147.33,23.13,26.54,0.76,0.0
20230817:1710,41.1,60.59,12.72,26.18,0.76,0.0
20230817:1810,0.0,2.84,2.51,25.15,0.76,0.0
20230817:1910,0.0,0.0,0.0,23.75,0.83,0.0
20230817:2010,0.0,0.0,0.0,22.96,0.97,0.0
20230817:2110,0.0,0.0,0.0,22.27,1.03,0.0
20230817:2210,0.0,0.0,0.0,22.46,0.9,0.0
20230817:2310,0.0,0.0,0.0,22.54,0.55,0.0
20230818:0010,0.0,0.0,0.0,21.97,0.83,0.0
20230818:0110,0.0,0.0,0.0,21.25,0.9,0.0
20230818:0210,0.0,0.0,0.0,21.23,0.76,0.0
20230818:0310,0.0,0.0,0.0,20.86,0.69,0.0
20230818:0410,0.0,0.0,0.0,18.55,0.97,0.0
20230818:0510,22.97,37.87,6.42,17.18,1.1,0.0
20230818:0610,216.66,253.85,16.75,18.68,0.97,0.0
20230818:0710,344.97,389.09,27.15,20.35,0.83,0.0
20230818:0810,433.9,490.36,37.18,23.17,0.55,0.0
20230818:0910,489.51,559.89,46.25,25.1,0.21,0.0
20230818:1010,525.78,604.39,53.35,26.48,0.41,0.0
20230818:1110,531.43,610.45,57.01,27.66,0.9,0.0
20230818:1210,510.45,586.46,56.01,28.35,1.17,0.0
20230818:1310,462.24,533.62,50.74,28.79,1.17,0.0
20230818:1410,382.76,446.03,42.67,29.01,1.1,0.0
20230818:1510,298.24,357.18,33.11,29.07,1.17,0.0
20230818:1610,196.45,254.6,22.87,28.83,0.34,0.0
20230818:1710,47.27,68.16,12.45,28.01,0.34,0.0
20230818:1810,2.66,11.36,2.24,27.6,0.07,0.0
20230818:1910,0.0,0.0,0.0,26.99,0.48,0.0
20230818:2010,0.0,0.0,0.0,25.33,0.76,0.0
20230818:2110,0.0,0.0,0.0,24.25,0.76,0.0
20230818:2210,0.0,0.0,0.0,23.59,0.76,0.0
20230818:2310,0.0,0.0,0.0,23.1,0.76,0.0
20230819:0010,0.0,0.0,0.0,22.44,0.83,0.0
20230819:0110,0.0,0.0,0.0,21.7,0.97,0.0
20230819:0210,0.0,0.0,0.0,21.28,1.03,0.0
20230819:0310,0.0,0.0,0.0,21.03,1.03,0.0
20230819:0410,0.0,0.0,0.0,20.54,1.1,0.0
20230819:0510,21.0,35.97,6.23,20.33,1.03,0.0
20230819:0610,204.69,242.89,16.57,20.38,0.76,0.0
20230819:0710,333.81,380.33,26.96,22.01,0.76,0.0
20230819:0810,423.13,481.56,36.97,24.35,0.48,0.0
20230819:0910,484.27,554.98,46.01,26.3,0.48,0.0
20230819:1010,517.88,597.16,53.07,27.58,0.55,0.0
20230819:1110,521.32,601.24,56.69,28.7,0.97,0.0
20230819:1210,501.2,579.68,55.69,29.5,1.1,0.0
20230819:1310,453.31,528.23,50.43,30.11,0.97,0.0
20230819:1410,386.85,456.57,42.38,30.27,0.9,0.0
20230819:1510,296.08,360.56,32.83,30.4,0.97,0.0
20230819:1610,192.98,254.17,22.6,29.97,0.69,0.0
20230819:1710,43.58,64.38,12.18,29.65,0.21,0.0
20230819:1810,0.71,7.57,1.97,28.66,0.55,0.0
20230819:1910,0.0,0.0,0.0,27.91,0.55,0.0
20230819:2010,0.0,0.0,0.0,26.84,0.62,0.0
20230819:2110,0.0,0.0,0.0,25.64,0.76,0.0
20230819:2210,0.0,0.0,0.0,24.92,0.76,0.0
20230819:2310,0.0,0.0,0.0,24.6,0.69,0.0
20230820:0010,0.0,0.0,0.0,23.99,0.69,0.0
20230820:0110,0.0,0.0,0.0,23.28,0.76,0.0
20230820:0210,0.0,0.0,0.0,22.81,0.76,0.0
20230820:0310,0.0,0.0,0.0,22.3,0.83,0.0
20230820:0410,0.0,0.0,0.0,21.1,0.9,0.0
20230820:0510,19.51,34.08,6.03,19.72,0.97,0.0
20230820:0610,183.41,219.42,16.38,21.25,0.76,0.0
20230820:0710,314.86,365.54,26.77,24.35,0.07,0.0
20230820:0810,407.45,467.43,36.77,25.78,0.41,0.0
20230820:0910,472.37,543.06,45.78,26.8,0.41,0.0
20230820:1010,507.23,586.57,52.79,27.83,0.41,0.0
20230820:1110,511.58,594.3,56.37,28.82,0.48,0.0
20230820:1210,492.0,572.9,55.36,29.58,0.62,0.0
20230820:1310,445.84,522.28,50.11,30.23,0.62,0.0
20230820:1410,375.07,445.64,42.08,30.72,0.55,0.0
20230820:1510,287.37,351.88,32.55,30.78,0.83,0.0
20230820:1610,185.14,244.43,22.33,30.51,1.17,0.0
20230820:1710,42.74,63.43,11.91,30.05,1.24,0.0
20230820:1810,0.3,6.63,1.69,28.44,1.03,0.0
20230820:1910,0.0,0.0,0.0,26.98,0.97,0.0
20230820:2010,0.0,0.0,0.0,26.21,0.83,0.0
20230820:2110,0.0,0.0,0.0,25.66,0.76,0.0
20230820:2210,0.0,0.0,0.0,24.84,0.9,0.0
20230820:2310,0.0,0.0,0.0,24.74,0.76,0.0
20230821:0010,0.0,0.0,0.0,24.49,0.76,0.0
20230821:0110,0.0,0.0,0.0,23.96,0.83,0.0
20230821:0210,0.0,0.0,0.0,23.39,0.9,0.0
20230821:0310,0.0,0.0,0.0,22.93,0.9,0.0
20230821:0410,0.0,0.0,0.0,22.38,0.97,0.0
20230821:0510,15.54,29.35,5.84,21.29,1.1,0.0
20230821:0610,179.4,217.0,16.19,22.84,0.83,0.0
20230821:0710,308.87,358.79,26.57,25.23,0.62,0.0
20230821:0810,400.01,460.65,36.56,26.6,0.48,0.0
20230821:0910,458.34,529.87,45.54,27.74,0.34,0.0
20230821:1010,494.44,574.83,52.51,28.73,0.34,0.0
20230821:1110,500.83,585.33,56.05,29.6,0.34,0.0
20230821:1210,481.17,565.14,55.02,30.27,0.28,0.0
20230821:1310,436.08,514.55,49.79,30.48,0.21,0.0
20230821:1410,368.72,440.35,41.78,30.7,0.21,0.0
20230821:1510,278.75,344.21,32.27,30.93,0.14,0.0
20230821:1610,177.01,235.08,22.05,30.76,0.14,0.0
20230821:1710,45.89,67.22,11.63,30.28,0.28,0.0
20230821:1810,0.0,2.84,1.41,29.18,0.48,0.0
20230821:1910,0.0,0.0,0.0,29.06,0.41,0.0
20230821:2010,0.0,0.0,0.0,28.44,0.48,0.0
20230821:2110,0.0,0.0,0.0,27.52,0.55,0.0
20230821:2210,0.0,0.0,0.0,26.74,0.55,0.0
20230821:2310,0.0,0.0,0.0,26.14,0.69,0.0
20230822:0010,0.0,0.0,0.0,25.51,0.76,0.0
20230822:0110,0.0,0.0,0.0,24.65,0.83,0.0
20230822:0210,0.0,0.0,0.0,24.18,0.9,0.0
20230822:0310,0.0,0.0,0.0,23.76,0.97,0.0
20230822:0410,0.0,0.0,0.0,22.43,1.03,0.0
20230822:0510,17.83,32.19,5.64,21.09,1.1,0.0
20230822:0610,192.2,232.62,16.0,22.26,0.97,0.0
20230822:0710,314.65,364.14,26.38,24.27,0.83,0.0
20230822:0810,403.9,464.71,36.35,26.78,0.76,0.0
20230822:0910,462.87,535.92,45.3,28.45,0.55,0.0
20230822:1010,490.93,575.07,52.23,29.49,0.14,0.0
20230822:1110,496.06,583.36,55.72,30.34,0.21,0.0
20230822:1210,474.6,561.35,54.68,30.93,0.07,0.0
20230822:1310,429.45,510.18,49.47,31.5,0.14,0.0
20230822:1410,364.21,437.03,41.48,31.63,0.34,0.0
20230822:1510,274.75,340.43,31.98,31.68,0.62,0.0
20230822:1610,173.2,231.3,21.77,31.35,1.17,0.0
20230822:1710,44.48,65.32,11.35,29.54,1.03,0.0
20230822:1810,0.0,0.0,0.0,28.54,1.31,0.0
20230822:1910,0.0,0.0,0.0,29.5,0.21,0.0
20230822:2010,0.0,0.0,0.0,28.55,0.48,0.0
20230822:2110,0.0,0.0,0.0,27.09,0.69,0.0
20230822:2210,0.0,0.0,0.0,26.73,0.62,0.0
20230822:2310,0.0,0.0,0.0,25.83,0.76,0.0
20230823:0010,0.0,0.0,0.0,24.88,0.9,0.0
20230823:0110,0.0,0.0,0.0,24.31,0.97,0.0
20230823:0210,0.0,0.0,0.0,23.57,1.03,0.0
20230823:0310,0.0,0.0,0.0,23.01,1.1,0.0
20230823:0410,0.0,0.0,0.0,20.86,1.1,0.0
20230823:0510,16.33,30.29,5.45,20.86,1.1,0.0
20230823:0610,182.91,221.75,15.81,21.91,1.03,0.0
20230823:0710,308.93,360.14,26.18,24.98,0.55,0.0
20230823:0810,397.33,459.86,36.14,27.02,0.41,0.0
20230823:0910,457.35,530.36,45.05,28.52,0.48,0.0
20230823:1010,486.91,570.09,51.94,29.81,0.28,0.0
20230823:1110,487.7,577.18,55.39,30.85,0.0,0.0
20230823:1210,471.1,557.01,54.34,31.65,0.34,0.0
20230823:1310,429.03,506.02,49.14,32.19,1.03,0.0
20230823:1410,359.33,430.59,41.17,32.02,0.76,0.0
20230823:1510,270.78,334.75,31.69,31.67,1.03,0.0
20230823:1610,169.01,224.97,21.48,30.92,0.97,0.0
20230823:1710,46.84,68.16,11.07,29.99,1.03,0.0
20230823:1810,0.0,0.0,0.0,28.61,1.17,0.0
20230823:1910,0.0,0.0,0.0,28.68,0.76,0.0
20230823:2010,0.0,0.0,0.0,27.42,0.9,0.0
20230823:2110,0.0,0.0,0.0,25.81,0.97,0.0
20230823:2210,0.0,0.0,0.0,25.04,0.97,0.0
20230823:2310,0.0,0.0,0.0,24.67,0.9,0.0
20230824:0010,0.0,0.0,0.0,24.28,0.9,0.0
20230824:0110,0.0,0.0,0.0,23.61,0.97,0.0
20230824:0210,0.0,0.0,0.0,23.37,0.97,0.0
20230824:0310,0.0,0.0,0.0,22.51,1.17,0.0
20230824:0410,0.0,0.0,0.0,22.09,1.24,0.0
20230824:0510,15.48,29.35,5.25,22.0,1.17,0.0
20230824:0610,169.91,207.83,15.62,22.91,0.83,0.0
20230824:0710,296.43,348.4,25.99,26.08,0.34,0.0
20230824:0810,383.94,447.67,35.92,27.79,0.14,0.0
20230824:0910,448.9,522.09,44.81,28.87,0.41,0.0
20230824:1010,484.69,563.48,51.65,29.78,0.76,0.0
20230824:1110,491.62,572.11,55.06,30.73,1.1,0.0
20230824:1210,470.74,551.93,53.99,30.91,0.69,0.0
20230824:1310,424.22,499.29,48.81,31.03,0.76,0.0
20230824:1410,51.5,73.77,40.86,30.94,1.24,0.0
20230824:1510,111.66,140.74,31.39,30.4,0.69,0.0
20230824:1610,150.92,192.0,21.2,30.46,0.28,0.0
20230824:1710,49.54,71.0,10.78,29.04,0.83,0.0
20230824:1810,0.0,0.0,0.0,27.25,1.17,0.0
20230824:1910,0.0,0.0,0.0,26.57,1.17,0.0
20230824:2010,0.0,0.0,0.0,25.76,1.03,0.0
20230824:2110,0.0,0.0,0.0,25.25,1.03,0.0
20230824:2210,0.0,0.0,0.0,24.53,1.17,0.0
20230824:2310,0.0,0.0,0.0,23.94,1.24,0.0
20230825:0010,0.0,0.0,0.0,23.49,1.31,0.0
20230825:0110,0.0,0.0,0.0,23.11,1.31,0.0
20230825:0210,0.0,0.0,0.0,22.66,1.31,0.0
20230825:0310,0.0,0.0,0.0,22.28,1.38,0.0
20230825:0410,0.0,0.0,0.0,22.02,1.31,0.0
20230825:0510,14.02,27.45,5.05,21.81,1.24,0.0
20230825:0610,166.05,204.14,15.43,23.19,1.03,0.0
20230825:0710,300.16,346.62,25.79,23.5,1.31,0.0
20230825:0810,388.8,444.34,35.71,25.27,0.9,0.0
20230825:0910,447.8,517.0,44.56,27.15,0.34,0.0
20230825:1010,479.37,556.3,51.35,28.44,0.41,0.0
20230825:1110,487.21,568.02,54.73,29.0,0.34,0.0
20230825:1210,469.03,547.09,53.64,29.65,0.62,0.0
20230825:1310,421.13,495.48,48.47,29.75,0.34,0.0
20230825:1410,351.91,418.35,40.55,29.57,0.62,0.0
20230825:1510,262.9,323.04,31.09,29.04,0.9,0.0
20230825:1610,161.14,215.54,20.9,28.54,1.03,0.0
20230825:1710,41.62,61.54,10.49,27.72,1.31,0.0
20230825:1810,0.0,0.0,0.0,25.4,1.45,0.0
20230825:1910,0.0,0.0,0.0,24.83,1.79,0.0
20230825:2010,0.0,0.0,0.0,23.7,1.31,0.0
20230825:2110,0.0,0.0,0.0,22.99,1.45,0.0
20230825:2210,0.0,0.0,0.0,21.95,1.52,0.0
20230825:2310,0.0,0.0,0.0,21.83,1.66,0.0
20230826:0010,0.0,0.0,0.0,21.49,1.66,0.0
20230826:0110,0.0,0.0,0.0,20.9,1.45,0.0
20230826:0210,0.0,0.0,0.0,20.37,1.24,0.0
20230826:0310,0.0,0.0,0.0,20.13,1.38,0.0
20230826:0410,0.0,0.0,0.0,19.91,1.31,0.0
20230826:0510,11.97,24.61,4.86,19.91,1.24,0.0
20230826:0610,40.15,58.24,15.24,20.93,1.03,0.0
20230826:0710,181.23,208.81,25.59,21.24,1.52,0.0
20230826:0810,262.68,294.66,35.49,21.59,1.38,0.0
20230826:0910,245.62,278.17,44.31,22.85,1.03,0.0
20230826:1010,432.79,488.91,51.06,23.44,0.48,0.0
20230826:1110,94.43,118.42,54.39,24.15,0.97,0.0
20230826:1210,298.06,337.57,53.29,24.26,0.9,0.0
20230826:1310,67.67,89.3,48.13,23.29,0.41,0.0
20230826:1410,35.56,53.38,40.23,22.22,0.07,0.0
20230826:1510,40.84,59.21,30.79,21.73,0.83,0.0
20230826:1610,22.52,37.85,20.61,20.8,1.59,0.0
20230826:1710,34.02,51.12,10.19,20.13,1.52,0.0
20230826:1810,0.0,0.0,0.0,19.53,1.31,0.0
20230826:1910,0.0,0.0,0.0,19.06,1.38,0.0
20230826:2010,0.0,0.0,0.0,18.44,1.66,0.0
20230826:2110,0.0,0.0,0.0,18.38,1.38,0.0
20230826:2210,0.0,0.0,0.0,18.52,1.1,0.0
20230826:2310,0.0,0.0,0.0,18.4,0.9,0.0
20230827:0010,0.0,0.0,0.0,18.4,1.31,0.0
20230827:0110,0.0,0.0,0.0,18.11,1.17,0.0
20230827:0210,0.0,0.0,0.0,18.05,1.1,0.0
20230827:0310,0.0,0.0,0.0,17.97,0.97,0.0
20230827:0410,0.0,0.0,0.0,17.85,0.83,0.0
20230827:0510,0.37,6.63,4.66,17.78,0.62,0.0
20230827:0610,43.36,61.15,15.04,18.09,0.55,0.0
20230827:0710,25.97,41.74,25.39,19.28,0.34,0.0
20230827:0810,48.21,66.97,35.27,19.9,0.34,0.0
20230827:0910,57.25,76.68,44.05,19.62,0.9,0.0
20230827:1010,92.02,113.56,50.76,19.58,1.1,0.0
20230827:1110,201.51,227.13,54.05,19.31,1.31,0.0
20230827:1210,135.41,158.21,52.93,18.76,1.17,0.0
20230827:1310,44.96,63.09,47.79,19.1,1.66,0.0
20230827:1410,53.04,71.83,39.9,18.78,1.45,0.0
20230827:1510,41.42,59.21,30.48,19.15,1.38,0.0
20230827:1610,111.38,134.84,20.31,19.12,1.17,0.0
20230827:1710,32.43,49.23,9.9,19.54,0.76,0.0
20230827:1810,0.0,0.0,0.0,19.24,0.48,0.0
20230827:1910,0.0,0.0,0.0,18.29,2.21,0.0
20230827:2010,0.0,0.0,0.0,17.97,2.48,0.0
20230827:2110,0.0,0.0,0.0,17.49,2.28,0.0
20230827:2210,0.0,0.0,0.0,16.92,2.14,0.0
20230827:2310,0.0,0.0,0.0,16.48,2.28,0.0
20230828:0010,0.0,0.0,0.0,16.16,2.41,0.0
20230828:0110,0.0,0.0,0.0,15.79,2.62,0.0
20230828:0210,0.0,0.0,0.0,15.41,2.48,0.0
20230828:0310,0.0,0.0,0.0,15.01,2.14,0.0
20230828:0410,0.0,0.0,0.0,14.77,2.55,0.0
20230828:0510,12.36,24.61,4.46,14.48,2.97,0.0
20230828:0610,17.59,31.06,14.85,14.24,2.9,0.0
20230828:0710,19.14,33.0,25.19,14.89,2.21,0.0
20230828:0810,30.86,46.59,35.05,15.24,2.34,0.0
20230828:0910,55.92,73.77,43.8,15.14,2.34,0.0
20230828:1010,49.55,66.97,50.46,15.15,2.83,0.0
20230828:1110,79.26,98.03,53.7,15.05,2.76,0.0
20230828:1210,415.95,443.32,52.58,15.25,2.83,0.0
20230828:1310,89.43,108.71,47.44,15.51,2.62,0.0
20230828:1410,97.13,116.47,39.58,15.26,2.62,0.0
20230828:1510,65.32,83.47,30.17,14.69,2.62,0.0
20230828:1610,96.86,116.25,20.01,14.49,2.55,0.0
20230828:1710,15.4,28.4,9.59,14.3,2.76,0.0
20230828:1810,0.0,0.0,0.0,13.88,2.69,0.0
20230828:1910,0.0,0.0,0.0,13.96,2.76,0.0
20230828:2010,0.0,0.0,0.0,13.38,2.83,0.0
20230828:2110,0.0,0.0,0.0,13.16,2.76,0.0
20230828:2210,0.0,0.0,0.0,13.2,2.69,0.0
20230828:2310,0.0,0.0,0.0,13.09,2.62,0.0
20230829:0010,0.0,0.0,0.0,13.24,2.62,0.0
20230829:0110,0.0,0.0,0.0,13.31,2.55,0.0
20230829:0210,0.0,0.0,0.0,13.46,2.48,0.0
20230829:0310,0.0,0.0,0.0,13.41,2.41,0.0
20230829:0410,0.0,0.0,0.0,13.33,2.41,0.0
20230829:0510,6.74,17.04,4.26,13.28,2.34,0.0
20230829:0610,119.9,142.97,14.65,13.48,2.34,0.0
20230829:0710,304.31,336.66,24.98,14.39,2.48,0.0
20230829:0810,411.46,444.64,34.82,15.55,2.76,0.0
20230829:0910,474.55,509.19,43.54,16.84,3.1,0.0
20230829:1010,512.03,550.23,50.15,18.1,3.31,0.0
20230829:1110,495.13,535.73,53.36,19.32,3.31,0.0
20230829:1210,475.31,517.59,52.21,20.12,3.24,0.0
20230829:1310,424.07,465.4,47.09,20.51,3.17,0.0
20230829:1410,352.04,392.34,39.25,20.59,3.17,0.0
20230829:1510,260.62,305.16,29.86,20.41,2.97,0.0
20230829:1610,153.43,201.69,19.7,19.67,2.48,0.0
20230829:1710,42.8,60.59,9.29,18.77,2.55,0.0
20230829:1810,0.0,0.0,0.0,17.71,2.34,0.0
20230829:1910,0.0,0.0,0.0,16.72,2.34,0.0
20230829:2010,0.0,0.0,0.0,15.98,2.34,0.0
20230829:2110,0.0,0.0,0.0,15.21,2.21,0.0
20230829:2210,0.0,0.0,0.0,14.45,2.07,0.0
20230829:2310,0.0,0.0,0.0,13.88,2.0,0.0
20230830:0010,0.0,0.0,0.0,13.36,1.86,0.0
20230830:0110,0.0,0.0,0.0,12.94,1.86,0.0
20230830:0210,0.0,0.0,0.0,12.74,1.86,0.0
20230830:0310,0.0,0.0,0.0,12.47,1.93,0.0
20230830:0410,0.0,0.0,0.0,12.11,1.93,0.0
20230830:0510,10.32,21.77,4.06,11.79,1.93,0.0
20230830:0610,189.45,227.06,14.45,13.0,1.79,0.0
20230830:0710,310.53,348.19,24.78,15.34,1.79,0.0
20230830:0810,405.64,444.98,34.6,16.86,1.72,0.0
20230830:0910,464.41,508.99,43.28,18.37,1.45,0.0
20230830:1010,490.72,542.66,49.85,19.64,0.97,0.0
20230830:1110,492.58,552.16,53.01,20.63,0.34,0.0
20230830:1210,469.71,529.27,51.85,21.13,0.28,0.0
20230830:1310,421.97,475.63,46.74,21.27,0.76,0.0
20230830:1410,346.76,396.55,38.91,21.35,0.97,0.0
20230830:1510,251.17,296.88,29.54,21.22,1.03,0.0
20230830:1610,147.03,195.14,19.39,21.03,1.24,0.0
20230830:1710,35.65,53.02,8.98,20.27,1.1,0.0
20230830:1810,0.0,0.0,0.0,18.78,1.1,0.0
20230830:1910,0.0,0.0,0.0,18.75,0.69,0.0
20230830:2010,0.0,0.0,0.0,18.37,0.41,0.0
20230830:2110,0.0,0.0,0.0,17.77,0.21,0.0
20230830:2210,0.0,0.0,0.0,17.33,0.07,0.0
20230830:2310,0.0,0.0,0.0,16.93,0.28,0.0
20230831:0010,0.0,0.0,0.0,16.56,0.55,0.0
20230831:0110,0.0,0.0,0.0,16.17,0.9,0.0
20230831:0210,0.0,0.0,0.0,15.18,1.03,0.0
20230831:0310,0.0,0.0,0.0,14.28,1.17,0.0
20230831:0410,0.0,0.0,0.0,13.49,1.31,0.0
20230831:0510,0.0,3.79,3.86,12.88,1.38,0.0
20230831:0610,148.15,177.54,14.25,13.06,1.31,0.0
20230831:0710,276.82,311.01,24.57,15.49,0.97,0.0
20230831:0810,388.81,432.65,34.37,17.49,0.55,0.0
20230831:0910,442.16,494.25,43.02,19.14,0.07,0.0
20230831:1010,479.6,533.05,49.54,19.95,0.69,0.0
20230831:1110,483.56,536.1,52.65,20.36,1.1,0.0
20230831:1210,453.27,503.37,51.48,20.72,1.24,0.0
20230831:1310,346.56,385.45,46.38,20.8,1.03,0.0
20230831:1410,212.93,241.07,38.58,20.61,0.97,0.0
20230831:1510,201.1,230.34,29.22,20.36,1.03,0.0
20230831:1610,73.92,94.67,19.08,19.95,0.83,0.0
20230831:1710,32.43,49.23,8.67,19.51,0.62,0.0
20230831:1810,0.0,0.0,0.0,18.73,0.48,0.0
20230831:1910,0.0,0.0,0.0,17.87,0.76,0.0
20230831:2010,0.0,0.0,0.0,17.66,0.83,0.0
20230831:2110,0.0,0.0,0.0,17.67,0.76,0.0
20230831:2210,0.0,0.0,0.0,17.35,0.83,0.0
20230831:2310,0.0,0.0,0.0,17.32,0.76,0.0
20230901:0010,0.0,0.0,0.0,17.45,0.55,0.0
20230901:0110,0.0,0.0,0.0,17.27,0.34,0.0
20230901:0210,0.0,0.0,0.0,17.13,0.21,0.0
20230901:0310,0.0,0.0,0.0,17.03,0.34,0.0
20230901:0410,0.0,0.0,0.0,16.89,0.48,0.0
20230901:0510,7.93,18.93,3.65,16.82,0.48,0.0
20230901:0610,97.39,121.28,14.06,16.94,0.34,0.0
20230901:0710,207.26,235.45,24.37,17.23,0.21,0.0
20230901:0810,347.12,387.33,34.14,18.07,0.14,0.0
20230901:0910,427.06,475.94,42.75,19.02,0.21,0.0
20230901:1010,450.18,501.42,49.22,19.85,0.41,0.0
20230901:1110,450.02,500.36,52.3,20.14,0.69,0.0
20230901:1210,446.86,499.21,51.11,20.92,0.83,0.0
20230901:1310,398.9,447.28,46.02,21.15,1.03,0.0
20230901:1410,319.44,361.29,38.24,21.46,1.17,0.0
20230901:1510,238.44,284.71,28.89,21.2,1.03,0.0
20230901:1610,78.07,99.4,18.76,20.73,0.83,0.0
20230901:1710,34.78,52.07,8.35,20.34,0.55,0.0
20230901:1810,0.0,0.0,0.0,19.37,0.62,0.0
20230901:1910,0.0,0.0,0.0,18.18,0.97,0.0
20230901:2010,0.0,0.0,0.0,17.78,0.97,0.0
20230901:2110,0.0,0.0,0.0,17.6,0.97,0.0
20230901:2210,0.0,0.0,0.0,17.8,0.9,0.0
20230901:2310,0.0,0.0,0.0,17.88,0.83,0.0
20230902:0010,0.0,0.0,0.0,17.82,0.83,0.0
20230902:0110,0.0,0.0,0.0,17.26,0.9,0.0
20230902:0210,0.0,0.0,0.0,16.88,0.97,0.0
20230902:0310,0.0,0.0,0.0,16.41,1.03,0.0
20230902:0410,0.0,0.0,0.0,16.05,1.1,0.0
20230902:0510,6.63,17.04,3.45,15.78,1.1,0.0
20230902:0610,157.14,194.45,13.86,16.0,1.03,0.0
20230902:0710,279.73,323.66,24.16,18.72,0.62,0.0
20230902:0810,368.3,415.45,33.91,19.89,0.55,0.0
20230902:0910,423.62,475.81,42.49,20.93,0.41,0.0
20230902:1010,460.74,517.04,48.91,21.79,0.69,0.0
20230902:1110,465.62,522.1,51.94,22.22,0.97,0.0
20230902:1210,441.97,496.47,50.74,22.66,1.17,0.0
20230902:1310,400.61,455.0,45.66,22.86,1.1,0.0
20230902:1410,325.18,378.58,37.89,22.86,0.69,0.0
20230902:1510,229.6,284.38,28.57,23.06,0.41,0.0
20230902:1610,71.87,93.72,18.44,22.94,0.41,0.0
20230902:1710,31.12,48.28,8.04,22.42,0.48,0.0
20230902:1810,0.0,0.0,0.0,21.39,0.62,0.0
20230902:1910,0.0,0.0,0.0,21.25,0.55,0.0
20230902:2010,0.0,0.0,0.0,20.64,0.69,0.0
20230902:2110,0.0,0.0,0.0,19.97,0.76,0.0
20230902:2210,0.0,0.0,0.0,19.09,0.83,0.0
20230902:2310,0.0,0.0,0.0,18.69,0.83,0.0
20230903:0010,0.0,0.0,0.0,18.74,0.76,0.0
20230903:0110,0.0,0.0,0.0,17.38,0.83,0.0
20230903:0210,0.0,0.0,0.0,15.22,1.1,0.0
20230903:0310,0.0,0.0,0.0,15.32,1.24,0.0
20230903:0410,0.0,0.0,0.0,15.25,1.24,0.0
20230903:0510,4.73,14.2,3.25,14.96,1.31,0.0
20230903:0610,134.71,166.22,13.65,15.6,1.17,0.0
20230903:0710,234.91,266.34,23.95,17.15,1.1,0.0
20230903:0810,340.27,380.88,33.68,19.51,0.76,0.0
20230903:0910,416.88,469.15,42.22,21.72,0.62,0.0
20230903:1010,451.52,509.86,48.59,23.46,0.9,0.0
20230903:1110,456.26,516.64,51.58,24.56,1.17,0.0
20230903:1210,434.38,493.99,50.36,25.27,1.31,0.0
20230903:1310,392.35,452.22,45.3,25.61,1.17,0.0
20230903:1410,318.01,376.33,37.55,25.67,1.24,0.0
20230903:1510,224.96,273.15,28.24,25.39,1.24,0.0
20230903:1610,92.17,116.45,18.12,25.05,0.97,0.0
20230903:1710,31.65,49.23,7.72,24.13,0.55,0.0
20230903:1810,0.0,0.0,0.0,23.5,0.48,0.0
20230903:1910,0.0,0.0,0.0,23.08,0.48,0.0
20230903:2010,0.0,0.0,0.0,22.05,0.62,0.0
20230903:2110,0.0,0.0,0.0,20.93,0.83,0.0
20230903:2210,0.0,0.0,0.0,20.48,0.83,0.0
20230903:2310,0.0,0.0,0.0,20.11,0.83,0.0
20230904:0010,0.0,0.0,0.0,19.64,0.9,0.0
20230904:0110,0.0,0.0,0.0,19.47,0.9,0.0
20230904:0210,0.0,0.0,0.0,19.32,0.9,0.0
20230904:0310,0.0,0.0,0.0,19.1,0.83,0.0
20230904:0410,0.0,0.0,0.0,18.8,0.83,0.0
20230904:0510,2.89,11.36,3.04,16.89,0.97,0.0
20230904:0610,132.03,166.54,13.45,17.99,0.76,0.0
20230904:0710,219.59,255.17,23.73,20.77,0.34,0.0
20230904:0810,347.65,395.62,33.45,22.19,1.03,0.0
20230904:0910,418.21,471.95,41.95,22.87,1.1,0.0
20230904:1010,444.58,500.8,48.27,23.51,1.17,0.0
20230904:1110,444.75,501.16,51.22,23.89,1.31,0.0
20230904:1210,415.78,467.8,49.99,23.74,1.52,0.0
20230904:1310,350.46,395.08,44.93,23.73,1.52,0.0
20230904:1410,310.99,363.0,37.2,23.46,1.31,0.0
20230904:1510,218.66,269.01,27.9,23.22,0.97,0.0
20230904:1610,90.45,113.61,17.8,22.78,0.48,0.0
20230904:1710,28.66,45.44,7.39,22.46,0.21,0.0
20230904:1810,0.0,0.0,0.0,21.88,0.34,0.0
20230904:1910,0.0,0.0,0.0,21.55,0.48,0.0
20230904:2010,0.0,0.0,0.0,21.01,0.62,0.0
20230904:2110,0.0,0.0,0.0,20.84,0.55,0.0
20230904:2210,0.0,0.0,0.0,20.46,0.62,0.0
20230904:2310,0.0,0.0,0.0,19.48,0.97,0.0
20230905:0010,0.0,0.0,0.0,19.16,1.24,0.0
20230905:0110,0.0,0.0,0.0,19.24,1.31,0.0
20230905:0210,0.0,0.0,0.0,18.81,1.17,0.0
20230905:0310,0.0,0.0,0.0,18.47,0.97,0.0
20230905:0410,0.0,0.0,0.0,18.22,0.76,0.0
20230905:0510,0.0,2.84,2.84,17.96,0.69,0.0
20230905:0610,36.39,53.38,13.25,17.94,0.55,0.0
20230905:0710,85.07,105.8,23.52,18.35,0.69,0.0
20230905:0810,117.77,139.77,33.21,18.31,0.9,0.0
20230905:0910,116.84,138.8,41.67,18.53,1.31,0.0
20230905:1010,192.21,216.45,47.95,18.46,1.52,0.0
20230905:1110,140.49,163.06,50.86,18.42,1.52,0.0
20230905:1210,141.21,164.04,49.61,18.69,1.45,0.0
20230905:1310,238.42,265.68,44.56,19.18,1.31,0.0
20230905:1410,181.96,207.29,36.85,19.48,1.03,0.0
20230905:1510,123.02,146.09,27.57,19.48,0.76,0.0
20230905:1610,98.38,120.23,17.47,19.32,0.62,0.0
20230905:1710,27.58,43.55,7.07,18.94,0.55,0.0
20230905:1810,0.0,0.0,0.0,18.35,0.48,0.0
20230905:1910,0.0,0.0,0.0,18.16,0.21,0.0
20230905:2010,0.0,0.0,0.0,17.16,0.76,0.0
20230905:2110,0.0,0.0,0.0,16.21,1.1,0.0
20230905:2210,0.0,0.0,0.0,15.8,1.24,0.0
20230905:2310,0.0,0.0,0.0,15.51,1.24,0.0
20230906:0010,0.0,0.0,0.0,15.32,1.24,0.0
20230906:0110,0.0,0.0,0.0,15.14,1.24,0.0
20230906:0210,0.0,0.0,0.0,14.95,1.24,0.0
20230906:0310,0.0,0.0,0.0,14.73,1.24,0.0
20230906:0410,0.0,0.0,0.0,14.59,1.24,0.0
20230906:0510,2.94,11.36,2.63,14.28,1.24,0.0
20230906:0610,146.61,185.77,13.05,14.63,1.17,0.0
20230906:0710,266.32,311.35,23.31,17.84,0.62,0.0
20230906:0810,354.73,403.56,32.97,19.12,0.14,0.0
20230906:0910,420.14,471.65,41.4,20.02,0.55,0.0
20230906:1010,455.43,509.34,47.63,20.86,0.9,0.0
20230906:1110,459.5,515.11,50.49,21.46,0.97,0.0
20230906:1210,433.47,490.18,49.23,21.96,0.76,0.0
20230906:1310,380.49,437.87,44.19,22.4,0.48,0.0
20230906:1410,302.14,359.57,36.5,22.69,0.28,0.0
20230906:1510,205.55,264.05,27.23,22.83,0.14,0.0
20230906:1610,61.44,82.36,17.14,22.8,0.21,0.0
20230906:1710,24.69,40.71,6.74,22.25,0.28,0.0
20230906:1810,0.0,0.0,0.0,21.94,0.34,0.0
20230906:1910,0.0,0.0,0.0,21.4,0.07,0.0
20230906:2010,0.0,0.0,0.0,21.0,0.14,0.0
20230906:2110,0.0,0.0,0.0,20.62,0.21,0.0
20230906:2210,0.0,0.0,0.0,20.31,0.34,0.0
20230906:2310,0.0,0.0,0.0,19.74,0.62,0.0
20230907:0010,0.0,0.0,0.0,17.11,1.03,0.0
20230907:0110,0.0,0.0,0.0,14.95,1.1,0.0
20230907:0210,0.0,0.0,0.0,15.29,1.31,0.0
20230907:0310,0.0,0.0,0.0,15.27,1.38,0.0
20230907:0410,0.0,0.0,0.0,15.06,1.45,0.0
20230907:0510,1.83,9.47,2.43,15.02,1.52,0.0
20230907:0610,140.32,179.21,12.84,15.21,1.52,0.0
20230907:0710,263.08,305.52,23.09,16.61,1.24,0.0
20230907:0810,350.96,397.19,32.73,18.94,0.76,0.0
20230907:0910,409.39,464.26,41.12,21.05,0.21,0.0
20230907:1010,446.91,503.93,47.3,22.03,0.76,0.0
20230907:1110,451.07,509.18,50.13,22.71,0.97,0.0
20230907:1210,425.49,483.55,48.84,23.22,0.97,0.0
20230907:1310,374.11,431.34,43.81,23.44,0.97,0.0
20230907:1410,296.16,352.8,36.14,23.67,0.97,0.0
20230907:1510,200.49,257.65,26.89,23.59,0.97,0.0
20230907:1610,63.98,85.2,16.81,23.29,0.97,0.0
20230907:1710,23.86,39.76,6.41,22.65,0.69,0.0
20230907:1810,0.0,0.0,0.0,22.2,0.34,0.0
20230907:1910,0.0,0.0,0.0,21.65,0.28,0.0
20230907:2010,0.0,0.0,0.0,21.26,0.0,0.0
20230907:2110,0.0,0.0,0.0,20.84,0.34,0.0
20230907:2210,0.0,0.0,0.0,20.02,0.69,0.0
20230907:2310,0.0,0.0,0.0,19.3,0.76,0.0
20230908:0010,0.0,0.0,0.0,18.91,0.83,0.0
20230908:0110,0.0,0.0,0.0,18.53,0.83,0.0
20230908:0210,0.0,0.0,0.0,18.23,0.83,0.0
20230908:0310,0.0,0.0,0.0,17.94,0.9,0.0
20230908:0410,0.0,0.0,0.0,17.74,0.9,0.0
20230908:0510,1.29,8.52,2.22,17.62,0.83,0.0
20230908:0610,127.98,166.74,12.63,18.04,0.69,0.0
20230908:0710,204.78,238.69,22.88,19.5,0.0,0.0
20230908:0810,337.77,387.03,32.49,20.73,0.41,0.0
20230908:0910,405.61,458.17,40.84,21.03,0.62,0.0
20230908:1010,437.42,492.9,46.98,21.37,0.55,0.0
20230908:1110,443.97,501.74,49.76,22.01,0.62,0.0
20230908:1210,419.23,476.66,48.46,22.4,0.62,0.0
20230908:1310,367.69,424.96,43.44,23.07,0.69,0.0
20230908:1410,290.25,347.19,35.78,23.54,0.83,0.0
20230908:1510,194.81,252.3,26.55,23.52,0.76,0.0
20230908:1610,64.77,86.15,16.48,23.33,0.48,0.0
20230908:1710,21.49,36.92,6.08,22.77,0.34,0.0
20230908:1810,0.0,0.0,0.0,22.29,0.21,0.0
20230908:1910,0.0,0.0,0.0,21.92,0.28,0.0
20230908:2010,0.0,0.0,0.0,21.44,0.21,0.0
20230908:2110,0.0,0.0,0.0,20.88,0.41,0.0
20230908:2210,0.0,0.0,0.0,20.02,0.69,0.0
20230908:2310,0.0,0.0,0.0,19.06,0.83,0.0
20230909:0010,0.0,0.0,0.0,18.16,0.9,0.0
20230909:0110,0.0,0.0,0.0,17.81,0.9,0.0
20230909:0210,0.0,0.0,0.0,16.56,1.03,0.0
20230909:0310,0.0,0.0,0.0,15.98,1.17,0.0
20230909:0410,0.0,0.0,0.0,16.22,1.17,0.0
20230909:0510,0.39,6.63,2.01,16.21,1.17,0.0
20230909:0610,131.56,172.29,12.43,16.48,1.1,0.0
20230909:0710,246.68,291.71,22.66,18.24,0.62,0.0
20230909:0810,335.97,386.51,32.25,20.28,0.14,0.0
20230909:0910,400.08,455.49,40.56,22.14,0.55,0.0
20230909:1010,434.62,493.16,46.65,23.08,0.83,0.0
20230909:1110,439.08,498.56,49.39,23.64,1.03,0.0
20230909:1210,413.81,473.22,48.07,24.09,1.03,0.0
20230909:1310,360.78,420.43,43.06,24.69,0.97,0.0
20230909:1410,282.97,341.48,35.42,24.73,1.03,0.0
20230909:1510,187.64,246.29,26.2,24.65,0.97,0.0
20230909:1610,61.95,83.31,16.14,24.15,0.76,0.0
20230909:1710,20.64,35.97,5.75,23.4,0.41,0.0
20230909:1810,0.0,0.0,0.0,23.08,0.07,0.0
20230909:1910,0.0,0.0,0.0,22.43,0.34,0.0
20230909:2010,0.0,0.0,0.0,21.72,0.55,0.0
20230909:2110,0.0,0.0,0.0,21.05,0.69,0.0
20230909:2210,0.0,0.0,0.0,19.88,0.83,0.0
20230909:2310,0.0,0.0,0.0,19.13,0.83,0.0
20230910:0010,0.0,0.0,0.0,18.54,0.9,0.0
20230910:0110,0.0,0.0,0.0,18.22,0.97,0.0
20230910:0210,0.0,0.0,0.0,16.84,1.03,0.0
20230910:0310,0.0,0.0,0.0,16.07,1.1,0.0
20230910:0410,0.0,0.0,0.0,16.31,1.17,0.0
20230910:0510,0.0,5.68,1.81,16.16,1.17,0.0
20230910:0610,126.53,167.12,12.22,16.33,1.1,0.0
20230910:0710,241.97,287.83,22.44,18.42,0.62,0.0
20230910:0810,330.27,381.78,32.0,20.93,0.21,0.0
20230910:0910,394.27,450.76,40.27,22.85,0.62,0.0
20230910:1010,429.52,489.23,46.32,23.74,0.9,0.0
20230910:1110,433.37,494.36,49.01,24.46,1.1,0.0
20230910:1210,407.79,469.06,47.68,25.05,1.1,0.0
20230910:1310,354.57,415.59,42.68,25.37,1.03,0.0
20230910:1410,275.82,336.31,35.06,25.6,0.97,0.0
20230910:1510,181.42,240.71,25.86,25.52,0.83,0.0
20230910:1610,60.76,82.36,15.81,25.13,0.62,0.0
20230910:1710,18.25,33.13,5.42,24.39,0.41,0.0
20230910:1810,0.0,0.0,0.0,23.77,0.14,0.0
20230910:1910,0.0,0.0,0.0,22.77,0.34,0.0
20230910:2010,0.0,0.0,0.0,22.02,0.48,0.0
20230910:2110,0.0,0.0,0.0,21.29,0.69,0.0
20230910:2210,0.0,0.0,0.0,20.19,0.83,0.0
20230910:2310,0.0,0.0,0.0,19.53,0.83,0.0
20230911:0010,0.0,0.0,0.0,18.93,0.9,0.0
20230911:0110,0.0,0.0,0.0,17.88,0.97,0.0
20230911:0210,0.0,0.0,0.0,16.39,1.03,0.0
20230911:0310,0.0,0.0,0.0,16.74,1.17,0.0
20230911:0410,0.0,0.0,0.0,16.34,1.24,0.0
20230911:0510,0.0,2.84,1.6,16.13,1.17,0.0
20230911:0610,119.38,158.43,12.01,16.19,1.1,0.0
20230911:0710,234.05,278.23,22.22,18.17,0.76,0.0
20230911:0810,324.81,374.63,31.76,20.48,0.34,0.0
20230911:0910,387.03,443.91,39.99,22.96,0.48,0.0
20230911:1010,421.08,481.33,45.98,24.16,0.83,0.0
20230911:1110,425.31,487.52,48.64,24.95,0.97,0.0
20230911:1210,399.15,460.96,47.29,25.59,1.03,0.0
20230911:1310,346.76,408.52,42.3,25.88,0.9,0.0
20230911:1410,268.48,329.84,34.7,26.07,0.9,0.0
20230911:1510,174.97,234.62,25.51,25.91,0.83,0.0
20230911:1610,65.81,88.04,15.47,25.47,0.62,0.0
20230911:1710,16.7,31.24,5.08,24.85,0.21,0.0
20230911:1810,0.0,0.0,0.0,24.14,0.21,0.0
20230911:1910,0.0,0.0,0.0,23.09,0.41,0.0
20230911:2010,0.0,0.0,0.0,22.45,0.48,0.0
20230911:2110,0.0,0.0,0.0,21.46,0.83,0.0
20230911:2210,0.0,0.0,0.0,21.16,0.76,0.0
20230911:2310,0.0,0.0,0.0,20.79,0.76,0.0
20230912:0010,0.0,0.0,0.0,20.26,0.83,0.0
20230912:0110,0.0,0.0,0.0,20.01,0.83,0.0
20230912:0210,0.0,0.0,0.0,19.98,0.76,0.0
20230912:0310,0.0,0.0,0.0,19.91,0.76,0.0
20230912:0410,0.0,0.0,0.0,18.1,0.97,0.0
20230912:0510,0.0,0.0,0.0,16.77,1.03,0.0
20230912:0610,73.62,97.33,11.8,17.63,0.83,0.0
20230912:0710,221.09,265.33,21.99,19.28,0.48,0.0
20230912:0810,310.73,360.8,31.51,21.37,0.28,0.0
20230912:0910,374.7,428.61,39.7,22.74,0.69,0.0
20230912:1010,313.31,353.25,45.65,23.56,1.1,0.0
20230912:1110,315.67,355.75,48.26,23.76,1.24,0.0
20230912:1210,321.67,364.47,46.9,24.38,1.03,0.0
20230912:1310,337.63,394.79,41.91,24.54,0.55,0.0
20230912:1410,263.98,310.11,34.33,24.73,0.34,0.0
20230912:1510,154.17,185.34,25.16,24.67,0.34,0.0
20230912:1610,34.89,53.02,15.13,24.26,0.55,0.0
20230912:1710,10.34,22.72,4.74,23.26,0.76,0.0
20230912:1810,0.0,0.0,0.0,22.34,1.03,0.0
20230912:1910,0.0,0.0,0.0,21.41,0.76,0.0
20230912:2010,0.0,0.0,0.0,20.65,0.9,0.0
20230912:2110,0.0,0.0,0.0,18.96,1.31,0.0
20230912:2210,0.0,0.0,0.0,18.44,0.83,0.0
20230912:2310,0.0,0.0,0.0,18.2,1.24,0.0
20230913:0010,0.0,0.0,0.0,17.69,1.17,0.0
20230913:0110,0.0,0.0,0.0,17.43,1.38,0.0
20230913:0210,0.0,0.0,0.0,17.54,1.1,0.0
20230913:0310,0.0,0.0,0.0,17.93,0.97,0.0
20230913:0410,0.0,0.0,0.0,17.16,1.24,0.0
20230913:0510,0.0,0.0,0.0,16.85,1.17,0.0
20230913:0610,10.34,22.32,11.59,18.26,0.62,0.0
20230913:0710,133.61,158.0,21.77,18.86,0.83,0.0
20230913:0810,110.38,132.98,31.26,19.47,0.34,0.0
20230913:0910,117.45,140.74,39.41,19.98,0.21,0.0
20230913:1010,237.37,267.89,45.31,20.42,0.14,0.0
20230913:1110,104.91,128.12,47.89,21.2,0.55,0.0
20230913:1210,175.89,202.86,46.51,21.39,0.69,0.0
20230913:1310,108.78,132.0,41.53,20.94,0.69,0.0
20230913:1410,260.4,297.96,33.96,20.57,0.69,0.0
20230913:1510,178.2,213.36,24.81,20.18,0.9,0.0
20230913:1610,34.06,51.12,14.79,19.7,0.69,0.0
20230913:1710,0.0,5.68,4.4,19.19,0.55,0.0
20230913:1810,0.0,0.0,0.0,18.86,0.34,0.0
20230913:1910,0.0,0.0,0.0,18.58,0.55,0.0
20230913:2010,0.0,0.0,0.0,18.65,0.62,0.0
20230913:2110,0.0,0.0,0.0,18.44,0.69,0.0
20230913:2210,0.0,0.0,0.0,18.64,0.62,0.0
20230913:2310,0.0,0.0,0.0,18.42,0.41,0.0
20230914:0010,0.0,0.0,0.0,18.2,0.41,0.0
20230914:0110,0.0,0.0,0.0,18.02,0.28,0.0
20230914:0210,0.0,0.0,0.0,17.8,0.21,0.0
20230914:0310,0.0,0.0,0.0,17.7,0.28,0.0
20230914:0410,0.0,0.0,0.0,17.53,0.21,0.0
20230914:0510,0.0,0.0,0.0,17.32,0.28,0.0
20230914:0610,109.38,152.08,11.38,17.34,0.21,0.0
20230914:0710,221.73,269.84,21.55,18.2,0.41,0.0
20230914:0810,306.67,356.35,31.01,19.49,0.07,0.0
20230914:0910,364.56,411.47,39.12,20.58,1.03,0.0
20230914:1010,401.49,451.72,44.97,21.18,1.1,0.0
20230914:1110,407.01,460.21,47.51,21.48,0.83,0.0
20230914:1210,376.2,426.95,46.11,21.8,0.41,0.0
20230914:1310,329.76,383.25,41.14,22.37,0.21,0.0
20230914:1410,258.53,301.38,33.6,22.59,0.62,0.0
20230914:1510,169.32,203.0,24.46,22.42,0.97,0.0
20230914:1610,78.47,100.35,14.44,21.99,0.9,0.0
20230914:1710,0.0,2.84,4.06,20.79,0.62,0.0
20230914:1810,0.0,0.0,0.0,19.52,0.62,0.0
20230914:1910,0.0,0.0,0.0,18.49,0.97,0.0
20230914:2010,0.0,0.0,0.0,19.05,0.55,0.0
20230914:2110,0.0,0.0,0.0,18.9,0.34,0.0
20230914:2210,0.0,0.0,0.0,17.09,0.83,0.0
20230914:2310,0.0,0.0,0.0,16.48,0.9,0.0
20230915:0010,0.0,0.0,0.0,16.31,0.69,0.0
20230915:0110,0.0,0.0,0.0,16.19,0.83,0.0
20230915:0210,0.0,0.0,0.0,16.0,0.9,0.0
20230915:0310,0.0,0.0,0.0,15.94,0.69,0.0
20230915:0410,0.0,0.0,0.0,16.06,0.62,0.0
20230915:0510,0.0,0.0,0.0,16.38,0.55,0.0
20230915:0610,3.07,11.65,11.17,16.3,0.83,0.0
20230915:0710,33.02,49.5,21.32,17.51,0.69,0.0
20230915:0810,204.49,230.8,30.75,18.3,0.76,0.0
20230915:0910,110.51,132.98,38.83,19.23,0.34,0.0
20230915:1010,49.12,67.94,44.63,19.86,0.48,0.0
20230915:1110,44.65,63.09,47.13,20.2,0.76,0.0
20230915:1210,149.8,174.71,45.72,20.66,0.9,0.0
20230915:1310,324.79,376.81,40.76,20.64,0.9,0.0
20230915:1410,246.34,300.36,33.23,20.47,0.62,0.0
20230915:1510,162.82,210.74,24.1,20.31,0.62,0.0
20230915:1610,55.45,74.79,14.1,19.62,0.41,0.0
20230915:1710,9.19,20.83,3.72,19.06,0.14,0.0
20230915:1810,0.0,0.0,0.0,18.16,0.48,0.0
20230915:1910,0.0,0.0,0.0,16.91,1.1,0.0
20230915:2010,0.0,0.0,0.0,17.12,0.97,0.0
20230915:2110,0.0,0.0,0.0,17.24,0.9,0.0
20230915:2210,0.0,0.0,0.0,16.87,1.03,0.0
20230915:2310,0.0,0.0,0.0,16.99,0.97,0.0
20230916:0010,0.0,0.0,0.0,17.16,0.9,0.0
20230916:0110,0.0,0.0,0.0,17.52,0.76,0.0
20230916:0210,0.0,0.0,0.0,17.79,0.69,0.0
20230916:0310,0.0,0.0,0.0,17.95,0.41,0.0
20230916:0410,0.0,0.0,0.0,16.86,0.76,0.0
20230916:0510,0.0,0.0,0.0,16.99,0.62,0.0
20230916:0610,46.54,65.34,10.95,16.78,0.62,0.0
20230916:0710,114.23,136.28,21.09,17.14,0.48,0.0
20230916:0810,84.49,104.83,30.5,17.34,0.34,0.0
20230916:0910,103.95,125.21,38.53,17.51,0.28,0.0
20230916:1010,79.7,99.97,44.29,17.82,0.48,0.0
20230916:1110,45.07,63.09,46.75,18.37,0.62,0.0
20230916:1210,110.68,132.98,45.32,19.16,0.69,0.0
20230916:1310,322.38,364.15,40.37,19.27,0.48,0.0
20230916:1410,246.17,282.08,32.85,19.72,0.34,0.0
20230916:1510,163.52,205.96,23.75,20.04,0.41,0.0
20230916:1610,71.99,92.78,13.75,20.17,0.41,0.0
20230916:1710,3.39,12.31,3.38,19.79,0.14,0.0
20230916:1810,0.0,0.0,0.0,19.44,0.21,0.0
20230916:1910,0.0,0.0,0.0,17.78,1.03,0.0
20230916:2010,0.0,0.0,0.0,18.07,0.9,0.0
20230916:2110,0.0,0.0,0.0,18.86,0.41,0.0
20230916:2210,0.0,0.0,0.0,18.7,0.28,0.0
20230916:2310,0.0,0.0,0.0,18.62,0.07,0.0
20230917:0010,0.0,0.0,0.0,18.53,0.07,0.0
20230917:0110,0.0,0.0,0.0,18.42,0.34,0.0
20230917:0210,0.0,0.0,0.0,18.27,0.41,0.0
20230917:0310,0.0,0.0,0.0,18.23,0.41,0.0
20230917:0410,0.0,0.0,0.0,17.98,0.28,0.0
20230917:0510,0.0,0.0,0.0,17.93,0.48,0.0
20230917:0610,33.62,50.18,10.74,17.45,0.69,0.0
20230917:0710,122.76,146.45,20.86,18.36,0.62,0.0
20230917:0810,249.72,282.36,30.24,18.74,0.62,0.0
20230917:0910,309.19,345.04,38.24,19.21,0.62,0.0
20230917:1010,371.16,416.11,43.94,20.03,0.55,0.0
20230917:1110,386.09,437.22,46.36,20.78,0.34,0.0
20230917:1210,362.35,414.68,44.92,21.37,0.07,0.0
20230917:1310,314.18,362.87,39.98,21.95,0.14,0.0
20230917:1410,237.49,289.92,32.48,21.92,0.48,0.0
20230917:1510,159.65,201.39,23.39,21.76,0.55,0.0
20230917:1610,66.26,87.1,13.41,21.51,0.55,0.0
20230917:1710,2.8,11.36,3.04,21.02,0.62,0.0
20230917:1810,0.0,0.0,0.0,20.23,0.55,0.0
20230917:1910,0.0,0.0,0.0,20.14,0.41,0.0
20230917:2010,0.0,0.0,0.0,19.45,0.69,0.0
20230917:2110,0.0,0.0,0.0,19.13,0.83,0.0
20230917:2210,0.0,0.0,0.0,19.14,0.83,0.0
20230917:2310,0.0,0.0,0.0,19.64,0.62,0.0
20230918:0010,0.0,0.0,0.0,18.89,0.83,0.0
20230918:0110,0.0,0.0,0.0,18.79,0.83,0.0
20230918:0210,0.0,0.0,0.0,19.17,0.69,0.0
20230918:0310,0.0,0.0,0.0,19.31,0.48,0.0
20230918:0410,0.0,0.0,0.0,18.46,0.76,0.0
20230918:0510,0.0,0.0,0.0,18.16,0.9,0.0
20230918:0610,13.56,26.51,10.52,18.16,1.03,0.0
20230918:0710,13.33,26.21,20.63,18.18,1.79,0.0
20230918:0810,29.5,45.62,29.98,18.4,2.07,0.0
20230918:0910,75.07,95.12,37.94,18.71,2.9,0.0
20230918:1010,170.87,194.12,43.6,18.79,2.55,0.0
20230918:1110,244.74,271.32,45.98,19.12,2.07,0.0
20230918:1210,177.35,201.89,44.53,19.5,1.72,0.0
20230918:1310,49.21,67.94,39.59,19.78,1.38,0.0
20230918:1410,51.94,70.86,32.11,19.51,1.24,0.0
20230918:1510,16.35,30.09,23.03,18.83,0.83,0.0
20230918:1610,41.93,59.64,13.06,18.41,0.69,0.0
20230918:1710,0.0,5.68,2.69,18.07,0.55,0.0
20230918:1810,0.0,0.0,0.0,17.51,0.48,0.0
20230918:1910,0.0,0.0,0.0,17.44,1.1,0.0
20230918:2010,0.0,0.0,0.0,17.37,0.62,0.0
20230918:2110,0.0,0.0,0.0,17.21,0.76,0.0
20230918:2210,0.0,0.0,0.0,16.99,0.69,0.0
20230918:2310,0.0,0.0,0.0,16.33,0.83,0.0
20230919:0010,0.0,0.0,0.0,15.59,0.97,0.0
20230919:0110,0.0,0.0,0.0,15.72,0.97,0.0
20230919:0210,0.0,0.0,0.0,15.9,0.9,0.0
20230919:0310,0.0,0.0,0.0,15.94,1.24,0.0
20230919:0410,0.0,0.0,0.0,15.3,1.17,0.0
20230919:0510,0.0,0.0,0.0,14.65,1.24,0.0
20230919:0610,35.87,52.07,10.3,14.5,1.24,0.0
20230919:0710,199.7,244.46,20.4,14.73,1.52,0.0
20230919:0810,289.93,335.59,29.73,16.87,1.17,0.0
20230919:0910,352.89,403.43,37.64,19.37,0.9,0.0
20230919:1010,380.42,436.45,43.25,21.54,0.55,0.0
20230919:1110,378.69,438.77,45.6,22.94,0.28,0.0
20230919:1210,351.62,411.67,44.13,23.61,0.34,0.0
20230919:1310,297.04,356.56,39.2,23.96,0.97,0.0
20230919:1410,219.19,278.79,31.74,23.57,1.38,0.0
20230919:1510,127.46,185.48,22.68,23.01,1.31,0.0
20230919:1610,48.75,68.16,12.72,22.23,0.83,0.0
20230919:1710,2.8,11.36,2.35,21.05,0.55,0.0
20230919:1810,0.0,0.0,0.0,20.91,0.34,0.0
20230919:1910,0.0,0.0,0.0,21.01,0.48,0.0
20230919:2010,0.0,0.0,0.0,19.8,0.69,0.0
20230919:2110,0.0,0.0,0.0,19.07,0.69,0.0
20230919:2210,0.0,0.0,0.0,18.01,0.76,0.0
20230919:2310,0.0,0.0,0.0,17.04,0.9,0.0
20230920:0010,0.0,0.0,0.0,16.77,0.76,0.0
20230920:0110,0.0,0.0,0.0,16.87,0.62,0.0
20230920:0210,0.0,0.0,0.0,17.08,0.48,0.0
20230920:0310,0.0,0.0,0.0,16.9,0.28,0.0
20230920:0410,0.0,0.0,0.0,16.95,0.28,0.0
20230920:0510,0.0,0.0,0.0,16.84,0.34,0.0
20230920:0610,16.69,30.29,10.09,16.8,0.34,0.0
20230920:0710,65.25,84.44,20.17,17.23,0.9,0.0
20230920:0810,103.73,125.21,29.46,18.2,0.69,0.0
20230920:0910,156.02,180.54,37.34,19.32,0.34,0.0
20230920:1010,92.74,114.53,42.9,19.8,0.69,0.0
20230920:1110,68.1,88.33,45.21,19.63,0.97,0.0
20230920:1210,341.37,381.33,43.73,20.22,1.17,0.0
20230920:1310,241.57,271.03,38.81,20.11,1.24,0.0
20230920:1410,175.92,201.33,31.36,18.86,0.69,0.0
20230920:1510,133.23,158.34,22.32,18.7,1.03,0.0
20230920:1610,50.48,69.11,12.37,18.73,0.62,0.0
20230920:1710,0.0,2.84,2.01,17.7,0.41,0.0
20230920:1810,0.0,0.0,0.0,16.99,0.55,0.0
20230920:1910,0.0,0.0,0.0,16.54,0.62,0.0
20230920:2010,0.0,0.0,0.0,16.24,0.69,0.0
20230920:2110,0.0,0.0,0.0,16.08,0.83,0.0
20230920:2210,0.0,0.0,0.0,16.22,0.69,0.0
20230920:2310,0.0,0.0,0.0,16.42,0.83,0.0
20230921:0010,0.0,0.0,0.0,16.3,1.1,0.0
20230921:0110,0.0,0.0,0.0,15.95,1.24,0.0
20230921:0210,0.0,0.0,0.0,15.72,1.31,0.0
20230921:0310,0.0,0.0,0.0,15.51,1.38,0.0
20230921:0410,0.0,0.0,0.0,15.43,1.24,0.0
20230921:0510,0.0,0.0,0.0,15.47,1.38,0.0
20230921:0610,33.07,49.23,9.87,15.88,1.24,0.0
20230921:0710,144.97,170.87,19.93,16.0,0.83,0.0
20230921:0810,253.86,286.32,29.2,16.12,1.03,0.0
20230921:0910,86.83,106.77,37.03,16.73,1.38,0.0
20230921:1010,120.59,141.71,42.56,16.99,1.38,0.0
20230921:1110,299.92,328.84,44.82,17.3,1.17,0.0
20230921:1210,59.59,78.62,43.33,17.99,1.45,0.0
20230921:1310,63.96,83.47,38.42,18.62,1.59,0.0
20230921:1410,39.95,57.27,30.99,17.72,1.17,0.0
20230921:1510,42.75,60.18,21.96,16.98,1.1,0.0
20230921:1610,58.96,77.63,12.02,16.89,1.17,0.0
20230921:1710,0.0,4.73,1.66,16.69,1.38,0.0
20230921:1810,0.0,0.0,0.0,16.44,1.52,0.0
20230921:1910,0.0,0.0,0.0,15.84,1.31,0.0
20230921:2010,0.0,0.0,0.0,15.79,1.24,0.0
20230921:2110,0.0,0.0,0.0,15.89,1.45,0.0
20230921:2210,0.0,0.0,0.0,15.81,1.66,0.0
20230921:2310,0.0,0.0,0.0,15.81,1.86,0.0
20230922:0010,0.0,0.0,0.0,15.87,1.93,0.0
20230922:0110,0.0,0.0,0.0,15.74,2.0,0.0
20230922:0210,0.0,0.0,0.0,15.7,2.0,0.0
20230922:0310,0.0,0.0,0.0,15.61,2.21,0.0
20230922:0410,0.0,0.0,0.0,15.48,2.28,0.0
20230922:0510,0.0,0.0,0.0,15.34,2.28,0.0
20230922:0610,9.4,20.83,9.65,15.29,2.34,0.0
20230922:0710,67.64,86.39,19.7,15.83,1.66,0.0
20230922:0810,80.6,99.97,28.94,15.96,1.38,0.0
20230922:0910,34.14,50.47,36.73,16.11,1.03,0.0
20230922:1010,77.67,97.06,42.21,16.14,1.03,0.0
20230922:1110,90.41,110.65,44.44,16.8,0.76,0.0
20230922:1210,293.39,321.8,42.93,16.12,0.62,0.0
20230922:1310,84.22,103.86,38.02,15.75,0.34,0.0
20230922:1410,200.79,225.42,30.62,15.84,0.83,0.0
20230922:1510,29.91,45.62,21.6,15.54,0.97,0.0
20230922:1610,4.1,13.25,11.67,15.28,1.24,0.0
20230922:1710,0.0,0.95,1.32,14.79,1.52,0.0
20230922:1810,0.0,0.0,0.0,13.44,1.17,0.0
20230922:1910,0.0,0.0,0.0,13.96,1.66,0.0
20230922:2010,0.0,0.0,0.0,13.09,1.31,0.0
20230922:2110,0.0,0.0,0.0,13.02,1.31,0.0
20230922:2210,0.0,0.0,0.0,13.22,0.97,0.0
20230922:2310,0.0,0.0,0.0,13.2,0.9,0.0
20230923:0010,0.0,0.0,0.0,12.33,1.24,0.0
20230923:0110,0.0,0.0,0.0,12.05,1.31,0.0
20230923:0210,0.0,0.0,0.0,12.13,1.31,0.0
20230923:0310,0.0,0.0,0.0,12.0,1.38,0.0
20230923:0410,0.0,0.0,0.0,11.73,1.38,0.0
20230923:0510,0.0,0.0,0.0,11.33,1.52,0.0
20230923:0610,34.66,50.18,9.43,11.76,1.66,0.0
20230923:0710,163.98,191.35,19.46,12.12,2.14,0.0
20230923:0810,260.25,288.69,28.67,12.87,2.28,0.0
20230923:0910,245.68,266.61,36.42,14.28,2.55,0.0
20230923:1010,271.56,293.93,41.85,15.41,2.76,0.0
20230923:1110,377.76,412.84,44.05,16.43,2.9,0.0
20230923:1210,352.18,391.99,42.53,17.2,2.69,0.0
20230923:1310,120.54,141.71,37.63,17.54,2.34,0.0
20230923:1410,230.9,265.66,30.24,17.79,2.41,0.0
20230923:1510,130.47,173.27,21.24,17.87,2.34,0.0
20230923:1610,43.94,61.54,11.33,17.45,2.14,0.0
20230923:1710,0.0,0.0,0.0,16.32,2.14,0.0
20230923:1810,0.0,0.0,0.0,15.11,2.14,0.0
20230923:1910,0.0,0.0,0.0,14.62,2.34,0.0
20230923:2010,0.0,0.0,0.0,13.88,2.41,0.0
20230923:2110,0.0,0.0,0.0,13.22,2.34,0.0
20230923:2210,0.0,0.0,0.0,12.57,2.28,0.0
20230923:2310,0.0,0.0,0.0,12.08,2.21,0.0
20230924:0010,0.0,0.0,0.0,11.64,2.14,0.0
20230924:0110,0.0,0.0,0.0,11.19,2.07,0.0
20230924:0210,0.0,0.0,0.0,10.71,2.0,0.0
20230924:0310,0.0,0.0,0.0,10.08,2.0,0.0
20230924:0410,0.0,0.0,0.0,9.44,1.93,0.0
20230924:0510,0.0,0.0,0.0,8.84,1.93,0.0
20230924:0610,36.03,51.12,9.21,9.05,1.93,0.0
20230924:0710,180.96,225.14,19.22,10.85,2.0,0.0
20230924:0810,274.19,317.49,28.4,13.05,1.86,0.0
20230924:0910,337.02,381.74,36.11,15.41,1.45,0.0
20230924:1010,368.49,418.33,41.5,17.31,0.9,0.0
20230924:1110,365.45,419.17,43.66,18.59,0.41,0.0
20230924:1210,336.1,390.32,42.13,19.39,0.76,0.0
20230924:1310,276.13,333.57,37.24,19.74,1.17,0.0
20230924:1410,192.76,253.14,29.87,19.73,1.38,0.0
20230924:1510,103.78,159.36,20.89,19.32,1.38,0.0
20230924:1610,44.48,62.48,10.98,18.62,1.03,0.0
20230924:1710,0.0,0.0,0.0,17.24,0.83,0.0
20230924:1810,0.0,0.0,0.0,17.23,0.34,0.0
20230924:1910,0.0,0.0,0.0,16.74,0.21,0.0
20230924:2010,0.0,0.0,0.0,15.92,0.76,0.0
20230924:2110,0.0,0.0,0.0,14.29,0.97,0.0
20230924:2210,0.0,0.0,0.0,13.39,1.03,0.0
20230924:2310,0.0,0.0,0.0,12.94,1.1,0.0
20230925:0010,0.0,0.0,0.0,12.79,1.1,0.0
20230925:0110,0.0,0.0,0.0,12.8,1.03,0.0
20230925:0210,0.0,0.0,0.0,12.76,1.03,0.0
20230925:0310,0.0,0.0,0.0,12.58,0.97,0.0
20230925:0410,0.0,0.0,0.0,12.21,1.03,0.0
20230925:0510,0.0,0.0,0.0,11.8,1.1,0.0
20230925:0610,34.16,49.23,8.98,9.6,1.17,0.0
20230925:0710,174.29,219.69,18.98,10.9,1.17,0.0
20230925:0810,262.58,308.64,28.13,14.03,0.9,0.0
20230925:0910,323.94,372.42,35.81,16.63,0.69,0.0
20230925:1010,356.56,408.72,41.15,17.97,0.48,0.0
20230925:1110,355.73,408.87,43.28,18.91,0.55,0.0
20230925:1210,327.63,381.22,41.73,19.55,0.9,0.0
20230925:1310,266.88,324.81,36.85,19.9,0.97,0.0
20230925:1410,183.92,245.08,29.49,19.98,0.9,0.0
20230925:1510,96.21,151.99,20.53,19.74,0.76,0.0
20230925:1610,40.04,57.75,10.63,19.23,0.48,0.0
20230925:1710,0.0,0.0,0.0,18.26,0.41,0.0
20230925:1810,0.0,0.0,0.0,17.89,0.41,0.0
20230925:1910,0.0,0.0,0.0,17.48,0.21,0.0
20230925:2010,0.0,0.0,0.0,16.86,0.69,0.0
20230925:2110,0.0,0.0,0.0,15.08,1.1,0.0
20230925:2210,0.0,0.0,0.0,14.41,1.17,0.0
20230925:2310,0.0,0.0,0.0,14.06,1.24,0.0
20230926:0010,0.0,0.0,0.0,13.44,1.38,0.0
20230926:0110,0.0,0.0,0.0,13.05,1.45,0.0
20230926:0210,0.0,0.0,0.0,12.94,1.38,0.0
20230926:0310,0.0,0.0,0.0,12.76,1.38,0.0
20230926:0410,0.0,0.0,0.0,12.25,1.52,0.0
20230926:0510,0.0,0.0,0.0,12.22,1.52,0.0
20230926:0610,33.75,49.23,8.76,12.0,1.45,0.0
20230926:0710,164.72,209.55,18.74,11.97,1.31,0.0
20230926:0810,251.57,299.0,27.86,15.36,0.9,0.0
20230926:0910,309.43,361.87,35.5,18.63,0.21,0.0
20230926:1010,342.19,396.71,40.79,20.11,0.62,0.0
20230926:1110,342.27,397.63,42.89,20.81,0.69,0.0
20230926:1210,313.78,370.38,41.33,21.34,0.76,0.0
20230926:1310,254.25,314.26,36.46,21.69,0.83,0.0
20230926:1410,173.62,236.02,29.12,21.7,0.9,0.0
20230926:1510,91.28,145.52,20.17,21.45,0.83,0.0
20230926:1610,40.56,58.7,10.29,20.83,0.69,0.0
20230926:1710,0.0,0.0,0.0,19.45,0.62,0.0
20230926:1810,0.0,0.0,0.0,19.27,0.28,0.0
20230926:1910,0.0,0.0,0.0,18.54,0.34,0.0
20230926:2010,0.0,0.0,0.0,18.03,0.62,0.0
20230926:2110,0.0,0.0,0.0,17.21,0.76,0.0
20230926:2210,0.0,0.0,0.0,16.14,0.83,0.0
20230926:2310,0.0,0.0,0.0,15.58,0.9,0.0
20230927:0010,0.0,0.0,0.0,15.2,0.97,0.0
20230927:0110,0.0,0.0,0.0,13.88,1.1,0.0
20230927:0210,0.0,0.0,0.0,12.57,1.31,0.0
20230927:0310,0.0,0.0,0.0,13.05,1.52,0.0
20230927:0410,0.0,0.0,0.0,12.61,1.52,0.0
20230927:0510,0.0,0.0,0.0,12.38,1.52,0.0
20230927:0610,34.48,50.18,8.53,12.74,1.45,0.0
20230927:0710,145.81,175.06,18.5,14.15,1.52,0.0
20230927:0810,242.79,289.37,27.59,16.91,1.17,0.0
20230927:0910,301.47,353.64,35.18,19.75,0.69,0.0
20230927:1010,331.04,388.2,40.44,21.14,0.21,0.0
20230927:1110,333.13,389.94,42.5,21.79,0.83,0.0
20230927:1210,307.47,363.63,40.93,22.15,1.03,0.0
20230927:1310,246.6,306.2,36.07,22.32,1.1,0.0
20230927:1410,167.32,229.01,28.74,22.34,1.03,0.0
20230927:1510,88.3,140.7,19.81,22.07,0.97,0.0
20230927:1610,38.75,56.8,9.94,21.48,0.76,0.0
20230927:1710,0.0,0.0,0.0,20.42,0.48,0.0
20230927:1810,0.0,0.0,0.0,19.22,0.76,0.0
20230927:1910,0.0,0.0,0.0,17.56,0.97,0.0
20230927:2010,0.0,0.0,0.0,16.84,1.03,0.0
20230927:2110,0.0,0.0,0.0,16.31,1.03,0.0
20230927:2210,0.0,0.0,0.0,15.82,1.17,0.0
20230927:2310,0.0,0.0,0.0,15.28,1.24,0.0
20230928:0010,0.0,0.0,0.0,14.88,1.31,0.0
20230928:0110,0.0,0.0,0.0,14.65,1.31,0.0
20230928:0210,0.0,0.0,0.0,14.55,1.31,0.0
20230928:0310,0.0,0.0,0.0,14.37,1.38,0.0
20230928:0410,0.0,0.0,0.0,14.37,1.38,0.0
20230928:0510,0.0,0.0,0.0,14.24,1.31,0.0
20230928:0610,31.63,47.34,8.31,14.41,1.24,0.0
20230928:0710,130.79,157.26,18.25,15.88,0.97,0.0
20230928:0810,233.25,284.38,27.32,18.47,0.41,0.0
20230928:0910,294.8,346.98,34.87,20.09,0.55,0.0
20230928:1010,329.32,380.52,40.08,20.89,0.9,0.0
20230928:1110,328.43,383.8,42.11,21.49,1.03,0.0
20230928:1210,303.77,358.59,40.53,21.91,1.03,0.0
20230928:1310,251.04,306.2,35.68,22.13,1.03,0.0
20230928:1410,163.09,223.21,28.37,22.07,0.97,0.0
20230928:1510,84.99,135.82,19.46,21.82,0.9,0.0
20230928:1610,39.64,57.75,9.59,21.21,0.69,0.0
20230928:1710,0.0,0.0,0.0,20.26,0.41,0.0
20230928:1810,0.0,0.0,0.0,19.8,0.34,0.0
20230928:1910,0.0,0.0,0.0,18.73,0.76,0.0
20230928:2010,0.0,0.0,0.0,17.37,0.97,0.0
20230928:2110,0.0,0.0,0.0,16.48,0.97,0.0
20230928:2210,0.0,0.0,0.0,15.91,0.97,0.0
20230928:2310,0.0,0.0,0.0,15.39,1.03,0.0
20230929:0010,0.0,0.0,0.0,13.16,1.17,0.0
20230929:0110,0.0,0.0,0.0,13.05,1.24,0.0
20230929:0210,0.0,0.0,0.0,13.46,1.45,0.0
20230929:0310,0.0,0.0,0.0,13.14,1.52,0.0
20230929:0410,0.0,0.0,0.0,13.0,1.52,0.0
20230929:0510,0.0,0.0,0.0,12.97,1.59,0.0
20230929:0610,30.2,45.44,8.08,12.81,1.66,0.0
20230929:0710,145.22,189.83,18.01,13.71,1.45,0.0
20230929:0810,229.54,277.95,27.04,16.25,1.1,0.0
20230929:0910,286.55,338.86,34.56,19.12,0.41,0.0
20230929:1010,317.45,373.18,39.73,20.83,0.55,0.0
20230929:1110,319.13,374.75,41.72,21.6,1.03,0.0
20230929:1210,292.39,348.21,40.13,21.97,1.24,0.0
20230929:1310,232.14,291.5,35.29,22.1,1.17,0.0
20230929:1410,153.79,214.77,28.0,22.04,0.97,0.0
20230929:1510,79.25,128.92,19.1,21.75,0.76,0.0
20230929:1610,37.12,54.91,9.25,21.17,0.48,0.0
20230929:1710,0.0,0.0,0.0,20.24,0.34,0.0
20230929:1810,0.0,0.0,0.0,19.7,0.28,0.0
20230929:1910,0.0,0.0,0.0,18.98,0.41,0.0
20230929:2010,0.0,0.0,0.0,18.52,0.62,0.0
20230929:2110,0.0,0.0,0.0,18.13,0.55,0.0
20230929:2210,0.0,0.0,0.0,17.83,0.48,0.0
20230929:2310,0.0,0.0,0.0,17.54,0.55,0.0
20230930:0010,0.0,0.0,0.0,17.23,0.62,0.0
20230930:0110,0.0,0.0,0.0,16.95,0.69,0.0
20230930:0210,0.0,0.0,0.0,16.97,0.62,0.0
20230930:0310,0.0,0.0,0.0,16.97,0.55,0.0
20230930:0410,0.0,0.0,0.0,15.34,0.69,0.0
20230930:0510,0.0,0.0,0.0,14.8,0.9,0.0
20230930:0610,33.25,49.23,7.85,14.8,1.03,0.0
20230930:0710,137.39,178.25,17.76,17.43,0.48,0.0
20230930:0810,207.02,241.25,26.77,19.62,0.21,0.0
20230930:0910,277.44,330.9,34.24,21.13,0.14,0.0
20230930:1010,308.72,365.01,39.37,21.77,0.76,0.0
20230930:1110,310.51,367.21,41.33,22.65,1.1,0.0
20230930:1210,282.87,340.41,39.73,22.96,1.24,0.0
20230930:1310,226.66,285.75,34.9,22.85,1.31,0.0
20230930:1410,151.55,210.46,27.63,22.74,1.17,0.0
20230930:1510,94.19,135.54,18.75,22.48,0.97,0.0
20230930:1610,40.36,58.7,8.91,21.79,0.62,0.0
20230930:1710,0.0,0.0,0.0,21.03,0.21,0.0
20230930:1810,0.0,0.0,0.0,20.07,0.55,0.0
20230930:1910,0.0,0.0,0.0,19.65,0.48,0.0
20230930:2010,0.0,0.0,0.0,19.08,0.55,0.0
20230930:2110,0.0,0.0,0.0,18.66,0.62,0.0
20230930:2210,0.0,0.0,0.0,17.9,0.76,0.0
20230930:2310,0.0,0.0,0.0,17.34,0.83,0.0
20231001:0010,0.0,0.0,0.0,16.61,0.9,0.0
20231001:0110,0.0,0.0,0.0,15.8,0.97,0.0
20231001:0210,0.0,0.0,0.0,15.43,1.03,0.0
20231001:0310,0.0,0.0,0.0,15.25,1.17,0.0
20231001:0410,0.0,0.0,0.0,15.2,1.17,0.0
20231001:0510,0.0,0.0,0.0,14.81,1.17,0.0
20231001:0610,30.73,46.39,7.62,14.74,1.17,0.0
20231001:0710,133.72,177.89,17.51,16.08,0.83,0.0
20231001:0810,214.62,265.13,26.49,18.04,0.62,0.0
20231001:0910,272.8,326.5,33.93,19.58,0.0,0.0
20231001:1010,304.31,359.53,39.02,20.74,0.62,0.0
20231001:1110,306.53,362.19,40.95,21.51,0.83,0.0
20231001:1210,287.65,340.67,39.34,21.68,0.83,0.0
20231001:1310,230.17,285.88,34.51,22.1,0.69,0.0
20231001:1410,143.69,203.53,27.26,22.02,0.69,0.0
20231001:1510,72.44,119.06,18.39,21.93,0.69,0.0
20231001:1610,36.26,53.96,8.57,21.32,0.55,0.0
20231001:1710,0.0,0.0,0.0,20.58,0.34,0.0
20231001:1810,0.0,0.0,0.0,20.17,0.14,0.0
20231001:1910,0.0,0.0,0.0,19.44,0.41,0.0
20231001:2010,0.0,0.0,0.0,18.52,0.69,0.0
20231001:2110,0.0,0.0,0.0,17.53,0.83,0.0
20231001:2210,0.0,0.0,0.0,16.99,0.83,0.0
20231001:2310,0.0,0.0,0.0,16.66,0.83,0.0
20231002:0010,0.0,0.0,0.0,15.68,0.9,0.0
20231002:0110,0.0,0.0,0.0,14.45,0.97,0.0
20231002:0210,0.0,0.0,0.0,14.75,1.1,0.0
20231002:0310,0.0,0.0,0.0,14.36,1.17,0.0
20231002:0410,0.0,0.0,0.0,14.22,1.17,0.0
20231002:0510,0.0,0.0,0.0,14.2,1.31,0.0
20231002:0610,29.99,45.44,7.39,14.1,1.31,0.0
20231002:0710,129.35,174.87,17.27,15.77,0.83,0.0
20231002:0810,208.4,261.39,26.21,18.47,0.55,0.0
20231002:0910,265.09,321.27,33.61,20.4,0.07,0.0
20231002:1010,296.01,353.89,38.66,21.36,0.48,0.0
20231002:1110,296.39,354.98,40.56,22.26,0.97,0.0
20231002:1210,270.21,328.95,38.94,22.75,1.1,0.0
20231002:1310,209.72,271.7,34.12,22.89,1.03,0.0
20231002:1410,133.28,195.36,26.89,22.89,0.9,0.0
20231002:1510,64.16,110.94,18.04,22.71,0.76,0.0
20231002:1610,33.64,51.12,8.23,22.06,0.69,0.0
20231002:1710,0.0,0.0,0.0,21.15,0.55,0.0
20231002:1810,0.0,0.0,0.0,20.63,0.0,0.0
20231002:1910,0.0,0.0,0.0,19.44,0.48,0.0
20231002:2010,0.0,0.0,0.0,18.45,0.76,0.0
20231002:2110,0.0,0.0,0.0,17.71,0.9,0.0
20231002:2210,0.0,0.0,0.0,17.22,0.9,0.0
20231002:2310,0.0,0.0,0.0,16.84,0.97,0.0
20231003:0010,0.0,0.0,0.0,15.66,0.97,0.0
20231003:0110,0.0,0.0,0.0,15.56,1.03,0.0
20231003:0210,0.0,0.0,0.0,15.42,1.1,0.0
20231003:0310,0.0,0.0,0.0,15.34,1.1,0.0
20231003:0410,0.0,0.0,0.0,15.17,1.03,0.0
20231003:0510,0.0,0.0,0.0,15.1,1.1,0.0
20231003:0610,29.0,44.5,7.16,15.06,1.17,0.0
20231003:0710,126.31,161.21,17.02,15.38,1.1,0.0
20231003:0810,208.41,252.19,25.93,16.84,0.97,0.0
20231003:0910,263.17,314.51,33.29,19.41,0.48,0.0
20231003:1010,294.16,347.94,38.3,20.86,0.34,0.0
20231003:1110,296.1,351.25,40.17,21.65,0.76,0.0
20231003:1210,269.12,325.0,38.55,22.06,0.97,0.0
20231003:1310,217.86,273.48,33.74,22.32,1.1,0.0
20231003:1410,143.17,198.24,26.52,22.26,1.03,0.0
20231003:1510,70.46,91.83,17.69,22.13,0.76,0.0
20231003:1610,32.08,49.23,7.89,21.6,0.62,0.0
20231003:1710,0.0,0.0,0.0,20.66,0.48,0.0
20231003:1810,0.0,0.0,0.0,20.13,0.34,0.0
20231003:1910,0.0,0.0,0.0,19.25,0.34,0.0
20231003:2010,0.0,0.0,0.0,18.86,0.55,0.0
20231003:2110,0.0,0.0,0.0,18.61,0.34,0.0
20231003:2210,0.0,0.0,0.0,18.37,0.48,0.0
20231003:2310,0.0,0.0,0.0,18.17,0.48,0.0
20231004:0010,0.0,0.0,0.0,18.0,0.48,0.0
20231004:0110,0.0,0.0,0.0,17.85,0.62,0.0
20231004:0210,0.0,0.0,0.0,17.7,0.83,0.0
20231004:0310,0.0,0.0,0.0,16.91,1.03,0.0
20231004:0410,0.0,0.0,0.0,16.25,1.1,0.0
20231004:0510,0.0,0.0,0.0,15.66,1.24,0.0
20231004:0610,25.64,40.71,6.93,15.38,1.31,0.0
20231004:0710,117.81,165.67,16.77,15.86,0.83,0.0
20231004:0810,196.0,249.16,25.65,18.61,0.55,0.0
20231004:0910,226.57,257.34,32.98,20.1,0.62,0.0
20231004:1010,292.16,343.97,37.94,20.82,0.9,0.0
20231004:1110,284.57,319.72,39.79,20.89,1.24,0.0
20231004:1210,229.71,259.2,38.15,21.05,1.59,0.0
20231004:1310,240.57,283.51,33.35,20.67,1.59,0.0
20231004:1410,170.66,211.47,26.15,20.25,1.59,0.0
20231004:1510,103.89,125.91,17.34,19.56,1.38,0.0
20231004:1610,32.54,49.23,7.55,18.97,1.03,0.0
20231004:1710,0.0,0.0,0.0,18.24,0.55,0.0
20231004:1810,0.0,0.0,0.0,18.1,0.07,0.0
20231004:1910,0.0,0.0,0.0,17.6,0.62,0.0
20231004:2010,0.0,0.0,0.0,16.87,0.69,0.0
20231004:2110,0.0,0.0,0.0,16.65,0.62,0.0
20231004:2210,0.0,0.0,0.0,16.32,0.69,0.0
20231004:2310,0.0,0.0,0.0,16.21,0.83,0.0
20231005:0010,0.0,0.0,0.0,16.13,0.76,0.0
20231005:0110,0.0,0.0,0.0,16.08,0.62,0.0
20231005:0210,0.0,0.0,0.0,16.05,0.62,0.0
20231005:0310,0.0,0.0,0.0,15.94,0.55,0.0
20231005:0410,0.0,0.0,0.0,16.14,0.28,0.0
20231005:0510,0.0,0.0,0.0,16.11,0.21,0.0
20231005:0610,21.49,35.97,6.7,15.97,0.41,0.0
20231005:0710,85.27,106.51,16.51,16.3,0.21,0.0
20231005:0810,195.91,228.56,25.37,16.8,0.34,0.0
20231005:0910,257.64,304.32,32.66,17.87,0.41,0.0
20231005:1010,295.81,334.21,37.59,18.5,0.55,0.0
20231005:1110,295.7,343.97,39.4,18.76,0.76,0.0
20231005:1210,266.25,317.22,37.76,19.42,0.83,0.0
20231005:1310,210.34,263.39,32.97,20.12,0.83,0.0
20231005:1410,128.61,183.59,25.79,20.31,1.03,0.0
20231005:1510,72.11,92.78,16.99,20.09,0.97,0.0
20231005:1610,29.96,46.39,7.21,19.47,0.83,0.0
20231005:1710,0.0,0.0,0.0,18.56,0.62,0.0
20231005:1810,0.0,0.0,0.0,18.23,0.28,0.0
20231005:1910,0.0,0.0,0.0,18.09,0.28,0.0
20231005:2010,0.0,0.0,0.0,17.66,0.48,0.0
20231005:2110,0.0,0.0,0.0,17.24,0.55,0.0
20231005:2210,0.0,0.0,0.0,16.96,0.48,0.0
20231005:2310,0.0,0.0,0.0,16.77,0.55,0.0
20231006:0010,0.0,0.0,0.0,16.63,0.55,0.0
20231006:0110,0.0,0.0,0.0,16.51,0.55,0.0
20231006:0210,0.0,0.0,0.0,15.93,0.69,0.0
20231006:0310,0.0,0.0,0.0,14.82,0.76,0.0
20231006:0410,0.0,0.0,0.0,13.65,0.9,0.0
20231006:0510,0.0,0.0,0.0,13.92,0.9,0.0
20231006:0610,25.03,39.76,6.47,13.7,0.9,0.0
20231006:0710,115.97,146.78,16.26,13.58,1.03,0.0
20231006:0810,165.83,189.77,25.09,15.85,0.76,0.0
20231006:0910,129.95,152.39,32.34,17.91,0.34,0.0
20231006:1010,128.42,151.42,37.23,19.21,0.83,0.0
20231006:1110,272.86,306.15,39.02,20.08,0.97,0.0
20231006:1210,276.31,323.13,37.37,20.56,1.03,0.0
20231006:1310,208.11,261.27,32.59,20.69,0.97,0.0
20231006:1410,130.88,183.75,25.43,20.66,0.9,0.0
20231006:1510,81.77,103.19,16.65,20.36,0.76,0.0
20231006:1610,27.45,43.55,6.88,19.78,0.48,0.0
20231006:1710,0.0,0.0,0.0,18.92,0.41,0.0
20231006:1810,0.0,0.0,0.0,18.57,0.41,0.0
20231006:1910,0.0,0.0,0.0,18.0,0.55,0.0
20231006:2010,0.0,0.0,0.0,17.37,0.55,0.0
20231006:2110,0.0,0.0,0.0,16.7,0.62,0.0
20231006:2210,0.0,0.0,0.0,15.82,0.76,0.0
20231006:2310,0.0,0.0,0.0,15.43,0.76,0.0
20231007:0010,0.0,0.0,0.0,14.09,0.83,0.0
20231007:0110,0.0,0.0,0.0,13.19,0.9,0.0
20231007:0210,0.0,0.0,0.0,13.32,1.1,0.0
20231007:0310,0.0,0.0,0.0,13.2,1.24,0.0
20231007:0410,0.0,0.0,0.0,12.95,1.31,0.0
20231007:0510,0.0,0.0,0.0,12.7,1.31,0.0
20231007:0610,22.7,36.92,6.23,12.71,1.31,0.0
20231007:0710,105.35,154.36,16.01,14.31,0.9,0.0
20231007:0810,181.88,236.69,24.81,16.87,0.41,0.0
20231007:0910,238.69,295.62,32.02,18.91,0.28,0.0
20231007:1010,269.39,326.67,36.87,20.14,0.76,0.0
20231007:1110,269.35,328.02,38.63,21.01,0.9,0.0
20231007:1210,237.85,298.92,36.98,21.67,0.9,0.0
20231007:1310,176.09,240.83,32.21,22.1,0.83,0.0
20231007:1410,104.32,165.43,25.06,22.29,0.9,0.0
20231007:1510,60.03,80.47,16.3,21.99,0.83,0.0
20231007:1610,24.03,39.76,6.55,21.32,0.62,0.0
20231007:1710,0.0,0.0,0.0,20.58,0.21,0.0
20231007:1810,0.0,0.0,0.0,19.81,0.55,0.0
20231007:1910,0.0,0.0,0.0,18.24,1.03,0.0
20231007:2010,0.0,0.0,0.0,17.4,1.17,0.0
20231007:2110,0.0,0.0,0.0,16.52,1.31,0.0
20231007:2210,0.0,0.0,0.0,16.05,1.38,0.0
20231007:2310,0.0,0.0,0.0,15.74,1.45,0.0
20231008:0010,0.0,0.0,0.0,15.43,1.45,0.0
20231008:0110,0.0,0.0,0.0,15.06,1.52,0.0
20231008:0210,0.0,0.0,0.0,14.72,1.59,0.0
20231008:0310,0.0,0.0,0.0,14.47,1.66,0.0
20231008:0410,0.0,0.0,0.0,14.11,1.72,0.0
20231008:0510,0.0,0.0,0.0,13.83,1.79,0.0
20231008:0610,20.97,35.03,6.0,13.7,1.79,0.0
20231008:0710,102.77,148.38,15.75,14.99,1.59,0.0
20231008:0810,175.62,230.71,24.52,19.35,1.24,0.0
20231008:0910,229.9,288.45,31.7,21.66,1.03,0.0
20231008:1010,258.63,319.87,36.51,23.92,0.83,0.0
20231008:1110,255.06,320.28,38.25,25.59,0.55,0.0
20231008:1210,226.82,292.93,36.59,26.53,0.55,0.0
20231008:1310,165.68,234.01,31.83,27.06,0.69,0.0
20231008:1410,104.62,164.57,24.7,27.1,0.69,0.0
20231008:1510,81.82,106.03,15.96,26.56,0.62,0.0
20231008:1610,23.59,39.76,6.22,24.77,0.62,0.0
20231008:1710,0.0,0.0,0.0,22.76,0.97,0.0
20231008:1810,0.0,0.0,0.0,20.92,1.38,0.0
20231008:1910,0.0,0.0,0.0,19.05,1.59,0.0
20231008:2010,0.0,0.0,0.0,18.14,1.72,0.0
20231008:2110,0.0,0.0,0.0,17.38,1.79,0.0
20231008:2210,0.0,0.0,0.0,16.7,1.86,0.0
20231008:2310,0.0,0.0,0.0,16.11,1.93,0.0
20231009:0010,0.0,0.0,0.0,15.57,1.93,0.0
20231009:0110,0.0,0.0,0.0,15.04,1.86,0.0
20231009:0210,0.0,0.0,0.0,14.55,1.86,0.0
20231009:0310,0.0,0.0,0.0,13.93,1.93,0.0
20231009:0410,0.0,0.0,0.0,13.53,1.93,0.0
20231009:0510,0.0,0.0,0.0,13.26,1.93,0.0
20231009:0610,21.03,35.03,5.76,13.14,1.86,0.0
20231009:0710,97.78,143.96,15.5,14.9,1.45,0.0
20231009:0810,169.77,225.58,24.24,19.28,0.97,0.0
20231009:0910,223.97,284.06,31.38,22.02,0.62,0.0
20231009:1010,251.35,314.61,36.16,24.08,0.34,0.0
20231009:1110,252.09,316.75,37.87,25.33,0.48,0.0
20231009:1210,221.98,287.56,36.2,25.85,0.69,0.0
20231009:1310,166.18,232.19,31.46,26.07,0.83,0.0
20231009:1410,93.79,154.76,24.35,25.91,0.83,0.0
20231009:1510,83.24,106.98,15.62,25.29,0.69,0.0
20231009:1610,21.37,36.92,5.89,23.83,0.48,0.0
20231009:1710,0.0,0.0,0.0,23.43,0.21,0.0
20231009:1810,0.0,0.0,0.0,22.27,0.69,0.0
20231009:1910,0.0,0.0,0.0,21.19,0.83,0.0
20231009:2010,0.0,0.0,0.0,20.39,0.83,0.0
20231009:2110,0.0,0.0,0.0,19.4,0.97,0.0
20231009:2210,0.0,0.0,0.0,18.31,1.1,0.0
20231009:2310,0.0,0.0,0.0,17.41,1.24,0.0
20231010:0010,0.0,0.0,0.0,16.6,1.45,0.0
20231010:0110,0.0,0.0,0.0,15.94,1.59,0.0
20231010:0210,0.0,0.0,0.0,15.38,1.59,0.0
20231010:0310,0.0,0.0,0.0,14.88,1.59,0.0
20231010:0410,0.0,0.0,0.0,14.55,1.59,0.0
20231010:0510,0.0,0.0,0.0,14.49,1.52,0.0
20231010:0610,18.51,32.19,5.52,14.28,1.59,0.0
20231010:0710,91.69,139.16,15.24,15.18,1.31,0.0
20231010:0810,162.64,219.61,23.95,18.82,0.69,0.0
20231010:0910,217.99,277.65,31.06,21.06,0.34,0.0
20231010:1010,245.16,307.69,35.8,22.87,0.28,0.0
20231010:1110,248.39,310.68,37.49,23.96,0.69,0.0
20231010:1210,218.97,282.56,35.82,24.49,0.83,0.0
20231010:1310,174.73,234.68,31.08,24.62,0.97,0.0
20231010:1410,91.09,149.79,23.99,24.35,0.97,0.0
20231010:1510,77.75,100.35,15.28,23.77,0.76,0.0
20231010:1610,16.17,30.29,5.57,22.6,0.55,0.0
20231010:1710,0.0,0.0,0.0,21.95,0.41,0.0
20231010:1810,0.0,0.0,0.0,20.68,0.62,0.0
20231010:1910,0.0,0.0,0.0,20.51,0.48,0.0
20231010:2010,0.0,0.0,0.0,19.68,0.28,0.0
20231010:2110,0.0,0.0,0.0,18.9,0.21,0.0
20231010:2210,0.0,0.0,0.0,18.34,0.41,0.0
20231010:2310,0.0,0.0,0.0,17.8,0.62,0.0
20231011:0010,0.0,0.0,0.0,17.32,0.76,0.0
20231011:0110,0.0,0.0,0.0,15.37,1.03,0.0
20231011:0210,0.0,0.0,0.0,12.94,1.1,0.0
20231011:0310,0.0,0.0,0.0,13.3,1.17,0.0
20231011:0410,0.0,0.0,0.0,13.14,1.17,0.0
20231011:0510,0.0,0.0,0.0,12.93,1.17,0.0
20231011:0610,17.86,31.24,5.29,12.76,1.1,0.0
20231011:0710,92.64,132.66,14.98,13.52,0.97,0.0
20231011:0810,170.8,215.0,23.67,16.03,0.69,0.0
20231011:0910,216.99,271.2,30.73,18.76,0.07,0.0
20231011:1010,244.29,301.06,35.45,20.19,0.41,0.0
20231011:1110,243.71,301.9,37.11,21.05,0.76,0.0
20231011:1210,209.45,270.8,35.43,21.56,0.97,0.0
20231011:1310,154.3,216.49,30.71,21.82,0.97,0.0
20231011:1410,89.66,144.87,23.64,21.84,1.1,0.0
20231011:1510,60.21,80.47,14.95,21.48,1.03,0.0
20231011:1610,17.86,32.19,5.25,20.72,0.83,0.0
20231011:1710,0.0,0.0,0.0,19.54,0.69,0.0
20231011:1810,0.0,0.0,0.0,19.4,0.34,0.0
20231011:1910,0.0,0.0,0.0,18.55,0.34,0.0
20231011:2010,0.0,0.0,0.0,17.57,0.62,0.0
20231011:2110,0.0,0.0,0.0,16.95,0.69,0.0
20231011:2210,0.0,0.0,0.0,16.45,0.76,0.0
20231011:2310,0.0,0.0,0.0,16.27,0.69,0.0
20231012:0010,0.0,0.0,0.0,15.88,0.76,0.0
20231012:0110,0.0,0.0,0.0,14.81,0.9,0.0
20231012:0210,0.0,0.0,0.0,14.62,0.97,0.0
20231012:0310,0.0,0.0,0.0,14.3,1.03,0.0
20231012:0410,0.0,0.0,0.0,13.98,1.03,0.0
20231012:0510,0.0,0.0,0.0,14.21,0.97,0.0
20231012:0610,4.76,14.2,5.05,14.01,0.9,0.0
20231012:0710,68.53,88.01,14.73,15.15,0.9,0.0
20231012:0810,162.97,190.06,23.38,16.69,0.62,0.0
20231012:0910,224.8,271.96,30.41,17.98,0.14,0.0
20231012:1010,248.37,300.98,35.09,19.28,0.62,0.0
20231012:1110,269.49,316.43,36.73,20.13,0.76,0.0
20231012:1210,213.01,271.17,35.05,20.62,0.83,0.0
20231012:1310,166.24,222.76,30.34,21.06,0.83,0.0
20231012:1410,100.15,150.39,23.29,21.22,0.76,0.0
20231012:1510,82.39,104.14,14.62,21.02,0.76,0.0
20231012:1610,14.13,27.45,4.93,20.36,0.62,0.0
20231012:1710,0.0,0.0,0.0,19.69,0.34,0.0
20231012:1810,0.0,0.0,0.0,18.97,0.41,0.0
20231012:1910,0.0,0.0,0.0,17.86,0.55,0.0
20231012:2010,0.0,0.0,0.0,17.0,0.69,0.0
20231012:2110,0.0,0.0,0.0,16.32,0.76,0.0
20231012:2210,0.0,0.0,0.0,16.03,0.76,0.0
20231012:2310,0.0,0.0,0.0,16.07,0.76,0.0
20231013:0010,0.0,0.0,0.0,14.93,0.83,0.0
20231013:0110,0.0,0.0,0.0,13.94,0.76,0.0
20231013:0210,0.0,0.0,0.0,13.79,0.76,0.0
20231013:0310,0.0,0.0,0.0,13.85,0.9,0.0
20231013:0410,0.0,0.0,0.0,13.73,0.97,0.0
20231013:0510,0.0,0.0,0.0,13.7,0.97,0.0
20231013:0610,10.19,21.77,4.81,13.86,0.97,0.0
20231013:0710,67.75,86.96,14.47,14.4,0.69,0.0
20231013:0810,139.83,162.93,23.1,16.12,0.55,0.0
20231013:0910,219.47,249.97,30.09,17.54,0.34,0.0
20231013:1010,229.54,258.5,34.74,18.27,0.28,0.0
20231013:1110,259.09,292.34,36.36,19.18,0.62,0.0
20231013:1210,216.53,245.01,34.67,19.48,0.83,0.0
20231013:1310,190.1,218.18,29.98,19.63,0.97,0.0
20231013:1410,118.5,142.09,22.94,19.9,1.03,0.0
20231013:1510,78.6,99.4,14.29,19.45,0.97,0.0
20231013:1610,14.24,27.45,4.61,18.92,0.55,0.0
20231013:1710,0.0,0.0,0.0,18.57,0.07,0.0
20231013:1810,0.0,0.0,0.0,18.1,0.34,0.0
20231013:1910,0.0,0.0,0.0,16.6,0.83,0.0
20231013:2010,0.0,0.0,0.0,16.52,0.83,0.0
20231013:2110,0.0,0.0,0.0,16.55,0.76,0.0
20231013:2210,0.0,0.0,0.0,17.1,0.48,0.0
20231013:2310,0.0,0.0,0.0,16.9,0.34,0.0
20231014:0010,0.0,0.0,0.0,16.68,0.28,0.0
20231014:0110,0.0,0.0,0.0,16.5,0.28,0.0
20231014:0210,0.0,0.0,0.0,16.35,0.21,0.0
20231014:0310,0.0,0.0,0.0,16.22,0.14,0.0
20231014:0410,0.0,0.0,0.0,16.14,0.07,0.0
20231014:0510,0.0,0.0,0.0,16.02,0.07,0.0
20231014:0610,0.0,4.73,4.57,15.95,0.14,0.0
20231014:0710,24.01,38.82,14.21,15.24,0.21,0.0
20231014:0810,161.36,200.2,22.81,15.97,0.14,0.0
20231014:0910,223.95,261.48,29.77,16.71,0.21,0.0
20231014:1010,258.66,297.37,34.38,17.57,0.14,0.0
20231014:1110,236.23,265.72,35.98,18.26,0.28,0.0
20231014:1210,246.79,282.17,34.3,18.61,0.48,0.0
20231014:1310,196.85,226.74,29.61,19.26,0.76,0.0
20231014:1410,142.7,171.65,22.6,19.21,0.83,0.0
20231014:1510,67.17,87.1,13.96,18.8,0.55,0.0
20231014:1610,12.08,24.61,4.3,18.31,0.41,0.0
20231014:1710,0.0,0.0,0.0,17.44,0.76,0.0
20231014:1810,0.0,0.0,0.0,16.78,0.69,0.0
20231014:1910,0.0,0.0,0.0,16.05,0.83,0.0
20231014:2010,0.0,0.0,0.0,15.72,0.9,0.0
20231014:2110,0.0,0.0,0.0,15.18,1.03,0.0
20231014:2210,0.0,0.0,0.0,14.7,1.17,0.0
20231014:2310,0.0,0.0,0.0,14.2,1.24,0.0
20231015:0010,0.0,0.0,0.0,13.61,1.38,0.0
20231015:0110,0.0,0.0,0.0,13.16,1.52,0.0
20231015:0210,0.0,0.0,0.0,12.27,1.79,0.0
20231015:0310,0.0,0.0,0.0,11.58,2.0,0.0
20231015:0410,0.0,0.0,0.0,11.14,2.14,0.0
20231015:0510,0.0,0.0,0.0,10.74,2.21,0.0
20231015:0610,9.68,20.83,4.33,10.27,2.34,0.0
20231015:0710,84.44,119.37,13.95,12.56,2.48,0.0
20231015:0810,156.73,200.4,22.52,14.81,2.76,0.0
20231015:0910,224.56,263.77,29.45,15.72,3.31,0.0
20231015:1010,268.18,299.8,34.03,16.59,3.52,0.0
20231015:1110,264.67,291.58,35.61,17.12,3.79,0.0
20231015:1210,215.56,265.96,33.92,17.34,3.45,0.0
20231015:1310,187.9,230.61,29.25,17.34,3.24,0.0
20231015:1410,124.93,161.58,22.25,17.33,3.03,0.0
20231015:1510,70.75,89.94,13.64,16.93,2.62,0.0
20231015:1610,1.81,9.47,3.99,16.16,2.48,0.0
20231015:1710,0.0,0.0,0.0,14.86,1.66,0.0
20231015:1810,0.0,0.0,0.0,14.44,0.83,0.0
20231015:1910,0.0,0.0,0.0,12.96,2.28,0.0
20231015:2010,0.0,0.0,0.0,11.49,1.59,0.0
20231015:2110,0.0,0.0,0.0,12.94,0.9,0.0
20231015:2210,0.0,0.0,0.0,12.85,0.62,0.0
20231015:2310,0.0,0.0,0.0,12.47,0.34,0.0
20231016:0010,0.0,0.0,0.0,12.14,0.21,0.0
20231016:0110,0.0,0.0,0.0,12.0,0.21,0.0
20231016:0210,0.0,0.0,0.0,11.94,0.07,0.0
20231016:0310,0.0,0.0,0.0,11.82,0.28,0.0
20231016:0410,0.0,0.0,0.0,11.37,0.21,0.0
20231016:0510,0.0,0.0,0.0,10.97,0.28,0.0
20231016:0610,6.84,17.04,4.09,10.66,0.69,0.0
20231016:0710,55.4,71.95,13.69,10.39,0.9,0.0
20231016:0810,83.79,100.94,22.23,10.22,0.97,0.0
20231016:0910,223.78,246.62,29.13,10.36,1.03,0.0
20231016:1010,259.16,282.2,33.68,10.81,0.97,0.0
20231016:1110,276.08,303.62,35.24,11.14,0.83,0.0
20231016:1210,247.61,272.23,33.55,11.87,0.48,0.0
20231016:1310,208.52,234.42,28.89,11.98,0.21,0.0
20231016:1410,144.56,168.93,21.91,12.37,0.07,0.0
20231016:1510,77.65,95.62,13.32,12.19,0.28,0.0
20231016:1610,10.3,21.77,3.68,12.01,0.34,0.0
20231016:1710,0.0,0.0,0.0,11.49,0.41,0.0
20231016:1810,0.0,0.0,0.0,11.48,0.48,0.0
20231016:1910,0.0,0.0,0.0,10.08,0.76,0.0
20231016:2010,0.0,0.0,0.0,9.99,0.76,0.0
20231016:2110,0.0,0.0,0.0,10.7,0.62,0.0
20231016:2210,0.0,0.0,0.0,10.53,0.41,0.0
20231016:2310,0.0,0.0,0.0,10.43,0.21,0.0
20231017:0010,0.0,0.0,0.0,10.35,0.28,0.0
20231017:0110,0.0,0.0,0.0,10.25,0.34,0.0
20231017:0210,0.0,0.0,0.0,10.03,0.55,0.0
20231017:0310,0.0,0.0,0.0,9.52,0.76,0.0
20231017:0410,0.0,0.0,0.0,9.14,0.83,0.0
20231017:0510,0.0,0.0,0.0,8.92,0.83,0.0
20231017:0610,9.8,20.83,3.85,8.03,0.9,0.0
20231017:0710,51.18,67.22,13.43,9.07,0.69,0.0
20231017:0810,140.03,186.16,21.94,10.66,0.41,0.0
20231017:0910,210.48,250.86,28.81,11.67,0.0,0.0
20231017:1010,217.69,238.92,33.33,12.36,0.48,0.0
20231017:1110,252.41,277.29,34.87,13.33,0.76,0.0
20231017:1210,232.43,256.87,33.18,13.83,0.83,0.0
20231017:1310,203.28,232.74,28.54,13.98,0.83,0.0
20231017:1410,126.82,158.02,21.58,14.1,0.69,0.0
20231017:1510,73.43,91.83,13.0,13.91,0.83,0.0
20231017:1610,7.42,17.99,3.38,13.19,1.1,0.0
20231017:1710,0.0,0.0,0.0,11.91,1.03,0.0
20231017:1810,0.0,0.0,0.0,11.85,0.69,0.0
20231017:1910,0.0,0.0,0.0,11.02,0.21,0.0
20231017:2010,0.0,0.0,0.0,10.87,0.48,0.0
20231017:2110,0.0,0.0,0.0,10.78,0.48,0.0
20231017:2210,0.0,0.0,0.0,10.7,0.34,0.0
20231017:2310,0.0,0.0,0.0,10.58,0.21,0.0
20231018:0010,0.0,0.0,0.0,10.5,0.34,0.0
20231018:0110,0.0,0.0,0.0,10.46,0.55,0.0
20231018:0210,0.0,0.0,0.0,10.44,0.62,0.0
20231018:0310,0.0,0.0,0.0,10.48,0.48,0.0
20231018:0410,0.0,0.0,0.0,10.51,0.34,0.0
20231018:0510,0.0,0.0,0.0,10.5,0.34,0.0
20231018:0610,8.95,19.88,3.61,10.33,0.55,0.0
20231018:0710,62.85,79.52,13.17,9.88,0.69,0.0
20231018:0810,53.23,69.88,21.66,10.96,0.48,0.0
20231018:0910,53.04,69.88,28.49,11.65,0.41,0.0
20231018:1010,46.58,63.09,32.98,11.79,0.34,0.0
20231018:1110,42.88,59.21,34.51,12.04,0.21,0.0
20231018:1210,31.33,46.59,32.82,11.91,0.28,0.0
20231018:1310,71.71,89.3,28.18,11.74,0.48,0.0
20231018:1410,33.15,48.53,21.24,11.58,0.41,0.0
20231018:1510,14.85,27.45,12.68,11.37,0.34,0.0
20231018:1610,0.0,2.84,3.08,11.24,0.48,0.0
20231018:1710,0.0,0.0,0.0,11.08,0.41,0.0
20231018:1810,0.0,0.0,0.0,10.88,0.34,0.0
20231018:1910,0.0,0.0,0.0,10.5,0.07,0.0
20231018:2010,0.0,0.0,0.0,10.62,0.14,0.0
20231018:2110,0.0,0.0,0.0,10.59,0.21,0.0
20231018:2210,0.0,0.0,0.0,10.67,0.21,0.0
20231018:2310,0.0,0.0,0.0,10.79,0.48,0.0
20231019:0010,0.0,0.0,0.0,10.69,0.48,0.0
20231019:0110,0.0,0.0,0.0,10.88,0.41,0.0
20231019:0210,0.0,0.0,0.0,11.04,0.55,0.0
20231019:0310,0.0,0.0,0.0,10.92,0.48,0.0
20231019:0410,0.0,0.0,0.0,10.96,0.41,0.0
20231019:0510,0.0,0.0,0.0,10.94,0.55,0.0
20231019:0610,0.0,3.79,3.36,10.81,0.55,0.0
20231019:0710,21.25,35.03,12.91,10.92,0.14,0.0
20231019:0810,64.28,81.53,21.37,11.3,0.14,0.0
20231019:0910,24.49,38.82,28.17,11.47,0.28,0.0
20231019:1010,30.47,45.62,32.64,11.85,0.21,0.0
20231019:1110,74.34,92.21,34.14,12.16,0.21,0.0
20231019:1210,45.55,62.12,32.45,12.3,0.41,0.0
20231019:1310,32.16,47.56,27.83,12.23,0.41,0.0
20231019:1410,48.3,65.03,20.91,12.29,0.55,0.0
20231019:1510,16.35,29.35,12.37,12.06,0.41,0.0
20231019:1610,0.0,4.73,2.78,11.93,0.55,0.0
20231019:1710,0.0,0.0,0.0,11.71,0.55,0.0
20231019:1810,0.0,0.0,0.0,11.59,0.28,0.0
20231019:1910,0.0,0.0,0.0,11.47,0.14,0.0
20231019:2010,0.0,0.0,0.0,11.53,0.14,0.0
20231019:2110,0.0,0.0,0.0,11.68,0.21,0.0
20231019:2210,0.0,0.0,0.0,11.77,0.69,0.0
20231019:2310,0.0,0.0,0.0,11.74,0.83,0.0
20231020:0010,0.0,0.0,0.0,11.86,0.97,0.0
20231020:0110,0.0,0.0,0.0,11.92,0.55,0.0
20231020:0210,0.0,0.0,0.0,12.01,0.76,0.0
20231020:0310,0.0,0.0,0.0,11.89,0.69,0.0
20231020:0410,0.0,0.0,0.0,11.72,0.62,0.0
20231020:0510,0.0,0.0,0.0,11.78,1.03,0.0
20231020:0610,0.0,1.89,3.12,11.95,1.66,0.0
20231020:0710,7.45,17.99,12.64,12.48,2.07,0.0
20231020:0810,27.72,42.71,21.08,13.23,2.41,0.0
20231020:0910,31.94,47.56,27.85,14.04,3.17,0.0
20231020:1010,47.06,64.06,32.29,14.29,3.31,0.0
20231020:1110,53.35,70.86,33.78,14.64,3.1,0.0
20231020:1210,29.25,44.65,32.09,14.56,3.03,0.0
20231020:1310,42.41,59.21,27.49,14.74,2.55,0.0
20231020:1410,14.37,27.18,20.59,14.78,2.07,0.0
20231020:1510,4.73,14.2,12.07,14.76,2.0,0.0
20231020:1610,0.0,2.84,2.49,13.96,1.72,0.0
20231020:1710,0.0,0.0,0.0,13.11,1.31,0.0
20231020:1810,0.0,0.0,0.0,12.94,1.24,0.0
20231020:1910,0.0,0.0,0.0,12.1,0.9,0.0
20231020:2010,0.0,0.0,0.0,12.04,0.9,0.0
20231020:2110,0.0,0.0,0.0,12.3,0.97,0.0
20231020:2210,0.0,0.0,0.0,12.42,0.9,0.0
20231020:2310,0.0,0.0,0.0,12.44,0.97,0.0
20231021:0010,0.0,0.0,0.0,12.25,1.17,0.0
20231021:0110,0.0,0.0,0.0,12.21,1.17,0.0
20231021:0210,0.0,0.0,0.0,12.19,1.1,0.0
20231021:0310,0.0,0.0,0.0,12.23,1.03,0.0
20231021:0410,0.0,0.0,0.0,12.23,0.97,0.0
20231021:0510,0.0,0.0,0.0,12.34,0.83,0.0
20231021:0610,2.42,10.41,2.88,12.28,1.03,0.0
20231021:0710,40.54,56.8,12.38,12.68,0.69,0.0
20231021:0810,57.11,74.74,20.79,13.73,0.69,0.0
20231021:0910,60.71,78.62,27.54,14.09,0.9,0.0
20231021:1010,154.96,175.26,31.95,14.46,1.24,0.0
20231021:1110,82.78,101.92,33.42,15.25,1.52,0.0
20231021:1210,215.42,239.39,31.73,14.34,1.31,0.0
20231021:1310,39.64,56.3,27.14,15.07,1.72,0.0
20231021:1410,104.09,123.91,20.27,14.52,1.52,0.0
20231021:1510,4.13,13.25,11.76,14.11,0.97,0.0
20231021:1610,0.41,6.63,2.2,13.55,0.62,0.0
20231021:1710,0.0,0.0,0.0,12.51,0.9,0.0
20231021:1810,0.0,0.0,0.0,12.55,0.69,0.0
20231021:1910,0.0,0.0,0.0,12.23,0.55,0.0
20231021:2010,0.0,0.0,0.0,11.82,0.69,0.0
20231021:2110,0.0,0.0,0.0,11.7,0.69,0.0
20231021:2210,0.0,0.0,0.0,11.91,0.55,0.0
20231021:2310,0.0,0.0,0.0,11.92,0.41,0.0
20231022:0010,0.0,0.0,0.0,12.05,0.41,0.0
20231022:0110,0.0,0.0,0.0,12.02,0.34,0.0
20231022:0210,0.0,0.0,0.0,12.1,0.21,0.0
20231022:0310,0.0,0.0,0.0,11.88,0.48,0.0
20231022:0410,0.0,0.0,0.0,11.88,0.48,0.0
20231022:0510,0.0,0.0,0.0,11.57,0.48,0.0
20231022:0610,4.22,13.25,2.64,11.0,0.83,0.0
20231022:0710,65.5,82.36,12.12,10.24,0.69,0.0
20231022:0810,118.89,163.13,20.51,12.22,0.69,0.0
20231022:0910,200.73,229.12,27.22,13.33,0.34,0.0
20231022:1010,181.86,203.59,31.61,14.35,0.41,0.0
20231022:1110,236.4,274.88,33.07,14.94,0.48,0.0
20231022:1210,195.74,240.66,31.38,15.4,0.41,0.0
20231022:1310,169.08,205.27,26.81,15.62,0.83,0.0
20231022:1410,116.77,143.22,19.95,15.65,1.03,0.0
20231022:1510,61.22,79.52,11.46,15.21,0.83,0.0
20231022:1610,0.0,5.68,1.92,14.59,0.55,0.0
20231022:1710,0.0,0.0,0.0,14.18,0.34,0.0
20231022:1810,0.0,0.0,0.0,13.23,0.48,0.0
20231022:1910,0.0,0.0,0.0,13.26,0.69,0.0
20231022:2010,0.0,0.0,0.0,13.07,0.76,0.0
20231022:2110,0.0,0.0,0.0,12.85,0.76,0.0
20231022:2210,0.0,0.0,0.0,12.51,0.83,0.0
20231022:2310,0.0,0.0,0.0,12.06,0.97,0.0
20231023:0010,0.0,0.0,0.0,11.94,0.97,0.0
20231023:0110,0.0,0.0,0.0,11.92,0.83,0.0
20231023:0210,0.0,0.0,0.0,11.66,0.9,0.0
20231023:0310,0.0,0.0,0.0,11.23,0.97,0.0
20231023:0410,0.0,0.0,0.0,11.03,0.97,0.0
20231023:0510,0.0,0.0,0.0,10.84,1.03,0.0
20231023:0610,0.43,6.63,2.39,10.78,1.03,0.0
20231023:0710,44.42,60.59,11.86,11.09,0.83,0.0
20231023:0810,32.97,48.53,20.22,12.73,0.69,0.0
20231023:0910,107.31,126.18,26.91,13.15,0.76,0.0
20231023:1010,126.01,145.59,31.27,14.01,0.9,0.0
20231023:1110,30.96,46.59,32.72,14.32,0.83,0.0
20231023:1210,28.38,43.68,31.03,14.31,0.69,0.0
20231023:1310,22.47,36.88,26.47,14.23,0.62,0.0
20231023:1410,46.94,64.06,19.63,14.15,0.55,0.0
20231023:1510,15.41,28.4,11.17,13.89,0.62,0.0
20231023:1610,0.0,0.95,1.64,13.4,0.76,0.0
20231023:1710,0.0,0.0,0.0,13.07,0.83,0.0
20231023:1810,0.0,0.0,0.0,12.88,0.69,0.0
20231023:1910,0.0,0.0,0.0,12.18,0.76,0.0
20231023:2010,0.0,0.0,0.0,12.15,0.83,0.0
20231023:2110,0.0,0.0,0.0,12.06,0.76,0.0
20231023:2210,0.0,0.0,0.0,11.97,0.83,0.0
20231023:2310,0.0,0.0,0.0,11.96,0.76,0.0
20231024:0010,0.0,0.0,0.0,12.18,0.48,0.0
20231024:0110,0.0,0.0,0.0,12.21,0.41,0.0
20231024:0210,0.0,0.0,0.0,11.97,0.55,0.0
20231024:0310,0.0,0.0,0.0,11.86,0.55,0.0
20231024:0410,0.0,0.0,0.0,11.8,0.62,0.0
20231024:0510,0.0,0.0,0.0,11.67,0.55,0.0
20231024:0610,0.0,2.84,2.15,11.79,0.41,0.0
20231024:0710,11.79,23.67,11.6,11.63,0.55,0.0
20231024:0810,23.63,37.85,19.93,11.65,0.62,0.0
20231024:0910,22.77,36.88,26.59,11.8,0.69,0.0
20231024:1010,51.16,67.94,30.93,11.87,0.69,0.0
20231024:1110,61.31,78.62,32.37,12.01,0.62,0.0
20231024:1210,52.9,69.88,30.68,12.27,0.69,0.0
20231024:1310,21.84,35.91,26.14,12.59,0.69,0.0
20231024:1410,32.95,48.53,19.32,12.78,0.55,0.0
20231024:1510,21.87,35.97,10.88,12.72,0.48,0.0
20231024:1610,0.0,0.95,1.36,12.67,0.14,0.0
20231024:1710,0.0,0.0,0.0,12.55,0.41,0.0
20231024:1810,0.0,0.0,0.0,12.42,0.34,0.0
20231024:1910,0.0,0.0,0.0,11.8,0.69,0.0
20231024:2010,0.0,0.0,0.0,11.84,0.48,0.0
20231024:2110,0.0,0.0,0.0,11.78,0.48,0.0
20231024:2210,0.0,0.0,0.0,11.0,0.83,0.0
20231024:2310,0.0,0.0,0.0,10.43,1.03,0.0
20231025:0010,0.0,0.0,0.0,10.18,1.03,0.0
20231025:0110,0.0,0.0,0.0,9.56,1.17,0.0
20231025:0210,0.0,0.0,0.0,9.19,1.17,0.0
20231025:0310,0.0,0.0,0.0,8.89,1.17,0.0
20231025:0410,0.0,0.0,0.0,8.23,1.17,0.0
20231025:0510,0.0,0.0,0.0,8.16,1.31,0.0
20231025:0610,0.03,5.68,1.91,8.05,1.38,0.0
20231025:0710,61.26,77.63,11.34,9.11,0.83,0.0
20231025:0810,116.68,136.09,19.65,10.79,0.69,0.0
20231025:0910,96.38,114.53,26.28,11.79,0.34,0.0
20231025:1010,216.91,242.38,30.59,13.31,0.07,0.0
20231025:1110,168.86,189.85,32.02,14.29,0.48,0.0
20231025:1210,195.08,218.5,30.34,14.93,0.97,0.0
20231025:1310,158.75,193.13,25.81,15.16,1.24,0.0
20231025:1410,46.86,64.06,19.01,14.74,1.38,0.0
20231025:1510,38.5,54.91,10.59,14.3,1.17,0.0
20231025:1610,0.0,0.0,0.0,13.59,0.69,0.0
20231025:1710,0.0,0.0,0.0,13.08,0.07,0.0
20231025:1810,0.0,0.0,0.0,12.48,0.62,0.0
20231025:1910,0.0,0.0,0.0,11.57,0.83,0.0
20231025:2010,0.0,0.0,0.0,11.29,0.97,0.0
20231025:2110,0.0,0.0,0.0,11.37,1.03,0.0
20231025:2210,0.0,0.0,0.0,11.37,1.03,0.0
20231025:2310,0.0,0.0,0.0,11.58,0.97,0.0
20231026:0010,0.0,0.0,0.0,11.84,0.76,0.0
20231026:0110,0.0,0.0,0.0,12.07,0.48,0.0
20231026:0210,0.0,0.0,0.0,11.9,0.34,0.0
20231026:0310,0.0,0.0,0.0,11.54,0.55,0.0
20231026:0410,0.0,0.0,0.0,11.5,0.55,0.0
20231026:0510,0.0,0.0,0.0,11.51,0.34,0.0
20231026:0610,0.0,0.95,1.67,11.35,0.41,0.0
20231026:0710,55.43,71.95,11.08,10.19,0.69,0.0
20231026:0810,121.6,143.32,19.36,11.7,0.28,0.0
20231026:0910,139.47,159.09,25.97,12.82,0.55,0.0
20231026:1010,118.45,137.83,30.26,13.37,0.21,0.0
20231026:1110,54.36,71.83,31.67,13.47,0.07,0.0
20231026:1210,194.48,217.58,30.0,13.67,0.41,0.0
20231026:1310,158.15,180.51,25.49,13.83,0.28,0.0
20231026:1410,26.71,41.74,18.71,13.97,0.48,0.0
20231026:1510,13.15,25.56,10.31,13.68,0.48,0.0
20231026:1610,0.0,0.0,0.0,13.14,0.48,0.0
20231026:1710,0.0,0.0,0.0,12.81,0.07,0.0
20231026:1810,0.0,0.0,0.0,12.15,0.76,0.0
20231026:1910,0.0,0.0,0.0,12.0,1.17,0.0
20231026:2010,0.0,0.0,0.0,11.74,0.83,0.0
20231026:2110,0.0,0.0,0.0,11.83,0.69,0.0
20231026:2210,0.0,0.0,0.0,11.93,0.83,0.0
20231026:2310,0.0,0.0,0.0,11.87,0.83,0.0
20231027:0010,0.0,0.0,0.0,12.02,0.97,0.0
20231027:0110,0.0,0.0,0.0,11.95,1.1,0.0
20231027:0210,0.0,0.0,0.0,11.88,0.83,0.0
20231027:0310,0.0,0.0,0.0,11.95,0.69,0.0
20231027:0410,0.0,0.0,0.0,11.73,0.76,0.0
20231027:0510,0.0,0.0,0.0,11.44,0.97,0.0
20231027:0610,0.0,4.73,1.42,11.08,1.03,0.0
20231027:0710,37.5,53.02,10.81,10.42,1.03,0.0
20231027:0810,77.77,129.21,19.08,12.74,1.1,0.0
20231027:0910,119.22,178.82,25.66,14.3,1.31,0.0
20231027:1010,143.83,205.0,29.93,15.76,1.52,0.0
20231027:1110,140.48,203.38,31.33,16.96,1.66,0.0
20231027:1210,108.94,172.67,29.66,17.68,1.59,0.0
20231027:1310,66.31,120.89,25.17,17.99,1.52,0.0
20231027:1410,97.26,120.47,18.41,17.92,1.52,0.0
20231027:1510,50.87,69.11,10.03,17.34,1.03,0.0
20231027:1610,0.0,0.0,0.0,15.71,1.03,0.0
20231027:1710,0.0,0.0,0.0,14.58,1.03,0.0
20231027:1810,0.0,0.0,0.0,13.81,1.03,0.0
20231027:1910,0.0,0.0,0.0,12.43,1.17,0.0
20231027:2010,0.0,0.0,0.0,11.47,1.24,0.0
20231027:2110,0.0,0.0,0.0,10.65,1.38,0.0
20231027:2210,0.0,0.0,0.0,10.38,1.38,0.0
20231027:2310,0.0,0.0,0.0,10.1,1.38,0.0
20231028:0010,0.0,0.0,0.0,9.6,1.45,0.0
20231028:0110,0.0,0.0,0.0,9.19,1.45,0.0
20231028:0210,0.0,0.0,0.0,8.7,1.59,0.0
20231028:0310,0.0,0.0,0.0,8.68,1.52,0.0
20231028:0410,0.0,0.0,0.0,9.06,1.31,0.0
20231028:0510,0.0,0.0,0.0,9.75,1.1,0.0
20231028:0610,0.0,0.0,0.0,10.23,0.9,0.0
20231028:0710,38.99,53.96,10.55,7.35,1.24,0.0
20231028:0810,75.1,125.04,18.79,10.15,0.9,0.0
20231028:0910,177.4,210.86,25.35,12.5,0.41,0.0
20231028:1010,215.01,247.88,29.6,13.83,0.55,0.0
20231028:1110,161.53,215.17,30.99,14.63,0.97,0.0
20231028:1210,208.28,237.16,29.33,14.9,0.9,0.0
20231028:1310,151.02,183.98,24.85,15.07,0.76,0.0
20231028:1410,71.66,92.39,18.12,15.01,0.83,0.0
20231028:1510,37.54,53.96,9.76,14.6,0.55,0.0
20231028:1610,0.0,0.0,0.0,14.21,0.14,0.0
20231028:1710,0.0,0.0,0.0,13.67,0.21,0.0
20231028:1810,0.0,0.0,0.0,13.13,0.07,0.0
20231028:1910,0.0,0.0,0.0,10.0,1.1,0.0
20231028:2010,0.0,0.0,0.0,11.01,1.1,0.0
20231028:2110,0.0,0.0,0.0,10.89,1.1,0.0
20231028:2210,0.0,0.0,0.0,10.92,1.1,0.0
20231028:2310,0.0,0.0,0.0,11.15,1.03,0.0
20231029:0010,0.0,0.0,0.0,10.88,1.03,0.0
20231029:0110,0.0,0.0,0.0,10.8,1.03,0.0
20231029:0210,0.0,0.0,0.0,10.81,1.03,0.0
20231029:0310,0.0,0.0,0.0,10.81,1.03,0.0
20231029:0410,0.0,0.0,0.0,11.08,1.1,0.0
20231029:0510,0.0,0.0,0.0,10.98,1.1,0.0
20231029:0610,0.0,0.0,0.0,11.0,1.24,0.0
20231029:0710,13.38,25.56,10.29,10.55,0.83,0.0
20231029:0810,70.08,87.36,18.51,11.1,0.76,0.0
20231029:0910,21.14,34.94,25.05,11.41,0.62,0.0
20231029:1010,26.19,40.77,29.27,11.67,0.76,0.0
20231029:1110,28.75,43.68,30.66,11.89,0.97,0.0
20231029:1210,32.21,47.56,29.0,12.11,1.1,0.0
20231029:1310,20.21,33.97,24.54,12.36,1.1,0.0
20231029:1410,14.79,27.45,17.83,12.19,1.03,0.0
20231029:1510,8.15,18.93,9.49,12.17,1.1,0.0
20231029:1610,0.0,0.0,0.0,12.03,1.03,0.0
20231029:1710,0.0,0.0,0.0,11.99,1.17,0.0
20231029:1810,0.0,0.0,0.0,11.93,1.17,0.0
20231029:1910,0.0,0.0,0.0,11.32,0.9,0.0
20231029:2010,0.0,0.0,0.0,11.34,0.69,0.0
20231029:2110,0.0,0.0,0.0,11.55,0.83,0.0
20231029:2210,0.0,0.0,0.0,11.53,0.76,0.0
20231029:2310,0.0,0.0,0.0,11.65,0.69,0.0
20231030:0010,0.0,0.0,0.0,11.72,0.62,0.0
20231030:0110,0.0,0.0,0.0,11.81,0.62,0.0
20231030:0210,0.0,0.0,0.0,11.84,0.62,0.0
20231030:0310,0.0,0.0,0.0,11.82,0.62,0.0
20231030:0410,0.0,0.0,0.0,11.84,0.62,0.0
20231030:0510,0.0,0.0,0.0,11.82,0.62,0.0
20231030:0610,0.0,0.0,0.0,11.9,0.69,0.0
20231030:0710,8.16,18.93,10.04,11.91,0.28,0.0
20231030:0810,22.7,36.88,18.23,12.29,0.41,0.0
20231030:0910,27.79,42.71,24.74,12.42,0.34,0.0
20231030:1010,36.5,52.41,28.95,12.59,0.34,0.0
20231030:1110,27.75,42.71,30.33,12.66,0.41,0.0
20231030:1210,37.39,53.38,28.68,12.68,0.55,0.0
20231030:1310,34.7,50.47,24.23,12.74,0.28,0.0
20231030:1410,25.14,39.76,17.54,12.79,0.41,0.0
20231030:1510,8.12,18.93,9.22,12.77,0.48,0.0
20231030:1610,0.0,0.0,0.0,12.47,0.48,0.0
20231030:1710,0.0,0.0,0.0,12.37,0.41,0.0
20231030:1810,0.0,0.0,0.0,12.36,1.1,0.0
20231030:1910,0.0,0.0,0.0,12.61,1.38,0.0
20231030:2010,0.0,0.0,0.0,12.55,0.76,0.0
20231030:2110,0.0,0.0,0.0,12.55,0.69,0.0
20231030:2210,0.0,0.0,0.0,12.32,0.55,0.0
20231030:2310,0.0,0.0,0.0,12.2,0.55,0.0
20231031:0010,0.0,0.0,0.0,12.03,0.62,0.0
20231031:0110,0.0,0.0,0.0,11.7,1.03,0.0
20231031:0210,0.0,0.0,0.0,11.23,1.31,0.0
20231031:0310,0.0,0.0,0.0,11.21,1.72,0.0
20231031:0410,0.0,0.0,0.0,11.02,1.79,0.0
20231031:0510,0.0,0.0,0.0,10.5,1.66,0.0
20231031:0610,0.0,0.0,0.0,10.26,1.52,0.0
20231031:0710,8.25,18.93,9.78,10.16,1.59,0.0
20231031:0810,61.01,77.65,17.95,10.21,1.45,0.0
20231031:0910,146.28,165.33,24.44,11.42,1.17,0.0
20231031:1010,202.74,234.79,28.63,12.44,1.17,0.0
20231031:1110,120.06,181.24,30.0,13.61,1.24,0.0
20231031:1210,90.37,151.01,28.36,14.6,1.1,0.0
20231031:1310,54.86,101.77,23.93,15.15,1.03,0.0
20231031:1410,76.56,95.62,17.26,15.34,0.9,0.0
20231031:1510,43.54,60.59,8.96,14.99,0.62,0.0
20231031:1610,0.0,0.0,0.0,13.91,0.62,0.0
20231031:1710,0.0,0.0,0.0,13.25,0.76,0.0
20231031:1810,0.0,0.0,0.0,12.17,0.9,0.0
20231031:1910,0.0,0.0,0.0,11.71,0.97,0.0
20231031:2010,0.0,0.0,0.0,11.09,1.03,0.0
20231031:2110,0.0,0.0,0.0,10.35,1.31,0.0
20231031:2210,0.0,0.0,0.0,8.95,1.66,0.0
20231031:2310,0.0,0.0,0.0,8.34,1.79,0.0
20231101:0010,0.0,0.0,0.0,7.67,1.86,0.0
20231101:0110,0.0,0.0,0.0,7.42,1.66,0.0
20231101:0210,0.0,0.0,0.0,7.2,1.59,0.0
20231101:0310,0.0,0.0,0.0,6.95,1.45,0.0
20231101:0410,0.0,0.0,0.0,6.72,1.45,0.0
20231101:0510,0.0,0.0,0.0,6.39,1.45,0.0
20231101:0610,0.0,0.0,0.0,6.61,1.38,0.0
20231101:0710,30.44,44.5,9.52,5.71,1.38,0.0
20231101:0810,113.79,137.44,17.67,8.82,1.1,0.0
20231101:0910,146.29,165.33,24.14,10.96,0.83,0.0
20231101:1010,199.04,222.39,28.31,11.91,0.48,0.0
20231101:1110,77.26,95.12,29.68,12.19,0.76,0.0
20231101:1210,96.47,114.53,28.04,11.91,0.9,0.0
20231101:1310,34.07,49.5,23.63,11.47,0.76,0.0
20231101:1410,22.06,35.97,16.99,11.14,0.76,0.0
20231101:1510,11.1,22.72,8.71,10.84,0.62,0.0
20231101:1610,0.0,0.0,0.0,10.4,0.55,0.0
20231101:1710,0.0,0.0,0.0,10.02,0.76,0.0
20231101:1810,0.0,0.0,0.0,9.79,0.76,0.0
20231101:1910,0.0,0.0,0.0,9.53,0.9,0.0
20231101:2010,0.0,0.0,0.0,9.42,0.69,0.0
20231101:2110,0.0,0.0,0.0,9.57,0.69,0.0
20231101:2210,0.0,0.0,0.0,9.55,0.9,0.0
20231101:2310,0.0,0.0,0.0,9.48,0.97,0.0
20231102:0010,0.0,0.0,0.0,9.22,0.97,0.0
20231102:0110,0.0,0.0,0.0,9.0,1.03,0.0
20231102:0210,0.0,0.0,0.0,9.02,0.9,0.0
20231102:0310,0.0,0.0,0.0,9.14,0.97,0.0
20231102:0410,0.0,0.0,0.0,9.13,0.76,0.0
20231102:0510,0.0,0.0,0.0,9.2,0.97,0.0
20231102:0610,0.0,0.0,0.0,9.19,1.17,0.0
20231102:0710,8.31,18.93,9.26,9.03,0.9,0.0
20231102:0810,37.17,52.41,17.4,9.17,0.83,0.0
20231102:0910,31.78,46.59,23.84,9.3,0.9,0.0
20231102:1010,25.62,39.8,28.0,9.39,0.41,0.0
20231102:1110,28.19,42.71,29.36,9.67,0.34,0.0
20231102:1210,35.24,50.47,27.73,9.72,0.14,0.0
20231102:1310,37.05,52.41,23.34,9.78,0.62,0.0
20231102:1410,24.73,38.82,16.71,9.68,0.97,0.0
20231102:1510,6.89,17.04,8.46,9.61,1.03,0.0
20231102:1610,0.0,0.0,0.0,9.6,1.1,0.0
20231102:1710,0.0,0.0,0.0,9.52,0.97,0.0
20231102:1810,0.0,0.0,0.0,9.67,1.1,0.0
20231102:1910,0.0,0.0,0.0,9.78,0.83,0.0
20231102:2010,0.0,0.0,0.0,10.14,0.28,0.0
20231102:2110,0.0,0.0,0.0,10.23,0.21,0.0
20231102:2210,0.0,0.0,0.0,9.85,0.48,0.0
20231102:2310,0.0,0.0,0.0,9.41,0.55,0.0
20231103:0010,0.0,0.0,0.0,7.92,1.24,0.0
20231103:0110,0.0,0.0,0.0,7.91,1.17,0.0
20231103:0210,0.0,0.0,0.0,7.84,1.03,0.0
20231103:0310,0.0,0.0,0.0,7.69,1.03,0.0
20231103:0410,0.0,0.0,0.0,7.2,1.17,0.0
20231103:0510,0.0,0.0,0.0,7.74,1.38,0.0
20231103:0610,0.0,0.0,0.0,7.85,1.59,0.0
20231103:0710,9.12,19.88,9.01,7.18,1.52,0.0
20231103:0810,49.54,65.03,17.12,7.44,1.31,0.0
20231103:0910,114.91,131.17,23.55,8.27,1.17,0.0
20231103:1010,201.02,221.58,27.69,9.22,1.17,0.0
20231103:1110,102.69,162.59,29.04,10.21,1.17,0.0
20231103:1210,79.23,135.66,27.42,11.34,1.1,0.0
20231103:1310,50.09,89.93,23.05,12.16,1.24,0.0
20231103:1410,75.91,93.72,16.45,12.26,1.03,0.0
20231103:1510,20.34,34.08,8.21,11.97,0.97,0.0
20231103:1610,0.0,0.0,0.0,10.81,1.03,0.0
20231103:1710,0.0,0.0,0.0,10.21,1.03,0.0
20231103:1810,0.0,0.0,0.0,9.95,1.03,0.0
20231103:1910,0.0,0.0,0.0,8.35,1.31,0.0
20231103:2010,0.0,0.0,0.0,8.42,1.17,0.0
20231103:2110,0.0,0.0,0.0,8.13,1.17,0.0
20231103:2210,0.0,0.0,0.0,7.77,1.17,0.0
20231103:2310,0.0,0.0,0.0,7.3,1.17,0.0
20231104:0010,0.0,0.0,0.0,6.67,1.17,0.0
20231104:0110,0.0,0.0,0.0,6.24,1.17,0.0
20231104:0210,0.0,0.0,0.0,5.31,1.31,0.0
20231104:0310,0.0,0.0,0.0,4.75,1.38,0.0
20231104:0410,0.0,0.0,0.0,4.75,1.31,0.0
20231104:0510,0.0,0.0,0.0,5.15,1.17,0.0
20231104:0610,0.0,0.0,0.0,5.53,1.03,0.0
20231104:0710,33.51,47.34,8.75,3.12,1.17,0.0
20231104:0810,108.54,128.03,16.85,5.15,0.97,0.0
20231104:0910,84.34,99.97,23.25,6.39,0.69,0.0
20231104:1010,91.7,107.74,27.38,7.49,0.83,0.0
20231104:1110,94.52,110.65,28.73,7.88,1.1,0.0
20231104:1210,30.2,44.65,27.12,8.1,1.1,0.0
20231104:1310,24.08,37.85,22.77,8.13,1.17,0.0
20231104:1410,16.72,29.35,16.19,7.95,0.83,0.0
20231104:1510,28.4,42.6,7.97,7.67,0.9,0.0
20231104:1610,0.0,0.0,0.0,7.46,0.97,0.0
20231104:1710,0.0,0.0,0.0,7.3,1.03,0.0
20231104:1810,0.0,0.0,0.0,7.17,1.31,0.0
20231104:1910,0.0,0.0,0.0,6.34,1.31,0.0
20231104:2010,0.0,0.0,0.0,6.13,1.52,0.0
20231104:2110,0.0,0.0,0.0,6.1,1.38,0.0
20231104:2210,0.0,0.0,0.0,6.11,1.24,0.0
20231104:2310,0.0,0.0,0.0,6.15,1.17,0.0
20231105:0010,0.0,0.0,0.0,6.15,1.17,0.0
20231105:0110,0.0,0.0,0.0,6.13,0.97,0.0
20231105:0210,0.0,0.0,0.0,6.08,0.76,0.0
20231105:0310,0.0,0.0,0.0,6.28,0.62,0.0
20231105:0410,0.0,0.0,0.0,6.49,0.34,0.0
20231105:0510,0.0,0.0,0.0,6.47,0.48,0.0
20231105:0610,0.0,0.0,0.0,6.35,0.48,0.0
20231105:0710,26.83,40.71,8.5,6.57,0.55,0.0
20231105:0810,49.58,88.24,16.58,7.29,0.76,0.0
20231105:0910,78.21,131.11,22.96,8.1,0.83,0.0
20231105:1010,103.57,159.0,27.08,9.25,0.69,0.0
20231105:1110,88.62,148.85,28.42,10.09,0.21,0.0
20231105:1210,63.99,119.73,26.82,10.57,0.34,0.0
20231105:1310,31.42,67.77,22.49,10.97,0.28,0.0
20231105:1410,54.27,71.0,15.93,10.94,0.14,0.0
20231105:1510,27.93,42.6,7.73,10.7,0.14,0.0
20231105:1610,0.0,0.0,0.0,10.11,0.55,0.0
20231105:1710,0.0,0.0,0.0,8.97,0.97,0.0
20231105:1810,0.0,0.0,0.0,8.23,1.17,0.0
20231105:1910,0.0,0.0,0.0,8.44,1.24,0.0
20231105:2010,0.0,0.0,0.0,7.98,1.31,0.0
20231105:2110,0.0,0.0,0.0,7.52,1.31,0.0
20231105:2210,0.0,0.0,0.0,6.69,1.38,0.0
20231105:2310,0.0,0.0,0.0,6.0,1.45,0.0
20231106:0010,0.0,0.0,0.0,4.61,1.59,0.0
20231106:0110,0.0,0.0,0.0,4.18,1.59,0.0
20231106:0210,0.0,0.0,0.0,3.95,1.72,0.0
20231106:0310,0.0,0.0,0.0,3.8,1.86,0.0
20231106:0410,0.0,0.0,0.0,3.66,2.0,0.0
20231106:0510,0.0,0.0,0.0,3.8,2.07,0.0
20231106:0610,0.0,0.0,0.0,3.87,1.93,0.0
20231106:0710,27.19,40.71,8.25,4.19,1.59,0.0
20231106:0810,35.41,75.26,16.31,5.73,1.31,0.0
20231106:0910,67.12,122.26,22.67,7.98,1.03,0.0
20231106:1010,84.76,145.59,26.78,10.94,0.48,0.0
20231106:1110,81.0,142.74,28.12,12.51,0.55,0.0
20231106:1210,52.24,110.23,26.53,13.06,0.83,0.0
20231106:1310,78.32,108.59,22.21,13.15,0.97,0.0
20231106:1410,83.98,102.24,15.68,12.9,1.03,0.0
20231106:1510,6.1,16.09,7.51,12.43,0.97,0.0
20231106:1610,0.0,0.0,0.0,11.53,0.9,0.0
20231106:1710,0.0,0.0,0.0,10.69,0.69,0.0
20231106:1810,0.0,0.0,0.0,10.43,0.62,0.0
20231106:1910,0.0,0.0,0.0,10.57,0.83,0.0
20231106:2010,0.0,0.0,0.0,10.67,0.69,0.0
20231106:2110,0.0,0.0,0.0,9.91,0.76,0.0
20231106:2210,0.0,0.0,0.0,9.6,0.69,0.0
20231106:2310,0.0,0.0,0.0,9.37,0.69,0.0
20231107:0010,0.0,0.0,0.0,9.67,0.55,0.0
20231107:0110,0.0,0.0,0.0,8.49,0.69,0.0
20231107:0210,0.0,0.0,0.0,6.54,1.03,0.0
20231107:0310,0.0,0.0,0.0,6.79,1.03,0.0
20231107:0410,0.0,0.0,0.0,6.88,1.03,0.0
20231107:0510,0.0,0.0,0.0,7.12,1.03,0.0
20231107:0610,0.0,0.0,0.0,6.84,1.1,0.0
20231107:0710,35.37,50.18,8.0,7.65,0.9,0.0
20231107:0810,80.2,97.02,16.04,8.43,0.69,0.0
20231107:0910,117.33,134.09,22.39,8.7,0.69,0.0
20231107:1010,31.85,46.59,26.48,8.84,0.69,0.0
20231107:1110,169.6,204.12,27.82,8.99,0.55,0.0
20231107:1210,140.0,174.37,26.24,8.92,0.83,0.0
20231107:1310,146.02,164.11,21.95,9.06,1.1,0.0
20231107:1410,9.02,19.88,15.43,9.13,0.97,0.0
20231107:1510,20.64,34.08,7.28,9.19,0.76,0.0
20231107:1610,0.0,0.0,0.0,8.64,0.69,0.0
20231107:1710,0.0,0.0,0.0,8.56,0.41,0.0
20231107:1810,0.0,0.0,0.0,7.91,0.41,0.0
20231107:1910,0.0,0.0,0.0,8.36,0.9,0.0
20231107:2010,0.0,0.0,0.0,7.38,1.17,0.0
20231107:2110,0.0,0.0,0.0,6.51,1.31,0.0
20231107:2210,0.0,0.0,0.0,4.88,1.38,0.0
20231107:2310,0.0,0.0,0.0,3.68,1.52,0.0
20231108:0010,0.0,0.0,0.0,3.6,1.59,0.0
20231108:0110,0.0,0.0,0.0,3.28,1.72,0.0
20231108:0210,0.0,0.0,0.0,3.06,1.86,0.0
20231108:0310,0.0,0.0,0.0,2.87,2.0,0.0
20231108:0410,0.0,0.0,0.0,2.92,2.0,0.0
20231108:0510,0.0,0.0,0.0,2.96,2.0,0.0
20231108:0610,0.0,0.0,0.0,2.85,1.93,0.0
20231108:0710,23.0,35.97,7.75,3.33,1.79,0.0
20231108:0810,29.79,66.14,15.77,4.86,1.45,0.0
20231108:0910,57.32,111.87,22.11,7.21,1.1,0.0
20231108:1010,76.26,136.42,26.19,9.3,0.69,0.0
20231108:1110,74.51,134.67,27.53,10.83,0.07,0.0
20231108:1210,45.77,100.97,25.96,11.61,0.48,0.0
20231108:1310,23.2,51.42,21.68,11.85,0.76,0.0
20231108:1410,45.18,61.54,15.19,11.65,0.83,0.0
20231108:1510,21.25,35.03,7.06,11.08,0.76,0.0
20231108:1610,0.0,0.0,0.0,9.73,0.76,0.0
20231108:1710,0.0,0.0,0.0,9.89,0.41,0.0
20231108:1810,0.0,0.0,0.0,9.42,0.0,0.0
20231108:1910,0.0,0.0,0.0,8.04,0.76,0.0
20231108:2010,0.0,0.0,0.0,7.94,0.97,0.0
20231108:2110,0.0,0.0,0.0,7.37,1.03,0.0
20231108:2210,0.0,0.0,0.0,6.81,1.03,0.0
20231108:2310,0.0,0.0,0.0,6.38,1.1,0.0
20231109:0010,0.0,0.0,0.0,6.24,1.03,0.0
20231109:0110,0.0,0.0,0.0,6.07,1.03,0.0
20231109:0210,0.0,0.0,0.0,6.38,0.97,0.0
20231109:0310,0.0,0.0,0.0,6.33,0.9,0.0
20231109:0410,0.0,0.0,0.0,6.23,0.97,0.0
20231109:0510,0.0,0.0,0.0,6.0,1.1,0.0
20231109:0610,0.0,0.0,0.0,5.83,1.17,0.0
20231109:0710,25.36,38.82,7.51,4.91,1.45,0.0
20231109:0810,22.63,35.91,15.51,5.95,1.24,0.0
20231109:0910,75.61,91.24,21.83,6.51,1.17,0.0
20231109:1010,38.56,53.38,25.9,6.75,1.24,0.0
20231109:1110,62.92,78.62,27.24,7.02,1.31,0.0
20231109:1210,102.62,118.42,25.68,7.34,1.17,0.0
20231109:1310,104.33,120.19,21.42,7.31,0.9,0.0
20231109:1410,24.19,37.87,14.96,7.3,0.9,0.0
20231109:1510,25.06,38.82,6.85,7.12,0.9,0.0
20231109:1610,0.0,0.0,0.0,6.93,0.9,0.0
20231109:1710,0.0,0.0,0.0,6.84,1.03,0.0
20231109:1810,0.0,0.0,0.0,6.81,1.24,0.0
20231109:1910,0.0,0.0,0.0,6.32,1.1,0.0
20231109:2010,0.0,0.0,0.0,6.28,1.1,0.0
20231109:2110,0.0,0.0,0.0,6.26,1.03,0.0
20231109:2210,0.0,0.0,0.0,6.2,0.97,0.0
20231109:2310,0.0,0.0,0.0,6.11,0.9,0.0
20231110:0010,0.0,0.0,0.0,6.05,0.76,0.0
20231110:0110,0.0,0.0,0.0,6.33,0.55,0.0
20231110:0210,0.0,0.0,0.0,6.44,0.48,0.0
20231110:0310,0.0,0.0,0.0,6.44,0.34,0.0
20231110:0410,0.0,0.0,0.0,6.29,0.41,0.0
20231110:0510,0.0,0.0,0.0,6.26,0.48,0.0
20231110:0610,0.0,0.0,0.0,6.32,0.55,0.0
20231110:0710,29.48,43.55,7.26,6.09,0.41,0.0
20231110:0810,85.76,102.19,15.25,6.6,0.55,0.0
20231110:0910,145.88,164.52,21.55,6.89,0.41,0.0
20231110:1010,175.84,201.44,25.61,7.48,0.34,0.0
20231110:1110,191.6,212.74,26.96,8.1,0.28,0.0
20231110:1210,88.26,128.93,25.41,8.57,0.28,0.0
20231110:1310,48.96,70.81,21.17,9.0,0.55,0.0
20231110:1410,90.22,106.98,14.73,9.04,0.69,0.0
20231110:1510,29.09,43.55,6.64,8.77,0.9,0.0
20231110:1610,0.0,0.0,0.0,8.27,0.97,0.0
20231110:1710,0.0,0.0,0.0,7.03,1.03,0.0
20231110:1810,0.0,0.0,0.0,6.91,0.9,0.0
20231110:1910,0.0,0.0,0.0,7.16,0.9,0.0
20231110:2010,0.0,0.0,0.0,7.05,0.97,0.0
20231110:2110,0.0,0.0,0.0,6.7,1.03,0.0
20231110:2210,0.0,0.0,0.0,5.9,1.17,0.0
20231110:2310,0.0,0.0,0.0,4.65,1.31,0.0
20231111:0010,0.0,0.0,0.0,3.39,1.52,0.0
20231111:0110,0.0,0.0,0.0,2.07,1.59,0.0
20231111:0210,0.0,0.0,0.0,1.58,1.66,0.0
20231111:0310,0.0,0.0,0.0,1.28,1.79,0.0
20231111:0410,0.0,0.0,0.0,1.32,1.79,0.0
20231111:0510,0.0,0.0,0.0,1.29,1.86,0.0
20231111:0610,0.0,0.0,0.0,1.27,1.93,0.0
20231111:0710,24.05,36.92,7.02,1.74,1.79,0.0
20231111:0810,23.44,52.37,14.99,3.7,1.52,0.0
20231111:0910,49.87,99.78,21.28,7.6,1.24,0.0
20231111:1010,65.81,122.95,25.33,9.27,1.1,0.0
20231111:1110,70.62,125.78,26.68,10.44,0.97,0.0
20231111:1210,36.8,86.59,25.14,11.13,0.9,0.0
20231111:1310,22.81,41.18,20.93,11.32,0.9,0.0
20231111:1410,39.09,54.91,14.51,11.23,0.9,0.0
20231111:1510,18.86,32.19,6.44,10.69,0.69,0.0
20231111:1610,0.0,0.0,0.0,9.3,0.9,0.0
20231111:1710,0.0,0.0,0.0,8.15,1.1,0.0
20231111:1810,0.0,0.0,0.0,7.51,1.17,0.0
20231111:1910,0.0,0.0,0.0,7.3,1.1,0.0
20231111:2010,0.0,0.0,0.0,6.68,1.31,0.0
20231111:2110,0.0,0.0,0.0,5.51,1.52,0.0
20231111:2210,0.0,0.0,0.0,5.0,1.52,0.0
20231111:2310,0.0,0.0,0.0,3.97,1.66,0.0
20231112:0010,0.0,0.0,0.0,3.2,1.72,0.0
20231112:0110,0.0,0.0,0.0,2.26,1.86,0.0
20231112:0210,0.0,0.0,0.0,2.07,1.79,0.0
20231112:0310,0.0,0.0,0.0,2.6,1.79,0.0
20231112:0410,0.0,0.0,0.0,2.96,1.72,0.0
20231112:0510,0.0,0.0,0.0,3.41,1.45,0.0
20231112:0610,0.0,0.0,0.0,3.7,1.52,0.0
20231112:0710,21.2,34.08,6.78,4.18,1.38,0.0
20231112:0810,89.49,105.31,14.74,4.56,1.38,0.0
20231112:0910,85.07,99.97,21.01,4.9,1.38,0.0
20231112:1010,152.0,181.64,25.05,5.22,1.17,0.0
20231112:1110,167.63,194.72,26.4,5.68,1.1,0.0
20231112:1210,55.49,97.84,24.88,6.17,1.03,0.0
20231112:1310,25.72,40.41,20.68,6.66,0.9,0.0
20231112:1410,44.43,59.64,14.29,6.98,0.76,0.0
20231112:1510,20.06,33.13,6.24,6.93,0.62,0.0
20231112:1610,0.0,0.0,0.0,6.47,0.69,0.0
20231112:1710,0.0,0.0,0.0,5.92,0.76,0.0
20231112:1810,0.0,0.0,0.0,5.99,0.55,0.0
20231112:1910,0.0,0.0,0.0,6.44,0.14,0.0
20231112:2010,0.0,0.0,0.0,6.04,0.07,0.0
20231112:2110,0.0,0.0,0.0,5.72,0.14,0.0
20231112:2210,0.0,0.0,0.0,5.5,0.0,0.0
20231112:2310,0.0,0.0,0.0,5.41,0.21,0.0
20231113:0010,0.0,0.0,0.0,5.4,0.34,0.0
20231113:0110,0.0,0.0,0.0,5.56,0.55,0.0
20231113:0210,0.0,0.0,0.0,4.55,1.17,0.0
20231113:0310,0.0,0.0,0.0,4.41,1.38,0.0
20231113:0410,0.0,0.0,0.0,4.92,1.38,0.0
20231113:0510,0.0,0.0,0.0,5.31,1.31,0.0
20231113:0610,0.0,0.0,0.0,5.72,1.31,0.0
20231113:0710,22.65,35.97,6.54,6.16,1.03,0.0
20231113:0810,26.0,49.26,14.48,6.65,0.97,0.0
20231113:0910,44.26,89.8,20.75,9.43,0.55,0.0
20231113:1010,62.47,114.9,24.78,10.8,0.14,0.0
20231113:1110,122.88,161.85,26.13,11.72,0.48,0.0
20231113:1210,55.12,96.28,24.62,12.5,0.21,0.0
20231113:1310,103.18,122.13,20.45,12.93,0.0,0.0
20231113:1410,82.94,101.3,14.08,12.8,0.28,0.0
20231113:1510,23.55,37.87,6.05,12.28,0.21,0.0
20231113:1610,0.0,0.0,0.0,11.4,0.14,0.0
20231113:1710,0.0,0.0,0.0,10.36,0.07,0.0
20231113:1810,0.0,0.0,0.0,9.8,0.48,0.0
20231113:1910,0.0,0.0,0.0,8.26,0.62,0.0
20231113:2010,0.0,0.0,0.0,8.08,0.34,0.0
20231113:2110,0.0,0.0,0.0,6.42,0.69,0.0
20231113:2210,0.0,0.0,0.0,5.63,1.1,0.0
20231113:2310,0.0,0.0,0.0,5.97,1.24,0.0
20231114:0010,0.0,0.0,0.0,6.36,1.24,0.0
20231114:0110,0.0,0.0,0.0,6.73,1.31,0.0
20231114:0210,0.0,0.0,0.0,6.9,1.38,0.0
20231114:0310,0.0,0.0,0.0,6.62,1.24,0.0
20231114:0410,0.0,0.0,0.0,7.0,1.1,0.0
20231114:0510,0.0,0.0,0.0,7.5,1.03,0.0
20231114:0610,0.0,0.0,0.0,7.88,0.9,0.0
20231114:0710,25.89,39.76,6.3,7.24,0.83,0.0
20231114:0810,82.12,99.58,14.23,8.02,0.83,0.0
20231114:0910,54.86,95.69,20.49,10.04,0.76,0.0
20231114:1010,61.62,111.99,24.51,11.26,0.62,0.0
20231114:1110,59.61,110.11,25.87,12.85,0.48,0.0
20231114:1210,39.14,80.26,24.37,13.79,0.34,0.0
20231114:1310,131.42,151.47,20.22,14.08,0.21,0.0
20231114:1410,36.88,53.02,13.87,13.66,0.9,0.0
20231114:1510,11.73,23.67,5.87,12.6,0.9,0.0
20231114:1610,0.0,0.0,0.0,11.54,0.14,0.0
20231114:1710,0.0,0.0,0.0,10.57,0.34,0.0
20231114:1810,0.0,0.0,0.0,10.08,0.48,0.0
20231114:1910,0.0,0.0,0.0,9.27,0.69,0.0
20231114:2010,0.0,0.0,0.0,9.32,0.69,0.0
20231114:2110,0.0,0.0,0.0,9.5,0.34,0.0
20231114:2210,0.0,0.0,0.0,9.16,0.41,0.0
20231114:2310,0.0,0.0,0.0,8.76,0.62,0.0
20231115:0010,0.0,0.0,0.0,6.8,0.83,0.0
20231115:0110,0.0,0.0,0.0,5.86,1.24,0.0
20231115:0210,0.0,0.0,0.0,5.86,1.52,0.0
20231115:0310,0.0,0.0,0.0,6.01,1.72,0.0
20231115:0410,0.0,0.0,0.0,5.95,1.93,0.0
20231115:0510,0.0,0.0,0.0,6.25,2.0,0.0
20231115:0610,0.0,0.0,0.0,6.46,2.0,0.0
20231115:0710,20.23,33.13,6.07,5.56,2.14,0.0
20231115:0810,21.64,39.83,13.99,6.88,1.93,0.0
20231115:0910,42.69,84.98,20.23,9.17,1.79,0.0
20231115:1010,50.45,103.31,24.25,11.67,1.72,0.0
20231115:1110,50.12,102.32,25.61,13.41,1.86,0.0
20231115:1210,30.72,71.42,24.13,14.07,2.14,0.0
20231115:1310,51.81,69.11,20.0,14.08,2.34,0.0
20231115:1410,38.64,54.91,13.67,13.74,1.93,0.0
20231115:1510,18.65,32.19,5.69,12.91,2.07,0.0
20231115:1610,0.0,0.0,0.0,11.56,2.14,0.0
20231115:1710,0.0,0.0,0.0,9.84,1.93,0.0
20231115:1810,0.0,0.0,0.0,8.49,1.72,0.0
20231115:1910,0.0,0.0,0.0,8.16,1.59,0.0
20231115:2010,0.0,0.0,0.0,7.37,1.59,0.0
20231115:2110,0.0,0.0,0.0,6.32,1.72,0.0
20231115:2210,0.0,0.0,0.0,5.59,1.86,0.0
20231115:2310,0.0,0.0,0.0,5.11,1.93,0.0
20231116:0010,0.0,0.0,0.0,4.63,1.93,0.0
20231116:0110,0.0,0.0,0.0,4.33,2.0,0.0
20231116:0210,0.0,0.0,0.0,4.0,2.07,0.0
20231116:0310,0.0,0.0,0.0,3.55,2.0,0.0
20231116:0410,0.0,0.0,0.0,3.21,2.0,0.0
20231116:0510,0.0,0.0,0.0,2.91,1.93,0.0
20231116:0610,0.0,0.0,0.0,2.91,1.93,0.0
20231116:0710,18.78,31.24,5.84,3.52,1.86,0.0
20231116:0810,47.95,64.27,13.74,5.27,1.38,0.0
20231116:0910,124.27,141.53,19.97,8.09,1.1,0.0
20231116:1010,59.57,107.64,23.99,9.8,0.62,0.0
20231116:1110,135.21,168.38,25.36,10.95,0.41,0.0
20231116:1210,161.17,182.02,23.89,11.05,0.34,0.0
20231116:1310,119.31,137.27,19.78,11.03,0.34,0.0
20231116:1410,60.65,77.63,13.48,10.88,0.21,0.0
20231116:1510,8.24,18.93,5.52,10.3,0.62,0.0
20231116:1610,0.0,0.0,0.0,9.22,0.62,0.0
20231116:1710,0.0,0.0,0.0,8.0,0.9,0.0
20231116:1810,0.0,0.0,0.0,7.13,1.03,0.0
20231116:1910,0.0,0.0,0.0,7.08,0.83,0.0
20231116:2010,0.0,0.0,0.0,6.55,0.9,0.0
20231116:2110,0.0,0.0,0.0,6.15,0.9,0.0
20231116:2210,0.0,0.0,0.0,5.91,0.83,0.0
20231116:2310,0.0,0.0,0.0,5.64,0.9,0.0
20231117:0010,0.0,0.0,0.0,5.2,1.03,0.0
20231117:0110,0.0,0.0,0.0,4.09,1.38,0.0
20231117:0210,0.0,0.0,0.0,3.3,1.86,0.0
20231117:0310,0.0,0.0,0.0,3.36,2.07,0.0
20231117:0410,0.0,0.0,0.0,3.34,2.14,0.0
20231117:0510,0.0,0.0,0.0,3.54,2.28,0.0
20231117:0610,0.0,0.0,0.0,3.94,2.34,0.0
20231117:0710,18.71,31.24,5.61,4.24,2.34,0.0
20231117:0810,41.86,56.8,13.5,6.7,2.34,0.0
20231117:0910,35.88,75.34,19.72,9.98,2.34,0.0
20231117:1010,46.44,96.3,23.74,11.28,2.41,0.0
20231117:1110,44.31,93.6,25.11,11.93,2.83,0.0
20231117:1210,30.64,66.4,23.66,12.09,2.97,0.0
20231117:1310,59.65,76.68,19.57,11.93,2.76,0.0
20231117:1410,37.34,53.02,13.29,11.57,2.62,0.0
20231117:1510,17.28,30.29,5.35,10.77,2.62,0.0
20231117:1610,0.0,0.0,0.0,9.82,2.34,0.0
20231117:1710,0.0,0.0,0.0,8.69,2.21,0.0
20231117:1810,0.0,0.0,0.0,8.17,1.93,0.0
20231117:1910,0.0,0.0,0.0,6.76,2.0,0.0
20231117:2010,0.0,0.0,0.0,5.95,1.79,0.0
20231117:2110,0.0,0.0,0.0,5.45,1.72,0.0
20231117:2210,0.0,0.0,0.0,5.35,1.59,0.0
20231117:2310,0.0,0.0,0.0,4.76,1.72,0.0
20231118:0010,0.0,0.0,0.0,4.3,1.86,0.0
20231118:0110,0.0,0.0,0.0,4.07,1.93,0.0
20231118:0210,0.0,0.0,0.0,3.68,2.07,0.0
20231118:0310,0.0,0.0,0.0,3.44,2.07,0.0
20231118:0410,0.0,0.0,0.0,3.29,2.07,0.0
20231118:0510,0.0,0.0,0.0,2.93,2.0,0.0
20231118:0610,0.0,0.0,0.0,2.63,2.0,0.0
20231118:0710,17.33,29.35,5.38,1.43,2.21,0.0
20231118:0810,42.54,56.8,13.27,3.36,1.93,0.0
20231118:0910,35.57,71.77,19.48,6.05,1.72,0.0
20231118:1010,47.79,94.1,23.49,7.83,1.52,0.0
20231118:1110,98.41,134.89,24.86,9.12,1.17,0.0
20231118:1210,37.73,70.01,23.43,9.56,0.9,0.0
20231118:1310,62.68,79.52,19.36,10.36,0.55,0.0
20231118:1410,44.57,60.59,13.11,10.26,0.34,0.0
20231118:1510,18.96,32.19,5.19,9.69,0.41,0.0
20231118:1610,0.0,0.0,0.0,9.09,0.41,0.0
20231118:1710,0.0,0.0,0.0,8.81,0.41,0.0
20231118:1810,0.0,0.0,0.0,8.23,0.55,0.0
20231118:1910,0.0,0.0,0.0,7.09,0.83,0.0
20231118:2010,0.0,0.0,0.0,6.72,0.9,0.0
20231118:2110,0.0,0.0,0.0,6.73,0.83,0.0
20231118:2210,0.0,0.0,0.0,6.7,0.76,0.0
20231118:2310,0.0,0.0,0.0,6.49,0.83,0.0
20231119:0010,0.0,0.0,0.0,6.41,0.83,0.0
20231119:0110,0.0,0.0,0.0,6.84,0.69,0.0
20231119:0210,0.0,0.0,0.0,6.75,0.62,0.0
20231119:0310,0.0,0.0,0.0,6.58,0.69,0.0
20231119:0410,0.0,0.0,0.0,6.39,0.76,0.0
20231119:0510,0.0,0.0,0.0,6.14,0.76,0.0
20231119:0610,0.0,0.0,0.0,5.97,0.76,0.0
20231119:0710,16.95,29.35,5.16,5.38,0.62,0.0
20231119:0810,45.53,60.59,13.03,6.08,0.62,0.0
20231119:0910,75.23,103.56,19.24,7.06,0.34,0.0
20231119:1010,69.31,109.44,23.25,8.66,0.21,0.0
20231119:1110,51.97,94.64,24.63,9.87,0.41,0.0
20231119:1210,26.06,56.53,23.21,10.79,0.62,0.0
20231119:1310,62.45,79.52,19.16,11.13,0.62,0.0
20231119:1410,44.42,60.59,12.93,11.04,0.76,0.0
20231119:1510,15.73,28.4,5.04,10.23,0.62,0.0
20231119:1610,0.0,0.0,0.0,9.22,0.21,0.0
20231119:1710,0.0,0.0,0.0,8.44,0.07,0.0
20231119:1810,0.0,0.0,0.0,7.75,0.34,0.0
20231119:1910,0.0,0.0,0.0,7.42,0.62,0.0
20231119:2010,0.0,0.0,0.0,7.06,0.69,0.0
20231119:2110,0.0,0.0,0.0,6.46,0.83,0.0
20231119:2210,0.0,0.0,0.0,5.95,0.97,0.0
20231119:2310,0.0,0.0,0.0,5.68,0.97,0.0
20231120:0010,0.0,0.0,0.0,5.55,1.03,0.0
20231120:0110,0.0,0.0,0.0,5.51,1.1,0.0
20231120:0210,0.0,0.0,0.0,4.95,1.17,0.0
20231120:0310,0.0,0.0,0.0,3.95,1.24,0.0
20231120:0410,0.0,0.0,0.0,3.28,1.38,0.0
20231120:0510,0.0,0.0,0.0,3.25,1.38,0.0
20231120:0610,0.0,0.0,0.0,2.92,1.45,0.0
20231120:0710,16.32,28.4,4.94,3.43,1.31,0.0
20231120:0810,40.63,54.91,12.81,3.59,1.1,0.0
20231120:0910,30.3,62.59,19.0,6.13,0.83,0.0
20231120:1010,56.39,97.29,23.01,8.21,0.62,0.0
20231120:1110,51.63,93.08,24.4,10.38,0.07,0.0
20231120:1210,136.92,155.48,22.99,11.28,0.41,0.0
20231120:1310,126.71,144.85,18.97,11.55,0.76,0.0
20231120:1410,75.37,92.78,12.76,11.2,0.97,0.0
20231120:1510,17.3,30.29,4.89,10.28,0.83,0.0
20231120:1610,0.0,0.0,0.0,8.89,0.69,0.0
20231120:1710,0.0,0.0,0.0,8.4,0.48,0.0
20231120:1810,0.0,0.0,0.0,7.81,0.41,0.0
20231120:1910,0.0,0.0,0.0,7.42,0.55,0.0
20231120:2010,0.0,0.0,0.0,7.28,0.69,0.0
20231120:2110,0.0,0.0,0.0,6.49,0.62,0.0
20231120:2210,0.0,0.0,0.0,6.32,0.48,0.0
20231120:2310,0.0,0.0,0.0,5.68,0.48,0.0
20231121:0010,0.0,0.0,0.0,5.04,0.83,0.0
20231121:0110,0.0,0.0,0.0,4.92,0.83,0.0
20231121:0210,0.0,0.0,0.0,4.69,0.83,0.0
20231121:0310,0.0,0.0,0.0,4.58,0.9,0.0
20231121:0410,0.0,0.0,0.0,4.26,1.1,0.0
20231121:0510,0.0,0.0,0.0,4.04,1.24,0.0
20231121:0610,0.0,0.0,0.0,3.84,1.45,0.0
20231121:0710,14.63,26.51,4.72,4.56,1.31,0.0
20231121:0810,41.19,55.86,12.58,5.32,1.24,0.0
20231121:0910,32.17,62.37,18.77,7.43,1.1,0.0
20231121:1010,37.87,80.33,22.78,9.2,1.03,0.0
20231121:1110,36.74,78.44,24.17,10.62,1.03,0.0
20231121:1210,22.39,48.19,22.78,11.63,1.1,0.0
20231121:1310,57.61,74.79,18.78,12.24,1.03,0.0
20231121:1410,38.85,54.91,12.6,12.39,0.76,0.0
20231121:1510,14.81,27.45,4.75,11.82,0.41,0.0
20231121:1610,0.0,0.0,0.0,11.26,0.41,0.0
20231121:1710,0.0,0.0,0.0,10.26,0.62,0.0
20231121:1810,0.0,0.0,0.0,9.37,0.97,0.0
20231121:1910,0.0,0.0,0.0,8.28,0.69,0.0
20231121:2010,0.0,0.0,0.0,7.76,0.9,0.0
20231121:2110,0.0,0.0,0.0,7.47,1.03,0.0
20231121:2210,0.0,0.0,0.0,6.2,1.31,0.0
20231121:2310,0.0,0.0,0.0,5.27,1.45,0.0
20231122:0010,0.0,0.0,0.0,4.52,1.52,0.0
20231122:0110,0.0,0.0,0.0,4.19,1.59,0.0
20231122:0210,0.0,0.0,0.0,3.89,1.66,0.0
20231122:0310,0.0,0.0,0.0,3.94,1.66,0.0
20231122:0410,0.0,0.0,0.0,4.05,1.66,0.0
20231122:0510,0.0,0.0,0.0,4.0,1.66,0.0
20231122:0610,0.0,0.0,0.0,4.04,1.66,0.0
20231122:0710,13.86,25.56,4.51,4.25,1.86,0.0
20231122:0810,41.22,55.86,12.36,5.28,1.72,0.0
20231122:0910,27.96,56.45,18.54,8.61,1.38,0.0
20231122:1010,37.49,78.51,22.55,10.85,1.52,0.0
20231122:1110,32.32,72.92,23.95,11.65,1.66,0.0
20231122:1210,23.24,46.66,22.58,12.05,1.66,0.0
20231122:1310,56.76,73.84,18.6,12.19,1.45,0.0
20231122:1410,37.2,53.02,12.44,11.97,0.97,0.0
20231122:1510,14.11,26.51,4.61,11.03,0.76,0.0
20231122:1610,0.0,0.0,0.0,9.65,0.97,0.0
20231122:1710,0.0,0.0,0.0,7.93,1.38,0.0
20231122:1810,0.0,0.0,0.0,5.98,1.79,0.0
20231122:1910,0.0,0.0,0.0,5.65,1.79,0.0
20231122:2010,0.0,0.0,0.0,4.89,1.86,0.0
20231122:2110,0.0,0.0,0.0,4.53,1.79,0.0
20231122:2210,0.0,0.0,0.0,4.18,1.72,0.0
20231122:2310,0.0,0.0,0.0,4.14,1.59,0.0
20231123:0010,0.0,0.0,0.0,4.38,1.45,0.0
20231123:0110,0.0,0.0,0.0,4.61,1.31,0.0
20231123:0210,0.0,0.0,0.0,4.42,1.17,0.0
20231123:0310,0.0,0.0,0.0,4.41,1.1,0.0
20231123:0410,0.0,0.0,0.0,4.45,1.03,0.0
20231123:0510,0.0,0.0,0.0,4.7,0.9,0.0
20231123:0610,0.0,0.0,0.0,3.99,0.83,0.0
20231123:0710,13.36,24.61,4.3,0.42,1.59,0.0
20231123:0810,40.07,53.96,12.14,1.91,1.31,0.0
20231123:0910,27.88,53.5,18.32,4.91,0.97,0.0
20231123:1010,34.81,73.6,22.33,7.75,0.48,0.0
20231123:1110,33.35,71.3,23.74,9.32,0.14,0.0
20231123:1210,21.46,41.95,22.39,10.07,0.34,0.0
20231123:1310,57.17,73.84,18.43,10.43,0.48,0.0
20231123:1410,37.49,53.02,12.29,10.35,0.62,0.0
20231123:1510,14.22,26.51,4.48,9.61,0.62,0.0
20231123:1610,0.0,0.0,0.0,8.67,0.41,0.0
20231123:1710,0.0,0.0,0.0,7.92,0.28,0.0
20231123:1810,0.0,0.0,0.0,7.41,0.41,0.0
20231123:1910,0.0,0.0,0.0,6.89,0.97,0.0
20231123:2010,0.0,0.0,0.0,6.6,0.97,0.0
20231123:2110,0.0,0.0,0.0,6.54,0.97,0.0
20231123:2210,0.0,0.0,0.0,6.56,0.97,0.0
20231123:2310,0.0,0.0,0.0,6.71,0.97,0.0
20231124:0010,0.0,0.0,0.0,6.8,0.97,0.0
20231124:0110,0.0,0.0,0.0,6.46,1.03,0.0
20231124:0210,0.0,0.0,0.0,6.19,1.24,0.0
20231124:0310,0.0,0.0,0.0,5.58,1.45,0.0
20231124:0410,0.0,0.0,0.0,5.03,1.59,0.0
20231124:0510,0.0,0.0,0.0,4.59,1.72,0.0
20231124:0610,0.0,0.0,0.0,3.98,2.0,0.0
20231124:0710,12.35,23.67,4.09,3.62,1.93,0.0
20231124:0810,40.46,54.91,11.93,4.61,1.93,0.0
20231124:0910,25.83,49.71,18.1,8.63,1.79,0.0
20231124:1010,34.7,72.06,22.11,10.78,1.59,0.0
20231124:1110,35.91,72.12,23.53,11.86,1.52,0.0
20231124:1210,20.64,38.82,22.2,12.57,1.38,0.0
20231124:1310,58.43,75.74,18.26,12.65,1.38,0.0
20231124:1410,37.14,53.02,12.15,12.33,1.24,0.0
20231124:1510,8.19,18.93,4.36,11.37,1.45,0.0
20231124:1610,0.0,0.0,0.0,9.43,1.72,0.0
20231124:1710,0.0,0.0,0.0,7.9,2.14,0.0
20231124:1810,0.0,0.0,0.0,7.29,2.62,0.0
20231124:1910,0.0,0.0,0.0,7.64,2.9,0.0
20231124:2010,0.0,0.0,0.0,7.8,3.66,0.0
20231124:2110,0.0,0.0,0.0,7.07,3.93,0.0
20231124:2210,0.0,0.0,0.0,6.27,3.45,0.0
20231124:2310,0.0,0.0,0.0,5.19,2.76,0.0
20231125:0010,0.0,0.0,0.0,4.37,2.28,0.0
20231125:0110,0.0,0.0,0.0,3.66,2.0,0.0
20231125:0210,0.0,0.0,0.0,2.88,1.86,0.0
20231125:0310,0.0,0.0,0.0,2.47,1.66,0.0
20231125:0410,0.0,0.0,0.0,1.91,1.72,0.0
20231125:0510,0.0,0.0,0.0,1.4,1.79,0.0
20231125:0610,0.0,0.0,0.0,2.44,1.38,0.0
20231125:0710,10.87,21.77,3.89,2.56,1.31,0.0
20231125:0810,35.36,49.23,11.72,2.79,1.24,0.0
20231125:0910,20.44,41.44,17.89,4.45,1.45,0.0
20231125:1010,28.03,63.67,21.9,5.33,2.55,0.0
20231125:1110,29.35,63.5,23.33,5.56,2.76,0.0
20231125:1210,20.67,35.49,22.01,5.69,2.83,0.0
20231125:1310,54.97,70.06,18.1,5.64,2.48,0.0
20231125:1410,35.82,50.18,12.01,5.37,1.93,0.0
20231125:1510,13.03,24.61,4.24,4.84,1.17,0.0
20231125:1610,0.0,0.0,0.0,3.56,1.03,0.0
20231125:1710,0.0,0.0,0.0,3.05,1.1,0.0
20231125:1810,0.0,0.0,0.0,2.31,1.31,0.0
20231125:1910,0.0,0.0,0.0,2.11,1.31,0.0
20231125:2010,0.0,0.0,0.0,1.57,1.38,0.0
20231125:2110,0.0,0.0,0.0,1.03,1.45,0.0
20231125:2210,0.0,0.0,0.0,0.89,1.45,0.0
20231125:2310,0.0,0.0,0.0,0.82,1.38,0.0
20231126:0010,0.0,0.0,0.0,0.75,1.38,0.0
20231126:0110,0.0,0.0,0.0,0.87,1.38,0.0
20231126:0210,0.0,0.0,0.0,0.67,1.45,0.0
20231126:0310,0.0,0.0,0.0,0.56,1.52,0.0
20231126:0410,0.0,0.0,0.0,0.55,1.59,0.0
20231126:0510,0.0,0.0,0.0,0.67,1.59,0.0
20231126:0610,0.0,0.0,0.0,0.95,1.52,0.0
20231126:0710,10.19,20.83,3.69,1.36,1.59,0.0
20231126:0810,37.36,51.12,11.51,1.8,1.59,0.0
20231126:0910,20.97,39.49,17.68,4.64,1.52,0.0
20231126:1010,27.34,60.76,21.7,6.21,1.66,0.0
20231126:1110,29.19,61.32,23.14,6.97,1.72,0.0
20231126:1210,57.23,72.9,21.84,7.4,1.86,0.0
20231126:1310,51.65,67.22,17.95,7.49,1.59,0.0
20231126:1410,33.67,48.28,11.88,7.37,1.1,0.0
20231126:1510,12.16,23.67,4.13,6.27,0.83,0.0
20231126:1610,0.0,0.0,0.0,6.58,0.69,0.0
20231126:1710,0.0,0.0,0.0,5.94,0.83,0.0
20231126:1810,0.0,0.0,0.0,5.47,0.83,0.0
20231126:1910,0.0,0.0,0.0,3.88,1.24,0.0
20231126:2010,0.0,0.0,0.0,3.45,1.24,0.0
20231126:2110,0.0,0.0,0.0,2.87,1.31,0.0
20231126:2210,0.0,0.0,0.0,2.4,1.38,0.0
20231126:2310,0.0,0.0,0.0,1.86,1.38,0.0
20231127:0010,0.0,0.0,0.0,1.38,1.45,0.0
20231127:0110,0.0,0.0,0.0,1.05,1.45,0.0
20231127:0210,0.0,0.0,0.0,0.77,1.45,0.0
20231127:0310,0.0,0.0,0.0,0.77,1.45,0.0
20231127:0410,0.0,0.0,0.0,0.68,1.38,0.0
20231127:0510,0.0,0.0,0.0,0.96,1.31,0.0
20231127:0610,0.0,0.0,0.0,1.29,1.24,0.0
20231127:0710,9.43,19.88,3.49,1.49,1.17,0.0
20231127:0810,44.59,58.7,11.31,2.23,1.03,0.0
20231127:0910,88.46,104.14,17.48,3.49,0.76,0.0
20231127:1010,145.97,161.66,21.5,5.11,0.62,0.0
20231127:1110,157.57,173.52,22.95,5.79,0.48,0.0
20231127:1210,154.19,168.51,21.67,5.93,0.41,0.0
20231127:1310,120.4,135.38,17.8,5.87,0.41,0.0
20231127:1410,69.79,85.2,11.76,5.54,0.28,0.0
20231127:1510,11.45,22.72,4.03,5.36,0.21,0.0
20231127:1610,0.0,0.0,0.0,5.11,0.34,0.0
20231127:1710,0.0,0.0,0.0,4.65,0.62,0.0
20231127:1810,0.0,0.0,0.0,3.88,0.83,0.0
20231127:1910,0.0,0.0,0.0,1.95,0.9,0.0
20231127:2010,0.0,0.0,0.0,1.79,0.9,0.0
20231127:2110,0.0,0.0,0.0,1.59,0.97,0.0
20231127:2210,0.0,0.0,0.0,1.78,0.83,0.0
20231127:2310,0.0,0.0,0.0,1.86,0.83,0.0
20231128:0010,0.0,0.0,0.0,1.83,0.83,0.0
20231128:0110,0.0,0.0,0.0,1.89,0.83,0.0
20231128:0210,0.0,0.0,0.0,2.15,0.69,0.0
20231128:0310,0.0,0.0,0.0,2.16,0.62,0.0
20231128:0410,0.0,0.0,0.0,2.09,0.48,0.0
20231128:0510,0.0,0.0,0.0,2.03,0.62,0.0
20231128:0610,0.0,0.0,0.0,1.65,0.83,0.0
20231128:0710,7.99,17.99,3.3,0.64,1.1,0.0
20231128:0810,37.48,51.12,11.12,1.04,1.1,0.0
20231128:0910,23.22,36.98,17.28,3.36,0.97,0.0
20231128:1010,25.27,54.49,21.3,5.14,0.97,0.0
20231128:1110,26.22,54.26,22.77,6.5,1.1,0.0
20231128:1210,59.93,75.74,21.51,7.46,1.17,0.0
20231128:1310,51.49,67.22,17.66,8.04,1.24,0.0
20231128:1410,34.44,49.23,11.64,7.97,1.24,0.0
20231128:1510,11.31,22.72,3.93,7.66,1.93,0.0
20231128:1610,0.0,0.0,0.0,6.55,2.48,0.0
20231128:1710,0.0,0.0,0.0,5.27,2.48,0.0
20231128:1810,0.0,0.0,0.0,4.05,2.41,0.0
20231128:1910,0.0,0.0,0.0,3.59,2.69,0.0
20231128:2010,0.0,0.0,0.0,2.9,2.41,0.0
20231128:2110,0.0,0.0,0.0,2.44,2.34,0.0
20231128:2210,0.0,0.0,0.0,1.96,2.07,0.0
20231128:2310,0.0,0.0,0.0,1.18,2.0,0.0
20231129:0010,0.0,0.0,0.0,0.27,2.14,0.0
20231129:0110,0.0,0.0,0.0,-0.44,2.21,0.0
20231129:0210,0.0,0.0,0.0,-0.98,2.34,0.0
20231129:0310,0.0,0.0,0.0,-1.08,2.41,0.0
20231129:0410,0.0,0.0,0.0,-1.4,2.34,0.0
20231129:0510,0.0,0.0,0.0,-1.8,2.21,0.0
20231129:0610,0.0,0.0,0.0,-2.15,2.0,0.0
20231129:0710,8.12,17.99,3.12,-1.87,2.0,0.0
20231129:0810,38.72,52.07,10.93,-0.53,1.72,0.0
20231129:0910,55.72,70.06,17.09,2.63,1.52,0.0
20231129:1010,28.47,55.67,21.12,4.32,1.24,0.0
20231129:1110,28.15,54.25,22.6,5.55,0.9,0.0
20231129:1210,63.1,78.58,21.35,6.13,0.9,0.0
20231129:1310,55.66,71.0,17.53,6.12,1.03,0.0
20231129:1410,39.29,53.96,11.53,5.75,0.9,0.0
20231129:1510,11.47,22.72,3.84,5.11,0.55,0.0
20231129:1610,0.0,0.0,0.0,4.87,0.28,0.0
20231129:1710,0.0,0.0,0.0,4.46,0.07,0.0
20231129:1810,0.0,0.0,0.0,4.16,0.41,0.0
20231129:1910,0.0,0.0,0.0,3.67,0.9,0.0
20231129:2010,0.0,0.0,0.0,2.8,0.97,0.0
20231129:2110,0.0,0.0,0.0,2.36,1.1,0.0
20231129:2210,0.0,0.0,0.0,2.36,1.03,0.0
20231129:2310,0.0,0.0,0.0,2.51,0.9,0.0
20231130:0010,0.0,0.0,0.0,1.92,1.1,0.0
20231130:0110,0.0,0.0,0.0,1.47,1.17,0.0
20231130:0210,0.0,0.0,0.0,1.27,1.03,0.0
20231130:0310,0.0,0.0,0.0,0.84,0.97,0.0
20231130:0410,0.0,0.0,0.0,0.22,0.97,0.0
20231130:0510,0.0,0.0,0.0,0.18,0.9,0.0
20231130:0610,0.0,0.0,0.0,0.16,0.83,0.0
20231130:0710,0.07,5.68,2.93,0.32,0.55,0.0
20231130:0810,14.96,26.51,10.74,0.31,0.69,0.0
20231130:0910,74.47,88.04,16.9,0.58,0.83,0.0
20231130:1010,60.84,74.74,20.94,0.97,0.97,0.0
20231130:1110,41.46,55.33,22.43,1.51,0.97,0.0
20231130:1210,73.84,88.04,21.2,2.36,0.83,0.0
20231130:1310,75.47,89.94,17.4,3.03,0.55,0.0
20231130:1410,47.09,61.54,11.43,3.23,0.41,0.0
20231130:1510,7.87,17.99,3.76,3.18,0.34,0.0
20231130:1610,0.0,0.0,0.0,3.08,0.28,0.0
20231130:1710,0.0,0.0,0.0,3.11,0.48,0.0
20231130:1810,0.0,0.0,0.0,3.32,0.41,0.0
20231130:1910,0.0,0.0,0.0,1.89,0.48,0.0
20231130:2010,0.0,0.0,0.0,1.73,0.9,0.0
20231130:2110,0.0,0.0,0.0,1.62,1.1,0.0
20231130:2210,0.0,0.0,0.0,2.02,1.1,0.0
20231130:2310,0.0,0.0,0.0,1.98,1.17,0.0
20231201:0010,0.0,0.0,0.0,2.71,1.03,0.0
20231201:0110,0.0,0.0,0.0,3.9,0.76,0.0
20231201:0210,0.0,0.0,0.0,4.06,0.69,0.0
20231201:0310,0.0,0.0,0.0,3.93,0.76,0.0
20231201:0410,0.0,0.0,0.0,3.76,0.83,0.0
20231201:0510,0.0,0.0,0.0,3.12,1.1,0.0
20231201:0610,0.0,0.0,0.0,3.27,1.1,0.0
20231201:0710,0.0,2.84,2.75,3.35,0.97,0.0
20231201:0810,10.78,21.77,10.56,3.98,0.83,0.0
20231201:0910,51.48,66.27,16.72,4.33,0.76,0.0
20231201:1010,39.71,54.35,20.76,5.37,0.41,0.0
20231201:1110,51.68,66.97,22.27,6.07,0.28,0.0
20231201:1210,20.98,34.08,21.06,6.02,0.21,0.0
20231201:1310,12.18,23.67,17.28,5.91,0.41,0.0
20231201:1410,25.24,38.82,11.33,5.71,0.55,0.0
20231201:1510,0.0,2.84,3.68,5.44,0.69,0.0
20231201:1610,0.0,0.0,0.0,5.15,0.83,0.0
20231201:1710,0.0,0.0,0.0,5.02,0.9,0.0
20231201:1810,0.0,0.0,0.0,4.88,0.97,0.0
20231201:1910,0.0,0.0,0.0,4.63,1.17,0.0
20231201:2010,0.0,0.0,0.0,4.7,1.52,0.0
20231201:2110,0.0,0.0,0.0,4.81,1.66,0.0
20231201:2210,0.0,0.0,0.0,4.81,1.45,0.0
20231201:2310,0.0,0.0,0.0,4.8,1.38,0.0
20231202:0010,0.0,0.0,0.0,4.86,1.38,0.0
20231202:0110,0.0,0.0,0.0,4.92,1.52,0.0
20231202:0210,0.0,0.0,0.0,5.03,1.45,0.0
20231202:0310,0.0,0.0,0.0,5.09,1.45,0.0
20231202:0410,0.0,0.0,0.0,5.12,1.66,0.0
20231202:0510,0.0,0.0,0.0,5.08,1.86,0.0
20231202:0610,0.0,0.0,0.0,5.02,2.21,0.0
20231202:0710,0.0,2.84,2.58,4.35,2.41,0.0
20231202:0810,46.04,60.59,10.38,4.32,2.69,0.0
20231202:0910,17.88,30.29,16.55,4.43,2.83,0.0
20231202:1010,47.42,62.12,20.6,4.82,2.83,0.0
20231202:1110,150.17,163.63,22.11,5.32,2.97,0.0
20231202:1210,138.93,152.42,20.92,5.63,3.1,0.0
20231202:1310,70.91,86.15,17.17,5.94,3.03,0.0
20231202:1410,62.43,77.63,11.24,5.85,3.03,0.0
20231202:1510,9.22,19.88,3.61,5.36,2.97,0.0
20231202:1610,0.0,0.0,0.0,4.66,2.97,0.0
20231202:1710,0.0,0.0,0.0,4.02,3.03,0.0
20231202:1810,0.0,0.0,0.0,3.49,3.03,0.0
20231202:1910,0.0,0.0,0.0,3.13,3.38,0.0
20231202:2010,0.0,0.0,0.0,2.67,3.24,0.0
20231202:2110,0.0,0.0,0.0,2.21,3.1,0.0
20231202:2210,0.0,0.0,0.0,1.78,2.97,0.0
20231202:2310,0.0,0.0,0.0,1.43,2.83,0.0
20231203:0010,0.0,0.0,0.0,1.1,2.69,0.0
20231203:0110,0.0,0.0,0.0,0.78,2.55,0.0
20231203:0210,0.0,0.0,0.0,0.43,2.48,0.0
20231203:0310,0.0,0.0,0.0,0.0,2.34,0.0
20231203:0410,0.0,0.0,0.0,-0.4,2.28,0.0
20231203:0510,0.0,0.0,0.0,-0.93,2.0,0.0
20231203:0610,0.0,0.0,0.0,-1.26,1.86,0.0
20231203:0710,3.95,12.31,2.41,-1.94,2.0,0.0
20231203:0810,32.48,45.44,10.21,-1.43,1.86,0.0
20231203:0910,45.14,58.7,16.38,-0.12,1.66,0.0
20231203:1010,27.04,46.29,20.43,1.29,1.45,0.0
20231203:1110,14.05,31.21,21.97,2.48,1.1,0.0
20231203:1210,54.55,69.11,20.8,3.29,0.83,0.0
20231203:1310,54.45,69.11,17.07,3.59,0.55,0.0
20231203:1410,27.25,40.71,11.16,3.53,0.48,0.0
20231203:1510,9.33,19.88,3.55,3.15,0.41,0.0
20231203:1610,0.0,0.0,0.0,3.0,0.21,0.0
20231203:1710,0.0,0.0,0.0,2.73,0.14,0.0
20231203:1810,0.0,0.0,0.0,2.43,0.41,0.0
20231203:1910,0.0,0.0,0.0,1.68,0.83,0.0
20231203:2010,0.0,0.0,0.0,1.29,0.83,0.0
20231203:2110,0.0,0.0,0.0,0.46,0.97,0.0
20231203:2210,0.0,0.0,0.0,-0.05,0.97,0.0
20231203:2310,0.0,0.0,0.0,-0.99,1.03,0.0
20231204:0010,0.0,0.0,0.0,-1.94,1.17,0.0
20231204:0110,0.0,0.0,0.0,-2.9,1.24,0.0
20231204:0210,0.0,0.0,0.0,-2.38,1.38,0.0
20231204:0310,0.0,0.0,0.0,-2.19,1.38,0.0
20231204:0410,0.0,0.0,0.0,-2.18,1.45,0.0
20231204:0510,0.0,0.0,0.0,-2.09,1.45,0.0
20231204:0610,0.0,0.0,0.0,-1.86,1.31,0.0
20231204:0710,1.54,8.52,2.24,-1.24,1.24,0.0
20231204:0810,49.92,63.43,10.04,-0.62,1.1,0.0
20231204:0910,34.0,47.34,16.22,0.17,0.9,0.0
20231204:1010,100.54,113.37,20.28,0.72,0.76,0.0
20231204:1110,99.58,112.59,21.82,1.0,0.62,0.0
20231204:1210,147.93,159.05,20.68,1.11,0.55,0.0
20231204:1310,25.01,37.87,16.97,0.79,0.62,0.0
20231204:1410,11.76,22.72,11.08,0.66,0.69,0.0
20231204:1510,8.0,17.99,3.49,0.48,0.69,0.0
20231204:1610,0.0,0.0,0.0,0.17,0.76,0.0
20231204:1710,0.0,0.0,0.0,-0.08,0.76,0.0
20231204:1810,0.0,0.0,0.0,-0.17,0.76,0.0
20231204:1910,0.0,0.0,0.0,-0.57,0.76,0.0
20231204:2010,0.0,0.0,0.0,-0.57,0.9,0.0
20231204:2110,0.0,0.0,0.0,-0.48,0.83,0.0
20231204:2210,0.0,0.0,0.0,-0.54,0.9,0.0
20231204:2310,0.0,0.0,0.0,-0.51,0.97,0.0
20231205:0010,0.0,0.0,0.0,-0.21,0.83,0.0
20231205:0110,0.0,0.0,0.0,-0.07,0.83,0.0
20231205:0210,0.0,0.0,0.0,0.28,0.76,0.0
20231205:0310,0.0,0.0,0.0,0.77,0.55,0.0
20231205:0410,0.0,0.0,0.0,0.75,0.48,0.0
20231205:0510,0.0,0.0,0.0,0.75,0.34,0.0
20231205:0610,0.0,0.0,0.0,0.76,0.28,0.0
20231205:0710,0.0,1.89,2.08,-0.1,0.55,0.0
20231205:0810,44.11,57.75,9.88,-0.02,0.41,0.0
20231205:0910,42.1,55.86,16.06,0.73,0.41,0.0
20231205:1010,110.37,123.58,20.13,1.84,0.14,0.0
20231205:1110,138.73,151.45,21.69,2.82,0.41,0.0
20231205:1210,59.18,73.84,20.56,3.47,0.69,0.0
20231205:1310,95.49,109.82,16.88,3.72,0.76,0.0
20231205:1410,60.08,74.79,11.01,3.63,0.69,0.0
20231205:1510,8.6,18.93,3.44,3.23,0.83,0.0
20231205:1610,0.0,0.0,0.0,1.98,0.97,0.0
20231205:1710,0.0,0.0,0.0,2.31,0.83,0.0
20231205:1810,0.0,0.0,0.0,2.19,0.55,0.0
20231205:1910,0.0,0.0,0.0,2.31,0.76,0.0
20231205:2010,0.0,0.0,0.0,2.14,0.83,0.0
20231205:2110,0.0,0.0,0.0,2.03,0.9,0.0
20231205:2210,0.0,0.0,0.0,0.51,1.03,0.0
20231205:2310,0.0,0.0,0.0,0.19,1.1,0.0
20231206:0010,0.0,0.0,0.0,-0.98,1.24,0.0
20231206:0110,0.0,0.0,0.0,-1.7,1.31,0.0
20231206:0210,0.0,0.0,0.0,-2.13,1.45,0.0
20231206:0310,0.0,0.0,0.0,-2.43,1.52,0.0
20231206:0410,0.0,0.0,0.0,-2.86,1.66,0.0
20231206:0510,0.0,0.0,0.0,-3.02,1.72,0.0
20231206:0610,0.0,0.0,0.0,-3.09,1.72,0.0
20231206:0710,1.56,8.52,1.92,-2.8,1.79,0.0
20231206:0810,48.24,61.54,9.73,-1.37,1.59,0.0
20231206:0910,108.08,121.18,15.91,2.21,1.38,0.0
20231206:1010,37.93,53.19,19.99,4.52,1.1,0.0
20231206:1110,71.59,87.1,21.57,6.03,0.83,0.0
20231206:1210,56.32,71.95,20.46,6.97,0.69,0.0
20231206:1310,47.08,62.48,16.79,7.28,0.69,0.0
20231206:1410,28.48,42.6,10.95,7.04,0.62,0.0
20231206:1510,7.7,17.99,3.4,6.96,0.48,0.0
20231206:1610,0.0,0.0,0.0,6.25,0.41,0.0
20231206:1710,0.0,0.0,0.0,5.69,0.83,0.0
20231206:1810,0.0,0.0,0.0,4.1,1.31,0.0
20231206:1910,0.0,0.0,0.0,1.91,1.59,0.0
20231206:2010,0.0,0.0,0.0,1.28,1.66,0.0
20231206:2110,0.0,0.0,0.0,0.95,1.66,0.0
20231206:2210,0.0,0.0,0.0,0.75,1.59,0.0
20231206:2310,0.0,0.0,0.0,0.24,1.66,0.0
20231207:0010,0.0,0.0,0.0,-0.37,1.79,0.0
20231207:0110,0.0,0.0,0.0,-0.83,1.79,0.0
20231207:0210,0.0,0.0,0.0,-1.09,1.79,0.0
20231207:0310,0.0,0.0,0.0,-1.46,1.86,0.0
20231207:0410,0.0,0.0,0.0,-1.71,1.86,0.0
20231207:0510,0.0,0.0,0.0,-1.82,1.86,0.0
20231207:0610,0.0,0.0,0.0,-1.84,1.86,0.0
20231207:0710,1.03,7.57,1.77,-2.23,1.72,0.0
20231207:0810,29.76,42.6,9.58,-1.38,1.59,0.0
20231207:0910,44.69,58.7,15.76,1.84,1.31,0.0
20231207:1010,52.45,67.22,19.85,4.24,1.03,0.0
20231207:1110,38.39,53.02,21.45,5.7,0.62,0.0
20231207:1210,52.79,68.16,20.36,6.29,0.34,0.0
20231207:1310,66.69,82.36,16.72,6.48,0.48,0.0
20231207:1410,34.74,49.23,10.89,6.12,0.48,0.0
20231207:1510,7.04,17.04,3.36,5.86,0.41,0.0
20231207:1610,0.0,0.0,0.0,5.48,0.34,0.0
20231207:1710,0.0,0.0,0.0,4.96,0.28,0.0
20231207:1810,0.0,0.0,0.0,4.57,0.14,0.0
20231207:1910,0.0,0.0,0.0,3.51,0.69,0.0
20231207:2010,0.0,0.0,0.0,2.73,0.76,0.0
20231207:2110,0.0,0.0,0.0,2.29,0.9,0.0
20231207:2210,0.0,0.0,0.0,2.07,0.9,0.0
20231207:2310,0.0,0.0,0.0,2.07,0.9,0.0
20231208:0010,0.0,0.0,0.0,2.21,0.9,0.0
20231208:0110,0.0,0.0,0.0,2.58,0.83,0.0
20231208:0210,0.0,0.0,0.0,2.62,0.9,0.0
20231208:0310,0.0,0.0,0.0,2.53,0.97,0.0
20231208:0410,0.0,0.0,0.0,2.72,0.9,0.0
20231208:0510,0.0,0.0,0.0,2.9,0.69,0.0
20231208:0610,0.0,0.0,0.0,2.46,0.69,0.0
20231208:0710,0.0,0.95,1.63,0.57,1.17,0.0
20231208:0810,13.35,24.61,9.43,0.41,1.24,0.0
20231208:0910,39.24,53.02,15.63,1.37,0.9,0.0
20231208:1010,52.03,66.27,19.73,2.04,0.41,0.0
20231208:1110,70.71,85.2,21.33,2.8,0.21,0.0
20231208:1210,59.23,73.84,20.27,3.06,0.07,0.0
20231208:1310,51.77,66.27,16.65,2.9,0.0,0.0
20231208:1410,57.42,71.95,10.84,2.83,0.07,0.0
20231208:1510,1.48,8.52,3.33,2.72,0.28,0.0
20231208:1610,0.0,0.0,0.0,2.56,0.48,0.0
20231208:1710,0.0,0.0,0.0,2.55,0.41,0.0
20231208:1810,0.0,0.0,0.0,2.48,0.41,0.0
20231208:1910,0.0,0.0,0.0,1.92,0.28,0.0
20231208:2010,0.0,0.0,0.0,1.94,0.48,0.0
20231208:2110,0.0,0.0,0.0,1.89,0.48,0.0
20231208:2210,0.0,0.0,0.0,1.68,0.62,0.0
20231208:2310,0.0,0.0,0.0,1.2,0.76,0.0
20231209:0010,0.0,0.0,0.0,1.16,0.62,0.0
20231209:0110,0.0,0.0,0.0,1.46,0.41,0.0
20231209:0210,0.0,0.0,0.0,1.81,0.34,0.0
20231209:0310,0.0,0.0,0.0,2.02,0.34,0.0
20231209:0410,0.0,0.0,0.0,2.03,0.41,0.0
20231209:0510,0.0,0.0,0.0,1.99,0.48,0.0
20231209:0610,0.0,0.0,0.0,2.02,0.41,0.0
20231209:0710,0.0,2.84,1.49,1.89,0.41,0.0
20231209:0810,49.29,63.43,9.3,1.79,0.41,0.0
20231209:0910,96.02,109.82,15.49,2.25,0.21,0.0
20231209:1010,96.52,110.77,19.61,3.27,0.21,0.0
20231209:1110,46.05,60.59,21.23,3.69,0.21,0.0
20231209:1210,130.19,143.9,20.18,3.93,0.21,0.0
20231209:1310,50.63,65.32,16.58,3.85,0.28,0.0
20231209:1410,23.72,36.92,10.8,4.15,0.07,0.0
20231209:1510,0.05,5.68,3.3,3.94,0.21,0.0
20231209:1610,0.0,0.0,0.0,3.53,0.34,0.0
20231209:1710,0.0,0.0,0.0,3.15,0.14,0.0
20231209:1810,0.0,0.0,0.0,3.0,0.21,0.0
20231209:1910,0.0,0.0,0.0,2.46,0.41,0.0
20231209:2010,0.0,0.0,0.0,2.14,0.69,0.0
20231209:2110,0.0,0.0,0.0,1.35,0.97,0.0
20231209:2210,0.0,0.0,0.0,1.31,1.17,0.0
20231209:2310,0.0,0.0,0.0,2.06,0.9,0.0
20231210:0010,0.0,0.0,0.0,3.03,0.48,0.0
20231210:0110,0.0,0.0,0.0,3.0,0.28,0.0
20231210:0210,0.0,0.0,0.0,2.94,0.34,0.0
20231210:0310,0.0,0.0,0.0,2.71,0.55,0.0
20231210:0410,0.0,0.0,0.0,2.4,0.76,0.0
20231210:0510,0.0,0.0,0.0,1.8,1.1,0.0
20231210:0610,0.0,0.0,0.0,2.69,0.9,0.0
20231210:0710,0.0,3.79,1.35,3.09,0.9,0.0
20231210:0810,25.58,38.82,9.16,3.16,1.1,0.0
20231210:0910,40.43,54.91,15.37,4.59,1.03,0.0
20231210:1010,88.33,104.14,19.49,7.06,1.17,0.0
20231210:1110,79.22,95.62,21.13,8.54,1.24,0.0
20231210:1210,51.98,68.16,20.11,9.67,1.24,0.0
20231210:1310,46.42,62.48,16.53,10.23,1.1,0.0
20231210:1410,34.96,50.18,10.77,9.9,0.83,0.0
20231210:1510,3.66,12.31,3.29,9.09,0.55,0.0
20231210:1610,0.0,0.0,0.0,8.1,0.48,0.0
20231210:1710,0.0,0.0,0.0,7.13,0.34,0.0
20231210:1810,0.0,0.0,0.0,6.59,0.76,0.0
20231210:1910,0.0,0.0,0.0,4.68,1.17,0.0
20231210:2010,0.0,0.0,0.0,3.99,1.45,0.0
20231210:2110,0.0,0.0,0.0,3.84,1.45,0.0
20231210:2210,0.0,0.0,0.0,4.4,1.31,0.0
20231210:2310,0.0,0.0,0.0,4.93,1.03,0.0
20231211:0010,0.0,0.0,0.0,5.23,0.9,0.0
20231211:0110,0.0,0.0,0.0,5.46,0.76,0.0
20231211:0210,0.0,0.0,0.0,4.99,0.83,0.0
20231211:0310,0.0,0.0,0.0,5.03,0.62,0.0
20231211:0410,0.0,0.0,0.0,4.88,0.69,0.0
20231211:0510,0.0,0.0,0.0,4.72,0.55,0.0
20231211:0610,0.0,0.0,0.0,4.61,0.76,0.0
20231211:0710,0.0,0.0,0.0,3.66,1.03,0.0
20231211:0810,7.1,17.04,9.04,4.59,0.76,0.0
20231211:0910,22.76,35.97,15.25,5.15,0.34,0.0
20231211:1010,85.78,101.3,19.38,5.94,0.34,0.0
20231211:1110,94.0,109.82,21.04,6.8,0.41,0.0
20231211:1210,69.16,85.2,20.04,7.43,0.34,0.0
20231211:1310,59.79,75.74,16.48,7.64,0.34,0.0
20231211:1410,37.05,52.07,10.74,7.95,0.28,0.0
20231211:1510,4.96,14.2,3.28,7.37,0.14,0.0
20231211:1610,0.0,0.0,0.0,6.79,0.21,0.0
20231211:1710,0.0,0.0,0.0,6.25,0.41,0.0
20231211:1810,0.0,0.0,0.0,5.83,0.55,0.0
20231211:1910,0.0,0.0,0.0,5.27,0.62,0.0
20231211:2010,0.0,0.0,0.0,5.19,0.48,0.0
20231211:2110,0.0,0.0,0.0,4.81,0.69,0.0
20231211:2210,0.0,0.0,0.0,4.4,0.62,0.0
20231211:2310,0.0,0.0,0.0,4.17,0.62,0.0
20231212:0010,0.0,0.0,0.0,3.81,0.76,0.0
20231212:0110,0.0,0.0,0.0,3.72,0.83,0.0
20231212:0210,0.0,0.0,0.0,3.68,0.9,0.0
20231212:0310,0.0,0.0,0.0,4.25,0.9,0.0
20231212:0410,0.0,0.0,0.0,4.39,0.83,0.0
20231212:0510,0.0,0.0,0.0,4.41,0.83,0.0
20231212:0610,0.0,0.0,0.0,4.51,0.76,0.0
20231212:0710,0.0,0.0,0.0,4.35,0.9,0.0
20231212:0810,42.25,56.8,8.91,4.49,0.83,0.0
20231212:0910,73.88,88.99,15.14,4.75,0.41,0.0
20231212:1010,124.91,140.11,19.29,6.4,0.41,0.0
20231212:1110,108.12,124.02,20.96,7.19,0.34,0.0
20231212:1210,84.06,100.35,19.98,7.84,0.41,0.0
20231212:1310,87.76,104.14,16.44,8.07,0.48,0.0
20231212:1410,56.04,71.95,10.72,7.83,0.28,0.0
20231212:1510,1.96,9.47,3.27,7.18,0.07,0.0
20231212:1610,0.0,0.0,0.0,6.62,0.14,0.0
20231212:1710,0.0,0.0,0.0,6.09,0.07,0.0
20231212:1810,0.0,0.0,0.0,5.77,0.41,0.0
20231212:1910,0.0,0.0,0.0,4.92,0.55,0.0
20231212:2010,0.0,0.0,0.0,4.74,0.76,0.0
20231212:2110,0.0,0.0,0.0,4.8,0.76,0.0
20231212:2210,0.0,0.0,0.0,5.07,0.69,0.0
20231212:2310,0.0,0.0,0.0,5.06,0.69,0.0
20231213:0010,0.0,0.0,0.0,4.96,0.69,0.0
20231213:0110,0.0,0.0,0.0,4.8,0.76,0.0
20231213:0210,0.0,0.0,0.0,5.09,0.55,0.0
20231213:0310,0.0,0.0,0.0,4.62,0.69,0.0
20231213:0410,0.0,0.0,0.0,4.56,0.69,0.0
20231213:0510,0.0,0.0,0.0,4.79,0.62,0.0
20231213:0610,0.0,0.0,0.0,4.81,0.62,0.0
20231213:0710,0.0,0.0,0.0,4.54,0.55,0.0
20231213:0810,10.73,21.77,8.8,4.86,0.48,0.0
20231213:0910,55.88,71.0,15.03,5.16,0.48,0.0
20231213:1010,20.16,33.13,19.19,5.98,0.41,0.0
20231213:1110,31.1,45.44,20.89,6.79,0.21,0.0
20231213:1210,99.63,115.5,19.92,7.09,0.55,0.0
20231213:1310,10.59,21.77,16.41,7.15,0.41,0.0
20231213:1410,22.51,35.97,10.71,7.24,0.55,0.0
20231213:1510,0.04,5.68,3.27,6.65,0.69,0.0
20231213:1610,0.0,0.0,0.0,5.63,0.55,0.0
20231213:1710,0.0,0.0,0.0,5.28,0.14,0.0
20231213:1810,0.0,0.0,0.0,5.11,0.21,0.0
20231213:1910,0.0,0.0,0.0,2.32,1.03,0.0
20231213:2010,0.0,0.0,0.0,1.56,1.03,0.0
20231213:2110,0.0,0.0,0.0,0.99,1.17,0.0
20231213:2210,0.0,0.0,0.0,0.98,1.31,0.0
20231213:2310,0.0,0.0,0.0,0.92,1.31,0.0
20231214:0010,0.0,0.0,0.0,0.72,1.52,0.0
20231214:0110,0.0,0.0,0.0,0.59,1.59,0.0
20231214:0210,0.0,0.0,0.0,0.73,1.52,0.0
20231214:0310,0.0,0.0,0.0,0.99,1.66,0.0
20231214:0410,0.0,0.0,0.0,1.06,1.59,0.0
20231214:0510,0.0,0.0,0.0,0.92,1.59,0.0
20231214:0610,0.0,0.0,0.0,0.95,1.59,0.0
20231214:0710,0.0,0.0,0.0,1.5,1.45,0.0
20231214:0810,33.7,47.34,8.69,2.05,1.52,0.0
20231214:0910,40.56,54.91,14.93,3.99,1.38,0.0
20231214:1010,48.1,63.43,19.11,7.04,1.45,0.0
20231214:1110,40.53,55.86,20.82,8.59,1.45,0.0
20231214:1210,54.67,71.0,19.88,9.87,1.45,0.0
20231214:1310,36.6,52.07,16.38,10.62,1.45,0.0
20231214:1410,22.97,36.92,10.7,10.51,1.59,0.0
20231214:1510,6.89,17.04,3.28,9.69,1.72,0.0
20231214:1610,0.0,0.0,0.0,7.59,1.72,0.0
20231214:1710,0.0,0.0,0.0,6.03,1.72,0.0
20231214:1810,0.0,0.0,0.0,5.16,1.79,0.0
20231214:1910,0.0,0.0,0.0,4.44,1.79,0.0
20231214:2010,0.0,0.0,0.0,3.95,1.86,0.0
20231214:2110,0.0,0.0,0.0,3.38,1.93,0.0
20231214:2210,0.0,0.0,0.0,3.04,2.0,0.0
20231214:2310,0.0,0.0,0.0,2.87,2.0,0.0
20231215:0010,0.0,0.0,0.0,2.8,2.0,0.0
20231215:0110,0.0,0.0,0.0,2.71,2.0,0.0
20231215:0210,0.0,0.0,0.0,2.67,2.0,0.0
20231215:0310,0.0,0.0,0.0,2.54,2.0,0.0
20231215:0410,0.0,0.0,0.0,2.38,2.0,0.0
20231215:0510,0.0,0.0,0.0,2.27,2.0,0.0
20231215:0610,0.0,0.0,0.0,2.19,2.0,0.0
20231215:0710,0.0,0.0,0.0,2.29,2.07,0.0
20231215:0810,23.1,35.97,8.59,2.51,2.14,0.0
20231215:0910,39.53,53.96,14.84,4.78,2.14,0.0
20231215:1010,41.61,56.8,19.03,7.82,1.93,0.0
20231215:1110,39.68,54.91,20.76,8.5,2.07,0.0
20231215:1210,54.05,70.06,19.84,8.95,2.0,0.0
20231215:1310,35.99,51.12,16.37,9.24,1.79,0.0
20231215:1410,23.15,36.92,10.7,9.01,1.59,0.0
20231215:1510,6.96,17.04,3.3,7.87,1.52,0.0
20231215:1610,0.0,0.0,0.0,6.07,1.59,0.0
20231215:1710,0.0,0.0,0.0,4.78,1.66,0.0
20231215:1810,0.0,0.0,0.0,4.2,1.66,0.0
20231215:1910,0.0,0.0,0.0,3.77,1.79,0.0
20231215:2010,0.0,0.0,0.0,3.36,1.86,0.0
20231215:2110,0.0,0.0,0.0,2.84,1.93,0.0
20231215:2210,0.0,0.0,0.0,3.49,1.66,0.0
20231215:2310,0.0,0.0,0.0,4.35,1.38,0.0
20231216:0010,0.0,0.0,0.0,4.84,1.17,0.0
20231216:0110,0.0,0.0,0.0,5.33,0.97,0.0
20231216:0210,0.0,0.0,0.0,5.03,0.9,0.0
20231216:0310,0.0,0.0,0.0,4.72,0.76,0.0
20231216:0410,0.0,0.0,0.0,4.37,0.62,0.0
20231216:0510,0.0,0.0,0.0,4.03,0.55,0.0
20231216:0610,0.0,0.0,0.0,3.77,0.48,0.0
20231216:0710,0.0,0.0,0.0,3.52,0.62,0.0
20231216:0810,22.93,35.97,8.49,3.76,0.48,0.0
20231216:0910,42.18,56.8,14.75,4.62,0.14,0.0
20231216:1010,47.38,62.48,18.96,5.9,0.41,0.0
20231216:1110,40.94,55.86,20.71,6.44,0.69,0.0
20231216:1210,52.74,68.16,19.81,6.66,0.9,0.0
20231216:1310,39.12,53.96,16.36,6.65,1.1,0.0
20231216:1410,25.18,38.82,10.71,6.25,1.03,0.0
20231216:1510,7.77,17.99,3.32,5.41,0.76,0.0
20231216:1610,0.0,0.0,0.0,5.26,0.41,0.0
20231216:1710,0.0,0.0,0.0,4.81,0.21,0.0
20231216:1810,0.0,0.0,0.0,4.39,0.21,0.0
20231216:1910,0.0,0.0,0.0,4.25,0.21,0.0
20231216:2010,0.0,0.0,0.0,4.0,0.21,0.0
20231216:2110,0.0,0.0,0.0,3.74,0.28,0.0
20231216:2210,0.0,0.0,0.0,3.49,0.28,0.0
20231216:2310,0.0,0.0,0.0,3.27,0.28,0.0
20231217:0010,0.0,0.0,0.0,3.03,0.34,0.0
20231217:0110,0.0,0.0,0.0,2.86,0.41,0.0
20231217:0210,0.0,0.0,0.0,2.73,0.48,0.0
20231217:0310,0.0,0.0,0.0,2.68,0.48,0.0
20231217:0410,0.0,0.0,0.0,1.64,0.69,0.0
20231217:0510,0.0,0.0,0.0,0.47,0.9,0.0
20231217:0610,0.0,0.0,0.0,0.01,1.1,0.0
20231217:0710,0.0,0.0,0.0,1.27,0.9,0.0
20231217:0810,24.89,37.87,8.4,1.78,0.9,0.0
20231217:0910,41.62,55.86,14.67,3.14,0.69,0.0
20231217:1010,42.04,56.8,18.89,5.36,0.34,0.0
20231217:1110,39.9,54.91,20.66,6.96,0.21,0.0
20231217:1210,54.07,70.06,19.78,8.29,0.14,0.0
20231217:1310,39.48,54.91,16.35,9.06,0.14,0.0
20231217:1410,26.5,40.71,10.72,8.94,0.34,0.0
20231217:1510,7.62,17.99,3.35,8.66,0.41,0.0
20231217:1610,0.0,0.0,0.0,7.73,0.28,0.0
20231217:1710,0.0,0.0,0.0,7.03,0.55,0.0
20231217:1810,0.0,0.0,0.0,6.54,0.97,0.0
20231217:1910,0.0,0.0,0.0,4.72,1.31,0.0
20231217:2010,0.0,0.0,0.0,4.17,1.31,0.0
20231217:2110,0.0,0.0,0.0,3.75,1.31,0.0
20231217:2210,0.0,0.0,0.0,3.93,1.31,0.0
20231217:2310,0.0,0.0,0.0,3.66,1.38,0.0
20231218:0010,0.0,0.0,0.0,3.46,1.45,0.0
20231218:0110,0.0,0.0,0.0,3.19,1.45,0.0
20231218:0210,0.0,0.0,0.0,3.0,1.45,0.0
20231218:0310,0.0,0.0,0.0,2.86,1.45,0.0
20231218:0410,0.0,0.0,0.0,2.74,1.52,0.0
20231218:0510,0.0,0.0,0.0,2.73,1.52,0.0
20231218:0610,0.0,0.0,0.0,2.71,1.52,0.0
20231218:0710,0.0,0.0,0.0,2.61,1.59,0.0
20231218:0810,22.13,35.03,8.32,3.49,1.52,0.0
20231218:0910,37.53,52.07,14.6,5.62,1.17,0.0
20231218:1010,41.41,56.8,18.84,8.51,0.76,0.0
20231218:1110,38.31,53.96,20.63,10.56,0.21,0.0
20231218:1210,54.06,71.0,19.77,11.73,0.21,0.0
20231218:1310,40.69,56.8,16.36,11.8,0.14,0.0
20231218:1410,25.24,39.76,10.74,12.0,0.07,0.0
20231218:1510,5.47,15.15,3.39,11.61,0.48,0.0
20231218:1610,0.0,0.0,0.0,10.49,0.83,0.0
20231218:1710,0.0,0.0,0.0,8.81,1.17,0.0
20231218:1810,0.0,0.0,0.0,7.0,1.38,0.0
20231218:1910,0.0,0.0,0.0,4.41,1.52,0.0
20231218:2010,0.0,0.0,0.0,3.4,1.52,0.0
20231218:2110,0.0,0.0,0.0,2.79,1.59,0.0
20231218:2210,0.0,0.0,0.0,2.42,1.66,0.0
20231218:2310,0.0,0.0,0.0,2.24,1.66,0.0
20231219:0010,0.0,0.0,0.0,2.21,1.66,0.0
20231219:0110,0.0,0.0,0.0,2.14,1.66,0.0
20231219:0210,0.0,0.0,0.0,2.15,1.66,0.0
20231219:0310,0.0,0.0,0.0,2.25,1.66,0.0
20231219:0410,0.0,0.0,0.0,2.25,1.59,0.0
20231219:0510,0.0,0.0,0.0,2.26,1.59,0.0
20231219:0610,0.0,0.0,0.0,2.32,1.59,0.0
20231219:0710,0.0,0.0,0.0,2.17,1.66,0.0
20231219:0810,22.19,35.03,8.24,2.97,1.59,0.0
20231219:0910,36.71,51.12,14.54,5.22,1.24,0.0
20231219:1010,43.21,58.7,18.79,8.48,0.83,0.0
20231219:1110,43.54,59.64,20.6,10.92,0.41,0.0
20231219:1210,50.36,67.22,19.76,12.1,0.07,0.0
20231219:1310,34.51,50.18,16.37,12.26,0.21,0.0
20231219:1410,25.24,39.76,10.77,11.97,0.21,0.0
20231219:1510,7.49,17.99,3.43,11.51,0.07,0.0
20231219:1610,0.0,0.0,0.0,10.46,0.34,0.0
20231219:1710,0.0,0.0,0.0,9.24,0.9,0.0
20231219:1810,0.0,0.0,0.0,7.48,1.24,0.0
20231219:1910,0.0,0.0,0.0,5.27,1.31,0.0
20231219:2010,0.0,0.0,0.0,4.15,1.38,0.0
20231219:2110,0.0,0.0,0.0,3.18,1.45,0.0
20231219:2210,0.0,0.0,0.0,2.93,1.45,0.0
20231219:2310,0.0,0.0,0.0,2.81,1.45,0.0
20231220:0010,0.0,0.0,0.0,2.92,1.38,0.0
20231220:0110,0.0,0.0,0.0,2.92,1.38,0.0
20231220:0210,0.0,0.0,0.0,3.27,1.31,0.0
20231220:0310,0.0,0.0,0.0,3.84,1.17,0.0
20231220:0410,0.0,0.0,0.0,4.31,1.03,0.0
20231220:0510,0.0,0.0,0.0,4.84,0.97,0.0
20231220:0610,0.0,0.0,0.0,5.06,0.9,0.0
20231220:0710,0.0,0.0,0.0,4.04,1.17,0.0
20231220:0810,26.3,39.76,8.17,4.29,1.24,0.0
20231220:0910,51.29,66.27,14.48,5.2,1.24,0.0
20231220:1010,36.33,51.12,18.75,7.27,1.17,0.0
20231220:1110,40.33,55.86,20.57,9.57,1.31,0.0
20231220:1210,51.79,68.16,19.76,10.47,1.52,0.0
20231220:1310,34.79,50.18,16.39,10.98,1.45,0.0
20231220:1410,25.44,39.76,10.81,10.73,1.72,0.0
20231220:1510,7.59,17.99,3.48,9.49,2.28,0.0
20231220:1610,0.0,0.0,0.0,7.26,2.41,0.0
20231220:1710,0.0,0.0,0.0,5.1,2.21,0.0
20231220:1810,0.0,0.0,0.0,3.93,2.07,0.0
20231220:1910,0.0,0.0,0.0,3.26,2.21,0.0
20231220:2010,0.0,0.0,0.0,2.6,2.21,0.0
20231220:2110,0.0,0.0,0.0,2.21,2.14,0.0
20231220:2210,0.0,0.0,0.0,1.87,2.14,0.0
20231220:2310,0.0,0.0,0.0,1.72,2.07,0.0
20231221:0010,0.0,0.0,0.0,1.48,2.0,0.0
20231221:0110,0.0,0.0,0.0,1.05,2.0,0.0
20231221:0210,0.0,0.0,0.0,0.84,2.0,0.0
20231221:0310,0.0,0.0,0.0,1.2,1.86,0.0
20231221:0410,0.0,0.0,0.0,1.46,1.79,0.0
20231221:0510,0.0,0.0,0.0,1.98,1.66,0.0
20231221:0610,0.0,0.0,0.0,2.48,1.45,0.0
20231221:0710,0.0,0.0,0.0,3.18,1.38,0.0
20231221:0810,39.69,53.96,8.1,3.8,1.24,0.0
20231221:0910,83.3,98.46,14.43,5.22,0.83,0.0
20231221:1010,114.24,129.7,18.71,6.63,0.55,0.0
20231221:1110,131.19,146.74,20.56,7.15,0.41,0.0
20231221:1210,108.81,124.97,19.76,7.79,0.48,0.0
20231221:1310,85.06,101.3,16.41,7.78,0.55,0.0
20231221:1410,59.79,75.74,10.85,7.72,0.48,0.0
20231221:1510,7.68,17.99,3.53,7.33,0.48,0.0
20231221:1610,0.0,0.0,0.0,6.91,0.55,0.0
20231221:1710,0.0,0.0,0.0,6.58,0.69,0.0
20231221:1810,0.0,0.0,0.0,6.15,0.83,0.0
20231221:1910,0.0,0.0,0.0,5.71,0.97,0.0
20231221:2010,0.0,0.0,0.0,5.83,0.83,0.0
20231221:2110,0.0,0.0,0.0,5.01,1.1,0.0
20231221:2210,0.0,0.0,0.0,4.32,1.31,0.0
20231221:2310,0.0,0.0,0.0,4.15,1.52,0.0
20231222:0010,0.0,0.0,0.0,4.21,1.59,0.0
20231222:0110,0.0,0.0,0.0,4.26,1.66,0.0
20231222:0210,0.0,0.0,0.0,4.65,1.59,0.0
20231222:0310,0.0,0.0,0.0,4.51,1.66,0.0
20231222:0410,0.0,0.0,0.0,4.51,1.72,0.0
20231222:0510,0.0,0.0,0.0,4.61,1.79,0.0
20231222:0610,0.0,0.0,0.0,4.45,1.86,0.0
20231222:0710,0.0,0.0,0.0,4.09,2.41,0.0
20231222:0810,21.17,34.08,8.05,4.62,2.55,0.0
20231222:0910,70.59,86.15,14.38,6.67,2.28,0.0
20231222:1010,41.37,56.8,18.69,8.89,1.66,0.0
20231222:1110,44.7,60.59,20.55,9.95,1.24,0.0
20231222:1210,63.69,80.47,19.78,10.22,0.97,0.0
20231222:1310,39.36,54.91,16.45,9.91,0.97,0.0
20231222:1410,23.91,37.87,10.9,9.54,0.76,0.0
20231222:1510,8.32,18.93,3.59,8.74,0.69,0.0
20231222:1610,0.0,0.0,0.0,7.47,0.76,0.0
20231222:1710,0.0,0.0,0.0,6.81,0.83,0.0
20231222:1810,0.0,0.0,0.0,6.42,0.9,0.0
20231222:1910,0.0,0.0,0.0,7.89,0.9,0.0
20231222:2010,0.0,0.0,0.0,7.73,0.9,0.0
20231222:2110,0.0,0.0,0.0,7.73,0.9,0.0
20231222:2210,0.0,0.0,0.0,7.8,0.9,0.0
20231222:2310,0.0,0.0,0.0,7.54,1.03,0.0
20231223:0010,0.0,0.0,0.0,7.34,1.17,0.0
20231223:0110,0.0,0.0,0.0,7.18,1.24,0.0
20231223:0210,0.0,0.0,0.0,6.98,1.38,0.0
20231223:0310,0.0,0.0,0.0,6.39,1.59,0.0
20231223:0410,0.0,0.0,0.0,5.85,1.66,0.0
20231223:0510,0.0,0.0,0.0,5.71,1.72,0.0
20231223:0610,0.0,0.0,0.0,5.51,1.79,0.0
20231223:0710,0.0,0.0,0.0,5.05,1.86,0.0
20231223:0810,18.6,31.24,7.99,5.3,1.79,0.0
20231223:0910,41.06,55.86,14.35,6.07,1.79,0.0
20231223:1010,42.13,57.75,18.67,9.52,1.59,0.0
20231223:1110,55.3,71.95,20.56,11.0,1.79,0.0
20231223:1210,56.94,73.84,19.8,11.68,1.93,0.0
20231223:1310,32.89,48.28,16.49,12.07,1.79,0.0
20231223:1410,17.16,30.29,10.95,11.87,1.59,0.0
20231223:1510,7.53,17.99,3.66,10.81,1.66,0.0
20231223:1610,0.0,0.0,0.0,9.0,1.79,0.0
20231223:1710,0.0,0.0,0.0,7.01,2.0,0.0
20231223:1810,0.0,0.0,0.0,5.54,2.14,0.0
20231223:1910,0.0,0.0,0.0,5.58,2.34,0.0
20231223:2010,0.0,0.0,0.0,4.92,2.21,0.0
20231223:2110,0.0,0.0,0.0,4.22,2.28,0.0
20231223:2210,0.0,0.0,0.0,3.51,2.41,0.0
20231223:2310,0.0,0.0,0.0,3.04,2.41,0.0
20231224:0010,0.0,0.0,0.0,2.6,2.41,0.0
20231224:0110,0.0,0.0,0.0,2.14,2.48,0.0
20231224:0210,0.0,0.0,0.0,1.9,2.55,0.0
20231224:0310,0.0,0.0,0.0,1.68,2.55,0.0
20231224:0410,0.0,0.0,0.0,1.52,2.48,0.0
20231224:0510,0.0,0.0,0.0,0.68,2.48,0.0
20231224:0610,0.0,0.0,0.0,0.54,2.34,0.0
20231224:0710,0.0,0.0,0.0,2.54,2.21,0.0
20231224:0810,21.34,34.08,7.95,3.05,2.07,0.0
20231224:0910,40.36,54.91,14.32,5.08,1.72,0.0
20231224:1010,38.71,53.96,18.66,8.79,1.38,0.0
20231224:1110,47.22,63.43,20.56,10.65,1.24,0.0
20231224:1210,48.71,65.32,19.83,11.88,1.1,0.0
20231224:1310,32.76,48.28,16.53,12.64,0.97,0.0
20231224:1410,23.57,37.87,11.02,12.24,0.76,0.0
20231224:1510,8.88,19.88,3.73,11.79,0.76,0.0
20231224:1610,0.0,0.0,0.0,11.35,0.76,0.0
20231224:1710,0.0,0.0,0.0,10.35,0.83,0.0
20231224:1810,0.0,0.0,0.0,9.69,0.83,0.0
20231224:1910,0.0,0.0,0.0,9.85,1.03,0.0
20231224:2010,0.0,0.0,0.0,9.47,0.97,0.0
20231224:2110,0.0,0.0,0.0,9.03,0.97,0.0
20231224:2210,0.0,0.0,0.0,8.57,0.97,0.0
20231224:2310,0.0,0.0,0.0,8.2,0.97,0.0
20231225:0010,0.0,0.0,0.0,7.88,1.03,0.0
20231225:0110,0.0,0.0,0.0,7.8,1.1,0.0
20231225:0210,0.0,0.0,0.0,7.71,1.03,0.0
20231225:0310,0.0,0.0,0.0,7.58,0.97,0.0
20231225:0410,0.0,0.0,0.0,7.45,0.83,0.0
20231225:0510,0.0,0.0,0.0,7.46,0.69,0.0
20231225:0610,0.0,0.0,0.0,7.66,0.55,0.0
20231225:0710,0.0,0.0,0.0,6.93,0.55,0.0
20231225:0810,37.25,52.07,7.91,6.94,0.41,0.0
20231225:0910,76.68,92.78,14.29,7.24,0.07,0.0
20231225:1010,55.02,71.0,18.65,8.19,0.21,0.0
20231225:1110,44.81,60.59,20.58,9.24,0.48,0.0
20231225:1210,50.09,66.27,19.87,9.84,0.76,0.0
20231225:1310,37.55,53.02,16.59,10.1,0.83,0.0
20231225:1410,19.76,33.13,11.09,9.79,0.76,0.0
20231225:1510,9.02,19.88,3.81,8.96,0.55,0.0
20231225:1610,0.0,0.0,0.0,8.22,0.21,0.0
20231225:1710,0.0,0.0,0.0,7.26,0.34,0.0
20231225:1810,0.0,0.0,0.0,6.56,0.41,0.0
20231225:1910,0.0,0.0,0.0,6.45,0.41,0.0
20231225:2010,0.0,0.0,0.0,5.75,0.62,0.0
20231225:2110,0.0,0.0,0.0,5.12,0.69,0.0
20231225:2210,0.0,0.0,0.0,4.68,0.69,0.0
20231225:2310,0.0,0.0,0.0,4.35,0.69,0.0
20231226:0010,0.0,0.0,0.0,3.28,0.76,0.0
20231226:0110,0.0,0.0,0.0,1.64,0.9,0.0
20231226:0210,0.0,0.0,0.0,2.16,0.83,0.0
20231226:0310,0.0,0.0,0.0,2.86,0.76,0.0
20231226:0410,0.0,0.0,0.0,3.34,0.62,0.0
20231226:0510,0.0,0.0,0.0,3.61,0.55,0.0
20231226:0610,0.0,0.0,0.0,4.03,0.41,0.0
20231226:0710,0.0,0.0,0.0,4.71,0.41,0.0
20231226:0810,35.83,50.18,7.88,4.93,0.28,0.0
20231226:0910,21.89,35.03,14.28,5.32,0.07,0.0
20231226:1010,20.13,33.13,18.66,6.29,0.34,0.0
20231226:1110,16.81,29.35,20.61,6.97,0.48,0.0
20231226:1210,82.36,98.46,19.91,7.45,0.55,0.0
20231226:1310,65.39,81.42,16.65,7.63,0.55,0.0
20231226:1410,53.34,69.11,11.16,7.71,0.48,0.0
20231226:1510,9.11,19.88,3.9,7.32,0.55,0.0
20231226:1610,0.0,0.0,0.0,6.4,0.48,0.0
20231226:1710,0.0,0.0,0.0,6.23,0.28,0.0
20231226:1810,0.0,0.0,0.0,5.95,0.07,0.0
20231226:1910,0.0,0.0,0.0,3.99,0.62,0.0
20231226:2010,0.0,0.0,0.0,3.17,0.76,0.0
20231226:2110,0.0,0.0,0.0,2.74,0.97,0.0
20231226:2210,0.0,0.0,0.0,2.9,1.03,0.0
20231226:2310,0.0,0.0,0.0,2.89,1.03,0.0
20231227:0010,0.0,0.0,0.0,2.81,1.03,0.0
20231227:0110,0.0,0.0,0.0,3.04,0.97,0.0
20231227:0210,0.0,0.0,0.0,3.71,0.83,0.0
20231227:0310,0.0,0.0,0.0,4.44,0.69,0.0
20231227:0410,0.0,0.0,0.0,4.5,0.62,0.0
20231227:0510,0.0,0.0,0.0,3.34,0.69,0.0
20231227:0610,0.0,0.0,0.0,2.06,0.83,0.0
20231227:0710,0.0,0.0,0.0,4.23,0.62,0.0
20231227:0810,38.05,52.07,7.86,2.77,0.69,0.0
20231227:0910,87.08,102.24,14.27,5.1,0.34,0.0
20231227:1010,118.04,133.49,18.67,6.42,0.14,0.0
20231227:1110,127.97,143.9,20.64,7.65,0.34,0.0
20231227:1210,101.85,118.34,19.96,8.41,0.55,0.0
20231227:1310,85.71,102.24,16.72,8.56,0.69,0.0
20231227:1410,48.62,64.38,11.25,8.43,0.69,0.0
20231227:1510,10.55,21.77,3.99,7.75,0.69,0.0
20231227:1610,0.0,0.0,0.0,6.78,0.62,0.0
20231227:1710,0.0,0.0,0.0,6.37,0.28,0.0
20231227:1810,0.0,0.0,0.0,5.92,0.21,0.0
20231227:1910,0.0,0.0,0.0,5.04,0.41,0.0
20231227:2010,0.0,0.0,0.0,4.83,0.48,0.0
20231227:2110,0.0,0.0,0.0,4.69,0.48,0.0
20231227:2210,0.0,0.0,0.0,4.51,0.48,0.0
20231227:2310,0.0,0.0,0.0,4.32,0.55,0.0
20231228:0010,0.0,0.0,0.0,4.26,0.69,0.0
20231228:0110,0.0,0.0,0.0,3.19,0.83,0.0
20231228:0210,0.0,0.0,0.0,1.84,0.9,0.0
20231228:0310,0.0,0.0,0.0,0.71,1.03,0.0
20231228:0410,0.0,0.0,0.0,0.55,1.17,0.0
20231228:0510,0.0,0.0,0.0,0.57,1.17,0.0
20231228:0610,0.0,0.0,0.0,1.47,1.1,0.0
20231228:0710,0.0,0.0,0.0,4.38,0.76,0.0
20231228:0810,2.0,9.47,7.84,4.76,0.69,0.0
20231228:0910,73.72,88.99,14.27,5.21,0.48,0.0
20231228:1010,34.78,49.23,18.69,5.85,0.28,0.0
20231228:1110,34.64,49.23,20.68,6.6,0.21,0.0
20231228:1210,32.83,47.34,20.02,6.95,0.28,0.0
20231228:1310,47.15,62.48,16.8,6.88,0.34,0.0
20231228:1410,18.43,31.24,11.34,6.83,0.48,0.0
20231228:1510,1.97,9.47,4.09,6.42,0.41,0.0
20231228:1610,0.0,0.0,0.0,5.97,0.34,0.0
20231228:1710,0.0,0.0,0.0,5.72,0.34,0.0
20231228:1810,0.0,0.0,0.0,5.63,0.34,0.0
20231228:1910,0.0,0.0,0.0,5.74,0.14,0.0
20231228:2010,0.0,0.0,0.0,5.58,0.21,0.0
20231228:2110,0.0,0.0,0.0,5.55,0.34,0.0
20231228:2210,0.0,0.0,0.0,5.5,0.34,0.0
20231228:2310,0.0,0.0,0.0,5.45,0.34,0.0
20231229:0010,0.0,0.0,0.0,5.37,0.41,0.0
20231229:0110,0.0,0.0,0.0,5.38,0.41,0.0
20231229:0210,0.0,0.0,0.0,5.45,0.34,0.0
20231229:0310,0.0,0.0,0.0,5.56,0.28,0.0
20231229:0410,0.0,0.0,0.0,5.5,0.28,0.0
20231229:0510,0.0,0.0,0.0,5.41,0.21,0.0
20231229:0610,0.0,0.0,0.0,5.36,0.07,0.0
20231229:0710,0.0,0.0,0.0,5.28,0.21,0.0
20231229:0810,7.77,17.99,7.83,5.4,0.28,0.0
20231229:0910,17.72,30.29,14.27,5.79,0.21,0.0
20231229:1010,27.68,41.66,18.71,6.55,0.07,0.0
20231229:1110,37.18,52.07,20.73,7.19,0.07,0.0
20231229:1210,28.42,42.6,20.09,7.38,0.28,0.0
20231229:1310,36.25,51.12,16.88,7.54,0.41,0.0
20231229:1410,29.27,43.55,11.43,7.51,0.34,0.0
20231229:1510,2.52,10.41,4.2,7.16,0.21,0.0
20231229:1610,0.0,0.0,0.0,6.75,0.14,0.0
20231229:1710,0.0,0.0,0.0,6.18,0.41,0.0
20231229:1810,0.0,0.0,0.0,6.01,0.48,0.0
20231229:1910,0.0,0.0,0.0,6.7,0.41,0.0
20231229:2010,0.0,0.0,0.0,6.56,0.41,0.0
20231229:2110,0.0,0.0,0.0,6.21,0.48,0.0
20231229:2210,0.0,0.0,0.0,6.17,0.48,0.0
20231229:2310,0.0,0.0,0.0,6.29,0.41,0.0
20231230:0010,0.0,0.0,0.0,6.13,0.55,0.0
20231230:0110,0.0,0.0,0.0,5.98,0.69,0.0
20231230:0210,0.0,0.0,0.0,5.98,0.69,0.0
20231230:0310,0.0,0.0,0.0,6.16,0.62,0.0
20231230:0410,0.0,0.0,0.0,6.1,0.55,0.0
20231230:0510,0.0,0.0,0.0,5.91,0.55,0.0
20231230:0610,0.0,0.0,0.0,5.7,0.55,0.0
20231230:0710,0.0,0.0,0.0,5.18,0.62,0.0
20231230:0810,19.4,32.19,7.82,5.38,0.55,0.0
20231230:0910,35.62,50.18,14.29,6.08,0.21,0.0
20231230:1010,38.05,53.02,18.75,7.33,0.21,0.0
20231230:1110,60.54,76.68,20.78,8.33,0.55,0.0
20231230:1210,40.48,55.86,20.17,8.66,0.69,0.0
20231230:1310,75.26,91.83,16.97,8.9,0.83,0.0
20231230:1410,44.06,59.64,11.54,8.68,0.9,0.0
20231230:1510,12.04,23.67,4.31,8.06,0.76,0.0
20231230:1610,0.0,0.0,0.0,6.92,0.62,0.0
20231230:1710,0.0,0.0,0.0,6.62,0.41,0.0
20231230:1810,0.0,0.0,0.0,6.01,0.34,0.0
20231230:1910,0.0,0.0,0.0,6.07,0.28,0.0
20231230:2010,0.0,0.0,0.0,5.89,0.41,0.0
20231230:2110,0.0,0.0,0.0,5.76,0.55,0.0
20231230:2210,0.0,0.0,0.0,5.66,0.69,0.0
20231230:2310,0.0,0.0,0.0,5.35,0.69,0.0
20231231:0010,0.0,0.0,0.0,5.02,0.76,0.0
20231231:0110,0.0,0.0,0.0,5.17,0.69,0.0
20231231:0210,0.0,0.0,0.0,5.01,0.76,0.0
20231231:0310,0.0,0.0,0.0,4.92,0.76,0.0
20231231:0410,0.0,0.0,0.0,4.96,0.69,0.0
20231231:0510,0.0,0.0,0.0,4.96,0.69,0.0
20231231:0610,0.0,0.0,0.0,5.07,0.62,0.0
20231231:0710,0.0,0.0,0.0,4.67,0.55,0.0
20231231:0810,18.64,31.24,7.83,4.75,0.48,0.0
20231231:0910,20.28,33.13,14.31,4.84,0.48,0.0
20231231:1010,31.35,45.44,18.79,5.32,0.48,0.0
20231231:1110,34.86,49.23,20.84,5.41,0.41,0.0
20231231:1210,29.6,43.55,20.25,5.28,0.34,0.0
20231231:1310,22.74,35.97,17.07,5.23,0.14,0.0
20231231:1410,48.46,63.43,11.64,5.21,0.34,0.0
20231231:1510,0.05,5.68,4.42,4.91,0.62,0.0
20231231:1610,0.0,0.0,0.0,4.62,0.76,0.0
20231231:1710,0.0,0.0,0.0,4.55,0.97,0.0
20231231:1810,0.0,0.0,0.0,4.52,0.9,0.0
20231231:1910,0.0,0.0,0.0,4.37,0.9,0.0
20231231:2010,0.0,0.0,0.0,4.27,0.83,0.0
20231231:2110,0.0,0.0,0.0,4.23,0.76,0.0
20231231:2210,0.0,0.0,0.0,4.23,0.55,0.0
20231231:2310,0.0,0.0,0.0,4.17,0.48,0.0

P: PV system power (W)
G(i): Global irradiance on the inclined plane (plane of the array) (W/m2)
H_sun: Sun height (degree)
T2m: 2-m air temperature (degree Celsius)
WS10m: 10-m total wind speed (m/s)
Int: 1 means solar radiation values are reconstructed



PVGIS (c) European Union, 2001-2025