Latitude (decimal degrees):	45.739
Longitude (decimal degrees):	8.831
Elevation (m):	396
Radiation database:	PVGIS-SARAH3


Slope: 22 deg. 
Azimuth: 20 deg. 
Nominal power of the PV system (c-Si) (kWp):	1.0
System losses (%):	0.0
time,P,G(i),H_sun,T2m,WS10m,Int
20230101:0010,0.0,0.0,0.0,8.43,1.45,0.0
20230101:0110,0.0,0.0,0.0,8.38,1.31,0.0
20230101:0210,0.0,0.0,0.0,8.44,1.1,0.0
20230101:0310,0.0,0.0,0.0,8.46,1.1,0.0
20230101:0410,0.0,0.0,0.0,8.35,1.17,0.0
20230101:0510,0.0,0.0,0.0,8.41,1.31,0.0
20230101:0610,0.0,0.0,0.0,8.42,1.45,0.0
20230101:0710,0.0,0.0,0.0,8.04,1.1,0.0
20230101:0810,52.76,70.57,7.96,8.18,0.97,0.0
20230101:0910,79.9,96.54,14.5,8.77,0.83,0.0
20230101:1010,103.7,120.55,19.03,9.56,0.9,0.0
20230101:1110,108.33,125.41,21.14,10.06,0.97,0.0
20230101:1210,129.23,146.17,20.58,10.34,0.97,0.0
20230101:1310,68.35,85.41,17.41,10.7,0.97,0.0
20230101:1410,36.0,51.44,11.98,10.66,0.9,0.0
20230101:1510,20.15,33.99,4.74,10.46,0.9,0.0
20230101:1610,0.0,0.0,0.0,9.97,1.03,0.0
20230101:1710,0.0,0.0,0.0,9.45,0.9,0.0
20230101:1810,0.0,0.0,0.0,9.69,0.55,0.0
20230101:1910,0.0,0.0,0.0,8.92,0.76,0.0
20230101:2010,0.0,0.0,0.0,9.4,0.62,0.0
20230101:2110,0.0,0.0,0.0,9.44,0.62,0.0
20230101:2210,0.0,0.0,0.0,9.24,0.76,0.0
20230101:2310,0.0,0.0,0.0,9.01,0.9,0.0
20230102:0010,0.0,0.0,0.0,8.99,0.97,0.0
20230102:0110,0.0,0.0,0.0,9.15,0.97,0.0
20230102:0210,0.0,0.0,0.0,9.42,0.76,0.0
20230102:0310,0.0,0.0,0.0,9.84,0.62,0.0
20230102:0410,0.0,0.0,0.0,9.29,0.76,0.0
20230102:0510,0.0,0.0,0.0,9.31,0.76,0.0
20230102:0610,0.0,0.0,0.0,9.74,0.55,0.0
20230102:0710,0.0,0.0,0.0,8.42,0.76,0.0
20230102:0810,2.64,10.68,7.97,8.73,0.62,0.0
20230102:0910,8.65,19.41,14.53,9.33,0.34,0.0
20230102:1010,28.16,42.71,19.09,9.8,0.28,0.0
20230102:1110,81.8,99.0,21.22,10.15,0.41,0.0
20230102:1210,114.44,131.73,20.67,10.43,0.69,0.0
20230102:1310,55.22,71.83,17.53,10.54,0.62,0.0
20230102:1410,69.84,86.89,12.1,10.68,0.28,0.0
20230102:1510,8.59,19.41,4.87,10.5,0.14,0.0
20230102:1610,0.0,0.0,0.0,10.1,0.48,0.0
20230102:1710,0.0,0.0,0.0,9.59,0.9,0.0
20230102:1810,0.0,0.0,0.0,9.49,1.03,0.0
20230102:1910,0.0,0.0,0.0,9.46,0.62,0.0
20230102:2010,0.0,0.0,0.0,9.82,0.48,0.0
20230102:2110,0.0,0.0,0.0,9.8,0.55,0.0
20230102:2210,0.0,0.0,0.0,9.43,0.69,0.0
20230102:2310,0.0,0.0,0.0,9.12,0.83,0.0
20230103:0010,0.0,0.0,0.0,8.93,1.1,0.0
20230103:0110,0.0,0.0,0.0,8.85,1.17,0.0
20230103:0210,0.0,0.0,0.0,8.82,1.03,0.0
20230103:0310,0.0,0.0,0.0,8.79,0.97,0.0
20230103:0410,0.0,0.0,0.0,8.61,0.9,0.0
20230103:0510,0.0,0.0,0.0,8.59,0.76,0.0
20230103:0610,0.0,0.0,0.0,8.51,0.76,0.0
20230103:0710,0.0,0.0,0.0,8.56,0.62,0.0
20230103:0810,37.67,53.6,8.0,8.68,0.62,0.0
20230103:0910,50.92,66.97,14.58,9.1,0.41,0.0
20230103:1010,72.4,89.3,19.16,9.71,0.34,0.0
20230103:1110,40.64,56.3,21.3,9.77,0.21,0.0
20230103:1210,109.25,126.62,20.78,10.1,0.14,0.0
20230103:1310,34.26,49.5,17.65,10.14,0.0,0.0
20230103:1410,59.15,75.85,12.23,10.34,0.07,0.0
20230103:1510,0.0,4.85,5.01,10.44,0.14,0.0
20230103:1610,0.0,0.0,0.0,9.81,0.55,0.0
20230103:1710,0.0,0.0,0.0,9.19,0.69,0.0
20230103:1810,0.0,0.0,0.0,7.52,1.1,0.0
20230103:1910,0.0,0.0,0.0,7.27,1.24,0.0
20230103:2010,0.0,0.0,0.0,6.53,1.45,0.0
20230103:2110,0.0,0.0,0.0,6.18,1.45,0.0
20230103:2210,0.0,0.0,0.0,6.24,1.31,0.0
20230103:2310,0.0,0.0,0.0,5.62,1.38,0.0
20230104:0010,0.0,0.0,0.0,4.73,1.52,0.0
20230104:0110,0.0,0.0,0.0,4.2,1.66,0.0
20230104:0210,0.0,0.0,0.0,4.3,1.79,0.0
20230104:0310,0.0,0.0,0.0,4.23,1.86,0.0
20230104:0410,0.0,0.0,0.0,4.34,1.93,0.0
20230104:0510,0.0,0.0,0.0,3.89,2.0,0.0
20230104:0610,0.0,0.0,0.0,3.47,2.07,0.0
20230104:0710,0.0,0.0,0.0,4.12,2.0,0.0
20230104:0810,170.73,201.06,8.03,4.25,1.93,0.0
20230104:0910,313.8,326.08,14.63,5.37,1.59,0.0
20230104:1010,159.28,173.31,19.23,7.07,1.17,0.0
20230104:1110,164.81,180.39,21.4,9.0,0.69,0.0
20230104:1210,181.01,197.45,20.89,10.32,0.34,0.0
20230104:1310,188.98,205.55,17.77,10.85,0.21,0.0
20230104:1410,269.07,285.32,12.37,10.85,0.62,0.0
20230104:1510,58.44,76.29,5.15,10.31,1.03,0.0
20230104:1610,0.0,0.0,0.0,8.95,1.17,0.0
20230104:1710,0.0,0.0,0.0,7.45,1.1,0.0
20230104:1810,0.0,0.0,0.0,6.46,1.24,0.0
20230104:1910,0.0,0.0,0.0,5.26,1.66,0.0
20230104:2010,0.0,0.0,0.0,4.05,1.79,0.0
20230104:2110,0.0,0.0,0.0,3.09,1.86,0.0
20230104:2210,0.0,0.0,0.0,2.55,1.79,0.0
20230104:2310,0.0,0.0,0.0,2.35,1.59,0.0
20230105:0010,0.0,0.0,0.0,2.41,1.52,0.0
20230105:0110,0.0,0.0,0.0,2.34,1.52,0.0
20230105:0210,0.0,0.0,0.0,2.53,1.59,0.0
20230105:0310,0.0,0.0,0.0,2.74,1.59,0.0
20230105:0410,0.0,0.0,0.0,2.89,1.59,0.0
20230105:0510,0.0,0.0,0.0,2.52,1.72,0.0
20230105:0610,0.0,0.0,0.0,2.52,1.66,0.0
20230105:0710,0.0,0.0,0.0,3.16,1.45,0.0
20230105:0810,41.41,56.82,8.07,4.12,1.17,0.0
20230105:0910,269.17,283.75,14.69,6.61,0.97,0.0
20230105:1010,493.5,510.68,19.31,8.54,0.97,0.0
20230105:1110,603.16,626.66,21.5,9.69,1.24,0.0
20230105:1210,619.51,646.62,21.02,10.71,1.31,0.0
20230105:1310,553.0,576.76,17.91,11.56,1.38,0.0
20230105:1410,432.9,453.68,12.51,11.98,1.38,0.0
20230105:1510,212.45,236.09,5.29,11.43,1.24,0.0
20230105:1610,0.0,0.0,0.0,9.78,1.72,0.0
20230105:1710,0.0,0.0,0.0,8.04,2.0,0.0
20230105:1810,0.0,0.0,0.0,6.71,2.21,0.0
20230105:1910,0.0,0.0,0.0,6.06,2.07,0.0
20230105:2010,0.0,0.0,0.0,4.99,2.07,0.0
20230105:2110,0.0,0.0,0.0,4.02,2.0,0.0
20230105:2210,0.0,0.0,0.0,3.34,2.0,0.0
20230105:2310,0.0,0.0,0.0,2.89,2.07,0.0
20230106:0010,0.0,0.0,0.0,2.54,2.07,0.0
20230106:0110,0.0,0.0,0.0,2.51,2.0,0.0
20230106:0210,0.0,0.0,0.0,2.54,1.86,0.0
20230106:0310,0.0,0.0,0.0,2.37,1.79,0.0
20230106:0410,0.0,0.0,0.0,2.45,1.66,0.0
20230106:0510,0.0,0.0,0.0,2.58,1.66,0.0
20230106:0610,0.0,0.0,0.0,2.77,1.72,0.0
20230106:0710,0.0,0.0,0.0,2.81,1.86,0.0
20230106:0810,43.49,58.74,8.11,3.21,1.72,0.0
20230106:0910,68.43,83.53,14.75,4.93,1.24,0.0
20230106:1010,53.32,68.91,19.4,7.17,0.69,0.0
20230106:1110,57.48,73.77,21.61,8.93,0.07,0.0
20230106:1210,52.57,68.91,21.14,9.86,0.28,0.0
20230106:1310,57.18,73.77,18.05,10.14,0.48,0.0
20230106:1410,42.42,58.24,12.66,10.07,0.62,0.0
20230106:1510,24.6,38.89,5.45,9.49,0.62,0.0
20230106:1610,0.0,0.0,0.0,8.12,0.69,0.0
20230106:1710,0.0,0.0,0.0,7.84,0.21,0.0
20230106:1810,0.0,0.0,0.0,7.42,0.41,0.0
20230106:1910,0.0,0.0,0.0,4.87,1.17,0.0
20230106:2010,0.0,0.0,0.0,3.62,1.45,0.0
20230106:2110,0.0,0.0,0.0,3.34,1.38,0.0
20230106:2210,0.0,0.0,0.0,3.07,1.31,0.0
20230106:2310,0.0,0.0,0.0,2.14,1.45,0.0
20230107:0010,0.0,0.0,0.0,1.58,1.24,0.0
20230107:0110,0.0,0.0,0.0,1.87,1.24,0.0
20230107:0210,0.0,0.0,0.0,2.0,1.31,0.0
20230107:0310,0.0,0.0,0.0,1.91,1.38,0.0
20230107:0410,0.0,0.0,0.0,1.81,1.45,0.0
20230107:0510,0.0,0.0,0.0,2.03,1.52,0.0
20230107:0610,0.0,0.0,0.0,1.94,1.59,0.0
20230107:0710,0.0,0.0,0.0,2.56,1.59,0.0
20230107:0810,69.95,87.85,8.16,3.26,1.45,0.0
20230107:0910,99.57,114.19,14.82,4.44,1.1,0.0
20230107:1010,144.49,158.89,19.49,6.45,0.55,0.0
20230107:1110,90.66,106.77,21.73,7.32,0.21,0.0
20230107:1210,104.18,120.53,21.28,8.01,0.14,0.0
20230107:1310,95.01,111.49,18.2,8.33,0.07,0.0
20230107:1410,65.24,81.52,12.82,8.46,0.07,0.0
20230107:1510,20.48,33.89,5.6,8.21,0.34,0.0
20230107:1610,0.0,0.0,0.0,7.52,0.34,0.0
20230107:1710,0.0,0.0,0.0,7.43,0.28,0.0
20230107:1810,0.0,0.0,0.0,7.0,0.55,0.0
20230107:1910,0.0,0.0,0.0,6.56,1.17,0.0
20230107:2010,0.0,0.0,0.0,6.69,1.24,0.0
20230107:2110,0.0,0.0,0.0,6.67,1.31,0.0
20230107:2210,0.0,0.0,0.0,6.43,1.45,0.0
20230107:2310,0.0,0.0,0.0,6.35,1.38,0.0
20230108:0010,0.0,0.0,0.0,6.29,1.24,0.0
20230108:0110,0.0,0.0,0.0,6.2,1.17,0.0
20230108:0210,0.0,0.0,0.0,5.99,1.17,0.0
20230108:0310,0.0,0.0,0.0,6.04,0.97,0.0
20230108:0410,0.0,0.0,0.0,6.16,1.03,0.0
20230108:0510,0.0,0.0,0.0,6.26,1.24,0.0
20230108:0610,0.0,0.0,0.0,6.08,1.17,0.0
20230108:0710,0.0,0.0,0.0,5.76,0.83,0.0
20230108:0810,31.46,45.92,8.22,6.04,0.62,0.0
20230108:0910,44.14,59.21,14.9,6.39,0.55,0.0
20230108:1010,42.2,57.27,19.59,6.73,0.41,0.0
20230108:1110,18.27,31.06,21.85,6.94,0.55,0.0
20230108:1210,121.1,136.44,21.42,7.0,0.62,0.0
20230108:1310,28.6,42.71,18.35,7.0,0.97,0.0
20230108:1410,6.6,16.5,12.98,7.19,1.24,0.0
20230108:1510,132.52,150.12,5.76,7.09,1.38,0.0
20230108:1610,0.0,0.0,0.0,6.94,1.31,0.0
20230108:1710,0.0,0.0,0.0,6.82,1.1,0.0
20230108:1810,0.0,0.0,0.0,6.77,1.24,0.0
20230108:1910,0.0,0.0,0.0,6.1,1.31,0.0
20230108:2010,0.0,0.0,0.0,6.11,1.72,0.0
20230108:2110,0.0,0.0,0.0,6.03,2.34,0.0
20230108:2210,0.0,0.0,0.0,5.74,2.69,0.0
20230108:2310,0.0,0.0,0.0,5.56,2.69,0.0
20230109:0010,0.0,0.0,0.0,5.57,2.48,0.0
20230109:0110,0.0,0.0,0.0,5.77,2.07,0.0
20230109:0210,0.0,0.0,0.0,5.89,1.66,0.0
20230109:0310,0.0,0.0,0.0,6.08,1.03,0.0
20230109:0410,0.0,0.0,0.0,5.71,1.1,0.0
20230109:0510,0.0,0.0,0.0,4.82,1.45,0.0
20230109:0610,0.0,0.0,0.0,4.11,1.45,0.0
20230109:0710,0.0,0.0,0.0,4.42,1.1,0.0
20230109:0810,185.54,218.59,8.29,4.37,1.03,0.0
20230109:0910,405.02,421.14,14.99,6.01,1.45,0.0
20230109:1010,569.69,583.05,19.7,7.57,1.93,0.0
20230109:1110,641.95,659.99,21.98,9.1,2.14,0.0
20230109:1210,656.26,678.26,21.57,10.29,2.21,0.0
20230109:1310,600.08,619.63,18.51,11.0,2.34,0.0
20230109:1410,470.52,486.98,13.14,11.09,2.34,0.0
20230109:1510,248.0,269.04,5.93,10.3,2.21,0.0
20230109:1610,0.0,0.0,0.0,8.62,2.62,0.0
20230109:1710,0.0,0.0,0.0,7.49,2.9,0.0
20230109:1810,0.0,0.0,0.0,6.93,3.1,0.0
20230109:1910,0.0,0.0,0.0,5.97,2.48,0.0
20230109:2010,0.0,0.0,0.0,4.79,2.55,0.0
20230109:2110,0.0,0.0,0.0,4.16,2.69,0.0
20230109:2210,0.0,0.0,0.0,3.68,2.62,0.0
20230109:2310,0.0,0.0,0.0,3.07,2.62,0.0
20230110:0010,0.0,0.0,0.0,2.42,2.76,0.0
20230110:0110,0.0,0.0,0.0,2.29,2.9,0.0
20230110:0210,0.0,0.0,0.0,2.4,3.03,0.0
20230110:0310,0.0,0.0,0.0,2.47,3.03,0.0
20230110:0410,0.0,0.0,0.0,2.55,3.17,0.0
20230110:0510,0.0,0.0,0.0,2.53,3.24,0.0
20230110:0610,0.0,0.0,0.0,2.53,3.24,0.0
20230110:0710,0.0,0.0,0.0,3.53,3.03,0.0
20230110:0810,197.93,230.27,8.36,3.72,2.97,0.0
20230110:0910,410.26,422.11,15.08,5.87,2.97,0.0
20230110:1010,575.79,586.26,19.82,8.04,2.83,0.0
20230110:1110,658.85,670.09,22.12,9.29,3.59,0.0
20230110:1210,669.72,682.2,21.73,9.83,3.66,0.0
20230110:1310,616.09,629.23,18.68,10.11,3.24,0.0
20230110:1410,485.05,498.59,13.31,9.92,2.55,0.0
20230110:1510,256.78,275.86,6.1,8.96,2.34,0.0
20230110:1610,0.0,0.0,0.0,7.24,2.55,0.0
20230110:1710,0.0,0.0,0.0,6.05,2.48,0.0
20230110:1810,0.0,0.0,0.0,5.18,2.55,0.0
20230110:1910,0.0,0.0,0.0,4.83,2.48,0.0
20230110:2010,0.0,0.0,0.0,3.91,2.48,0.0
20230110:2110,0.0,0.0,0.0,3.18,2.48,0.0
20230110:2210,0.0,0.0,0.0,2.87,2.41,0.0
20230110:2310,0.0,0.0,0.0,2.23,2.48,0.0
20230111:0010,0.0,0.0,0.0,1.66,2.55,0.0
20230111:0110,0.0,0.0,0.0,1.27,2.48,0.0
20230111:0210,0.0,0.0,0.0,0.99,2.41,0.0
20230111:0310,0.0,0.0,0.0,0.78,2.41,0.0
20230111:0410,0.0,0.0,0.0,0.79,2.48,0.0
20230111:0510,0.0,0.0,0.0,0.87,2.48,0.0
20230111:0610,0.0,0.0,0.0,0.7,2.41,0.0
20230111:0710,0.0,0.0,0.0,0.81,2.14,0.0
20230111:0810,68.63,85.25,8.44,1.25,1.93,0.0
20230111:0910,156.79,169.05,15.18,3.34,1.52,0.0
20230111:1010,160.95,174.29,19.95,6.12,1.17,0.0
20230111:1110,394.63,406.82,22.27,8.36,0.83,0.0
20230111:1210,422.8,439.72,21.89,9.69,0.41,0.0
20230111:1310,335.63,351.89,18.85,10.17,0.07,0.0
20230111:1410,331.97,348.52,13.49,10.08,0.28,0.0
20230111:1510,79.41,97.27,6.28,9.34,0.41,0.0
20230111:1610,0.0,0.0,0.0,8.33,0.69,0.0
20230111:1710,0.0,0.0,0.0,6.02,1.38,0.0
20230111:1810,0.0,0.0,0.0,4.98,1.59,0.0
20230111:1910,0.0,0.0,0.0,5.68,1.03,0.0
20230111:2010,0.0,0.0,0.0,4.84,1.31,0.0
20230111:2110,0.0,0.0,0.0,4.3,1.38,0.0
20230111:2210,0.0,0.0,0.0,3.97,1.31,0.0
20230111:2310,0.0,0.0,0.0,3.72,1.38,0.0
20230112:0010,0.0,0.0,0.0,1.81,2.07,0.0
20230112:0110,0.0,0.0,0.0,0.58,2.14,0.0
20230112:0210,0.0,0.0,0.0,-0.14,2.14,0.0
20230112:0310,0.0,0.0,0.0,-0.66,2.07,0.0
20230112:0410,0.0,0.0,0.0,-0.85,2.14,0.0
20230112:0510,0.0,0.0,0.0,-1.03,2.21,0.0
20230112:0610,0.0,0.0,0.0,-1.03,2.21,0.0
20230112:0710,0.0,0.0,0.0,-0.36,2.41,0.0
20230112:0810,133.91,155.62,8.52,0.49,2.28,0.0
20230112:0910,268.44,277.48,15.29,3.46,1.93,0.0
20230112:1010,558.53,568.76,20.08,6.17,1.66,0.0
20230112:1110,609.73,627.61,22.42,7.67,1.24,0.0
20230112:1210,643.61,672.27,22.06,8.99,0.83,0.0
20230112:1310,580.92,605.81,19.03,9.76,0.83,0.0
20230112:1410,391.72,407.79,13.67,9.91,0.83,0.0
20230112:1510,220.27,240.16,6.46,9.3,0.83,0.0
20230112:1610,0.0,0.0,0.0,7.79,1.1,0.0
20230112:1710,0.0,0.0,0.0,6.11,1.24,0.0
20230112:1810,0.0,0.0,0.0,4.82,1.45,0.0
20230112:1910,0.0,0.0,0.0,2.86,1.86,0.0
20230112:2010,0.0,0.0,0.0,2.39,1.79,0.0
20230112:2110,0.0,0.0,0.0,2.25,1.72,0.0
20230112:2210,0.0,0.0,0.0,1.73,1.79,0.0
20230112:2310,0.0,0.0,0.0,1.45,1.79,0.0
20230113:0010,0.0,0.0,0.0,0.92,1.93,0.0
20230113:0110,0.0,0.0,0.0,0.41,2.07,0.0
20230113:0210,0.0,0.0,0.0,0.32,2.14,0.0
20230113:0310,0.0,0.0,0.0,0.36,2.07,0.0
20230113:0410,0.0,0.0,0.0,0.39,2.0,0.0
20230113:0510,0.0,0.0,0.0,0.22,2.0,0.0
20230113:0610,0.0,0.0,0.0,0.0,2.0,0.0
20230113:0710,0.0,0.0,0.0,0.66,1.93,0.0
20230113:0810,88.42,106.59,8.62,1.41,1.79,0.0
20230113:0910,150.11,162.35,15.41,3.03,1.52,0.0
20230113:1010,288.17,296.66,20.21,5.55,1.1,0.0
20230113:1110,628.41,653.8,22.58,7.91,0.69,0.0
20230113:1210,627.21,657.32,22.23,9.09,0.55,0.0
20230113:1310,588.2,616.85,19.22,9.48,0.41,0.0
20230113:1410,472.39,493.84,13.86,9.55,0.41,0.0
20230113:1510,263.22,284.17,6.65,9.04,0.55,0.0
20230113:1610,0.0,0.0,0.0,7.38,1.24,0.0
20230113:1710,0.0,0.0,0.0,4.76,1.72,0.0
20230113:1810,0.0,0.0,0.0,2.88,2.0,0.0
20230113:1910,0.0,0.0,0.0,2.84,1.72,0.0
20230113:2010,0.0,0.0,0.0,1.55,1.93,0.0
20230113:2110,0.0,0.0,0.0,0.44,2.21,0.0
20230113:2210,0.0,0.0,0.0,0.14,2.34,0.0
20230113:2310,0.0,0.0,0.0,0.22,2.55,0.0
20230114:0010,0.0,0.0,0.0,0.49,2.62,0.0
20230114:0110,0.0,0.0,0.0,0.81,2.69,0.0
20230114:0210,0.0,0.0,0.0,1.09,2.83,0.0
20230114:0310,0.0,0.0,0.0,1.34,2.9,0.0
20230114:0410,0.0,0.0,0.0,1.63,3.03,0.0
20230114:0510,0.0,0.0,0.0,1.84,3.03,0.0
20230114:0610,0.0,0.0,0.0,1.77,2.97,0.0
20230114:0710,0.0,0.0,0.0,1.29,2.55,0.0
20230114:0810,167.25,193.02,8.71,1.46,2.21,0.0
20230114:0910,379.57,389.65,15.53,3.87,1.66,0.0
20230114:1010,483.2,492.62,20.36,6.97,1.66,0.0
20230114:1110,637.51,652.03,22.75,8.03,2.07,0.0
20230114:1210,551.7,562.45,22.42,8.53,2.14,0.0
20230114:1310,498.59,510.21,19.41,8.61,1.59,0.0
20230114:1410,428.23,442.73,14.05,8.58,0.83,0.0
20230114:1510,257.85,277.57,6.84,8.25,0.41,0.0
20230114:1610,0.0,0.0,0.0,6.77,1.1,0.0
20230114:1710,0.0,0.0,0.0,4.97,1.45,0.0
20230114:1810,0.0,0.0,0.0,4.1,1.52,0.0
20230114:1910,0.0,0.0,0.0,3.19,1.59,0.0
20230114:2010,0.0,0.0,0.0,2.78,1.52,0.0
20230114:2110,0.0,0.0,0.0,2.46,1.52,0.0
20230114:2210,0.0,0.0,0.0,2.03,1.52,0.0
20230114:2310,0.0,0.0,0.0,1.61,1.59,0.0
20230115:0010,0.0,0.0,0.0,1.78,1.45,0.0
20230115:0110,0.0,0.0,0.0,1.94,1.45,0.0
20230115:0210,0.0,0.0,0.0,2.6,1.38,0.0
20230115:0310,0.0,0.0,0.0,3.14,1.45,0.0
20230115:0410,0.0,0.0,0.0,3.31,1.45,0.0
20230115:0510,0.0,0.0,0.0,3.65,1.38,0.0
20230115:0610,0.0,0.0,0.0,3.72,1.38,0.0
20230115:0710,0.0,0.0,0.0,2.91,1.45,0.0
20230115:0810,34.53,48.68,8.82,3.38,1.31,0.0
20230115:0910,27.17,40.77,15.66,4.62,1.24,0.0
20230115:1010,37.75,52.41,20.51,6.19,1.24,0.0
20230115:1110,39.35,54.35,22.92,7.38,1.1,0.0
20230115:1210,33.77,48.53,22.61,8.06,0.83,0.0
20230115:1310,52.05,67.94,19.6,8.43,0.69,0.0
20230115:1410,23.19,36.88,14.25,8.31,0.62,0.0
20230115:1510,7.27,17.47,7.04,7.89,0.69,0.0
20230115:1610,0.0,0.0,0.0,7.2,1.1,0.0
20230115:1710,0.0,0.0,0.0,6.28,1.24,0.0
20230115:1810,0.0,0.0,0.0,5.35,1.17,0.0
20230115:1910,0.0,0.0,0.0,3.49,1.72,0.0
20230115:2010,0.0,0.0,0.0,2.43,1.79,0.0
20230115:2110,0.0,0.0,0.0,1.26,1.79,0.0
20230115:2210,0.0,0.0,0.0,0.76,1.72,0.0
20230115:2310,0.0,0.0,0.0,0.3,1.72,0.0
20230116:0010,0.0,0.0,0.0,-0.02,1.72,0.0
20230116:0110,0.0,0.0,0.0,-0.53,1.79,0.0
20230116:0210,0.0,0.0,0.0,-0.99,1.86,0.0
20230116:0310,0.0,0.0,0.0,-1.45,1.93,0.0
20230116:0410,0.0,0.0,0.0,-1.74,2.07,0.0
20230116:0510,0.0,0.0,0.0,-1.65,1.93,0.0
20230116:0610,0.0,0.0,0.0,-0.95,1.79,0.0
20230116:0710,0.0,0.0,0.0,-1.02,1.93,0.0
20230116:0810,44.56,58.7,8.93,-0.43,1.66,0.0
20230116:0910,104.19,117.36,15.79,1.96,1.52,0.0
20230116:1010,68.73,83.47,20.67,3.93,1.24,0.0
20230116:1110,37.11,51.44,23.1,4.6,0.69,0.0
20230116:1210,43.62,58.24,22.8,4.51,0.62,0.0
20230116:1310,16.05,28.15,19.81,4.11,1.1,0.0
20230116:1410,8.93,19.41,14.46,3.93,1.72,0.0
20230116:1510,5.34,14.56,7.23,3.66,1.52,0.0
20230116:1610,0.0,0.0,0.0,3.38,1.59,0.0
20230116:1710,0.0,0.0,0.0,2.99,1.59,0.0
20230116:1810,0.0,0.0,0.0,2.76,1.24,0.0
20230116:1910,0.0,0.0,0.0,2.92,1.03,0.0
20230116:2010,0.0,0.0,0.0,2.37,0.97,0.0
20230116:2110,0.0,0.0,0.0,1.56,1.17,0.0
20230116:2210,0.0,0.0,0.0,1.0,1.1,0.0
20230116:2310,0.0,0.0,0.0,0.47,1.17,0.0
20230117:0010,0.0,0.0,0.0,-0.34,1.31,0.0
20230117:0110,0.0,0.0,0.0,-0.43,1.1,0.0
20230117:0210,0.0,0.0,0.0,-0.88,1.24,0.0
20230117:0310,0.0,0.0,0.0,-0.81,1.17,0.0
20230117:0410,0.0,0.0,0.0,-0.25,1.38,0.0
20230117:0510,0.0,0.0,0.0,-0.07,1.45,0.0
20230117:0610,0.0,0.0,0.0,-0.02,2.14,0.0
20230117:0710,0.0,0.0,0.0,1.13,1.66,0.0
20230117:0810,46.02,60.58,9.05,1.42,1.66,0.0
20230117:0910,96.04,109.53,15.93,2.19,1.72,0.0
20230117:1010,34.7,48.53,20.84,2.8,1.45,0.0
20230117:1110,61.27,75.71,23.29,2.86,1.1,0.0
20230117:1210,56.49,70.86,23.0,2.73,1.52,0.0
20230117:1310,81.06,95.12,20.02,2.66,1.66,0.0
20230117:1410,31.03,44.65,14.66,2.84,1.1,0.0
20230117:1510,1.6,8.74,7.44,2.9,0.76,0.0
20230117:1610,0.0,0.0,0.0,2.69,0.55,0.0
20230117:1710,0.0,0.0,0.0,2.59,0.34,0.0
20230117:1810,0.0,0.0,0.0,2.54,0.34,0.0
20230117:1910,0.0,0.0,0.0,2.82,1.17,0.0
20230117:2010,0.0,0.0,0.0,2.81,0.62,0.0
20230117:2110,0.0,0.0,0.0,2.9,0.41,0.0
20230117:2210,0.0,0.0,0.0,2.13,0.76,0.0
20230117:2310,0.0,0.0,0.0,1.83,0.76,0.0
20230118:0010,0.0,0.0,0.0,1.43,0.83,0.0
20230118:0110,0.0,0.0,0.0,0.5,1.1,0.0
20230118:0210,0.0,0.0,0.0,-0.12,0.83,0.0
20230118:0310,0.0,0.0,0.0,-0.6,1.03,0.0
20230118:0410,0.0,0.0,0.0,-0.25,1.17,0.0
20230118:0510,0.0,0.0,0.0,-0.06,1.38,0.0
20230118:0610,0.0,0.0,0.0,-0.17,1.66,0.0
20230118:0710,0.0,0.0,0.0,-1.1,1.45,0.0
20230118:0810,204.96,233.24,9.18,-0.44,1.59,0.0
20230118:0910,430.92,436.62,16.08,1.22,1.59,0.0
20230118:1010,585.51,590.32,21.01,2.81,1.17,0.0
20230118:1110,593.92,604.68,23.48,4.15,0.69,0.0
20230118:1210,347.98,355.28,23.21,5.22,0.55,0.0
20230118:1310,628.12,648.36,20.23,5.81,0.48,0.0
20230118:1410,459.18,470.97,14.88,6.01,0.41,0.0
20230118:1510,55.98,71.53,7.65,5.73,0.55,0.0
20230118:1610,0.0,0.0,0.0,4.8,1.17,0.0
20230118:1710,0.0,0.0,0.0,3.68,0.9,0.0
20230118:1810,0.0,0.0,0.0,4.02,0.34,0.0
20230118:1910,0.0,0.0,0.0,3.07,0.97,0.0
20230118:2010,0.0,0.0,0.0,1.43,1.38,0.0
20230118:2110,0.0,0.0,0.0,0.61,1.52,0.0
20230118:2210,0.0,0.0,0.0,-0.27,1.72,0.0
20230118:2310,0.0,0.0,0.0,-1.0,2.07,0.0
20230119:0010,0.0,0.0,0.0,-0.75,2.34,0.0
20230119:0110,0.0,0.0,0.0,0.0,2.76,0.0
20230119:0210,0.0,0.0,0.0,0.88,3.24,0.0
20230119:0310,0.0,0.0,0.0,1.48,3.72,0.0
20230119:0410,0.0,0.0,0.0,1.79,4.0,0.0
20230119:0510,0.0,0.0,0.0,2.11,4.07,0.0
20230119:0610,0.0,0.0,0.0,2.05,4.07,0.0
20230119:0710,0.0,0.0,0.0,1.82,4.0,0.0
20230119:0810,68.76,84.68,9.31,1.79,3.66,0.0
20230119:0910,34.83,48.53,16.24,2.38,3.52,0.0
20230119:1010,49.75,64.06,21.19,3.1,3.17,0.0
20230119:1110,81.79,96.09,23.68,3.67,2.83,0.0
20230119:1210,60.07,74.74,23.42,4.02,2.55,0.0
20230119:1310,198.08,207.33,20.45,4.15,2.0,0.0
20230119:1410,84.56,99.06,15.09,4.14,1.17,0.0
20230119:1510,38.96,53.36,7.86,3.94,0.28,0.0
20230119:1610,0.0,0.0,0.0,3.36,0.69,0.0
20230119:1710,0.0,0.0,0.0,1.94,1.03,0.0
20230119:1810,0.0,0.0,0.0,1.13,1.17,0.0
20230119:1910,0.0,0.0,0.0,1.44,1.1,0.0
20230119:2010,0.0,0.0,0.0,0.62,1.24,0.0
20230119:2110,0.0,0.0,0.0,-0.65,1.45,0.0
20230119:2210,0.0,0.0,0.0,-1.48,1.66,0.0
20230119:2310,0.0,0.0,0.0,-1.99,1.66,0.0
20230120:0010,0.0,0.0,0.0,-1.79,1.59,0.0
20230120:0110,0.0,0.0,0.0,-2.43,1.86,0.0
20230120:0210,0.0,0.0,0.0,-2.0,2.14,0.0
20230120:0310,0.0,0.0,0.0,-1.81,2.48,0.0
20230120:0410,0.0,0.0,0.0,-2.2,2.69,0.0
20230120:0510,0.0,0.0,0.0,-2.57,2.76,0.0
20230120:0610,0.0,0.0,0.0,-2.64,2.62,0.0
20230120:0710,0.0,0.0,0.0,-2.35,2.76,0.0
20230120:0810,219.06,245.92,9.45,-1.63,2.62,0.0
20230120:0910,441.01,441.81,16.4,0.17,2.41,0.0
20230120:1010,608.27,604.34,21.37,2.17,2.41,0.0
20230120:1110,701.74,701.27,23.89,3.67,2.69,0.0
20230120:1210,715.63,714.02,23.65,4.41,3.24,0.0
20230120:1310,675.51,671.1,20.67,4.64,3.66,0.0
20230120:1410,571.91,567.56,15.32,4.52,3.86,0.0
20230120:1510,158.16,170.67,8.08,3.94,3.59,0.0
20230120:1610,0.0,0.0,0.0,2.79,3.72,0.0
20230120:1710,0.0,0.0,0.0,1.76,3.72,0.0
20230120:1810,0.0,0.0,0.0,1.2,3.72,0.0
20230120:1910,0.0,0.0,0.0,1.44,4.14,0.0
20230120:2010,0.0,0.0,0.0,1.11,4.0,0.0
20230120:2110,0.0,0.0,0.0,0.76,3.86,0.0
20230120:2210,0.0,0.0,0.0,0.51,3.86,0.0
20230120:2310,0.0,0.0,0.0,0.33,3.79,0.0
20230121:0010,0.0,0.0,0.0,-0.02,3.72,0.0
20230121:0110,0.0,0.0,0.0,-0.34,3.72,0.0
20230121:0210,0.0,0.0,0.0,-0.77,3.72,0.0
20230121:0310,0.0,0.0,0.0,-1.14,3.66,0.0
20230121:0410,0.0,0.0,0.0,-1.43,3.59,0.0
20230121:0510,0.0,0.0,0.0,-1.57,3.52,0.0
20230121:0610,0.0,0.0,0.0,-1.67,3.52,0.0
20230121:0710,0.0,0.0,0.0,-0.62,4.07,0.0
20230121:0810,220.97,248.35,9.59,-0.03,4.14,0.0
20230121:0910,472.98,472.47,16.57,1.34,3.93,0.0
20230121:1010,579.66,569.89,21.57,2.84,4.28,0.0
20230121:1110,642.49,632.87,24.1,3.91,4.41,0.0
20230121:1210,727.01,719.86,23.87,4.57,4.41,0.0
20230121:1310,707.53,701.13,20.9,4.91,4.41,0.0
20230121:1410,548.12,544.05,15.54,4.86,4.0,0.0
20230121:1510,358.31,366.34,8.3,4.36,3.45,0.0
20230121:1610,0.0,0.0,0.0,3.38,3.31,0.0
20230121:1710,0.0,0.0,0.0,2.52,3.45,0.0
20230121:1810,0.0,0.0,0.0,2.09,3.59,0.0
20230121:1910,0.0,0.0,0.0,2.65,4.28,0.0
20230121:2010,0.0,0.0,0.0,2.26,4.21,0.0
20230121:2110,0.0,0.0,0.0,1.83,4.0,0.0
20230121:2210,0.0,0.0,0.0,1.29,3.79,0.0
20230121:2310,0.0,0.0,0.0,0.8,3.59,0.0
20230122:0010,0.0,0.0,0.0,0.36,3.45,0.0
20230122:0110,0.0,0.0,0.0,0.0,3.38,0.0
20230122:0210,0.0,0.0,0.0,-0.12,3.38,0.0
20230122:0310,0.0,0.0,0.0,-0.23,3.31,0.0
20230122:0410,0.0,0.0,0.0,-0.48,3.17,0.0
20230122:0510,0.0,0.0,0.0,-0.65,3.17,0.0
20230122:0610,0.0,0.0,0.0,-0.83,3.1,0.0
20230122:0710,0.0,0.0,0.0,0.4,3.03,0.0
20230122:0810,104.43,121.79,9.74,0.85,2.97,0.0
20230122:0910,242.31,249.24,16.74,2.12,2.62,0.0
20230122:1010,365.62,365.76,21.77,3.41,2.76,0.0
20230122:1110,505.27,503.94,24.32,4.65,2.69,0.0
20230122:1210,693.37,699.43,24.1,5.44,2.48,0.0
20230122:1310,657.82,665.65,21.14,5.99,2.21,0.0
20230122:1410,534.78,541.91,15.78,6.19,1.86,0.0
20230122:1510,321.84,335.03,8.52,5.81,1.45,0.0
20230122:1610,0.0,0.0,0.0,4.3,1.66,0.0
20230122:1710,0.0,0.0,0.0,2.39,1.93,0.0
20230122:1810,0.0,0.0,0.0,0.64,2.14,0.0
20230122:1910,0.0,0.0,0.0,3.55,0.21,0.0
20230122:2010,0.0,0.0,0.0,3.22,0.9,0.0
20230122:2110,0.0,0.0,0.0,0.92,1.45,0.0
20230122:2210,0.0,0.0,0.0,-0.3,2.0,0.0
20230122:2310,0.0,0.0,0.0,-0.58,2.34,0.0
20230123:0010,0.0,0.0,0.0,-0.64,2.83,0.0
20230123:0110,0.0,0.0,0.0,-0.5,2.9,0.0
20230123:0210,0.0,0.0,0.0,-0.51,2.97,0.0
20230123:0310,0.0,0.0,0.0,-0.45,3.03,0.0
20230123:0410,0.0,0.0,0.0,-0.69,3.03,0.0
20230123:0510,0.0,0.0,0.0,-0.74,2.9,0.0
20230123:0610,0.0,0.0,0.0,-0.73,2.83,0.0
20230123:0710,0.0,0.0,0.0,0.81,2.76,0.0
20230123:0810,91.53,108.3,9.9,1.34,2.21,0.0
20230123:0910,164.81,175.62,16.92,2.05,1.38,0.0
20230123:1010,23.84,36.88,21.97,3.14,1.24,0.0
20230123:1110,141.38,154.11,24.55,3.88,1.17,0.0
20230123:1210,85.22,99.97,24.34,4.2,0.62,0.0
20230123:1310,92.2,106.77,21.38,4.11,0.76,0.0
20230123:1410,64.65,79.59,16.01,4.44,0.97,0.0
20230123:1510,51.81,66.72,8.75,4.45,0.83,0.0
20230123:1610,0.0,0.0,0.0,3.82,1.38,0.0
20230123:1710,0.0,0.0,0.0,2.6,2.07,0.0
20230123:1810,0.0,0.0,0.0,1.81,2.34,0.0
20230123:1910,0.0,0.0,0.0,2.4,2.14,0.0
20230123:2010,0.0,0.0,0.0,2.19,2.0,0.0
20230123:2110,0.0,0.0,0.0,2.32,1.86,0.0
20230123:2210,0.0,0.0,0.0,1.77,1.72,0.0
20230123:2310,0.0,0.0,0.0,1.23,1.66,0.0
20230124:0010,0.0,0.0,0.0,0.85,1.72,0.0
20230124:0110,0.0,0.0,0.0,0.71,1.79,0.0
20230124:0210,0.0,0.0,0.0,0.96,1.86,0.0
20230124:0310,0.0,0.0,0.0,0.98,2.0,0.0
20230124:0410,0.0,0.0,0.0,0.64,2.28,0.0
20230124:0510,0.0,0.0,0.0,0.45,2.41,0.0
20230124:0610,0.0,0.0,0.0,0.62,2.41,0.0
20230124:0710,0.0,0.95,1.57,1.04,2.21,0.0
20230124:0810,169.62,192.47,10.06,1.28,2.07,0.0
20230124:0910,280.4,289.62,17.11,3.91,1.38,0.0
20230124:1010,576.13,594.91,22.18,7.09,0.83,0.0
20230124:1110,429.9,445.25,24.78,8.67,0.48,0.0
20230124:1210,602.05,627.2,24.58,9.2,0.83,0.0
20230124:1310,631.53,658.44,21.63,9.56,1.03,0.0
20230124:1410,533.49,555.04,16.25,9.62,0.9,0.0
20230124:1510,284.55,302.58,8.98,9.19,0.83,0.0
20230124:1610,0.0,0.0,0.0,7.74,1.1,0.0
20230124:1710,0.0,0.0,0.0,6.77,0.97,0.0
20230124:1810,0.0,0.0,0.0,6.7,0.9,0.0
20230124:1910,0.0,0.0,0.0,2.74,1.79,0.0
20230124:2010,0.0,0.0,0.0,1.83,1.79,0.0
20230124:2110,0.0,0.0,0.0,1.16,1.86,0.0
20230124:2210,0.0,0.0,0.0,0.85,1.86,0.0
20230124:2310,0.0,0.0,0.0,0.66,1.66,0.0
20230125:0010,0.0,0.0,0.0,0.58,1.45,0.0
20230125:0110,0.0,0.0,0.0,0.51,1.52,0.0
20230125:0210,0.0,0.0,0.0,0.43,1.45,0.0
20230125:0310,0.0,0.0,0.0,0.22,1.45,0.0
20230125:0410,0.0,0.0,0.0,-0.13,1.45,0.0
20230125:0510,0.0,0.0,0.0,-0.12,1.52,0.0
20230125:0610,0.0,0.0,0.0,-0.7,1.59,0.0
20230125:0710,0.0,0.95,1.72,0.54,1.93,0.0
20230125:0810,67.97,83.17,10.23,0.97,1.52,0.0
20230125:0910,330.49,340.24,17.3,3.87,0.9,0.0
20230125:1010,211.15,224.39,22.4,6.68,0.14,0.0
20230125:1110,442.64,452.84,25.02,7.66,1.24,0.0
20230125:1210,286.33,296.65,24.83,8.15,1.93,0.0
20230125:1310,249.3,260.43,21.88,8.21,1.93,0.0
20230125:1410,270.04,280.14,16.5,7.83,1.66,0.0
20230125:1510,320.1,335.66,9.21,7.41,1.03,0.0
20230125:1610,0.0,0.0,0.0,6.71,0.55,0.0
20230125:1710,0.0,0.0,0.0,6.32,0.34,0.0
20230125:1810,0.0,0.0,0.0,5.22,0.9,0.0
20230125:1910,0.0,0.0,0.0,6.15,0.21,0.0
20230125:2010,0.0,0.0,0.0,5.78,0.21,0.0
20230125:2110,0.0,0.0,0.0,5.45,0.41,0.0
20230125:2210,0.0,0.0,0.0,5.07,0.69,0.0
20230125:2310,0.0,0.0,0.0,3.32,1.03,0.0
20230126:0010,0.0,0.0,0.0,2.9,1.17,0.0
20230126:0110,0.0,0.0,0.0,3.23,1.24,0.0
20230126:0210,0.0,0.0,0.0,3.33,1.17,0.0
20230126:0310,0.0,0.0,0.0,3.61,0.97,0.0
20230126:0410,0.0,0.0,0.0,3.83,0.69,0.0
20230126:0510,0.0,0.0,0.0,3.82,0.48,0.0
20230126:0610,0.0,0.0,0.0,3.96,0.21,0.0
20230126:0710,0.0,0.95,1.87,2.86,0.9,0.0
20230126:0810,71.72,87.81,10.41,3.18,0.9,0.0
20230126:0910,136.85,149.65,17.5,3.49,1.38,0.0
20230126:1010,170.88,182.06,22.62,3.63,1.24,0.0
20230126:1110,189.2,200.14,25.26,4.01,0.9,0.0
20230126:1210,188.72,200.27,25.09,4.31,0.41,0.0
20230126:1310,344.63,351.96,22.13,4.72,0.21,0.0
20230126:1410,176.52,188.48,16.75,4.99,0.28,0.0
20230126:1510,353.4,367.66,9.45,5.1,0.34,0.0
20230126:1610,0.0,0.0,0.0,4.72,0.55,0.0
20230126:1710,0.0,0.0,0.0,3.31,0.83,0.0
20230126:1810,0.0,0.0,0.0,3.12,0.76,0.0
20230126:1910,0.0,0.0,0.0,1.03,1.52,0.0
20230126:2010,0.0,0.0,0.0,-0.33,1.45,0.0
20230126:2110,0.0,0.0,0.0,0.02,1.52,0.0
20230126:2210,0.0,0.0,0.0,1.06,1.59,0.0
20230126:2310,0.0,0.0,0.0,1.75,1.52,0.0
20230127:0010,0.0,0.0,0.0,1.85,1.59,0.0
20230127:0110,0.0,0.0,0.0,1.8,1.38,0.0
20230127:0210,0.0,0.0,0.0,2.03,1.31,0.0
20230127:0310,0.0,0.0,0.0,1.86,1.1,0.0
20230127:0410,0.0,0.0,0.0,1.83,0.76,0.0
20230127:0510,0.0,0.0,0.0,1.45,0.9,0.0
20230127:0610,0.0,0.0,0.0,1.48,0.69,0.0
20230127:0710,0.0,1.89,2.03,1.51,1.52,0.0
20230127:0810,63.97,79.03,10.59,1.66,1.52,0.0
20230127:0910,88.05,101.72,17.71,2.01,1.38,0.0
20230127:1010,94.09,107.74,22.86,2.27,1.1,0.0
20230127:1110,96.89,110.65,25.51,2.6,0.9,0.0
20230127:1210,69.02,83.47,25.35,2.93,0.83,0.0
20230127:1310,55.34,69.88,22.39,3.2,0.76,0.0
20230127:1410,65.0,79.59,17.0,3.34,1.03,0.0
20230127:1510,48.44,62.88,9.69,3.27,1.24,0.0
20230127:1610,0.0,0.0,0.0,2.79,0.97,0.0
20230127:1710,0.0,0.0,0.0,1.57,0.9,0.0
20230127:1810,0.0,0.0,0.0,1.16,0.9,0.0
20230127:1910,0.0,0.0,0.0,0.43,1.31,0.0
20230127:2010,0.0,0.0,0.0,0.36,1.24,0.0
20230127:2110,0.0,0.0,0.0,0.42,1.17,0.0
20230127:2210,0.0,0.0,0.0,0.57,1.03,0.0
20230127:2310,0.0,0.0,0.0,0.59,1.03,0.0
20230128:0010,0.0,0.0,0.0,0.93,0.76,0.0
20230128:0110,0.0,0.0,0.0,1.64,0.48,0.0
20230128:0210,0.0,0.0,0.0,1.54,0.55,0.0
20230128:0310,0.0,0.0,0.0,1.32,0.62,0.0
20230128:0410,0.0,0.0,0.0,0.97,0.76,0.0
20230128:0510,0.0,0.0,0.0,1.07,0.83,0.0
20230128:0610,0.0,0.0,0.0,1.29,0.76,0.0
20230128:0710,1.01,7.57,2.2,-0.88,1.38,0.0
20230128:0810,217.12,243.53,10.78,0.38,0.9,0.0
20230128:0910,432.48,441.91,17.92,2.69,0.83,0.0
20230128:1010,608.34,616.37,23.09,4.12,1.31,0.0
20230128:1110,706.53,721.02,25.76,4.72,1.38,0.0
20230128:1210,727.14,746.67,25.61,5.66,1.38,0.0
20230128:1310,675.63,691.8,22.66,6.12,1.38,0.0
20230128:1410,558.96,571.2,17.25,6.48,1.17,0.0
20230128:1510,360.73,374.69,9.93,6.3,0.97,0.0
20230128:1610,0.0,0.0,0.0,5.36,1.24,0.0
20230128:1710,0.0,0.0,0.0,3.32,1.24,0.0
20230128:1810,0.0,0.0,0.0,3.52,0.9,0.0
20230128:1910,0.0,0.0,0.0,3.45,0.48,0.0
20230128:2010,0.0,0.0,0.0,3.31,0.34,0.0
20230128:2110,0.0,0.0,0.0,3.1,0.83,0.0
20230128:2210,0.0,0.0,0.0,2.19,1.17,0.0
20230128:2310,0.0,0.0,0.0,1.41,1.31,0.0
20230129:0010,0.0,0.0,0.0,0.81,1.38,0.0
20230129:0110,0.0,0.0,0.0,0.82,1.38,0.0
20230129:0210,0.0,0.0,0.0,0.0,1.59,0.0
20230129:0310,0.0,0.0,0.0,-0.34,1.72,0.0
20230129:0410,0.0,0.0,0.0,-0.67,1.86,0.0
20230129:0510,0.0,0.0,0.0,-0.67,1.79,0.0
20230129:0610,0.0,0.0,0.0,-0.74,1.72,0.0
20230129:0710,2.1,9.47,2.37,-1.28,1.93,0.0
20230129:0810,225.36,250.27,10.98,-0.73,1.59,0.0
20230129:0910,439.24,448.06,18.14,2.4,0.83,0.0
20230129:1010,600.74,619.13,23.33,4.42,0.21,0.0
20230129:1110,694.54,718.0,26.03,5.31,0.69,0.0
20230129:1210,715.32,740.21,25.88,5.85,0.9,0.0
20230129:1310,673.62,694.85,22.92,6.19,0.9,0.0
20230129:1410,557.0,570.66,17.51,6.19,0.83,0.0
20230129:1510,342.02,354.87,10.18,5.97,0.9,0.0
20230129:1610,0.0,0.0,0.0,4.99,0.97,0.0
20230129:1710,0.0,0.0,0.0,3.55,0.9,0.0
20230129:1810,0.0,0.0,0.0,2.9,0.97,0.0
20230129:1910,0.0,0.0,0.0,3.53,0.76,0.0
20230129:2010,0.0,0.0,0.0,2.23,1.1,0.0
20230129:2110,0.0,0.0,0.0,1.79,1.1,0.0
20230129:2210,0.0,0.0,0.0,1.49,1.17,0.0
20230129:2310,0.0,0.0,0.0,0.64,1.38,0.0
20230130:0010,0.0,0.0,0.0,-1.36,1.66,0.0
20230130:0110,0.0,0.0,0.0,-1.51,1.79,0.0
20230130:0210,0.0,0.0,0.0,-0.99,1.86,0.0
20230130:0310,0.0,0.0,0.0,-0.76,1.93,0.0
20230130:0410,0.0,0.0,0.0,-0.5,1.93,0.0
20230130:0510,0.0,0.0,0.0,-0.57,2.0,0.0
20230130:0610,0.0,0.0,0.0,-0.72,2.0,0.0
20230130:0710,2.11,9.47,2.55,-1.67,1.72,0.0
20230130:0810,151.7,169.01,11.18,-0.83,1.31,0.0
20230130:0910,412.46,420.4,18.37,2.49,0.83,0.0
20230130:1010,612.21,628.89,23.58,4.92,0.62,0.0
20230130:1110,698.37,725.03,26.29,6.48,0.83,0.0
20230130:1210,717.46,745.62,26.16,7.51,1.17,0.0
20230130:1310,678.52,702.32,23.2,8.18,1.38,0.0
20230130:1410,531.06,545.47,17.77,8.51,1.45,0.0
20230130:1510,392.31,409.36,10.43,8.33,1.31,0.0
20230130:1610,0.0,2.91,1.7,6.98,1.38,0.0
20230130:1710,0.0,0.0,0.0,4.93,1.72,0.0
20230130:1810,0.0,0.0,0.0,3.07,2.14,0.0
20230130:1910,0.0,0.0,0.0,2.15,2.34,0.0
20230130:2010,0.0,0.0,0.0,1.22,2.41,0.0
20230130:2110,0.0,0.0,0.0,0.34,2.55,0.0
20230130:2210,0.0,0.0,0.0,-0.04,2.69,0.0
20230130:2310,0.0,0.0,0.0,0.16,2.97,0.0
20230131:0010,0.0,0.0,0.0,1.07,3.31,0.0
20230131:0110,0.0,0.0,0.0,2.17,3.59,0.0
20230131:0210,0.0,0.0,0.0,2.68,3.38,0.0
20230131:0310,0.0,0.0,0.0,2.22,2.83,0.0
20230131:0410,0.0,0.0,0.0,1.04,2.62,0.0
20230131:0510,0.0,0.0,0.0,0.14,2.55,0.0
20230131:0610,0.0,0.0,0.0,-0.3,2.62,0.0
20230131:0710,3.28,11.36,2.74,-0.52,2.48,0.0
20230131:0810,239.52,265.46,11.38,0.47,2.14,0.0
20230131:0910,452.78,462.17,18.6,3.99,1.52,0.0
20230131:1010,618.69,634.72,23.83,6.34,1.24,0.0
20230131:1110,705.93,735.29,26.56,7.86,1.1,0.0
20230131:1210,720.62,758.15,26.44,8.85,0.9,0.0
20230131:1310,676.85,713.94,23.47,9.45,0.62,0.0
20230131:1410,563.99,590.38,18.04,9.64,0.55,0.0
20230131:1510,398.32,418.27,10.68,9.24,0.97,0.0
20230131:1610,0.0,4.85,1.94,7.63,1.59,0.0
20230131:1710,0.0,0.0,0.0,5.32,1.59,0.0
20230131:1810,0.0,0.0,0.0,4.03,1.45,0.0
20230131:1910,0.0,0.0,0.0,4.14,1.66,0.0
20230131:2010,0.0,0.0,0.0,2.43,1.93,0.0
20230131:2110,0.0,0.0,0.0,1.01,2.07,0.0
20230131:2210,0.0,0.0,0.0,0.02,2.14,0.0
20230131:2310,0.0,0.0,0.0,-0.5,2.21,0.0
20230201:0010,0.0,0.0,0.0,-0.76,2.28,0.0
20230201:0110,0.0,0.0,0.0,-1.06,2.41,0.0
20230201:0210,0.0,0.0,0.0,-1.08,2.48,0.0
20230201:0310,0.0,0.0,0.0,-1.01,2.55,0.0
20230201:0410,0.0,0.0,0.0,-0.98,2.55,0.0
20230201:0510,0.0,0.0,0.0,-0.86,2.55,0.0
20230201:0610,0.0,0.0,0.0,-0.91,2.48,0.0
20230201:0710,3.92,12.31,2.93,-1.04,2.34,0.0
20230201:0810,237.99,262.36,11.59,0.33,1.93,0.0
20230201:0910,443.67,453.71,18.83,4.43,1.45,0.0
20230201:1010,601.73,621.43,24.09,7.73,1.17,0.0
20230201:1110,685.83,716.56,26.84,9.63,1.38,0.0
20230201:1210,709.09,742.61,26.72,10.71,1.72,0.0
20230201:1310,664.02,693.37,23.75,11.37,1.86,0.0
20230201:1410,555.46,577.28,18.31,11.54,1.86,0.0
20230201:1510,376.52,396.86,10.94,10.98,1.45,0.0
20230201:1610,0.0,4.85,2.18,9.14,1.79,0.0
20230201:1710,0.0,0.0,0.0,6.63,2.07,0.0
20230201:1810,0.0,0.0,0.0,4.4,2.34,0.0
20230201:1910,0.0,0.0,0.0,3.31,2.34,0.0
20230201:2010,0.0,0.0,0.0,2.0,2.41,0.0
20230201:2110,0.0,0.0,0.0,1.02,2.55,0.0
20230201:2210,0.0,0.0,0.0,0.8,2.76,0.0
20230201:2310,0.0,0.0,0.0,0.95,2.9,0.0
20230202:0010,0.0,0.0,0.0,1.33,3.03,0.0
20230202:0110,0.0,0.0,0.0,1.84,3.1,0.0
20230202:0210,0.0,0.0,0.0,2.45,3.24,0.0
20230202:0310,0.0,0.0,0.0,2.85,3.38,0.0
20230202:0410,0.0,0.0,0.0,3.06,3.45,0.0
20230202:0510,0.0,0.0,0.0,3.08,3.52,0.0
20230202:0610,0.0,0.0,0.0,3.06,3.45,0.0
20230202:0710,5.79,15.15,3.12,2.89,2.9,0.0
20230202:0810,239.04,266.4,11.81,3.66,2.69,0.0
20230202:0910,450.54,461.13,19.07,6.21,2.41,0.0
20230202:1010,613.69,626.21,24.36,8.49,2.69,0.0
20230202:1110,699.49,720.28,27.12,10.08,2.83,0.0
20230202:1210,717.35,742.95,27.01,11.32,2.97,0.0
20230202:1310,669.07,692.1,24.04,11.97,3.03,0.0
20230202:1410,567.51,586.09,18.58,12.17,2.97,0.0
20230202:1510,377.12,395.32,11.19,11.6,2.69,0.0
20230202:1610,0.99,7.76,2.42,10.1,2.69,0.0
20230202:1710,0.0,0.0,0.0,8.21,2.76,0.0
20230202:1810,0.0,0.0,0.0,6.78,2.83,0.0
20230202:1910,0.0,0.0,0.0,7.37,3.45,0.0
20230202:2010,0.0,0.0,0.0,6.62,3.24,0.0
20230202:2110,0.0,0.0,0.0,5.61,2.97,0.0
20230202:2210,0.0,0.0,0.0,4.72,2.9,0.0
20230202:2310,0.0,0.0,0.0,4.18,3.1,0.0
20230203:0010,0.0,0.0,0.0,4.01,3.24,0.0
20230203:0110,0.0,0.0,0.0,3.94,3.38,0.0
20230203:0210,0.0,0.0,0.0,3.96,3.38,0.0
20230203:0310,0.0,0.0,0.0,3.74,3.31,0.0
20230203:0410,0.0,0.0,0.0,3.36,3.24,0.0
20230203:0510,0.0,0.0,0.0,2.92,2.97,0.0
20230203:0610,0.0,0.0,0.0,2.31,2.83,0.0
20230203:0710,4.45,13.25,3.33,3.12,2.76,0.0
20230203:0810,238.55,265.23,12.03,3.6,2.34,0.0
20230203:0910,462.12,474.97,19.32,6.22,1.79,0.0
20230203:1010,602.05,621.84,24.63,8.82,1.59,0.0
20230203:1110,694.45,730.98,27.41,10.69,1.31,0.0
20230203:1210,699.69,741.48,27.31,11.95,1.31,0.0
20230203:1310,633.57,667.63,24.33,12.76,1.52,0.0
20230203:1410,497.56,520.11,18.86,13.01,1.72,0.0
20230203:1510,125.28,143.64,11.45,12.62,1.45,0.0
20230203:1610,0.07,5.82,2.67,11.01,1.79,0.0
20230203:1710,0.0,0.0,0.0,8.55,2.14,0.0
20230203:1810,0.0,0.0,0.0,6.86,2.28,0.0
20230203:1910,0.0,0.0,0.0,5.98,2.41,0.0
20230203:2010,0.0,0.0,0.0,4.63,2.55,0.0
20230203:2110,0.0,0.0,0.0,3.68,2.55,0.0
20230203:2210,0.0,0.0,0.0,3.27,2.62,0.0
20230203:2310,0.0,0.0,0.0,3.06,2.83,0.0
20230204:0010,0.0,0.0,0.0,3.24,2.9,0.0
20230204:0110,0.0,0.0,0.0,3.79,3.03,0.0
20230204:0210,0.0,0.0,0.0,4.24,3.03,0.0
20230204:0310,0.0,0.0,0.0,4.85,2.97,0.0
20230204:0410,0.0,0.0,0.0,5.15,2.9,0.0
20230204:0510,0.0,0.0,0.0,5.17,2.97,0.0
20230204:0610,0.0,0.0,0.0,5.61,3.1,0.0
20230204:0710,5.69,15.15,3.53,5.64,3.31,0.0
20230204:0810,234.54,263.98,12.26,7.1,3.24,0.0
20230204:0910,436.48,452.1,19.57,9.87,3.1,0.0
20230204:1010,592.55,613.14,24.91,12.79,3.38,0.0
20230204:1110,684.06,711.38,27.7,14.37,4.0,0.0
20230204:1210,702.39,731.35,27.6,14.92,4.28,0.0
20230204:1310,668.11,695.18,24.62,14.93,4.07,0.0
20230204:1410,562.4,584.34,19.14,14.67,3.72,0.0
20230204:1510,373.23,392.97,11.72,13.9,3.79,0.0
20230204:1610,7.27,18.28,2.91,12.45,3.86,0.0
20230204:1710,0.0,0.0,0.0,11.26,4.07,0.0
20230204:1810,0.0,0.0,0.0,10.47,3.72,0.0
20230204:1910,0.0,0.0,0.0,10.98,4.83,0.0
20230204:2010,0.0,0.0,0.0,10.23,4.14,0.0
20230204:2110,0.0,0.0,0.0,8.94,3.1,0.0
20230204:2210,0.0,0.0,0.0,7.54,2.62,0.0
20230204:2310,0.0,0.0,0.0,6.38,2.55,0.0
20230205:0010,0.0,0.0,0.0,5.36,2.55,0.0
20230205:0110,0.0,0.0,0.0,4.42,2.14,0.0
20230205:0210,0.0,0.0,0.0,3.94,1.59,0.0
20230205:0310,0.0,0.0,0.0,4.94,0.9,0.0
20230205:0410,0.0,0.0,0.0,5.3,0.83,0.0
20230205:0510,0.0,0.0,0.0,4.93,0.48,0.0
20230205:0610,0.0,0.0,0.0,4.66,0.55,0.0
20230205:0710,7.19,17.04,3.75,2.59,1.52,0.0
20230205:0810,241.9,268.73,12.5,3.15,1.03,0.0
20230205:0910,449.82,464.05,19.83,5.2,0.69,0.0
20230205:1010,611.15,623.96,25.19,6.27,1.52,0.0
20230205:1110,623.18,635.59,28.0,7.0,1.86,0.0
20230205:1210,717.91,737.52,27.91,7.3,1.93,0.0
20230205:1310,679.19,695.0,24.92,7.29,1.93,0.0
20230205:1410,579.02,587.27,19.42,7.26,2.28,0.0
20230205:1510,388.59,398.12,11.98,6.81,2.34,0.0
20230205:1610,13.31,26.02,3.16,5.86,1.86,0.0
20230205:1710,0.0,0.0,0.0,5.09,2.0,0.0
20230205:1810,0.0,0.0,0.0,4.4,2.07,0.0
20230205:1910,0.0,0.0,0.0,4.23,2.21,0.0
20230205:2010,0.0,0.0,0.0,3.87,2.07,0.0
20230205:2110,0.0,0.0,0.0,3.57,1.72,0.0
20230205:2210,0.0,0.0,0.0,3.38,1.52,0.0
20230205:2310,0.0,0.0,0.0,3.01,1.38,0.0
20230206:0010,0.0,0.0,0.0,2.58,1.03,0.0
20230206:0110,0.0,0.0,0.0,2.24,0.9,0.0
20230206:0210,0.0,0.0,0.0,1.77,0.97,0.0
20230206:0310,0.0,0.0,0.0,1.66,0.97,0.0
20230206:0410,0.0,0.0,0.0,1.83,1.03,0.0
20230206:0510,0.0,0.0,0.0,1.87,1.24,0.0
20230206:0610,0.0,0.0,0.0,1.76,1.24,0.0
20230206:0710,0.0,0.0,0.0,1.64,1.24,0.0
20230206:0810,107.48,122.82,12.73,2.23,1.59,0.0
20230206:0910,97.76,111.29,20.09,2.54,1.72,0.0
20230206:1010,155.72,166.82,25.47,2.53,1.52,0.0
20230206:1110,205.69,214.51,28.3,2.71,1.45,0.0
20230206:1210,230.73,238.17,28.21,2.67,1.38,0.0
20230206:1310,203.52,212.28,25.22,2.95,1.45,0.0
20230206:1410,78.99,93.18,19.7,2.86,1.59,0.0
20230206:1510,21.25,33.97,12.24,2.98,1.86,0.0
20230206:1610,0.0,2.91,3.41,2.66,2.07,0.0
20230206:1710,0.0,0.0,0.0,2.3,2.14,0.0
20230206:1810,0.0,0.0,0.0,1.93,2.0,0.0
20230206:1910,0.0,0.0,0.0,2.24,2.69,0.0
20230206:2010,0.0,0.0,0.0,1.71,2.69,0.0
20230206:2110,0.0,0.0,0.0,1.29,2.62,0.0
20230206:2210,0.0,0.0,0.0,0.99,2.48,0.0
20230206:2310,0.0,0.0,0.0,0.82,2.28,0.0
20230207:0010,0.0,0.0,0.0,0.8,1.17,0.0
20230207:0110,0.0,0.0,0.0,0.41,1.72,0.0
20230207:0210,0.0,0.0,0.0,0.12,2.14,0.0
20230207:0310,0.0,0.0,0.0,-0.2,2.07,0.0
20230207:0410,0.0,0.0,0.0,-0.73,1.93,0.0
20230207:0510,0.0,0.0,0.0,-1.13,1.66,0.0
20230207:0610,0.0,0.0,0.0,-2.08,1.52,0.0
20230207:0710,8.87,18.93,4.19,-2.15,1.38,0.0
20230207:0810,257.26,281.01,12.98,0.35,0.62,0.0
20230207:0910,472.56,478.1,20.36,2.56,1.38,0.0
20230207:1010,645.83,649.06,25.76,3.37,1.86,0.0
20230207:1110,733.86,744.08,28.61,4.13,1.86,0.0
20230207:1210,762.38,778.32,28.53,4.81,1.79,0.0
20230207:1310,714.03,729.5,25.52,5.22,1.52,0.0
20230207:1410,601.29,609.87,19.99,5.4,1.52,0.0
20230207:1510,403.61,411.75,12.51,5.2,1.59,0.0
20230207:1610,16.54,29.58,3.66,4.48,1.45,0.0
20230207:1710,0.0,0.0,0.0,2.9,1.59,0.0
20230207:1810,0.0,0.0,0.0,0.83,1.52,0.0
20230207:1910,0.0,0.0,0.0,-0.52,1.72,0.0
20230207:2010,0.0,0.0,0.0,-1.3,1.66,0.0
20230207:2110,0.0,0.0,0.0,-1.59,1.59,0.0
20230207:2210,0.0,0.0,0.0,-1.71,1.52,0.0
20230207:2310,0.0,0.0,0.0,-1.52,1.38,0.0
20230208:0010,0.0,0.0,0.0,-1.67,1.45,0.0
20230208:0110,0.0,0.0,0.0,-1.94,1.52,0.0
20230208:0210,0.0,0.0,0.0,-2.14,1.52,0.0
20230208:0310,0.0,0.0,0.0,-2.41,1.52,0.0
20230208:0410,0.0,0.0,0.0,-2.28,1.45,0.0
20230208:0510,0.0,0.0,0.0,-2.05,1.45,0.0
20230208:0610,0.0,0.0,0.0,-1.45,1.24,0.0
20230208:0710,9.49,19.88,4.42,0.16,0.34,0.0
20230208:0810,261.92,285.43,13.23,0.33,0.55,0.0
20230208:0910,479.8,482.48,20.63,1.59,1.52,0.0
20230208:1010,544.27,542.53,26.06,2.18,1.66,0.0
20230208:1110,725.44,732.4,28.92,2.82,1.66,0.0
20230208:1210,766.29,779.16,28.84,3.1,1.52,0.0
20230208:1310,725.3,737.06,25.82,3.31,1.31,0.0
20230208:1410,607.6,611.65,20.28,3.3,1.31,0.0
20230208:1510,405.66,409.42,12.78,2.9,1.52,0.0
20230208:1610,17.14,29.96,3.91,2.12,1.45,0.0
20230208:1710,0.0,0.0,0.0,0.95,1.59,0.0
20230208:1810,0.0,0.0,0.0,-0.15,1.52,0.0
20230208:1910,0.0,0.0,0.0,-0.69,1.24,0.0
20230208:2010,0.0,0.0,0.0,-0.86,1.1,0.0
20230208:2110,0.0,0.0,0.0,-0.72,1.03,0.0
20230208:2210,0.0,0.0,0.0,-1.62,1.38,0.0
20230208:2310,0.0,0.0,0.0,-1.56,1.38,0.0
20230209:0010,0.0,0.0,0.0,-1.63,1.38,0.0
20230209:0110,0.0,0.0,0.0,-1.55,1.24,0.0
20230209:0210,0.0,0.0,0.0,-1.61,1.1,0.0
20230209:0310,0.0,0.0,0.0,-1.65,0.76,0.0
20230209:0410,0.0,0.0,0.0,-1.84,0.76,0.0
20230209:0510,0.0,0.0,0.0,-2.27,1.03,0.0
20230209:0610,0.0,0.0,0.0,-2.46,1.1,0.0
20230209:0710,14.32,25.56,4.65,-1.85,0.76,0.0
20230209:0810,110.92,124.4,13.48,-0.98,0.34,0.0
20230209:0910,477.36,480.23,20.91,-0.22,0.55,0.0
20230209:1010,658.93,661.53,26.36,0.41,0.9,0.0
20230209:1110,755.27,768.11,29.24,0.79,0.76,0.0
20230209:1210,777.94,798.42,29.16,0.9,0.48,0.0
20230209:1310,733.33,749.21,26.13,1.56,0.55,0.0
20230209:1410,619.72,625.07,20.57,1.77,0.69,0.0
20230209:1510,428.0,432.63,13.05,1.72,0.62,0.0
20230209:1610,23.63,37.47,4.16,1.42,0.41,0.0
20230209:1710,0.0,0.0,0.0,0.35,0.62,0.0
20230209:1810,0.0,0.0,0.0,-0.82,0.97,0.0
20230209:1910,0.0,0.0,0.0,-0.47,1.03,0.0
20230209:2010,0.0,0.0,0.0,-1.2,1.1,0.0
20230209:2110,0.0,0.0,0.0,-1.61,1.17,0.0
20230209:2210,0.0,0.0,0.0,-2.15,1.24,0.0
20230209:2310,0.0,0.0,0.0,-2.19,1.17,0.0
20230210:0010,0.0,0.0,0.0,-2.15,1.1,0.0
20230210:0110,0.0,0.0,0.0,-2.39,1.17,0.0
20230210:0210,0.0,0.0,0.0,-2.63,1.24,0.0
20230210:0310,0.0,0.0,0.0,-2.74,1.24,0.0
20230210:0410,0.0,0.0,0.0,-3.76,1.31,0.0
20230210:0510,0.0,0.0,0.0,-3.4,1.59,0.0
20230210:0610,0.0,0.0,0.0,-2.81,1.72,0.0
20230210:0710,9.68,19.88,4.89,-3.15,1.79,0.0
20230210:0810,277.56,297.3,13.74,-1.25,1.38,0.0
20230210:0910,498.24,504.35,21.2,1.45,0.76,0.0
20230210:1010,653.85,675.39,26.67,3.52,0.14,0.0
20230210:1110,746.34,783.75,29.56,4.83,0.21,0.0
20230210:1210,764.59,803.4,29.48,5.66,0.48,0.0
20230210:1310,727.5,760.44,26.45,6.04,0.55,0.0
20230210:1410,614.17,635.72,20.86,6.14,0.41,0.0
20230210:1510,433.09,447.18,13.32,5.83,0.41,0.0
20230210:1610,28.55,43.59,4.42,4.85,0.48,0.0
20230210:1710,0.0,0.0,0.0,4.05,0.0,0.0
20230210:1810,0.0,0.0,0.0,3.22,0.62,0.0
20230210:1910,0.0,0.0,0.0,3.17,0.55,0.0
20230210:2010,0.0,0.0,0.0,1.17,1.38,0.0
20230210:2110,0.0,0.0,0.0,-0.98,1.79,0.0
20230210:2210,0.0,0.0,0.0,-2.02,1.86,0.0
20230210:2310,0.0,0.0,0.0,-2.5,1.79,0.0
20230211:0010,0.0,0.0,0.0,-3.24,1.86,0.0
20230211:0110,0.0,0.0,0.0,-2.8,1.93,0.0
20230211:0210,0.0,0.0,0.0,-2.07,2.28,0.0
20230211:0310,0.0,0.0,0.0,-2.32,2.28,0.0
20230211:0410,0.0,0.0,0.0,-2.52,2.21,0.0
20230211:0510,0.0,0.0,0.0,-2.71,2.14,0.0
20230211:0610,0.0,0.0,0.0,-2.81,2.0,0.0
20230211:0710,11.19,21.77,5.14,-2.55,1.93,0.0
20230211:0810,259.46,277.51,14.01,-0.87,1.45,0.0
20230211:0910,490.49,497.43,21.48,2.68,1.03,0.0
20230211:1010,607.35,625.73,26.98,5.49,0.55,0.0
20230211:1110,666.32,698.95,29.88,6.99,0.28,0.0
20230211:1210,731.27,774.14,29.81,8.0,0.48,0.0
20230211:1310,705.73,745.34,26.76,8.63,0.55,0.0
20230211:1410,595.04,620.98,21.15,8.91,0.62,0.0
20230211:1510,414.88,432.55,13.6,8.69,0.69,0.0
20230211:1610,29.33,44.75,4.67,7.45,1.03,0.0
20230211:1710,0.0,0.0,0.0,5.46,1.03,0.0
20230211:1810,0.0,0.0,0.0,3.77,1.24,0.0
20230211:1910,0.0,0.0,0.0,3.08,1.45,0.0
20230211:2010,0.0,0.0,0.0,1.06,1.72,0.0
20230211:2110,0.0,0.0,0.0,-0.49,1.86,0.0
20230211:2210,0.0,0.0,0.0,-1.09,1.93,0.0
20230211:2310,0.0,0.0,0.0,-1.35,2.07,0.0
20230212:0010,0.0,0.0,0.0,-1.45,2.14,0.0
20230212:0110,0.0,0.0,0.0,-1.53,2.07,0.0
20230212:0210,0.0,0.0,0.0,-1.61,2.0,0.0
20230212:0310,0.0,0.0,0.0,-1.7,2.0,0.0
20230212:0410,0.0,0.0,0.0,-1.74,2.0,0.0
20230212:0510,0.0,0.0,0.0,-1.76,2.0,0.0
20230212:0610,0.0,0.0,0.0,-1.74,2.07,0.0
20230212:0710,39.27,75.48,5.39,-1.64,1.93,0.0
20230212:0810,269.23,290.43,14.28,1.04,1.31,0.0
20230212:0910,484.0,500.5,21.78,6.45,0.83,0.0
20230212:1010,633.16,669.74,27.29,9.54,0.34,0.0
20230212:1110,706.41,762.76,30.21,11.25,0.21,0.0
20230212:1210,719.55,779.35,30.14,12.37,0.41,0.0
20230212:1310,696.84,749.1,27.08,13.01,0.76,0.0
20230212:1410,592.11,624.68,21.45,13.11,1.31,0.0
20230212:1510,416.67,437.98,13.87,12.51,1.79,0.0
20230212:1610,33.86,50.45,4.93,10.82,2.28,0.0
20230212:1710,0.0,0.0,0.0,8.47,2.28,0.0
20230212:1810,0.0,0.0,0.0,6.52,1.79,0.0
20230212:1910,0.0,0.0,0.0,7.77,1.1,0.0
20230212:2010,0.0,0.0,0.0,7.95,0.76,0.0
20230212:2110,0.0,0.0,0.0,7.44,0.9,0.0
20230212:2210,0.0,0.0,0.0,5.71,1.38,0.0
20230212:2310,0.0,0.0,0.0,2.4,2.07,0.0
20230213:0010,0.0,0.0,0.0,0.71,2.28,0.0
20230213:0110,0.0,0.0,0.0,-0.27,2.21,0.0
20230213:0210,0.0,0.0,0.0,-0.81,2.14,0.0
20230213:0310,0.0,0.0,0.0,-1.12,2.14,0.0
20230213:0410,0.0,0.0,0.0,-1.31,2.07,0.0
20230213:0510,0.0,0.0,0.0,-1.49,2.0,0.0
20230213:0610,0.0,0.0,0.0,-1.6,2.0,0.0
20230213:0710,40.32,76.23,5.64,-0.99,2.07,0.0
20230213:0810,283.38,304.79,14.55,1.23,1.66,0.0
20230213:0910,489.5,500.62,22.07,4.67,1.03,0.0
20230213:1010,639.06,671.56,27.61,8.16,0.34,0.0
20230213:1110,721.55,769.69,30.55,9.72,0.48,0.0
20230213:1210,742.61,792.68,30.47,10.41,0.76,0.0
20230213:1310,705.37,750.37,27.4,10.82,0.76,0.0
20230213:1410,600.5,632.68,21.75,10.94,0.69,0.0
20230213:1510,416.94,439.14,14.15,10.73,0.55,0.0
20230213:1610,35.11,51.59,5.18,9.92,0.76,0.0
20230213:1710,0.0,0.0,0.0,8.87,0.55,0.0
20230213:1810,0.0,0.0,0.0,8.15,0.07,0.0
20230213:1910,0.0,0.0,0.0,7.85,0.48,0.0
20230213:2010,0.0,0.0,0.0,5.81,1.31,0.0
20230213:2110,0.0,0.0,0.0,2.6,2.0,0.0
20230213:2210,0.0,0.0,0.0,1.08,2.0,0.0
20230213:2310,0.0,0.0,0.0,0.18,1.93,0.0
20230214:0010,0.0,0.0,0.0,-0.33,1.93,0.0
20230214:0110,0.0,0.0,0.0,-0.95,1.93,0.0
20230214:0210,0.0,0.0,0.0,-1.08,1.93,0.0
20230214:0310,0.0,0.0,0.0,-1.17,1.86,0.0
20230214:0410,0.0,0.0,0.0,-1.4,1.86,0.0
20230214:0510,0.0,0.0,0.0,-1.54,1.86,0.0
20230214:0610,0.0,0.0,0.0,-1.69,1.86,0.0
20230214:0710,51.37,88.42,5.9,-1.19,1.72,0.0
20230214:0810,289.07,310.2,14.83,1.18,1.52,0.0
20230214:0910,498.18,509.01,22.38,4.78,1.17,0.0
20230214:1010,650.72,681.3,27.93,8.38,0.69,0.0
20230214:1110,722.4,775.81,30.88,10.91,0.48,0.0
20230214:1210,729.4,785.58,30.81,12.33,0.76,0.0
20230214:1310,689.94,738.19,27.72,13.15,1.03,0.0
20230214:1410,601.97,638.64,22.05,13.49,1.1,0.0
20230214:1510,417.44,442.69,14.42,13.36,1.1,0.0
20230214:1610,152.25,179.52,5.44,12.25,1.31,0.0
20230214:1710,0.0,0.0,0.0,9.87,1.24,0.0
20230214:1810,0.0,0.0,0.0,10.02,0.62,0.0
20230214:1910,0.0,0.0,0.0,5.73,2.0,0.0
20230214:2010,0.0,0.0,0.0,3.61,2.34,0.0
20230214:2110,0.0,0.0,0.0,2.16,2.41,0.0
20230214:2210,0.0,0.0,0.0,1.12,2.28,0.0
20230214:2310,0.0,0.0,0.0,0.41,2.21,0.0
20230215:0010,0.0,0.0,0.0,-0.04,2.21,0.0
20230215:0110,0.0,0.0,0.0,-0.38,2.14,0.0
20230215:0210,0.0,0.0,0.0,-0.63,2.14,0.0
20230215:0310,0.0,0.0,0.0,-0.8,2.14,0.0
20230215:0410,0.0,0.0,0.0,-0.93,2.14,0.0
20230215:0510,0.0,0.0,0.0,-1.09,2.21,0.0
20230215:0610,0.0,0.0,0.0,-1.26,2.14,0.0
20230215:0710,55.6,94.64,6.16,-0.94,2.07,0.0
20230215:0810,296.47,318.56,15.11,1.97,1.45,0.0
20230215:0910,502.19,522.49,22.68,7.95,0.9,0.0
20230215:1010,637.58,684.33,28.26,11.44,0.14,0.0
20230215:1110,727.13,787.92,31.22,13.25,0.69,0.0
20230215:1210,742.45,806.77,31.15,14.14,0.9,0.0
20230215:1310,710.37,770.1,28.04,14.66,0.9,0.0
20230215:1410,614.33,660.51,22.35,14.79,0.76,0.0
20230215:1510,430.71,460.96,14.7,14.58,0.76,0.0
20230215:1610,171.58,200.98,5.7,13.27,0.83,0.0
20230215:1710,0.0,0.0,0.0,12.49,0.41,0.0
20230215:1810,0.0,0.0,0.0,11.6,0.62,0.0
20230215:1910,0.0,0.0,0.0,7.27,2.0,0.0
20230215:2010,0.0,0.0,0.0,4.98,2.28,0.0
20230215:2110,0.0,0.0,0.0,3.5,2.28,0.0
20230215:2210,0.0,0.0,0.0,2.26,2.21,0.0
20230215:2310,0.0,0.0,0.0,1.49,2.14,0.0
20230216:0010,0.0,0.0,0.0,1.0,2.14,0.0
20230216:0110,0.0,0.0,0.0,0.53,2.14,0.0
20230216:0210,0.0,0.0,0.0,0.2,2.14,0.0
20230216:0310,0.0,0.0,0.0,-0.04,2.07,0.0
20230216:0410,0.0,0.0,0.0,-0.29,2.0,0.0
20230216:0510,0.0,0.0,0.0,-0.54,1.93,0.0
20230216:0610,0.0,0.0,0.0,-0.61,1.79,0.0
20230216:0710,52.33,82.86,6.43,-0.67,1.52,0.0
20230216:0810,264.29,283.97,15.4,2.43,1.03,0.0
20230216:0910,457.63,473.05,22.99,6.17,0.48,0.0
20230216:1010,624.03,657.59,28.59,8.77,0.28,0.0
20230216:1110,736.94,785.16,31.57,10.41,0.83,0.0
20230216:1210,758.03,810.0,31.49,11.43,1.1,0.0
20230216:1310,724.41,772.89,28.37,12.08,1.1,0.0
20230216:1410,615.57,649.35,22.65,12.35,1.17,0.0
20230216:1510,437.33,460.48,14.98,12.26,1.24,0.0
20230216:1610,170.21,196.67,5.96,11.35,1.24,0.0
20230216:1710,0.0,0.0,0.0,9.52,1.24,0.0
20230216:1810,0.0,0.0,0.0,8.85,0.83,0.0
20230216:1910,0.0,0.0,0.0,5.68,1.93,0.0
20230216:2010,0.0,0.0,0.0,6.04,1.38,0.0
20230216:2110,0.0,0.0,0.0,6.98,0.76,0.0
20230216:2210,0.0,0.0,0.0,6.39,0.83,0.0
20230216:2310,0.0,0.0,0.0,4.72,1.17,0.0
20230217:0010,0.0,0.0,0.0,1.87,1.59,0.0
20230217:0110,0.0,0.0,0.0,1.33,1.66,0.0
20230217:0210,0.0,0.0,0.0,1.37,1.66,0.0
20230217:0310,0.0,0.0,0.0,1.65,1.59,0.0
20230217:0410,0.0,0.0,0.0,1.7,1.59,0.0
20230217:0510,0.0,0.0,0.0,1.64,1.59,0.0
20230217:0610,0.0,0.0,0.0,1.83,1.38,0.0
20230217:0710,57.34,92.27,6.7,1.36,1.31,0.0
20230217:0810,279.58,301.94,15.69,3.75,1.17,0.0
20230217:0910,476.95,491.62,23.31,6.19,0.76,0.0
20230217:1010,644.4,676.24,28.93,7.88,0.34,0.0
20230217:1110,730.23,777.86,31.92,9.55,0.55,0.0
20230217:1210,747.3,796.06,31.84,10.92,1.03,0.0
20230217:1310,544.71,570.3,28.7,11.92,1.24,0.0
20230217:1410,593.59,621.78,22.96,12.11,1.45,0.0
20230217:1510,437.35,458.53,15.26,11.98,1.52,0.0
20230217:1610,119.12,142.01,6.21,11.35,1.31,0.0
20230217:1710,0.0,0.0,0.0,9.83,1.45,0.0
20230217:1810,0.0,0.0,0.0,8.26,1.03,0.0
20230217:1910,0.0,0.0,0.0,7.88,1.38,0.0
20230217:2010,0.0,0.0,0.0,8.35,1.03,0.0
20230217:2110,0.0,0.0,0.0,8.14,0.62,0.0
20230217:2210,0.0,0.0,0.0,7.18,1.03,0.0
20230217:2310,0.0,0.0,0.0,4.77,1.52,0.0
20230218:0010,0.0,0.0,0.0,3.52,1.66,0.0
20230218:0110,0.0,0.0,0.0,2.62,1.72,0.0
20230218:0210,0.0,0.0,0.0,1.76,1.79,0.0
20230218:0310,0.0,0.0,0.0,1.37,1.72,0.0
20230218:0410,0.0,0.0,0.0,0.82,1.79,0.0
20230218:0510,0.0,0.0,0.0,0.46,1.79,0.0
20230218:0610,0.0,0.0,0.0,0.2,1.79,0.0
20230218:0710,59.79,94.24,6.98,1.14,1.52,0.0
20230218:0810,256.73,278.82,15.99,5.16,0.69,0.0
20230218:0910,434.12,453.86,23.62,8.19,0.21,0.0
20230218:1010,646.75,681.19,29.27,9.75,0.69,0.0
20230218:1110,726.35,771.79,32.27,10.94,1.03,0.0
20230218:1210,750.88,799.87,32.18,12.0,1.38,0.0
20230218:1310,682.32,721.32,29.03,12.7,1.59,0.0
20230218:1410,494.1,516.09,23.26,13.07,1.72,0.0
20230218:1510,281.17,298.74,15.54,12.94,1.79,0.0
20230218:1610,43.31,60.68,6.47,12.16,1.45,0.0
20230218:1710,0.0,0.0,0.0,10.66,1.59,0.0
20230218:1810,0.0,0.0,0.0,8.81,1.38,0.0
20230218:1910,0.0,0.0,0.0,7.05,1.24,0.0
20230218:2010,0.0,0.0,0.0,7.83,0.76,0.0
20230218:2110,0.0,0.0,0.0,6.4,0.97,0.0
20230218:2210,0.0,0.0,0.0,4.92,1.38,0.0
20230218:2310,0.0,0.0,0.0,4.62,1.38,0.0
20230219:0010,0.0,0.0,0.0,4.67,1.38,0.0
20230219:0110,0.0,0.0,0.0,4.87,1.45,0.0
20230219:0210,0.0,0.0,0.0,4.81,1.59,0.0
20230219:0310,0.0,0.0,0.0,4.69,1.59,0.0
20230219:0410,0.0,0.0,0.0,4.49,1.66,0.0
20230219:0510,0.0,0.0,0.0,4.41,1.66,0.0
20230219:0610,0.0,0.0,0.0,4.56,1.52,0.0
20230219:0710,26.8,41.26,7.26,5.03,1.03,0.0
20230219:0810,86.4,102.22,16.29,6.28,0.62,0.0
20230219:0910,241.77,255.05,23.95,7.49,0.83,0.0
20230219:1010,330.75,343.94,29.61,8.51,0.9,0.0
20230219:1110,552.84,575.33,32.62,9.56,0.97,0.0
20230219:1210,698.26,738.86,32.54,10.86,1.1,0.0
20230219:1310,709.48,753.91,29.36,12.35,1.31,0.0
20230219:1410,627.79,662.93,23.57,13.34,1.52,0.0
20230219:1510,457.35,482.45,15.82,13.58,1.66,0.0
20230219:1610,197.2,225.33,6.73,12.9,1.52,0.0
20230219:1710,0.0,0.0,0.0,11.2,1.72,0.0
20230219:1810,0.0,0.0,0.0,9.35,1.66,0.0
20230219:1910,0.0,0.0,0.0,9.37,1.17,0.0
20230219:2010,0.0,0.0,0.0,10.06,0.83,0.0
20230219:2110,0.0,0.0,0.0,9.45,0.69,0.0
20230219:2210,0.0,0.0,0.0,8.82,0.83,0.0
20230219:2310,0.0,0.0,0.0,8.24,0.97,0.0
20230220:0010,0.0,0.0,0.0,5.74,1.52,0.0
20230220:0110,0.0,0.0,0.0,3.52,2.0,0.0
20230220:0210,0.0,0.0,0.0,3.18,1.79,0.0
20230220:0310,0.0,0.0,0.0,2.98,1.72,0.0
20230220:0410,0.0,0.0,0.0,3.05,1.66,0.0
20230220:0510,0.0,0.0,0.0,3.72,1.45,0.0
20230220:0610,0.0,0.0,0.0,3.77,1.45,0.0
20230220:0710,39.77,57.2,7.55,3.46,1.31,0.0
20230220:0810,171.57,188.85,16.59,6.35,0.76,0.0
20230220:0910,87.4,103.86,24.27,8.42,0.76,0.0
20230220:1010,216.11,232.25,29.96,9.84,0.76,0.0
20230220:1110,298.51,315.83,32.98,10.87,0.69,0.0
20230220:1210,475.94,499.65,32.89,11.69,0.83,0.0
20230220:1310,707.67,757.22,29.7,12.38,0.9,0.0
20230220:1410,606.01,642.78,23.88,12.73,0.83,0.0
20230220:1510,278.06,296.69,16.1,12.69,0.83,0.0
20230220:1610,174.71,200.84,6.99,12.15,0.9,0.0
20230220:1710,0.0,0.0,0.0,10.89,0.97,0.0
20230220:1810,0.0,0.0,0.0,10.18,0.41,0.0
20230220:1910,0.0,0.0,0.0,8.38,0.97,0.0
20230220:2010,0.0,0.0,0.0,6.02,1.72,0.0
20230220:2110,0.0,0.0,0.0,4.95,1.79,0.0
20230220:2210,0.0,0.0,0.0,4.15,1.72,0.0
20230220:2310,0.0,0.0,0.0,3.51,1.66,0.0
20230221:0010,0.0,0.0,0.0,2.98,1.66,0.0
20230221:0110,0.0,0.0,0.0,2.54,1.52,0.0
20230221:0210,0.0,0.0,0.0,2.17,1.52,0.0
20230221:0310,0.0,0.0,0.0,2.08,1.52,0.0
20230221:0410,0.0,0.0,0.0,2.11,1.59,0.0
20230221:0510,0.0,0.0,0.0,1.83,1.52,0.0
20230221:0610,0.0,0.0,0.0,1.79,1.38,0.0
20230221:0710,59.22,86.13,7.83,4.26,0.76,0.0
20230221:0810,275.25,298.45,16.9,6.0,0.55,0.0
20230221:0910,507.64,530.89,24.6,7.07,0.0,0.0
20230221:1010,295.53,309.23,30.31,7.84,0.34,0.0
20230221:1110,737.68,784.08,33.34,8.91,0.55,0.0
20230221:1210,277.83,293.24,33.25,9.47,0.69,0.0
20230221:1310,470.0,490.04,30.03,10.08,0.62,0.0
20230221:1410,393.44,410.94,24.19,10.54,0.48,0.0
20230221:1510,211.84,227.97,16.38,10.41,0.55,0.0
20230221:1610,193.26,218.68,7.25,10.21,0.48,0.0
20230221:1710,0.0,0.0,0.0,9.37,0.14,0.0
20230221:1810,0.0,0.0,0.0,8.43,0.83,0.0
20230221:1910,0.0,0.0,0.0,8.47,1.31,0.0
20230221:2010,0.0,0.0,0.0,8.17,1.31,0.0
20230221:2110,0.0,0.0,0.0,7.82,1.31,0.0
20230221:2210,0.0,0.0,0.0,7.41,1.17,0.0
20230221:2310,0.0,0.0,0.0,7.6,0.97,0.0
20230222:0010,0.0,0.0,0.0,8.2,0.69,0.0
20230222:0110,0.0,0.0,0.0,8.13,0.69,0.0
20230222:0210,0.0,0.0,0.0,7.51,0.9,0.0
20230222:0310,0.0,0.0,0.0,7.27,0.9,0.0
20230222:0410,0.0,0.0,0.0,7.23,0.9,0.0
20230222:0510,0.0,0.0,0.0,6.64,1.1,0.0
20230222:0610,0.0,0.0,0.0,6.35,1.1,0.0
20230222:0710,24.89,39.0,8.13,7.14,0.83,0.0
20230222:0810,27.51,41.74,17.21,8.4,0.69,0.0
20230222:0910,68.7,85.41,24.94,9.45,0.41,0.0
20230222:1010,77.01,94.15,30.66,10.04,0.14,0.0
20230222:1110,271.28,289.16,33.71,10.69,0.28,0.0
20230222:1210,481.25,505.58,33.6,11.09,0.55,0.0
20230222:1310,435.67,455.61,30.37,11.24,0.83,0.0
20230222:1410,342.58,359.19,24.5,11.11,0.69,0.0
20230222:1510,160.1,177.26,16.66,11.08,0.62,0.0
20230222:1610,30.23,45.43,7.51,10.85,0.69,0.0
20230222:1710,0.0,0.0,0.0,10.29,0.83,0.0
20230222:1810,0.0,0.0,0.0,9.56,0.83,0.0
20230222:1910,0.0,0.0,0.0,9.12,0.76,0.0
20230222:2010,0.0,0.0,0.0,9.0,0.76,0.0
20230222:2110,0.0,0.0,0.0,8.98,0.76,0.0
20230222:2210,0.0,0.0,0.0,8.76,0.83,0.0
20230222:2310,0.0,0.0,0.0,8.86,0.69,0.0
20230223:0010,0.0,0.0,0.0,9.22,0.48,0.0
20230223:0110,0.0,0.0,0.0,9.11,0.41,0.0
20230223:0210,0.0,0.0,0.0,8.73,0.55,0.0
20230223:0310,0.0,0.0,0.0,8.36,0.69,0.0
20230223:0410,0.0,0.0,0.0,7.34,1.17,0.0
20230223:0510,0.0,0.0,0.0,6.91,1.24,0.0
20230223:0610,0.0,0.0,0.0,6.89,1.1,0.0
20230223:0710,63.07,89.74,8.42,6.37,0.97,0.0
20230223:0810,269.59,294.71,17.53,8.61,0.55,0.0
20230223:0910,486.19,513.33,25.27,10.48,0.34,0.0
20230223:1010,542.78,572.43,31.02,11.26,0.55,0.0
20230223:1110,439.95,461.55,34.07,11.74,0.97,0.0
20230223:1210,266.88,284.94,33.96,12.0,1.1,0.0
20230223:1310,259.34,277.1,30.71,12.1,1.1,0.0
20230223:1410,336.69,354.09,24.81,11.95,0.9,0.0
20230223:1510,252.22,270.13,16.95,12.0,0.48,0.0
20230223:1610,110.77,132.25,7.77,11.81,0.55,0.0
20230223:1710,0.0,0.0,0.0,11.22,0.69,0.0
20230223:1810,0.0,0.0,0.0,10.34,0.76,0.0
20230223:1910,0.0,0.0,0.0,8.66,1.45,0.0
20230223:2010,0.0,0.0,0.0,8.01,1.38,0.0
20230223:2110,0.0,0.0,0.0,7.93,1.17,0.0
20230223:2210,0.0,0.0,0.0,7.92,1.17,0.0
20230223:2310,0.0,0.0,0.0,7.97,1.24,0.0
20230224:0010,0.0,0.0,0.0,8.07,1.17,0.0
20230224:0110,0.0,0.0,0.0,7.93,1.17,0.0
20230224:0210,0.0,0.0,0.0,7.69,1.24,0.0
20230224:0310,0.0,0.0,0.0,7.51,1.17,0.0
20230224:0410,0.0,0.0,0.0,7.56,1.03,0.0
20230224:0510,0.0,0.0,0.0,7.8,0.83,0.0
20230224:0610,0.0,0.0,0.0,7.85,0.69,0.0
20230224:0710,48.38,67.53,8.72,8.13,0.41,0.0
20230224:0810,58.44,74.74,17.85,8.94,0.28,0.0
20230224:0910,64.04,80.56,25.62,9.34,0.76,0.0
20230224:1010,70.56,87.36,31.38,9.86,1.1,0.0
20230224:1110,82.86,99.97,34.44,10.11,0.9,0.0
20230224:1210,76.87,94.15,34.33,10.57,0.48,0.0
20230224:1310,173.41,191.54,31.05,11.14,0.28,0.0
20230224:1410,107.96,126.18,25.12,11.46,0.07,0.0
20230224:1510,90.7,108.44,17.23,11.33,0.41,0.0
20230224:1610,38.99,55.12,8.03,10.95,0.48,0.0
20230224:1710,0.0,0.0,0.0,10.02,0.34,0.0
20230224:1810,0.0,0.0,0.0,9.53,0.48,0.0
20230224:1910,0.0,0.0,0.0,9.02,0.69,0.0
20230224:2010,0.0,0.0,0.0,8.87,0.83,0.0
20230224:2110,0.0,0.0,0.0,8.96,0.62,0.0
20230224:2210,0.0,0.0,0.0,8.36,1.1,0.0
20230224:2310,0.0,0.0,0.0,8.31,0.97,0.0
20230225:0010,0.0,0.0,0.0,7.96,1.03,0.0
20230225:0110,0.0,0.0,0.0,7.84,1.1,0.0
20230225:0210,0.0,0.0,0.0,7.62,1.31,0.0
20230225:0310,0.0,0.0,0.0,7.47,1.38,0.0
20230225:0410,0.0,0.0,0.0,6.96,1.45,0.0
20230225:0510,0.0,0.0,0.0,6.06,1.59,0.0
20230225:0610,0.0,0.0,0.0,5.17,1.59,0.0
20230225:0710,88.39,132.58,9.03,5.0,1.31,0.0
20230225:0810,310.97,337.21,18.17,7.75,0.69,0.0
20230225:0910,520.3,543.5,25.96,10.11,1.17,0.0
20230225:1010,678.58,713.76,31.74,11.42,1.52,0.0
20230225:1110,736.74,785.68,34.82,12.58,1.45,0.0
20230225:1210,778.43,844.48,34.69,13.65,1.1,0.0
20230225:1310,766.73,834.77,31.39,14.5,1.03,0.0
20230225:1410,618.9,657.59,25.43,14.72,1.52,0.0
20230225:1510,465.81,491.39,17.51,14.46,1.93,0.0
20230225:1610,234.0,262.72,8.29,13.7,1.79,0.0
20230225:1710,0.0,0.0,0.0,12.12,1.79,0.0
20230225:1810,0.0,0.0,0.0,10.19,1.52,0.0
20230225:1910,0.0,0.0,0.0,8.94,1.72,0.0
20230225:2010,0.0,0.0,0.0,7.28,2.0,0.0
20230225:2110,0.0,0.0,0.0,6.14,2.28,0.0
20230225:2210,0.0,0.0,0.0,5.53,2.69,0.0
20230225:2310,0.0,0.0,0.0,5.87,3.17,0.0
20230226:0010,0.0,0.0,0.0,6.18,3.66,0.0
20230226:0110,0.0,0.0,0.0,6.2,3.72,0.0
20230226:0210,0.0,0.0,0.0,5.96,3.72,0.0
20230226:0310,0.0,0.0,0.0,5.38,3.79,0.0
20230226:0410,0.0,0.0,0.0,4.81,3.52,0.0
20230226:0510,0.0,0.0,0.0,4.31,2.55,0.0
20230226:0610,0.0,0.0,0.0,3.03,1.79,0.0
20230226:0710,12.86,24.27,9.33,3.25,1.45,0.0
20230226:0810,71.59,86.39,18.49,3.84,0.48,0.0
20230226:0910,41.99,56.3,26.31,3.41,0.83,0.0
20230226:1010,51.61,66.0,32.11,2.83,0.9,0.0
20230226:1110,77.01,91.24,35.19,2.55,0.76,0.0
20230226:1210,37.35,51.44,35.06,3.31,0.62,0.0
20230226:1310,61.99,76.68,31.73,3.82,1.59,0.0
20230226:1410,93.21,107.74,25.74,4.62,2.07,0.0
20230226:1510,113.39,127.42,17.79,4.99,1.79,0.0
20230226:1610,47.34,62.58,8.55,4.88,1.03,0.0
20230226:1710,0.0,0.0,0.0,4.41,0.41,0.0
20230226:1810,0.0,0.0,0.0,3.4,1.03,0.0
20230226:1910,0.0,0.0,0.0,2.17,0.28,0.0
20230226:2010,0.0,0.0,0.0,1.67,0.28,0.0
20230226:2110,0.0,0.0,0.0,1.23,0.69,0.0
20230226:2210,0.0,0.0,0.0,0.59,0.97,0.0
20230226:2310,0.0,0.0,0.0,0.19,1.03,0.0
20230227:0010,0.0,0.0,0.0,0.23,0.9,0.0
20230227:0110,0.0,0.0,0.0,0.28,0.83,0.0
20230227:0210,0.0,0.0,0.0,0.0,0.97,0.0
20230227:0310,0.0,0.0,0.0,0.0,0.97,0.0
20230227:0410,0.0,0.0,0.0,-0.03,0.97,0.0
20230227:0510,0.0,0.0,0.0,-0.12,1.03,0.0
20230227:0610,0.0,0.0,0.0,-0.1,1.03,0.0
20230227:0710,51.82,67.59,9.64,0.96,0.97,0.0
20230227:0810,87.34,101.26,18.82,2.22,0.83,0.0
20230227:0910,214.76,224.35,26.66,2.84,0.48,0.0
20230227:1010,271.67,279.95,32.48,3.64,0.69,0.0
20230227:1110,171.48,183.45,35.57,3.89,0.97,0.0
20230227:1210,158.01,169.86,35.43,3.19,1.1,0.0
20230227:1310,198.12,208.45,32.08,3.55,1.17,0.0
20230227:1410,148.97,161.77,26.05,4.7,1.66,0.0
20230227:1510,99.25,114.05,18.07,5.64,1.79,0.0
20230227:1610,16.78,29.12,8.81,5.25,1.86,0.0
20230227:1710,0.0,0.0,0.0,4.62,1.38,0.0
20230227:1810,0.0,0.0,0.0,3.99,1.38,0.0
20230227:1910,0.0,0.0,0.0,3.4,0.83,0.0
20230227:2010,0.0,0.0,0.0,3.61,0.14,0.0
20230227:2110,0.0,0.0,0.0,3.36,0.28,0.0
20230227:2210,0.0,0.0,0.0,3.11,0.62,0.0
20230227:2310,0.0,0.0,0.0,2.29,0.9,0.0
20230228:0010,0.0,0.0,0.0,1.88,0.9,0.0
20230228:0110,0.0,0.0,0.0,1.76,0.97,0.0
20230228:0210,0.0,0.0,0.0,1.5,1.17,0.0
20230228:0310,0.0,0.0,0.0,1.31,1.24,0.0
20230228:0410,0.0,0.0,0.0,0.81,1.1,0.0
20230228:0510,0.0,0.0,0.0,0.26,0.97,0.0
20230228:0610,0.0,0.0,0.0,0.51,0.76,0.0
20230228:0710,68.63,88.02,9.96,1.59,0.69,0.0
20230228:0810,178.38,190.92,19.15,2.76,0.76,0.0
20230228:0910,210.92,221.33,27.01,3.76,0.69,0.0
20230228:1010,417.65,423.72,32.85,4.12,0.83,0.0
20230228:1110,289.41,300.25,35.95,5.9,0.76,0.0
20230228:1210,435.37,448.94,35.8,6.85,0.48,0.0
20230228:1310,669.78,703.32,32.42,7.32,0.34,0.0
20230228:1410,607.84,632.51,26.36,7.93,0.55,0.0
20230228:1510,506.69,526.04,18.36,8.21,0.62,0.0
20230228:1610,245.41,267.83,9.07,7.94,0.9,0.0
20230228:1710,0.0,0.0,0.0,6.72,1.59,0.0
20230228:1810,0.0,0.0,0.0,4.75,1.52,0.0
20230228:1910,0.0,0.0,0.0,5.58,0.41,0.0
20230228:2010,0.0,0.0,0.0,4.22,1.03,0.0
20230228:2110,0.0,0.0,0.0,3.52,1.1,0.0
20230228:2210,0.0,0.0,0.0,3.32,1.1,0.0
20230228:2310,0.0,0.0,0.0,2.94,1.17,0.0
20230301:0010,0.0,0.0,0.0,0.91,1.24,0.0
20230301:0110,0.0,0.0,0.0,-0.62,1.45,0.0
20230301:0210,0.0,0.0,0.0,-0.3,1.66,0.0
20230301:0310,0.0,0.0,0.0,-0.24,2.07,0.0
20230301:0410,0.0,0.0,0.0,-0.15,1.93,0.0
20230301:0510,0.0,0.0,0.0,0.05,1.72,0.0
20230301:0610,0.0,0.0,0.0,-0.1,1.45,0.0
20230301:0710,83.48,106.46,10.27,0.57,1.31,0.0
20230301:0810,327.91,342.13,19.49,2.16,1.17,0.0
20230301:0910,494.59,499.91,27.36,3.45,1.1,0.0
20230301:1010,516.58,522.78,33.23,4.66,1.31,0.0
20230301:1110,731.54,753.83,36.33,6.05,1.52,0.0
20230301:1210,289.55,300.84,36.17,7.26,1.52,0.0
20230301:1310,409.72,418.36,32.76,7.57,1.93,0.0
20230301:1410,200.31,213.1,26.67,7.35,1.79,0.0
20230301:1510,92.34,107.94,18.64,7.13,1.86,0.0
20230301:1610,54.61,70.44,9.32,6.56,1.79,0.0
20230301:1710,0.0,0.0,0.0,5.7,1.52,0.0
20230301:1810,0.0,0.0,0.0,4.77,1.38,0.0
20230301:1910,0.0,0.0,0.0,4.53,1.24,0.0
20230301:2010,0.0,0.0,0.0,4.33,0.97,0.0
20230301:2110,0.0,0.0,0.0,4.18,0.83,0.0
20230301:2210,0.0,0.0,0.0,4.07,0.76,0.0
20230301:2310,0.0,0.0,0.0,3.74,0.76,0.0
20230302:0010,0.0,0.0,0.0,3.33,0.76,0.0
20230302:0110,0.0,0.0,0.0,3.36,1.1,0.0
20230302:0210,0.0,0.0,0.0,3.37,1.72,0.0
20230302:0310,0.0,0.0,0.0,3.58,2.07,0.0
20230302:0410,0.0,0.0,0.0,3.68,1.93,0.0
20230302:0510,0.0,0.0,0.0,3.65,1.93,0.0
20230302:0610,0.0,0.0,0.0,3.63,1.86,0.0
20230302:0710,52.11,68.24,10.59,4.36,1.59,0.0
20230302:0810,87.9,103.17,19.82,5.89,1.66,0.0
20230302:0910,185.42,199.15,27.72,7.36,1.66,0.0
20230302:1010,177.85,193.11,33.6,8.55,1.31,0.0
20230302:1110,226.93,242.57,36.71,9.48,1.1,0.0
20230302:1210,62.8,79.59,36.54,10.34,0.9,0.0
20230302:1310,633.29,667.18,33.11,10.79,0.97,0.0
20230302:1410,354.53,370.86,26.98,11.04,0.97,0.0
20230302:1510,116.17,133.66,18.92,11.05,1.03,0.0
20230302:1610,58.68,75.86,9.58,10.55,1.45,0.0
20230302:1710,0.0,0.0,0.0,9.38,1.72,0.0
20230302:1810,0.0,0.0,0.0,8.06,1.52,0.0
20230302:1910,0.0,0.0,0.0,6.41,0.9,0.0
20230302:2010,0.0,0.0,0.0,6.77,0.41,0.0
20230302:2110,0.0,0.0,0.0,5.57,0.97,0.0
20230302:2210,0.0,0.0,0.0,4.26,1.31,0.0
20230302:2310,0.0,0.0,0.0,3.48,1.45,0.0
20230303:0010,0.0,0.0,0.0,2.93,1.52,0.0
20230303:0110,0.0,0.0,0.0,2.04,1.66,0.0
20230303:0210,0.0,0.0,0.0,2.6,2.0,0.0
20230303:0310,0.0,0.0,0.0,2.17,2.07,0.0
20230303:0410,0.0,0.0,0.0,2.26,2.28,0.0
20230303:0510,0.0,0.0,0.0,2.07,2.48,0.0
20230303:0610,0.0,0.0,0.0,1.58,2.48,0.0
20230303:0710,111.66,149.56,10.91,2.24,1.59,0.0
20230303:0810,326.96,344.12,20.16,4.7,1.1,0.0
20230303:0910,568.38,592.84,28.08,7.61,0.48,0.0
20230303:1010,720.47,767.0,33.98,9.48,0.55,0.0
20230303:1110,806.06,866.65,37.1,10.85,1.03,0.0
20230303:1210,769.4,822.93,36.91,11.71,1.31,0.0
20230303:1310,777.3,833.58,33.45,12.24,1.31,0.0
20230303:1410,670.2,710.51,27.3,12.47,1.24,0.0
20230303:1510,444.12,465.2,19.2,12.44,1.45,0.0
20230303:1610,137.16,157.87,9.84,11.86,1.52,0.0
20230303:1710,0.0,0.0,0.0,10.51,1.79,0.0
20230303:1810,0.0,0.0,0.0,8.84,1.72,0.0
20230303:1910,0.0,0.0,0.0,7.46,1.45,0.0
20230303:2010,0.0,0.0,0.0,7.06,1.24,0.0
20230303:2110,0.0,0.0,0.0,7.02,1.24,0.0
20230303:2210,0.0,0.0,0.0,5.76,1.52,0.0
20230303:2310,0.0,0.0,0.0,4.61,1.72,0.0
20230304:0010,0.0,0.0,0.0,3.93,1.66,0.0
20230304:0110,0.0,0.0,0.0,3.75,1.66,0.0
20230304:0210,0.0,0.0,0.0,3.25,1.79,0.0
20230304:0310,0.0,0.0,0.0,2.69,1.93,0.0
20230304:0410,0.0,0.0,0.0,2.0,2.0,0.0
20230304:0510,0.0,0.0,0.0,1.77,2.0,0.0
20230304:0610,0.0,0.0,0.0,1.58,2.14,0.0
20230304:0710,119.16,159.48,11.24,2.86,1.72,0.0
20230304:0810,366.02,389.67,20.5,7.14,1.1,0.0
20230304:0910,563.05,593.12,28.44,9.73,0.48,0.0
20230304:1010,711.63,765.3,34.36,11.04,0.41,0.0
20230304:1110,793.61,859.54,37.49,11.95,0.9,0.0
20230304:1210,783.01,845.56,37.29,12.64,1.17,0.0
20230304:1310,750.99,808.29,33.8,13.06,1.17,0.0
20230304:1410,658.01,699.49,27.61,13.24,1.24,0.0
20230304:1510,500.97,527.63,19.48,13.12,1.38,0.0
20230304:1610,254.97,281.55,10.09,12.64,1.38,0.0
20230304:1710,0.0,0.0,0.0,11.34,1.45,0.0
20230304:1810,0.0,0.0,0.0,9.18,1.31,0.0
20230304:1910,0.0,0.0,0.0,9.65,0.9,0.0
20230304:2010,0.0,0.0,0.0,9.5,0.48,0.0
20230304:2110,0.0,0.0,0.0,7.71,1.31,0.0
20230304:2210,0.0,0.0,0.0,4.69,1.93,0.0
20230304:2310,0.0,0.0,0.0,3.49,2.07,0.0
20230305:0010,0.0,0.0,0.0,2.51,2.14,0.0
20230305:0110,0.0,0.0,0.0,1.82,2.28,0.0
20230305:0210,0.0,0.0,0.0,1.48,2.41,0.0
20230305:0310,0.0,0.0,0.0,1.25,2.48,0.0
20230305:0410,0.0,0.0,0.0,0.99,2.55,0.0
20230305:0510,0.0,0.0,0.0,0.81,2.55,0.0
20230305:0610,0.0,0.0,0.0,0.64,2.55,0.0
20230305:0710,125.92,166.26,11.56,1.87,2.21,0.0
20230305:0810,379.44,399.24,20.85,5.91,1.72,0.0
20230305:0910,584.42,608.42,28.81,8.98,1.17,0.0
20230305:1010,720.59,773.38,34.75,10.93,0.55,0.0
20230305:1110,805.28,877.55,37.88,12.11,0.76,0.0
20230305:1210,812.7,883.41,37.67,12.78,1.1,0.0
20230305:1310,788.8,854.48,34.15,13.23,1.17,0.0
20230305:1410,688.24,735.77,27.92,13.42,1.17,0.0
20230305:1510,515.05,544.52,19.76,13.29,1.17,0.0
20230305:1610,263.77,291.39,10.35,12.77,0.97,0.0
20230305:1710,0.0,0.0,0.0,11.4,0.83,0.0
20230305:1810,0.0,0.0,0.0,10.77,0.48,0.0
20230305:1910,0.0,0.0,0.0,6.85,1.93,0.0
20230305:2010,0.0,0.0,0.0,6.35,1.59,0.0
20230305:2110,0.0,0.0,0.0,7.01,1.1,0.0
20230305:2210,0.0,0.0,0.0,7.32,0.62,0.0
20230305:2310,0.0,0.0,0.0,6.86,0.48,0.0
20230306:0010,0.0,0.0,0.0,6.58,0.55,0.0
20230306:0110,0.0,0.0,0.0,6.6,0.69,0.0
20230306:0210,0.0,0.0,0.0,6.31,0.76,0.0
20230306:0310,0.0,0.0,0.0,5.45,1.03,0.0
20230306:0410,0.0,0.0,0.0,5.29,1.1,0.0
20230306:0510,0.0,0.0,0.0,5.49,0.9,0.0
20230306:0610,0.0,0.95,1.82,5.35,0.97,0.0
20230306:0710,63.97,80.67,11.89,5.51,1.03,0.0
20230306:0810,212.25,227.42,21.19,6.85,0.97,0.0
20230306:0910,236.87,250.3,29.18,7.87,1.17,0.0
20230306:1010,350.46,363.64,35.13,8.58,1.24,0.0
20230306:1110,676.36,707.77,38.27,9.11,1.24,0.0
20230306:1210,633.2,660.85,38.04,9.49,1.31,0.0
20230306:1310,669.74,704.62,34.49,9.72,0.97,0.0
20230306:1410,652.43,688.89,28.23,9.85,0.55,0.0
20230306:1510,480.36,505.75,20.03,10.1,0.07,0.0
20230306:1610,244.04,267.56,10.6,9.97,0.41,0.0
20230306:1710,0.0,0.0,0.0,9.15,1.03,0.0
20230306:1810,0.0,0.0,0.0,7.48,1.59,0.0
20230306:1910,0.0,0.0,0.0,6.74,1.86,0.0
20230306:2010,0.0,0.0,0.0,5.94,1.72,0.0
20230306:2110,0.0,0.0,0.0,5.71,1.59,0.0
20230306:2210,0.0,0.0,0.0,5.52,1.66,0.0
20230306:2310,0.0,0.0,0.0,5.05,1.66,0.0
20230307:0010,0.0,0.0,0.0,4.67,1.79,0.0
20230307:0110,0.0,0.0,0.0,4.67,1.72,0.0
20230307:0210,0.0,0.0,0.0,4.54,1.66,0.0
20230307:0310,0.0,0.0,0.0,3.83,1.79,0.0
20230307:0410,0.0,0.0,0.0,3.36,1.79,0.0
20230307:0510,0.0,0.0,0.0,3.55,1.79,0.0
20230307:0610,0.05,5.68,2.14,4.03,1.86,0.0
20230307:0710,79.07,97.19,12.22,4.65,1.17,0.0
20230307:0810,233.12,248.8,21.54,7.15,0.9,0.0
20230307:0910,525.01,546.51,29.55,8.21,0.55,0.0
20230307:1010,618.78,653.03,35.52,9.19,0.34,0.0
20230307:1110,416.38,434.42,38.66,9.87,0.9,0.0
20230307:1210,500.19,521.44,38.42,10.33,1.17,0.0
20230307:1310,348.51,364.35,34.84,10.39,1.24,0.0
20230307:1410,553.32,578.29,28.54,10.4,0.83,0.0
20230307:1510,229.71,245.19,20.31,10.29,0.83,0.0
20230307:1610,142.08,161.28,10.86,10.1,1.17,0.0
20230307:1710,0.0,0.0,0.0,9.29,1.31,0.0
20230307:1810,0.0,0.0,0.0,8.51,1.45,0.0
20230307:1910,0.0,0.0,0.0,8.22,1.86,0.0
20230307:2010,0.0,0.0,0.0,7.71,1.93,0.0
20230307:2110,0.0,0.0,0.0,7.41,1.86,0.0
20230307:2210,0.0,0.0,0.0,7.04,1.66,0.0
20230307:2310,0.0,0.0,0.0,5.34,1.66,0.0
20230308:0010,0.0,0.0,0.0,4.08,1.79,0.0
20230308:0110,0.0,0.0,0.0,3.16,1.72,0.0
20230308:0210,0.0,0.0,0.0,2.32,1.79,0.0
20230308:0310,0.0,0.0,0.0,1.56,1.79,0.0
20230308:0410,0.0,0.0,0.0,1.07,2.0,0.0
20230308:0510,0.0,0.0,0.0,1.49,1.86,0.0
20230308:0610,0.06,5.68,2.47,2.28,2.0,0.0
20230308:0710,99.3,120.37,12.56,3.52,1.38,0.0
20230308:0810,344.72,364.79,21.89,7.02,0.83,0.0
20230308:0910,547.1,571.71,29.92,9.17,0.69,0.0
20230308:1010,530.38,558.99,35.91,10.12,0.28,0.0
20230308:1110,330.41,351.35,39.06,11.32,0.14,0.0
20230308:1210,254.66,273.8,38.8,11.64,0.41,0.0
20230308:1310,259.05,277.62,35.19,11.72,0.62,0.0
20230308:1410,233.35,251.09,28.85,11.62,0.62,0.0
20230308:1510,462.27,486.23,20.59,11.48,0.55,0.0
20230308:1610,238.8,262.05,11.11,11.11,0.97,0.0
20230308:1710,0.0,0.0,0.0,10.21,1.59,0.0
20230308:1810,0.0,0.0,0.0,9.07,2.21,0.0
20230308:1910,0.0,0.0,0.0,8.96,2.28,0.0
20230308:2010,0.0,0.0,0.0,8.72,2.07,0.0
20230308:2110,0.0,0.0,0.0,8.52,2.07,0.0
20230308:2210,0.0,0.0,0.0,8.35,2.07,0.0
20230308:2310,0.0,0.0,0.0,8.04,1.86,0.0
20230309:0010,0.0,0.0,0.0,7.66,1.79,0.0
20230309:0110,0.0,0.0,0.0,7.6,1.93,0.0
20230309:0210,0.0,0.0,0.0,7.6,2.14,0.0
20230309:0310,0.0,0.0,0.0,7.45,2.21,0.0
20230309:0410,0.0,0.0,0.0,7.22,1.86,0.0
20230309:0510,0.0,0.0,0.0,6.35,1.86,0.0
20230309:0610,1.98,9.47,2.79,5.76,1.66,0.0
20230309:0710,134.1,173.04,12.89,6.09,1.24,0.0
20230309:0810,382.93,409.54,22.24,8.91,0.69,0.0
20230309:0910,584.21,619.19,30.29,10.59,0.41,0.0
20230309:1010,709.26,761.99,36.3,11.76,0.62,0.0
20230309:1110,723.79,790.33,39.45,12.93,0.34,0.0
20230309:1210,764.32,844.08,39.18,14.11,0.41,0.0
20230309:1310,677.57,737.54,35.53,15.1,0.69,0.0
20230309:1410,585.15,628.62,29.16,15.76,0.97,0.0
20230309:1510,509.63,545.17,20.87,16.07,1.24,0.0
20230309:1610,227.23,255.07,11.36,15.8,0.97,0.0
20230309:1710,0.0,0.0,0.0,14.3,0.97,0.0
20230309:1810,0.0,0.0,0.0,12.48,1.1,0.0
20230309:1910,0.0,0.0,0.0,13.67,0.97,0.0
20230309:2010,0.0,0.0,0.0,13.11,0.9,0.0
20230309:2110,0.0,0.0,0.0,12.47,0.41,0.0
20230309:2210,0.0,0.0,0.0,11.91,0.07,0.0
20230309:2310,0.0,0.0,0.0,11.12,0.62,0.0
20230310:0010,0.0,0.0,0.0,10.22,0.55,0.0
20230310:0110,0.0,0.0,0.0,9.76,0.9,0.0
20230310:0210,0.0,0.0,0.0,7.31,1.52,0.0
20230310:0310,0.0,0.0,0.0,6.98,1.59,0.0
20230310:0410,0.0,0.0,0.0,7.0,1.45,0.0
20230310:0510,0.0,0.0,0.0,6.98,1.45,0.0
20230310:0610,3.1,11.36,3.12,7.07,1.45,0.0
20230310:0710,113.58,139.88,13.23,7.99,0.97,0.0
20230310:0810,81.05,98.03,22.6,9.7,0.55,0.0
20230310:0910,182.72,200.02,30.66,10.55,0.69,0.0
20230310:1010,678.71,716.11,36.69,11.17,1.31,0.0
20230310:1110,183.99,202.35,39.85,12.15,1.31,0.0
20230310:1210,803.38,860.57,39.56,13.12,1.93,0.0
20230310:1310,708.53,747.41,35.88,13.75,2.55,0.0
20230310:1410,706.23,743.95,29.46,14.41,2.76,0.0
20230310:1510,524.44,550.02,21.14,14.71,2.69,0.0
20230310:1610,121.13,141.94,11.62,14.56,2.21,0.0
20230310:1710,0.0,0.0,0.0,13.33,1.52,0.0
20230310:1810,0.0,0.0,0.0,11.67,2.55,0.0
20230310:1910,0.0,0.0,0.0,10.77,2.21,0.0
20230310:2010,0.0,0.0,0.0,10.06,2.34,0.0
20230310:2110,0.0,0.0,0.0,9.47,2.28,0.0
20230310:2210,0.0,0.0,0.0,8.83,1.93,0.0
20230310:2310,0.0,0.0,0.0,7.99,2.07,0.0
20230311:0010,0.0,0.0,0.0,7.17,2.28,0.0
20230311:0110,0.0,0.0,0.0,6.37,2.34,0.0
20230311:0210,0.0,0.0,0.0,5.79,2.41,0.0
20230311:0310,0.0,0.0,0.0,5.5,2.55,0.0
20230311:0410,0.0,0.0,0.0,5.48,2.76,0.0
20230311:0510,0.0,0.0,0.0,5.62,2.62,0.0
20230311:0610,0.47,6.63,3.45,5.11,2.76,0.0
20230311:0710,140.91,178.2,13.57,7.42,2.34,0.0
20230311:0810,397.95,421.17,22.95,10.1,2.55,0.0
20230311:0910,608.81,629.65,31.04,12.03,3.31,0.0
20230311:1010,755.93,788.37,37.08,13.57,3.86,0.0
20230311:1110,853.44,900.04,40.24,14.72,4.21,0.0
20230311:1210,859.87,909.36,39.94,15.59,4.48,0.0
20230311:1310,828.07,873.96,36.23,16.15,4.62,0.0
20230311:1410,716.64,750.78,29.77,16.35,4.55,0.0
20230311:1510,532.19,556.16,21.41,16.1,4.28,0.0
20230311:1610,281.25,308.23,11.87,15.32,3.59,0.0
20230311:1710,0.0,2.91,1.66,13.74,3.45,0.0
20230311:1810,0.0,0.0,0.0,12.32,3.59,0.0
20230311:1910,0.0,0.0,0.0,12.56,4.07,0.0
20230311:2010,0.0,0.0,0.0,11.8,3.93,0.0
20230311:2110,0.0,0.0,0.0,10.98,3.66,0.0
20230311:2210,0.0,0.0,0.0,10.1,3.38,0.0
20230311:2310,0.0,0.0,0.0,9.21,2.97,0.0
20230312:0010,0.0,0.0,0.0,8.38,2.55,0.0
20230312:0110,0.0,0.0,0.0,7.33,2.0,0.0
20230312:0210,0.0,0.0,0.0,6.9,1.45,0.0
20230312:0310,0.0,0.0,0.0,7.65,0.97,0.0
20230312:0410,0.0,0.0,0.0,7.99,0.69,0.0
20230312:0510,0.0,0.0,0.0,6.57,1.17,0.0
20230312:0610,7.09,17.04,3.78,4.95,1.52,0.0
20230312:0710,153.6,195.57,13.91,7.09,1.1,0.0
20230312:0810,393.72,418.37,23.31,9.87,1.52,0.0
20230312:0910,613.76,640.42,31.42,10.72,1.72,0.0
20230312:1010,754.48,798.4,37.48,11.51,1.72,0.0
20230312:1110,830.88,900.73,40.64,12.6,1.31,0.0
20230312:1210,846.03,932.44,40.32,13.7,0.97,0.0
20230312:1310,804.35,879.66,36.57,14.26,1.1,0.0
20230312:1410,702.37,755.43,30.08,14.5,1.24,0.0
20230312:1510,533.36,565.74,21.69,14.47,1.38,0.0
20230312:1610,286.97,314.66,12.12,13.96,1.59,0.0
20230312:1710,0.0,4.85,1.9,12.81,1.38,0.0
20230312:1810,0.0,0.0,0.0,11.05,1.59,0.0
20230312:1910,0.0,0.0,0.0,10.18,1.72,0.0
20230312:2010,0.0,0.0,0.0,8.76,1.79,0.0
20230312:2110,0.0,0.0,0.0,8.05,1.66,0.0
20230312:2210,0.0,0.0,0.0,7.09,1.79,0.0
20230312:2310,0.0,0.0,0.0,6.44,1.79,0.0
20230313:0010,0.0,0.0,0.0,6.44,1.52,0.0
20230313:0110,0.0,0.0,0.0,5.83,1.52,0.0
20230313:0210,0.0,0.0,0.0,5.31,1.45,0.0
20230313:0310,0.0,0.0,0.0,4.61,1.59,0.0
20230313:0410,0.0,0.0,0.0,3.92,1.72,0.0
20230313:0510,0.0,0.0,0.0,3.81,1.72,0.0
20230313:0610,7.84,17.99,4.11,3.89,1.59,0.0
20230313:0710,106.6,127.07,14.25,6.76,0.9,0.0
20230313:0810,109.44,126.37,23.67,9.46,0.83,0.0
20230313:0910,242.1,258.93,31.79,10.72,1.03,0.0
20230313:1010,317.72,336.5,37.87,11.72,1.03,0.0
20230313:1110,575.27,610.96,41.04,12.71,0.97,0.0
20230313:1210,340.69,363.4,40.7,13.41,0.83,0.0
20230313:1310,183.18,203.06,36.92,13.45,0.76,0.0
20230313:1410,153.77,173.17,30.38,13.47,0.97,0.0
20230313:1510,196.08,214.71,21.96,13.27,1.03,0.0
20230313:1610,28.59,43.68,12.37,12.96,0.97,0.0
20230313:1710,0.0,0.97,2.14,12.31,0.76,0.0
20230313:1810,0.0,0.0,0.0,11.51,0.76,0.0
20230313:1910,0.0,0.0,0.0,10.58,0.9,0.0
20230313:2010,0.0,0.0,0.0,10.28,1.03,0.0
20230313:2110,0.0,0.0,0.0,10.0,1.45,0.0
20230313:2210,0.0,0.0,0.0,9.79,1.93,0.0
20230313:2310,0.0,0.0,0.0,9.53,2.41,0.0
20230314:0010,0.0,0.0,0.0,9.35,2.97,0.0
20230314:0110,0.0,0.0,0.0,9.21,3.52,0.0
20230314:0210,0.0,0.0,0.0,9.11,2.9,0.0
20230314:0310,0.0,0.0,0.0,8.97,2.28,0.0
20230314:0410,0.0,0.0,0.0,8.86,1.79,0.0
20230314:0510,0.0,0.0,0.0,8.67,1.59,0.0
20230314:0610,7.63,17.99,4.44,8.48,1.72,0.0
20230314:0710,116.15,138.17,14.59,7.99,1.59,0.0
20230314:0810,56.84,72.8,24.03,8.41,1.79,0.0
20230314:0910,71.89,88.33,32.17,8.98,1.66,0.0
20230314:1010,212.17,227.68,38.27,9.9,2.0,0.0
20230314:1110,606.18,635.5,41.44,11.27,1.59,0.0
20230314:1210,359.94,381.61,41.08,12.53,0.9,0.0
20230314:1310,530.07,564.84,37.26,13.16,0.55,0.0
20230314:1410,423.43,450.95,30.69,14.04,0.41,0.0
20230314:1510,269.34,290.37,22.23,14.31,0.48,0.0
20230314:1610,90.76,110.37,12.61,14.43,1.17,0.0
20230314:1710,0.48,6.79,2.37,13.45,1.86,0.0
20230314:1810,0.0,0.0,0.0,11.81,2.76,0.0
20230314:1910,0.0,0.0,0.0,11.16,3.03,0.0
20230314:2010,0.0,0.0,0.0,10.6,3.38,0.0
20230314:2110,0.0,0.0,0.0,10.35,3.52,0.0
20230314:2210,0.0,0.0,0.0,9.8,3.52,0.0
20230314:2310,0.0,0.0,0.0,9.28,3.52,0.0
20230315:0010,0.0,0.0,0.0,8.89,3.52,0.0
20230315:0110,0.0,0.0,0.0,8.55,3.45,0.0
20230315:0210,0.0,0.0,0.0,7.91,3.1,0.0
20230315:0310,0.0,0.0,0.0,6.79,2.83,0.0
20230315:0410,0.0,0.0,0.0,6.16,3.1,0.0
20230315:0510,0.0,0.0,0.0,6.47,3.86,0.0
20230315:0610,14.43,26.51,4.77,7.26,4.55,0.0
20230315:0710,177.46,220.21,14.94,7.85,5.38,0.0
20230315:0810,438.38,452.87,24.39,8.45,4.9,0.0
20230315:0910,667.04,674.72,32.55,9.21,4.9,0.0
20230315:1010,822.01,841.74,38.67,10.11,4.62,0.0
20230315:1110,914.63,951.34,41.84,11.0,4.34,0.0
20230315:1210,935.82,983.55,41.46,11.67,3.93,0.0
20230315:1310,884.94,928.84,37.6,12.14,3.72,0.0
20230315:1410,770.11,801.52,30.99,12.36,3.52,0.0
20230315:1510,443.1,458.48,22.5,12.32,3.03,0.0
20230315:1610,299.72,323.6,12.86,11.88,1.93,0.0
20230315:1710,3.61,13.35,2.61,10.54,1.38,0.0
20230315:1810,0.0,0.0,0.0,8.19,1.79,0.0
20230315:1910,0.0,0.0,0.0,6.49,2.34,0.0
20230315:2010,0.0,0.0,0.0,5.56,2.48,0.0
20230315:2110,0.0,0.0,0.0,4.91,2.69,0.0
20230315:2210,0.0,0.0,0.0,4.52,2.69,0.0
20230315:2310,0.0,0.0,0.0,4.18,2.76,0.0
20230316:0010,0.0,0.0,0.0,3.92,2.76,0.0
20230316:0110,0.0,0.0,0.0,3.73,2.76,0.0
20230316:0210,0.0,0.0,0.0,3.34,2.62,0.0
20230316:0310,0.0,0.0,0.0,2.81,2.48,0.0
20230316:0410,0.0,0.0,0.0,2.32,2.28,0.0
20230316:0510,0.0,0.0,0.0,1.81,2.21,0.0
20230316:0610,16.5,28.4,5.11,1.48,2.14,0.0
20230316:0710,174.39,210.81,15.28,3.41,1.79,0.0
20230316:0810,416.38,436.99,24.75,7.85,1.31,0.0
20230316:0910,610.78,634.59,32.93,9.7,1.59,0.0
20230316:1010,768.52,809.05,39.06,10.58,1.86,0.0
20230316:1110,850.34,908.25,42.24,11.23,1.86,0.0
20230316:1210,886.46,956.83,41.84,11.71,1.72,0.0
20230316:1310,827.31,890.67,37.95,12.01,1.45,0.0
20230316:1410,720.32,767.16,31.29,11.98,1.17,0.0
20230316:1510,516.85,543.74,22.77,11.97,0.9,0.0
20230316:1610,304.01,329.71,13.11,11.62,0.83,0.0
20230316:1710,4.72,14.97,2.84,10.83,0.48,0.0
20230316:1810,0.0,0.0,0.0,9.53,0.69,0.0
20230316:1910,0.0,0.0,0.0,7.99,1.24,0.0
20230316:2010,0.0,0.0,0.0,7.05,1.24,0.0
20230316:2110,0.0,0.0,0.0,5.69,1.45,0.0
20230316:2210,0.0,0.0,0.0,4.8,1.59,0.0
20230316:2310,0.0,0.0,0.0,4.2,1.66,0.0
20230317:0010,0.0,0.0,0.0,3.6,1.79,0.0
20230317:0110,0.0,0.0,0.0,2.91,1.86,0.0
20230317:0210,0.0,0.0,0.0,2.17,1.93,0.0
20230317:0310,0.0,0.0,0.0,1.6,1.86,0.0
20230317:0410,0.0,0.0,0.0,1.14,1.79,0.0
20230317:0510,0.0,0.0,0.0,0.79,1.79,0.0
20230317:0610,16.76,29.08,5.45,0.61,1.79,0.0
20230317:0710,171.24,203.76,15.63,3.57,1.31,0.0
20230317:0810,401.72,421.57,25.11,8.08,1.24,0.0
20230317:0910,580.49,607.49,33.31,8.94,0.62,0.0
20230317:1010,637.13,677.73,39.46,9.85,0.28,0.0
20230317:1110,720.5,780.34,42.64,10.64,0.21,0.0
20230317:1210,817.52,903.0,42.22,11.33,0.21,0.0
20230317:1310,734.29,799.22,38.29,11.77,0.28,0.0
20230317:1410,605.77,645.75,31.59,11.99,0.41,0.0
20230317:1510,463.51,488.85,23.04,11.96,0.48,0.0
20230317:1610,177.33,197.72,13.35,11.67,0.55,0.0
20230317:1710,0.98,7.76,3.08,10.96,0.62,0.0
20230317:1810,0.0,0.0,0.0,10.08,0.28,0.0
20230317:1910,0.0,0.0,0.0,9.28,0.48,0.0
20230317:2010,0.0,0.0,0.0,8.09,1.03,0.0
20230317:2110,0.0,0.0,0.0,6.69,1.31,0.0
20230317:2210,0.0,0.0,0.0,5.96,1.38,0.0
20230317:2310,0.0,0.0,0.0,5.42,1.45,0.0
20230318:0010,0.0,0.0,0.0,4.58,1.72,0.0
20230318:0110,0.0,0.0,0.0,3.51,1.93,0.0
20230318:0210,0.0,0.0,0.0,2.82,1.93,0.0
20230318:0310,0.0,0.0,0.0,2.32,1.93,0.0
20230318:0410,0.0,0.0,0.0,1.86,1.66,0.0
20230318:0510,0.0,0.0,0.0,1.81,1.59,0.0
20230318:0610,16.78,31.38,5.78,1.79,1.59,0.0
20230318:0710,184.91,223.48,15.97,5.06,1.1,0.0
20230318:0810,411.59,436.95,25.47,9.14,0.48,0.0
20230318:0910,611.26,647.68,33.7,10.71,0.55,0.0
20230318:1010,762.75,818.04,39.86,11.77,1.1,0.0
20230318:1110,842.86,915.91,43.04,12.62,1.31,0.0
20230318:1210,845.16,922.53,42.6,13.29,1.31,0.0
20230318:1310,773.91,843.35,38.63,13.77,0.97,0.0
20230318:1410,672.7,725.59,31.89,14.04,0.76,0.0
20230318:1510,208.89,228.79,23.3,14.08,0.69,0.0
20230318:1610,299.3,327.88,13.6,13.8,0.69,0.0
20230318:1710,6.39,17.36,3.31,13.0,1.03,0.0
20230318:1810,0.0,0.0,0.0,10.87,1.17,0.0
20230318:1910,0.0,0.0,0.0,11.3,0.34,0.0
20230318:2010,0.0,0.0,0.0,10.79,0.69,0.0
20230318:2110,0.0,0.0,0.0,9.44,1.1,0.0
20230318:2210,0.0,0.0,0.0,7.75,1.38,0.0
20230318:2310,0.0,0.0,0.0,6.81,1.59,0.0
20230319:0010,0.0,0.0,0.0,6.22,1.66,0.0
20230319:0110,0.0,0.0,0.0,5.58,1.79,0.0
20230319:0210,0.0,0.0,0.0,5.41,1.72,0.0
20230319:0310,0.0,0.0,0.0,5.13,1.66,0.0
20230319:0410,0.0,0.0,0.0,5.08,1.66,0.0
20230319:0510,0.0,0.0,0.0,5.06,1.66,0.0
20230319:0610,17.41,30.09,6.12,4.88,1.59,0.0
20230319:0710,171.87,204.24,16.32,7.05,0.9,0.0
20230319:0810,353.44,377.36,25.83,10.51,0.28,0.0
20230319:0910,390.79,414.78,34.08,11.91,0.21,0.0
20230319:1010,522.34,555.97,40.26,12.69,0.55,0.0
20230319:1110,778.23,848.97,43.45,13.39,0.9,0.0
20230319:1210,699.6,751.56,42.98,13.83,1.38,0.0
20230319:1310,236.88,256.82,38.97,13.67,1.45,0.0
20230319:1410,264.46,284.43,32.19,13.52,0.97,0.0
20230319:1510,337.71,359.89,23.57,13.36,0.28,0.0
20230319:1610,85.08,103.89,13.84,13.18,0.41,0.0
20230319:1710,2.0,9.71,3.54,12.57,1.24,0.0
20230319:1810,0.0,0.0,0.0,11.1,1.86,0.0
20230319:1910,0.0,0.0,0.0,9.78,1.59,0.0
20230319:2010,0.0,0.0,0.0,8.13,1.59,0.0
20230319:2110,0.0,0.0,0.0,7.55,1.45,0.0
20230319:2210,0.0,0.0,0.0,6.7,1.59,0.0
20230319:2310,0.0,0.0,0.0,6.12,1.66,0.0
20230320:0010,0.0,0.0,0.0,5.36,1.66,0.0
20230320:0110,0.0,0.0,0.0,4.72,1.66,0.0
20230320:0210,0.0,0.0,0.0,4.33,1.66,0.0
20230320:0310,0.0,0.0,0.0,3.64,1.86,0.0
20230320:0410,0.0,0.0,0.0,3.03,1.93,0.0
20230320:0510,0.0,0.0,0.0,2.62,1.86,0.0
20230320:0610,20.04,37.1,6.46,2.48,1.86,0.0
20230320:0710,184.3,218.01,16.67,5.53,1.1,0.0
20230320:0810,414.78,438.33,26.19,8.89,0.62,0.0
20230320:0910,591.51,627.94,34.46,11.01,0.41,0.0
20230320:1010,686.83,743.61,40.66,12.62,0.41,0.0
20230320:1110,777.96,859.0,43.85,13.78,0.48,0.0
20230320:1210,853.43,954.28,43.36,14.68,0.69,0.0
20230320:1310,816.91,899.27,39.31,15.02,1.1,0.0
20230320:1410,702.6,755.23,32.49,15.2,1.52,0.0
20230320:1510,536.83,568.52,23.83,15.05,1.72,0.0
20230320:1610,298.23,325.77,14.08,14.65,1.59,0.0
20230320:1710,6.84,17.92,3.77,13.59,1.66,0.0
20230320:1810,0.0,0.0,0.0,11.94,1.86,0.0
20230320:1910,0.0,0.0,0.0,10.74,1.66,0.0
20230320:2010,0.0,0.0,0.0,9.59,1.79,0.0
20230320:2110,0.0,0.0,0.0,8.72,1.66,0.0
20230320:2210,0.0,0.0,0.0,8.46,1.38,0.0
20230320:2310,0.0,0.0,0.0,8.49,1.31,0.0
20230321:0010,0.0,0.0,0.0,7.3,1.66,0.0
20230321:0110,0.0,0.0,0.0,5.99,1.79,0.0
20230321:0210,0.0,0.0,0.0,5.45,1.59,0.0
20230321:0310,0.0,0.0,0.0,5.76,1.79,0.0
20230321:0410,0.0,0.0,0.0,5.68,1.93,0.0
20230321:0510,0.0,0.0,0.0,5.23,2.07,0.0
20230321:0610,22.72,40.78,6.8,5.15,2.28,0.0
20230321:0710,0.0,0.0,0.0,8.36,1.45,0.0
20230321:0810,0.0,0.0,0.0,11.46,0.97,0.0
20230321:0910,570.26,609.73,34.84,13.2,0.55,0.0
20230321:1010,639.87,688.54,41.06,14.33,0.97,0.0
20230321:1110,809.16,890.4,44.25,15.24,1.17,0.0
20230321:1210,858.78,953.26,43.74,15.92,1.31,0.0
20230321:1310,711.33,775.15,39.65,16.39,1.31,0.0
20230321:1410,605.31,652.3,32.79,16.63,1.24,0.0
20230321:1510,423.3,452.85,24.09,16.58,1.17,0.0
20230321:1610,161.62,184.58,14.32,16.21,1.03,0.0
20230321:1710,8.07,19.7,4.0,15.42,1.1,0.0
20230321:1810,0.0,0.0,0.0,14.05,0.69,0.0
20230321:1910,0.0,0.0,0.0,14.44,0.14,0.0
20230321:2010,0.0,0.0,0.0,13.94,0.76,0.0
20230321:2110,0.0,0.0,0.0,10.93,1.59,0.0
20230321:2210,0.0,0.0,0.0,9.44,1.93,0.0
20230321:2310,0.0,0.0,0.0,8.65,1.93,0.0
20230322:0010,0.0,0.0,0.0,7.96,1.93,0.0
20230322:0110,0.0,0.0,0.0,7.39,2.0,0.0
20230322:0210,0.0,0.0,0.0,7.0,2.07,0.0
20230322:0310,0.0,0.0,0.0,6.47,2.07,0.0
20230322:0410,0.0,0.0,0.0,6.06,2.07,0.0
20230322:0510,0.0,0.0,0.0,5.7,2.07,0.0
20230322:0610,23.13,43.23,7.14,5.64,2.0,0.0
20230322:0710,0.0,0.0,0.0,8.81,1.38,0.0
20230322:0810,414.09,445.66,26.92,13.32,0.76,0.0
20230322:0910,603.61,656.24,35.22,14.99,0.28,0.0
20230322:1010,738.69,813.42,41.46,15.96,0.76,0.0
20230322:1110,833.28,929.21,44.65,16.7,1.1,0.0
20230322:1210,867.64,978.98,44.12,17.37,1.03,0.0
20230322:1310,799.6,891.58,39.98,17.79,1.1,0.0
20230322:1410,679.25,741.79,33.08,18.08,1.31,0.0
20230322:1510,531.62,571.8,24.35,17.97,1.59,0.0
20230322:1610,261.48,290.51,14.56,17.59,1.52,0.0
20230322:1710,17.42,33.67,4.23,16.75,1.17,0.0
20230322:1810,0.0,0.0,0.0,15.29,0.83,0.0
20230322:1910,0.0,0.0,0.0,15.86,0.62,0.0
20230322:2010,0.0,0.0,0.0,14.86,0.97,0.0
20230322:2110,0.0,0.0,0.0,14.21,0.62,0.0
20230322:2210,0.0,0.0,0.0,13.7,0.41,0.0
20230322:2310,0.0,0.0,0.0,12.7,0.62,0.0
20230323:0010,0.0,0.0,0.0,11.89,0.41,0.0
20230323:0110,0.0,0.0,0.0,11.52,0.48,0.0
20230323:0210,0.0,0.0,0.0,10.94,0.9,0.0
20230323:0310,0.0,0.0,0.0,9.31,1.17,0.0
20230323:0410,0.0,0.0,0.0,8.29,1.38,0.0
20230323:0510,0.0,0.0,0.0,7.56,1.66,0.0
20230323:0610,4.54,13.59,7.47,7.72,1.31,0.0
20230323:0710,160.21,185.95,17.71,10.09,0.28,0.0
20230323:0810,442.16,475.09,27.28,12.05,0.41,0.0
20230323:0910,608.86,652.57,35.6,13.39,0.62,0.0
20230323:1010,717.6,786.28,41.85,14.76,0.55,0.0
20230323:1110,653.88,708.69,45.05,15.73,1.17,0.0
20230323:1210,833.39,921.24,44.49,16.43,1.45,0.0
20230323:1310,788.52,867.02,40.32,16.87,1.45,0.0
20230323:1410,691.25,750.93,33.37,17.09,1.38,0.0
20230323:1510,539.35,578.99,24.61,17.07,1.38,0.0
20230323:1610,128.69,150.47,14.8,16.77,1.52,0.0
20230323:1710,5.59,15.53,4.46,15.9,1.52,0.0
20230323:1810,0.0,0.0,0.0,14.49,1.93,0.0
20230323:1910,0.0,0.0,0.0,14.02,1.86,0.0
20230323:2010,0.0,0.0,0.0,12.85,1.86,0.0
20230323:2110,0.0,0.0,0.0,11.85,1.59,0.0
20230323:2210,0.0,0.0,0.0,11.03,1.31,0.0
20230323:2310,0.0,0.0,0.0,10.24,1.17,0.0
20230324:0010,0.0,0.0,0.0,9.6,0.97,0.0
20230324:0110,0.0,0.0,0.0,9.89,0.55,0.0
20230324:0210,0.0,0.0,0.0,9.65,0.21,0.0
20230324:0310,0.0,0.0,0.0,9.2,0.28,0.0
20230324:0410,0.0,0.0,0.0,9.01,0.34,0.0
20230324:0510,0.0,0.0,0.0,8.57,0.55,0.0
20230324:0610,29.58,45.37,7.81,8.85,0.69,0.0
20230324:0710,29.81,44.65,18.05,10.51,0.41,0.0
20230324:0810,188.09,206.92,27.64,11.51,0.21,0.0
20230324:0910,113.52,132.0,35.99,12.31,0.76,0.0
20230324:1010,125.85,144.62,42.25,12.79,1.03,0.0
20230324:1110,93.09,111.62,45.45,13.15,1.17,0.0
20230324:1210,304.69,326.26,44.87,13.44,1.1,0.0
20230324:1310,129.9,149.48,40.65,14.04,1.1,0.0
20230324:1410,72.78,91.24,33.66,13.95,0.41,0.0
20230324:1510,23.37,37.85,24.87,13.66,0.41,0.0
20230324:1610,143.21,163.59,15.03,13.56,0.69,0.0
20230324:1710,16.86,31.76,4.69,13.11,0.55,0.0
20230324:1810,0.0,0.0,0.0,12.5,0.9,0.0
20230324:1910,0.0,0.0,0.0,11.76,1.1,0.0
20230324:2010,0.0,0.0,0.0,11.24,0.69,0.0
20230324:2110,0.0,0.0,0.0,11.33,0.55,0.0
20230324:2210,0.0,0.0,0.0,10.82,0.69,0.0
20230324:2310,0.0,0.0,0.0,10.68,0.9,0.0
20230325:0010,0.0,0.0,0.0,10.56,1.03,0.0
20230325:0110,0.0,0.0,0.0,10.25,0.69,0.0
20230325:0210,0.0,0.0,0.0,10.39,0.48,0.0
20230325:0310,0.0,0.0,0.0,9.71,1.03,0.0
20230325:0410,0.0,0.0,0.0,9.24,1.31,0.0
20230325:0510,0.0,0.0,0.0,8.7,1.31,0.0
20230325:0610,36.27,56.03,8.15,8.11,1.45,0.0
20230325:0710,161.74,184.69,18.4,9.97,1.38,0.0
20230325:0810,445.11,473.11,28.0,12.24,1.38,0.0
20230325:0910,647.81,688.5,36.37,13.81,1.59,0.0
20230325:1010,787.15,849.52,42.65,15.2,2.0,0.0
20230325:1110,875.9,950.54,45.85,16.12,2.76,0.0
20230325:1210,914.82,1000.41,45.24,16.96,2.9,0.0
20230325:1310,838.58,910.24,40.99,17.49,2.9,0.0
20230325:1410,726.04,781.35,33.95,17.78,2.62,0.0
20230325:1510,558.39,596.53,25.13,17.72,2.28,0.0
20230325:1610,334.3,367.72,15.27,17.24,1.59,0.0
20230325:1710,55.26,85.0,4.92,15.79,1.38,0.0
20230325:1810,0.0,0.0,0.0,13.2,1.86,0.0
20230325:1910,0.0,0.0,0.0,11.95,2.48,0.0
20230325:2010,0.0,0.0,0.0,10.65,2.34,0.0
20230325:2110,0.0,0.0,0.0,9.23,2.21,0.0
20230325:2210,0.0,0.0,0.0,7.97,2.28,0.0
20230325:2310,0.0,0.0,0.0,7.25,2.41,0.0
20230326:0010,0.0,0.0,0.0,6.83,2.48,0.0
20230326:0110,0.0,0.0,0.0,6.6,2.62,0.0
20230326:0210,0.0,0.0,0.0,7.0,2.69,0.0
20230326:0310,0.0,0.0,0.0,7.09,2.48,0.0
20230326:0410,0.0,0.0,0.0,6.13,2.21,0.0
20230326:0510,0.0,0.0,0.0,5.73,2.0,0.0
20230326:0610,27.06,54.07,8.49,5.66,1.72,0.0
20230326:0710,177.37,200.88,18.74,8.57,1.45,0.0
20230326:0810,413.11,432.97,28.36,10.81,2.14,0.0
20230326:0910,386.09,404.92,36.75,12.14,1.86,0.0
20230326:1010,91.11,109.68,43.05,13.41,1.38,0.0
20230326:1110,211.52,232.34,46.25,14.08,0.97,0.0
20230326:1210,54.31,71.83,45.62,13.9,0.76,0.0
20230326:1310,93.78,112.59,41.32,13.51,0.76,0.0
20230326:1410,193.25,213.5,34.24,13.41,0.34,0.0
20230326:1510,58.97,76.68,25.38,13.46,0.14,0.0
20230326:1610,339.42,369.66,15.5,13.4,0.41,0.0
20230326:1710,62.38,93.12,5.14,12.94,0.69,0.0
20230326:1810,0.0,0.0,0.0,11.7,1.03,0.0
20230326:1910,0.0,0.0,0.0,9.32,1.86,0.0
20230326:2010,0.0,0.0,0.0,8.21,2.07,0.0
20230326:2110,0.0,0.0,0.0,7.18,2.28,0.0
20230326:2210,0.0,0.0,0.0,6.74,2.41,0.0
20230326:2310,0.0,0.0,0.0,6.7,2.69,0.0
20230327:0010,0.0,0.0,0.0,6.62,2.9,0.0
20230327:0110,0.0,0.0,0.0,6.6,3.03,0.0
20230327:0210,0.0,0.0,0.0,6.44,3.17,0.0
20230327:0310,0.0,0.0,0.0,6.12,3.17,0.0
20230327:0410,0.0,0.0,0.0,5.86,3.17,0.0
20230327:0510,0.0,0.0,0.0,5.68,3.17,0.0
20230327:0610,25.4,57.15,8.83,5.97,3.17,0.0
20230327:0710,237.98,276.38,19.09,8.14,2.76,0.0
20230327:0810,489.67,511.12,28.72,11.37,3.24,0.0
20230327:0910,699.95,725.69,37.13,13.5,4.34,0.0
20230327:1010,855.71,890.92,43.44,14.33,5.59,0.0
20230327:1110,945.22,989.2,46.64,14.47,6.07,0.0
20230327:1210,988.82,1038.76,45.99,14.48,6.07,0.0
20230327:1310,926.08,965.03,41.65,14.39,6.28,0.0
20230327:1410,801.94,825.53,34.53,13.84,6.21,0.0
20230327:1510,618.38,630.96,25.64,13.03,6.21,0.0
20230327:1610,367.6,386.2,15.74,11.81,5.79,0.0
20230327:1710,68.78,98.89,5.37,10.52,5.31,0.0
20230327:1810,0.0,0.0,0.0,9.26,5.17,0.0
20230327:1910,0.0,0.0,0.0,8.6,6.0,0.0
20230327:2010,0.0,0.0,0.0,8.12,6.28,0.0
20230327:2110,0.0,0.0,0.0,7.78,6.21,0.0
20230327:2210,0.0,0.0,0.0,7.54,5.86,0.0
20230327:2310,0.0,0.0,0.0,7.25,5.1,0.0
20230328:0010,0.0,0.0,0.0,6.9,4.14,0.0
20230328:0110,0.0,0.0,0.0,6.34,3.31,0.0
20230328:0210,0.0,0.0,0.0,5.53,2.76,0.0
20230328:0310,0.0,0.0,0.0,4.54,2.55,0.0
20230328:0410,0.0,0.0,0.0,3.68,2.55,0.0
20230328:0510,0.0,0.0,0.0,2.95,2.48,0.0
20230328:0610,31.49,62.15,9.16,2.81,2.34,0.0
20230328:0710,243.35,278.6,19.43,5.82,2.07,0.0
20230328:0810,494.49,510.27,29.08,8.26,2.62,0.0
20230328:0910,696.59,721.56,37.5,9.69,2.34,0.0
20230328:1010,828.68,883.63,43.84,10.96,1.72,0.0
20230328:1110,889.59,979.88,47.04,11.97,0.97,0.0
20230328:1210,916.96,1025.86,46.36,12.75,0.76,0.0
20230328:1310,871.06,955.91,41.98,13.2,1.24,0.0
20230328:1410,764.33,817.45,34.81,13.09,1.66,0.0
20230328:1510,583.64,612.8,25.89,12.74,1.72,0.0
20230328:1610,357.25,383.04,15.97,12.26,1.52,0.0
20230328:1710,75.87,108.58,5.59,11.62,1.03,0.0
20230328:1810,0.0,0.0,0.0,10.02,0.97,0.0
20230328:1910,0.0,0.0,0.0,9.36,1.24,0.0
20230328:2010,0.0,0.0,0.0,9.18,1.1,0.0
20230328:2110,0.0,0.0,0.0,9.36,0.97,0.0
20230328:2210,0.0,0.0,0.0,9.07,0.41,0.0
20230328:2310,0.0,0.0,0.0,8.7,0.41,0.0
20230329:0010,0.0,0.0,0.0,8.26,0.9,0.0
20230329:0110,0.0,0.0,0.0,7.33,1.03,0.0
20230329:0210,0.0,0.0,0.0,5.55,1.31,0.0
20230329:0310,0.0,0.0,0.0,4.59,1.45,0.0
20230329:0410,0.0,0.0,0.0,3.52,1.66,0.0
20230329:0510,0.0,0.0,0.0,2.28,1.86,0.0
20230329:0610,47.42,64.67,9.5,2.4,1.52,0.0
20230329:0710,198.72,222.49,19.77,6.77,0.62,0.0
20230329:0810,441.12,465.62,29.44,9.54,0.48,0.0
20230329:0910,663.28,704.26,37.88,10.68,0.69,0.0
20230329:1010,810.65,883.29,44.24,11.66,0.69,0.0
20230329:1110,877.46,968.84,47.44,12.92,0.97,0.0
20230329:1210,907.71,1010.08,46.73,13.91,1.1,0.0
20230329:1310,846.14,931.63,42.3,14.65,1.24,0.0
20230329:1410,734.93,794.9,35.1,14.94,1.31,0.0
20230329:1510,563.14,598.46,26.14,14.92,1.45,0.0
20230329:1610,317.97,345.3,16.2,14.7,1.52,0.0
20230329:1710,62.42,89.99,5.82,13.93,1.03,0.0
20230329:1810,0.0,0.0,0.0,12.3,0.9,0.0
20230329:1910,0.0,0.0,0.0,10.43,1.52,0.0
20230329:2010,0.0,0.0,0.0,9.2,1.66,0.0
20230329:2110,0.0,0.0,0.0,8.68,1.38,0.0
20230329:2210,0.0,0.0,0.0,9.86,0.76,0.0
20230329:2310,0.0,0.0,0.0,8.06,1.31,0.0
20230330:0010,0.0,0.0,0.0,6.66,1.59,0.0
20230330:0110,0.0,0.0,0.0,6.5,1.45,0.0
20230330:0210,0.0,0.0,0.0,6.06,1.52,0.0
20230330:0310,0.0,0.0,0.0,6.01,1.45,0.0
20230330:0410,0.0,0.0,0.0,5.84,1.45,0.0
20230330:0510,0.0,0.0,0.0,5.76,1.45,0.0
20230330:0610,10.33,21.35,9.83,6.05,1.24,0.0
20230330:0710,70.37,87.36,20.12,10.11,0.41,0.0
20230330:0810,72.96,90.27,29.79,10.9,0.55,0.0
20230330:0910,171.3,189.27,38.26,11.39,0.97,0.0
20230330:1010,101.25,119.39,44.63,11.75,0.55,0.0
20230330:1110,156.14,174.71,47.83,11.98,0.69,0.0
20230330:1210,292.79,314.19,47.1,12.39,0.41,0.0
20230330:1310,301.87,323.4,42.63,12.89,0.62,0.0
20230330:1410,49.9,66.97,35.38,13.09,0.21,0.0
20230330:1510,65.64,83.47,26.39,13.12,0.69,0.0
20230330:1610,74.79,92.84,16.43,12.91,1.17,0.0
20230330:1710,28.37,45.47,6.04,12.64,1.31,0.0
20230330:1810,0.0,0.0,0.0,11.84,1.52,0.0
20230330:1910,0.0,0.0,0.0,11.38,0.34,0.0
20230330:2010,0.0,0.0,0.0,10.92,0.48,0.0
20230330:2110,0.0,0.0,0.0,10.6,0.48,0.0
20230330:2210,0.0,0.0,0.0,10.04,0.55,0.0
20230330:2310,0.0,0.0,0.0,9.77,0.48,0.0
20230331:0010,0.0,0.0,0.0,10.0,0.28,0.0
20230331:0110,0.0,0.0,0.0,9.81,0.28,0.0
20230331:0210,0.0,0.0,0.0,9.44,0.48,0.0
20230331:0310,0.0,0.0,0.0,8.68,0.76,0.0
20230331:0410,0.0,0.0,0.0,8.15,0.83,0.0
20230331:0510,0.0,0.0,0.0,8.15,0.83,0.0
20230331:0610,9.44,20.38,10.16,8.34,0.97,0.0
20230331:0710,113.98,131.27,20.46,9.16,0.83,0.0
20230331:0810,115.85,132.98,30.15,9.81,0.69,0.0
20230331:0910,125.16,142.68,38.63,10.46,0.62,0.0
20230331:1010,123.23,140.74,45.02,10.45,0.62,0.0
20230331:1110,130.95,148.51,48.23,10.32,0.34,0.0
20230331:1210,49.67,66.0,47.47,10.67,1.38,0.0
20230331:1310,44.07,60.18,42.95,11.17,1.72,0.0
20230331:1410,34.09,49.5,35.66,11.46,1.38,0.0
20230331:1510,60.54,77.65,26.63,11.69,1.17,0.0
20230331:1610,151.39,169.84,16.66,11.65,1.38,0.0
20230331:1710,0.07,5.82,6.26,11.4,2.07,0.0
20230331:1810,0.0,0.0,0.0,10.38,2.0,0.0
20230331:1910,0.0,0.0,0.0,8.97,2.28,0.0
20230331:2010,0.0,0.0,0.0,8.21,1.86,0.0
20230331:2110,0.0,0.0,0.0,7.59,0.62,0.0
20230331:2210,0.0,0.0,0.0,6.48,1.66,0.0
20230331:2310,0.0,0.0,0.0,5.69,1.93,0.0
20230401:0010,0.0,0.0,0.0,5.12,2.0,0.0
20230401:0110,0.0,0.0,0.0,4.58,2.07,0.0
20230401:0210,0.0,0.0,0.0,4.17,2.07,0.0
20230401:0310,0.0,0.0,0.0,4.25,2.14,0.0
20230401:0410,0.0,0.0,0.0,4.23,2.34,0.0
20230401:0510,0.0,0.0,0.0,4.39,2.34,0.0
20230401:0610,41.54,76.66,10.5,5.17,2.14,0.0
20230401:0710,253.6,287.35,20.79,7.15,1.52,0.0
20230401:0810,494.46,522.1,30.5,10.82,1.1,0.0
20230401:0910,678.88,726.78,39.0,13.44,1.17,0.0
20230401:1010,807.74,886.67,45.41,15.16,1.24,0.0
20230401:1110,804.15,888.17,48.62,16.33,1.38,0.0
20230401:1210,878.99,975.96,47.83,16.91,1.79,0.0
20230401:1310,833.84,918.2,43.27,17.08,1.86,0.0
20230401:1410,706.43,764.04,35.93,17.2,1.93,0.0
20230401:1510,550.56,588.44,26.88,17.07,1.86,0.0
20230401:1610,355.93,388.54,16.89,16.61,1.66,0.0
20230401:1710,83.24,115.71,6.48,15.62,1.59,0.0
20230401:1810,0.0,0.0,0.0,13.49,2.07,0.0
20230401:1910,0.0,0.0,0.0,11.52,2.41,0.0
20230401:2010,0.0,0.0,0.0,10.23,2.62,0.0
20230401:2110,0.0,0.0,0.0,9.33,2.83,0.0
20230401:2210,0.0,0.0,0.0,8.79,2.9,0.0
20230401:2310,0.0,0.0,0.0,8.2,2.97,0.0
20230402:0010,0.0,0.0,0.0,7.92,3.1,0.0
20230402:0110,0.0,0.0,0.0,7.6,3.17,0.0
20230402:0210,0.0,0.0,0.0,7.26,2.9,0.0
20230402:0310,0.0,0.0,0.0,6.78,2.62,0.0
20230402:0410,0.0,0.0,0.0,6.07,2.48,0.0
20230402:0510,0.0,0.0,0.0,5.37,2.28,0.0
20230402:0610,45.05,80.12,10.83,5.56,2.07,0.0
20230402:0710,93.85,110.53,21.13,9.11,1.66,0.0
20230402:0810,434.72,464.27,30.85,11.87,0.28,0.0
20230402:0910,685.9,727.66,39.38,12.94,1.66,0.0
20230402:1010,811.55,885.92,45.8,13.76,1.17,0.0
20230402:1110,869.86,984.3,49.01,14.94,0.48,0.0
20230402:1210,888.19,1015.2,48.2,15.93,0.48,0.0
20230402:1310,800.43,894.16,43.59,16.65,0.83,0.0
20230402:1410,513.12,553.51,36.21,16.93,0.97,0.0
20230402:1510,589.05,635.57,27.12,17.13,1.31,0.0
20230402:1610,26.35,41.74,17.11,16.78,1.72,0.0
20230402:1710,86.14,118.87,6.7,15.59,2.0,0.0
20230402:1810,0.0,0.0,0.0,13.59,2.28,0.0
20230402:1910,0.0,0.0,0.0,12.83,1.17,0.0
20230402:2010,0.0,0.0,0.0,12.62,0.83,0.0
20230402:2110,0.0,0.0,0.0,10.83,1.31,0.0
20230402:2210,0.0,0.0,0.0,9.45,1.45,0.0
20230402:2310,0.0,0.0,0.0,7.26,2.0,0.0
20230403:0010,0.0,0.0,0.0,6.33,2.28,0.0
20230403:0110,0.0,0.0,0.0,6.16,2.55,0.0
20230403:0210,0.0,0.0,0.0,6.44,2.83,0.0
20230403:0310,0.0,0.0,0.0,6.78,3.1,0.0
20230403:0410,0.0,0.0,0.0,7.08,3.17,0.0
20230403:0510,0.0,0.0,0.0,7.02,3.1,0.0
20230403:0610,46.39,83.71,11.16,7.27,2.55,0.0
20230403:0710,259.25,295.49,21.47,10.22,1.93,0.0
20230403:0810,496.25,523.96,31.2,13.16,2.21,0.0
20230403:0910,695.41,729.94,39.74,13.63,2.9,0.0
20230403:1010,834.16,888.03,46.19,13.51,2.76,0.0
20230403:1110,912.12,986.21,49.4,14.21,2.69,0.0
20230403:1210,946.91,1028.42,48.56,14.56,2.83,0.0
20230403:1310,880.8,943.9,43.91,14.39,3.03,0.0
20230403:1410,759.46,796.46,36.48,13.13,3.1,0.0
20230403:1510,581.56,601.35,27.37,12.68,3.31,0.0
20230403:1610,365.04,386.49,17.34,12.54,3.59,0.0
20230403:1710,101.48,135.82,6.92,12.08,2.62,0.0
20230403:1810,0.0,0.0,0.0,10.85,2.07,0.0
20230403:1910,0.0,0.0,0.0,9.93,2.55,0.0
20230403:2010,0.0,0.0,0.0,8.81,2.34,0.0
20230403:2110,0.0,0.0,0.0,7.91,2.28,0.0
20230403:2210,0.0,0.0,0.0,7.4,2.34,0.0
20230403:2310,0.0,0.0,0.0,6.86,2.28,0.0
20230404:0010,0.0,0.0,0.0,6.26,1.86,0.0
20230404:0110,0.0,0.0,0.0,5.9,1.86,0.0
20230404:0210,0.0,0.0,0.0,5.13,1.66,0.0
20230404:0310,0.0,0.0,0.0,4.66,1.59,0.0
20230404:0410,0.0,0.0,0.0,4.24,1.79,0.0
20230404:0510,0.0,0.0,0.0,4.02,1.79,0.0
20230404:0610,52.53,68.14,11.48,4.01,1.66,0.0
20230404:0710,254.24,279.45,21.8,6.4,2.55,0.0
20230404:0810,524.51,533.63,31.55,6.71,3.1,0.0
20230404:0910,701.15,713.61,40.11,7.08,2.83,0.0
20230404:1010,830.77,865.42,46.58,7.96,2.28,0.0
20230404:1110,922.2,984.47,49.78,8.65,1.79,0.0
20230404:1210,953.9,1026.46,48.92,9.46,1.86,0.0
20230404:1310,886.99,948.87,44.22,10.14,1.79,0.0
20230404:1410,764.45,805.4,36.75,10.2,1.66,0.0
20230404:1510,585.56,609.18,27.61,10.6,1.59,0.0
20230404:1610,362.76,383.97,17.56,10.33,1.59,0.0
20230404:1710,102.44,135.33,7.14,9.83,1.38,0.0
20230404:1810,0.0,0.0,0.0,8.71,1.1,0.0
20230404:1910,0.0,0.0,0.0,7.79,2.07,0.0
20230404:2010,0.0,0.0,0.0,6.9,2.21,0.0
20230404:2110,0.0,0.0,0.0,6.35,2.34,0.0
20230404:2210,0.0,0.0,0.0,5.83,2.41,0.0
20230404:2310,0.0,0.0,0.0,5.62,2.34,0.0
20230405:0010,0.0,0.0,0.0,5.59,2.21,0.0
20230405:0110,0.0,0.0,0.0,5.12,2.14,0.0
20230405:0210,0.0,0.0,0.0,5.13,2.07,0.0
20230405:0310,0.0,0.0,0.0,4.81,2.07,0.0
20230405:0410,0.0,0.0,0.0,4.65,1.93,0.0
20230405:0510,0.0,0.0,0.0,4.34,1.72,0.0
20230405:0610,57.29,73.3,11.81,4.37,1.38,0.0
20230405:0710,269.42,296.69,22.13,5.46,1.86,0.0
20230405:0810,522.44,534.1,31.9,6.23,2.07,0.0
20230405:0910,702.09,721.91,40.48,7.12,1.93,0.0
20230405:1010,792.89,839.36,46.96,8.02,1.1,0.0
20230405:1110,859.03,935.21,50.17,9.0,0.62,0.0
20230405:1210,829.99,903.05,49.28,9.64,0.62,0.0
20230405:1310,855.62,924.79,44.53,10.24,1.1,0.0
20230405:1410,781.99,822.07,37.02,10.42,2.0,0.0
20230405:1510,596.21,615.55,27.85,10.55,2.34,0.0
20230405:1610,358.12,377.03,17.78,10.2,2.34,0.0
20230405:1710,106.44,139.15,7.36,9.61,2.21,0.0
20230405:1810,0.0,0.0,0.0,8.36,2.0,0.0
20230405:1910,0.0,0.0,0.0,7.61,1.79,0.0
20230405:2010,0.0,0.0,0.0,6.13,1.86,0.0
20230405:2110,0.0,0.0,0.0,5.04,1.93,0.0
20230405:2210,0.0,0.0,0.0,4.28,1.93,0.0
20230405:2310,0.0,0.0,0.0,3.51,1.93,0.0
20230406:0010,0.0,0.0,0.0,2.96,1.86,0.0
20230406:0110,0.0,0.0,0.0,2.47,1.79,0.0
20230406:0210,0.0,0.0,0.0,1.91,1.79,0.0
20230406:0310,0.0,0.0,0.0,1.36,1.86,0.0
20230406:0410,0.0,0.0,0.0,0.91,1.79,0.0
20230406:0510,0.0,0.95,1.69,0.55,1.79,0.0
20230406:0610,61.15,96.46,12.13,2.08,1.24,0.0
20230406:0710,275.94,307.25,22.46,6.16,0.62,0.0
20230406:0810,509.01,534.61,32.24,7.95,0.28,0.0
20230406:0910,701.72,742.1,40.84,9.18,0.76,0.0
20230406:1010,834.7,897.43,47.34,10.27,1.17,0.0
20230406:1110,911.57,994.0,50.55,11.19,1.38,0.0
20230406:1210,825.32,891.29,49.63,11.92,1.52,0.0
20230406:1310,563.67,592.26,44.84,12.39,1.86,0.0
20230406:1410,707.78,749.79,37.29,12.66,1.79,0.0
20230406:1510,415.84,435.71,28.08,12.9,1.72,0.0
20230406:1610,208.75,228.28,18.0,12.69,1.59,0.0
20230406:1710,39.09,57.04,7.58,12.16,0.97,0.0
20230406:1810,0.0,0.0,0.0,11.2,0.62,0.0
20230406:1910,0.0,0.0,0.0,10.77,0.76,0.0
20230406:2010,0.0,0.0,0.0,9.22,1.1,0.0
20230406:2110,0.0,0.0,0.0,7.62,1.38,0.0
20230406:2210,0.0,0.0,0.0,7.88,1.17,0.0
20230406:2310,0.0,0.0,0.0,8.45,0.97,0.0
20230407:0010,0.0,0.0,0.0,7.85,0.97,0.0
20230407:0110,0.0,0.0,0.0,6.89,1.1,0.0
20230407:0210,0.0,0.0,0.0,5.1,1.38,0.0
20230407:0310,0.0,0.0,0.0,3.63,1.72,0.0
20230407:0410,0.0,0.0,0.0,2.76,1.79,0.0
20230407:0510,0.0,3.79,2.01,2.1,1.79,0.0
20230407:0610,56.52,98.08,12.45,3.81,1.17,0.0
20230407:0710,181.94,199.05,22.79,7.44,0.76,0.0
20230407:0810,383.36,401.66,32.58,9.28,0.76,0.0
20230407:0910,365.44,383.44,41.2,9.98,0.83,0.0
20230407:1010,356.5,376.94,47.72,10.82,0.62,0.0
20230407:1110,311.47,331.05,50.94,11.07,0.69,0.0
20230407:1210,431.54,452.66,49.99,11.2,1.45,0.0
20230407:1310,289.33,306.14,45.15,11.11,1.86,0.0
20230407:1410,221.82,238.78,37.56,11.05,1.52,0.0
20230407:1510,280.68,296.41,28.32,10.82,1.31,0.0
20230407:1610,180.16,197.01,18.22,10.29,1.93,0.0
20230407:1710,74.87,99.22,7.79,9.33,2.14,0.0
20230407:1810,0.0,0.0,0.0,8.11,1.93,0.0
20230407:1910,0.0,0.0,0.0,8.43,0.9,0.0
20230407:2010,0.0,0.0,0.0,7.13,1.17,0.0
20230407:2110,0.0,0.0,0.0,5.76,1.52,0.0
20230407:2210,0.0,0.0,0.0,5.06,1.52,0.0
20230407:2310,0.0,0.0,0.0,4.57,1.59,0.0
20230408:0010,0.0,0.0,0.0,4.0,1.72,0.0
20230408:0110,0.0,0.0,0.0,3.43,1.79,0.0
20230408:0210,0.0,0.0,0.0,2.84,1.86,0.0
20230408:0310,0.0,0.0,0.0,2.56,2.0,0.0
20230408:0410,0.0,0.0,0.0,2.2,2.14,0.0
20230408:0510,0.0,4.73,2.33,1.93,2.21,0.0
20230408:0610,64.58,102.24,12.77,3.29,1.86,0.0
20230408:0710,281.74,312.07,23.11,7.26,1.52,0.0
20230408:0810,515.84,540.7,32.92,9.96,1.17,0.0
20230408:0910,693.06,742.41,41.56,12.14,0.83,0.0
20230408:1010,819.09,902.25,48.1,13.74,0.83,0.0
20230408:1110,889.04,992.16,51.32,14.82,1.1,0.0
20230408:1210,913.81,1025.46,50.34,15.58,1.24,0.0
20230408:1310,819.09,910.2,45.46,16.01,1.03,0.0
20230408:1410,608.3,660.99,37.82,16.35,0.76,0.0
20230408:1510,310.55,335.56,28.56,16.51,0.97,0.0
20230408:1610,341.5,369.97,18.44,16.2,2.21,0.0
20230408:1710,83.66,111.94,8.01,15.01,2.55,0.0
20230408:1810,0.0,0.0,0.0,13.27,2.48,0.0
20230408:1910,0.0,0.0,0.0,11.39,2.69,0.0
20230408:2010,0.0,0.0,0.0,10.16,2.83,0.0
20230408:2110,0.0,0.0,0.0,9.25,2.69,0.0
20230408:2210,0.0,0.0,0.0,8.23,2.21,0.0
20230408:2310,0.0,0.0,0.0,7.52,1.93,0.0
20230409:0010,0.0,0.0,0.0,6.98,1.59,0.0
20230409:0110,0.0,0.0,0.0,6.72,1.38,0.0
20230409:0210,0.0,0.0,0.0,6.26,1.38,0.0
20230409:0310,0.0,0.0,0.0,5.98,1.38,0.0
20230409:0410,0.0,0.0,0.0,5.61,1.52,0.0
20230409:0510,0.94,7.57,2.65,5.65,1.45,0.0
20230409:0610,68.09,106.58,13.09,6.52,1.17,0.0
20230409:0710,279.73,312.48,23.44,9.48,1.1,0.0
20230409:0810,500.24,522.29,33.25,10.59,1.79,0.0
20230409:0910,592.17,619.8,41.92,11.79,1.93,0.0
20230409:1010,586.83,619.91,48.47,12.87,1.79,0.0
20230409:1110,782.22,845.41,51.69,13.29,1.59,0.0
20230409:1210,841.21,921.58,50.69,13.73,1.38,0.0
20230409:1310,818.69,894.56,45.76,14.48,1.45,0.0
20230409:1410,675.12,723.29,38.08,14.66,1.52,0.0
20230409:1510,565.62,600.6,28.79,15.01,1.59,0.0
20230409:1610,361.31,389.01,18.66,14.86,2.0,0.0
20230409:1710,113.31,149.0,8.22,14.17,1.52,0.0
20230409:1810,0.0,0.0,0.0,12.82,1.72,0.0
20230409:1910,0.0,0.0,0.0,11.56,2.41,0.0
20230409:2010,0.0,0.0,0.0,10.43,2.76,0.0
20230409:2110,0.0,0.0,0.0,9.79,2.83,0.0
20230409:2210,0.0,0.0,0.0,9.2,2.69,0.0
20230409:2310,0.0,0.0,0.0,8.9,2.48,0.0
20230410:0010,0.0,0.0,0.0,8.67,2.21,0.0
20230410:0110,0.0,0.0,0.0,8.24,1.79,0.0
20230410:0210,0.0,0.0,0.0,7.6,1.59,0.0
20230410:0310,0.0,0.0,0.0,7.33,1.31,0.0
20230410:0410,0.0,0.0,0.0,6.93,1.31,0.0
20230410:0510,0.0,1.89,2.96,6.36,1.45,0.0
20230410:0610,78.11,110.95,13.4,6.88,1.1,0.0
20230410:0710,281.19,312.25,23.75,9.63,1.52,0.0
20230410:0810,518.44,543.88,33.59,10.41,1.24,0.0
20230410:0910,697.92,742.45,42.27,11.4,1.03,0.0
20230410:1010,818.35,888.99,48.85,12.32,1.1,0.0
20230410:1110,836.35,918.42,52.07,13.53,1.17,0.0
20230410:1210,781.62,855.83,51.04,14.03,1.1,0.0
20230410:1310,852.67,947.77,46.06,14.5,0.9,0.0
20230410:1410,576.74,620.74,38.34,14.98,0.76,0.0
20230410:1510,402.95,430.21,29.02,15.03,0.76,0.0
20230410:1610,169.01,190.29,18.88,15.0,0.9,0.0
20230410:1710,60.64,82.87,8.43,14.4,1.17,0.0
20230410:1810,0.0,0.0,0.0,13.11,1.31,0.0
20230410:1910,0.0,0.0,0.0,12.67,0.62,0.0
20230410:2010,0.0,0.0,0.0,10.76,1.1,0.0
20230410:2110,0.0,0.0,0.0,9.21,1.52,0.0
20230410:2210,0.0,0.0,0.0,8.23,1.52,0.0
20230410:2310,0.0,0.0,0.0,7.49,1.59,0.0
20230411:0010,0.0,0.0,0.0,6.82,1.59,0.0
20230411:0110,0.0,0.0,0.0,6.38,1.59,0.0
20230411:0210,0.0,0.0,0.0,6.24,1.59,0.0
20230411:0310,0.0,0.0,0.0,6.13,1.66,0.0
20230411:0410,0.0,0.0,0.0,6.12,1.66,0.0
20230411:0510,0.47,6.63,3.28,5.82,1.66,0.0
20230411:0610,67.96,111.85,13.71,6.84,1.24,0.0
20230411:0710,253.58,280.88,24.07,10.66,0.69,0.0
20230411:0810,499.39,535.55,33.92,12.09,0.07,0.0
20230411:0910,668.34,720.92,42.62,13.02,0.55,0.0
20230411:1010,733.55,805.92,49.22,14.26,0.55,0.0
20230411:1110,820.41,918.9,52.44,15.27,0.62,0.0
20230411:1210,820.61,917.31,51.38,16.07,0.9,0.0
20230411:1310,816.37,908.78,46.36,16.75,1.1,0.0
20230411:1410,719.38,786.83,38.6,17.28,1.31,0.0
20230411:1510,545.04,587.61,29.25,17.55,1.24,0.0
20230411:1610,345.77,378.29,19.09,17.5,1.45,0.0
20230411:1710,114.71,151.9,8.65,16.89,1.24,0.0
20230411:1810,0.0,0.0,0.0,15.32,1.38,0.0
20230411:1910,0.0,0.0,0.0,12.94,1.72,0.0
20230411:2010,0.0,0.0,0.0,11.74,1.52,0.0
20230411:2110,0.0,0.0,0.0,10.94,1.24,0.0
20230411:2210,0.0,0.0,0.0,11.24,0.9,0.0
20230411:2310,0.0,0.0,0.0,11.63,0.48,0.0
20230412:0010,0.0,0.0,0.0,11.05,0.28,0.0
20230412:0110,0.0,0.0,0.0,10.5,0.62,0.0
20230412:0210,0.0,0.0,0.0,9.79,0.83,0.0
20230412:0310,0.0,0.0,0.0,7.41,1.52,0.0
20230412:0410,0.0,0.0,0.0,7.19,1.66,0.0
20230412:0510,0.0,2.84,3.59,7.34,1.45,0.0
20230412:0610,35.46,50.47,14.02,8.66,0.9,0.0
20230412:0710,95.21,112.59,24.38,10.65,1.24,0.0
20230412:0810,79.57,97.06,34.24,11.45,1.59,0.0
20230412:0910,148.72,166.95,42.97,12.54,2.21,0.0
20230412:1010,77.06,95.12,49.58,13.22,2.14,0.0
20230412:1110,120.89,139.77,52.81,13.58,2.07,0.0
20230412:1210,293.3,314.41,51.72,13.99,1.93,0.0
20230412:1310,269.99,291.5,46.66,14.63,1.79,0.0
20230412:1410,147.12,166.95,38.86,14.38,1.52,0.0
20230412:1510,68.09,86.39,29.48,14.45,1.52,0.0
20230412:1610,54.25,71.83,19.31,14.4,1.72,0.0
20230412:1710,28.93,44.48,8.86,13.93,1.52,0.0
20230412:1810,0.0,0.0,0.0,13.37,1.86,0.0
20230412:1910,0.0,0.0,0.0,10.81,0.83,0.0
20230412:2010,0.0,0.0,0.0,10.47,0.62,0.0
20230412:2110,0.0,0.0,0.0,10.31,1.1,0.0
20230412:2210,0.0,0.0,0.0,10.06,1.24,0.0
20230412:2310,0.0,0.0,0.0,10.01,1.17,0.0
20230413:0010,0.0,0.0,0.0,9.94,1.03,0.0
20230413:0110,0.0,0.0,0.0,9.98,0.76,0.0
20230413:0210,0.0,0.0,0.0,9.99,0.76,0.0
20230413:0310,0.0,0.0,0.0,9.93,0.69,0.0
20230413:0410,0.0,0.0,0.0,9.71,0.62,0.0
20230413:0510,0.0,2.84,3.89,9.7,0.97,0.0
20230413:0610,75.09,118.85,14.33,9.67,1.17,0.0
20230413:0710,247.49,269.86,24.7,9.93,1.45,0.0
20230413:0810,455.02,475.12,34.57,11.1,1.93,0.0
20230413:0910,468.92,486.28,43.31,12.07,3.31,0.0
20230413:1010,309.27,326.11,49.95,13.01,4.41,0.0
20230413:1110,300.08,317.54,53.18,12.74,3.52,0.0
20230413:1210,126.91,144.62,52.06,12.12,3.31,0.0
20230413:1310,108.07,125.21,46.95,11.16,4.07,0.0
20230413:1410,165.58,181.51,39.11,10.37,3.72,0.0
20230413:1510,98.75,115.5,29.7,10.12,3.52,0.0
20230413:1610,103.88,120.73,19.52,10.16,2.97,0.0
20230413:1710,56.06,75.09,9.07,10.34,2.41,0.0
20230413:1810,0.0,0.0,0.0,9.93,2.28,0.0
20230413:1910,0.0,0.0,0.0,9.62,1.66,0.0
20230413:2010,0.0,0.0,0.0,8.58,1.79,0.0
20230413:2110,0.0,0.0,0.0,7.76,1.93,0.0
20230413:2210,0.0,0.0,0.0,6.92,1.79,0.0
20230413:2310,0.0,0.0,0.0,6.3,1.66,0.0
20230414:0010,0.0,0.0,0.0,5.69,1.79,0.0
20230414:0110,0.0,0.0,0.0,5.42,2.0,0.0
20230414:0210,0.0,0.0,0.0,5.0,2.28,0.0
20230414:0310,0.0,0.0,0.0,4.87,2.55,0.0
20230414:0410,0.0,0.0,0.0,5.05,2.9,0.0
20230414:0510,9.23,19.88,4.2,5.3,3.1,0.0
20230414:0610,79.04,125.49,14.63,6.8,3.17,0.0
20230414:0710,318.48,349.17,25.0,9.32,2.97,0.0
20230414:0810,539.25,557.55,34.89,11.97,4.0,0.0
20230414:0910,746.75,775.11,43.65,13.68,4.62,0.0
20230414:1010,891.53,943.62,50.31,14.81,4.41,0.0
20230414:1110,949.41,1021.67,53.55,15.49,3.93,0.0
20230414:1210,965.3,1053.68,52.4,16.2,3.31,0.0
20230414:1310,907.53,990.55,47.25,16.65,2.9,0.0
20230414:1410,784.17,845.47,39.36,16.92,2.69,0.0
20230414:1510,590.66,629.08,29.93,16.87,2.34,0.0
20230414:1610,386.46,419.1,19.73,16.6,1.86,0.0
20230414:1710,136.96,177.51,9.28,15.77,1.03,0.0
20230414:1810,0.0,0.0,0.0,13.62,1.31,0.0
20230414:1910,0.0,0.0,0.0,12.0,1.17,0.0
20230414:2010,0.0,0.0,0.0,12.81,0.14,0.0
20230414:2110,0.0,0.0,0.0,12.31,0.69,0.0
20230414:2210,0.0,0.0,0.0,10.31,1.31,0.0
20230414:2310,0.0,0.0,0.0,6.75,2.07,0.0
20230415:0010,0.0,0.0,0.0,5.5,2.34,0.0
20230415:0110,0.0,0.0,0.0,5.14,2.55,0.0
20230415:0210,0.0,0.0,0.0,4.86,2.62,0.0
20230415:0310,0.0,0.0,0.0,4.47,2.41,0.0
20230415:0410,0.0,0.0,0.0,3.81,2.34,0.0
20230415:0510,9.32,19.88,4.5,3.53,2.28,0.0
20230415:0610,89.04,106.91,14.93,5.32,1.59,0.0
20230415:0710,259.81,282.11,25.31,9.42,1.17,0.0
20230415:0810,499.15,525.04,35.2,11.31,1.24,0.0
20230415:0910,567.84,603.12,43.99,12.89,1.1,0.0
20230415:1010,626.64,676.51,50.67,14.15,0.9,0.0
20230415:1110,847.89,951.49,53.91,15.25,0.76,0.0
20230415:1210,815.39,910.93,52.74,15.89,0.9,0.0
20230415:1310,715.64,792.91,47.54,16.31,0.62,0.0
20230415:1410,97.88,118.42,39.61,16.5,0.21,0.0
20230415:1510,602.0,657.56,30.15,16.85,0.48,0.0
20230415:1610,384.02,421.1,19.94,16.81,0.62,0.0
20230415:1710,41.13,59.19,9.49,16.09,0.76,0.0
20230415:1810,0.0,0.0,0.0,14.09,0.9,0.0
20230415:1910,0.0,0.0,0.0,11.93,2.41,0.0
20230415:2010,0.0,0.0,0.0,10.28,2.28,0.0
20230415:2110,0.0,0.0,0.0,8.73,2.0,0.0
20230415:2210,0.0,0.0,0.0,8.21,1.59,0.0
20230415:2310,0.0,0.0,0.0,7.83,1.45,0.0
20230416:0010,0.0,0.0,0.0,6.61,1.66,0.0
20230416:0110,0.0,0.0,0.0,5.62,1.79,0.0
20230416:0210,0.0,0.0,0.0,4.6,1.86,0.0
20230416:0310,0.0,0.0,0.0,3.98,2.0,0.0
20230416:0410,0.0,0.0,0.0,4.09,2.14,0.0
20230416:0510,13.1,24.61,4.8,3.96,2.28,0.0
20230416:0610,85.07,129.96,15.22,6.12,2.0,0.0
20230416:0710,315.92,350.09,25.61,11.58,2.07,0.0
20230416:0810,543.16,574.08,35.52,14.04,2.21,0.0
20230416:0910,724.96,774.64,44.32,15.45,2.34,0.0
20230416:1010,820.79,892.81,51.03,16.51,2.34,0.0
20230416:1110,885.98,976.27,54.27,17.45,2.48,0.0
20230416:1210,927.41,1032.33,53.07,18.51,2.55,0.0
20230416:1310,774.1,843.53,47.82,19.24,3.03,0.0
20230416:1410,660.32,707.56,39.86,19.28,3.59,0.0
20230416:1510,419.17,446.73,30.37,19.21,3.93,0.0
20230416:1610,373.37,403.95,20.15,18.24,3.66,0.0
20230416:1710,136.26,175.94,9.69,16.94,2.62,0.0
20230416:1810,0.0,0.0,0.0,14.85,2.28,0.0
20230416:1910,0.0,0.0,0.0,13.33,2.21,0.0
20230416:2010,0.0,0.0,0.0,11.23,2.0,0.0
20230416:2110,0.0,0.0,0.0,10.01,1.72,0.0
20230416:2210,0.0,0.0,0.0,10.02,1.31,0.0
20230416:2310,0.0,0.0,0.0,9.29,1.38,0.0
20230417:0010,0.0,0.0,0.0,7.64,1.72,0.0
20230417:0110,0.0,0.0,0.0,6.51,1.79,0.0
20230417:0210,0.0,0.0,0.0,5.42,1.86,0.0
20230417:0310,0.0,0.0,0.0,4.29,2.0,0.0
20230417:0410,0.0,0.0,0.0,3.7,2.0,0.0
20230417:0510,15.5,27.45,5.09,3.76,2.14,0.0
20230417:0610,88.26,133.71,15.52,6.21,1.79,0.0
20230417:0710,317.13,352.92,25.9,11.86,1.24,0.0
20230417:0810,542.81,579.53,35.83,14.11,1.24,0.0
20230417:0910,715.16,780.36,44.65,15.59,0.97,0.0
20230417:1010,829.13,927.05,51.38,16.61,0.97,0.0
20230417:1110,909.77,1030.55,54.62,17.3,1.24,0.0
20230417:1210,910.14,1037.46,53.4,17.7,1.1,0.0
20230417:1310,870.11,987.26,48.11,18.13,1.03,0.0
20230417:1410,765.57,851.38,40.1,18.13,1.03,0.0
20230417:1510,590.86,641.03,30.59,18.08,1.24,0.0
20230417:1610,377.77,410.56,20.35,17.5,2.07,0.0
20230417:1710,138.35,177.95,9.9,16.69,2.34,0.0
20230417:1810,0.0,0.0,0.0,15.09,2.14,0.0
20230417:1910,0.0,0.0,0.0,13.3,1.79,0.0
20230417:2010,0.0,0.0,0.0,11.68,1.24,0.0
20230417:2110,0.0,0.0,0.0,12.68,0.48,0.0
20230417:2210,0.0,0.0,0.0,12.26,0.76,0.0
20230417:2310,0.0,0.0,0.0,9.83,1.38,0.0
20230418:0010,0.0,0.0,0.0,8.04,1.79,0.0
20230418:0110,0.0,0.0,0.0,6.93,2.07,0.0
20230418:0210,0.0,0.0,0.0,6.38,2.14,0.0
20230418:0310,0.0,0.0,0.0,6.37,2.34,0.0
20230418:0410,0.0,0.0,0.0,6.1,2.41,0.0
20230418:0510,17.73,30.29,5.39,5.98,2.48,0.0
20230418:0610,104.18,126.56,15.8,7.99,2.07,0.0
20230418:0710,189.5,208.49,26.2,11.89,1.79,0.0
20230418:0810,489.24,520.95,36.13,14.84,1.66,0.0
20230418:0910,706.84,770.76,44.98,16.6,1.24,0.0
20230418:1010,800.4,915.13,51.73,17.83,0.21,0.0
20230418:1110,885.94,1016.59,54.98,18.7,0.9,0.0
20230418:1210,901.0,1029.2,53.72,18.96,1.24,0.0
20230418:1310,854.95,966.29,48.39,19.08,1.31,0.0
20230418:1410,738.74,823.32,40.34,19.24,1.03,0.0
20230418:1510,402.81,439.08,30.81,19.25,0.76,0.0
20230418:1610,61.91,81.53,20.56,19.06,0.76,0.0
20230418:1710,82.99,109.5,10.11,18.57,1.17,0.0
20230418:1810,0.0,0.0,0.0,16.77,2.0,0.0
20230418:1910,0.0,0.0,0.0,14.84,1.66,0.0
20230418:2010,0.0,0.0,0.0,13.08,1.93,0.0
20230418:2110,0.0,0.0,0.0,11.73,2.34,0.0
20230418:2210,0.0,0.0,0.0,10.95,2.34,0.0
20230418:2310,0.0,0.0,0.0,10.18,2.14,0.0
20230419:0010,0.0,0.0,0.0,9.63,1.93,0.0
20230419:0110,0.0,0.0,0.0,8.95,1.93,0.0
20230419:0210,0.0,0.0,0.0,8.03,1.93,0.0
20230419:0310,0.0,0.0,0.0,7.47,1.86,0.0
20230419:0410,0.0,0.0,0.0,6.95,1.86,0.0
20230419:0510,17.64,30.29,5.67,6.77,1.79,0.0
20230419:0610,93.94,139.14,16.09,9.05,1.24,0.0
20230419:0710,316.56,354.24,26.49,13.78,1.17,0.0
20230419:0810,537.85,578.94,36.43,15.58,1.1,0.0
20230419:0910,709.03,775.45,45.3,16.67,1.1,0.0
20230419:1010,823.63,919.98,52.07,17.71,1.24,0.0
20230419:1110,901.45,1021.46,55.33,18.49,1.45,0.0
20230419:1210,911.49,1039.58,54.05,19.27,1.45,0.0
20230419:1310,861.29,975.8,48.67,19.88,1.45,0.0
20230419:1410,745.0,833.16,40.58,20.2,1.17,0.0
20230419:1510,583.17,639.06,31.02,20.36,1.31,0.0
20230419:1610,321.0,355.05,20.77,20.21,1.59,0.0
20230419:1710,137.17,178.03,10.31,19.62,1.79,0.0
20230419:1810,0.0,0.0,0.0,18.13,1.86,0.0
20230419:1910,0.0,0.0,0.0,16.16,1.66,0.0
20230419:2010,0.0,0.0,0.0,13.91,2.34,0.0
20230419:2110,0.0,0.0,0.0,12.68,2.55,0.0
20230419:2210,0.0,0.0,0.0,11.83,1.93,0.0
20230419:2310,0.0,0.0,0.0,10.98,1.31,0.0
20230420:0010,0.0,0.0,0.0,10.2,1.24,0.0
20230420:0110,0.0,0.0,0.0,9.48,1.38,0.0
20230420:0210,0.0,0.0,0.0,9.15,1.45,0.0
20230420:0310,0.0,0.0,0.0,9.74,1.59,0.0
20230420:0410,0.0,0.0,0.0,9.83,1.86,0.0
20230420:0510,9.7,20.83,5.96,9.87,2.07,0.0
20230420:0610,63.24,80.01,16.37,10.02,2.28,0.0
20230420:0710,62.13,78.62,26.77,10.05,3.24,0.0
20230420:0810,131.88,148.51,36.73,10.27,2.9,0.0
20230420:0910,103.38,120.36,45.62,10.55,3.24,0.0
20230420:1010,61.86,78.62,52.41,10.95,3.24,0.0
20230420:1110,57.03,73.77,55.68,11.37,3.1,0.0
20230420:1210,55.91,72.8,54.37,12.07,3.38,0.0
20230420:1310,50.33,66.97,48.94,12.18,3.52,0.0
20230420:1410,52.28,68.91,40.82,11.82,3.66,0.0
20230420:1510,37.65,53.38,31.24,11.95,4.21,0.0
20230420:1610,14.62,27.18,20.97,11.74,3.93,0.0
20230420:1710,4.44,13.59,10.52,11.24,4.41,0.0
20230420:1810,0.0,0.0,0.0,10.75,4.07,0.0
20230420:1910,0.0,0.0,0.0,9.96,2.62,0.0
20230420:2010,0.0,0.0,0.0,10.04,3.03,0.0
20230420:2110,0.0,0.0,0.0,9.99,3.45,0.0
20230420:2210,0.0,0.0,0.0,9.81,3.45,0.0
20230420:2310,0.0,0.0,0.0,9.53,2.97,0.0
20230421:0010,0.0,0.0,0.0,9.33,2.83,0.0
20230421:0110,0.0,0.0,0.0,9.33,2.9,0.0
20230421:0210,0.0,0.0,0.0,9.29,2.48,0.0
20230421:0310,0.0,0.0,0.0,9.3,2.0,0.0
20230421:0410,0.0,0.0,0.0,9.23,1.79,0.0
20230421:0510,0.02,5.68,6.24,9.1,1.72,0.0
20230421:0610,14.81,27.18,16.65,9.24,1.66,0.0
20230421:0710,131.77,148.17,27.05,9.15,1.59,0.0
20230421:0810,65.92,82.5,37.03,9.7,1.72,0.0
20230421:0910,195.48,211.6,45.94,10.31,2.21,0.0
20230421:1010,134.19,151.42,52.75,10.83,1.93,0.0
20230421:1110,271.0,288.79,56.02,11.48,1.72,0.0
20230421:1210,541.68,572.15,54.69,12.15,1.45,0.0
20230421:1310,323.33,343.81,49.22,12.42,1.24,0.0
20230421:1410,450.95,473.78,41.06,12.7,1.59,0.0
20230421:1510,217.12,235.29,31.45,12.95,2.0,0.0
20230421:1610,138.85,157.37,21.17,12.82,2.07,0.0
20230421:1710,36.88,52.96,10.72,12.55,1.72,0.0
20230421:1810,0.0,0.0,0.0,11.91,1.93,0.0
20230421:1910,0.0,0.0,0.0,11.38,1.72,0.0
20230421:2010,0.0,0.0,0.0,10.86,1.72,0.0
20230421:2110,0.0,0.0,0.0,10.38,1.72,0.0
20230421:2210,0.0,0.0,0.0,9.6,1.93,0.0
20230421:2310,0.0,0.0,0.0,9.56,1.93,0.0
20230422:0010,0.0,0.0,0.0,9.13,2.07,0.0
20230422:0110,0.0,0.0,0.0,9.17,2.14,0.0
20230422:0210,0.0,0.0,0.0,8.7,2.14,0.0
20230422:0310,0.0,0.0,0.0,8.15,2.21,0.0
20230422:0410,0.0,0.0,0.0,7.79,2.21,0.0
20230422:0510,24.16,37.87,6.52,7.73,2.14,0.0
20230422:0610,98.84,117.69,16.92,8.94,1.79,0.0
20230422:0710,257.72,279.8,27.33,11.72,1.66,0.0
20230422:0810,410.4,436.49,37.32,13.7,1.17,0.0
20230422:0910,538.01,576.19,46.25,14.64,1.03,0.0
20230422:1010,712.28,784.29,53.08,15.23,0.62,0.0
20230422:1110,788.88,886.88,56.36,16.02,0.48,0.0
20230422:1210,734.6,820.73,55.0,16.68,0.55,0.0
20230422:1310,574.69,628.17,49.49,16.79,0.62,0.0
20230422:1410,556.04,600.84,41.29,16.71,1.03,0.0
20230422:1510,461.74,494.12,31.66,16.8,1.38,0.0
20230422:1610,288.04,314.04,21.37,16.6,1.59,0.0
20230422:1710,53.87,73.17,10.92,16.16,1.52,0.0
20230422:1810,0.0,0.0,0.0,14.97,1.79,0.0
20230422:1910,0.0,0.0,0.0,14.26,1.59,0.0
20230422:2010,0.0,0.0,0.0,12.97,1.72,0.0
20230422:2110,0.0,0.0,0.0,11.92,1.79,0.0
20230422:2210,0.0,0.0,0.0,11.09,1.79,0.0
20230422:2310,0.0,0.0,0.0,10.38,1.72,0.0
20230423:0010,0.0,0.0,0.0,9.52,1.72,0.0
20230423:0110,0.0,0.0,0.0,9.49,1.59,0.0
20230423:0210,0.0,0.0,0.0,9.29,1.59,0.0
20230423:0310,0.0,0.0,0.0,9.26,1.52,0.0
20230423:0410,0.0,0.0,0.0,8.65,1.66,0.0
20230423:0510,22.41,35.97,6.79,8.27,1.59,0.0
20230423:0610,106.21,127.19,17.19,10.46,1.03,0.0
20230423:0710,193.8,215.85,27.6,14.26,0.62,0.0
20230423:0810,94.85,114.53,37.6,15.41,0.97,0.0
20230423:0910,577.72,621.28,46.55,16.15,1.45,0.0
20230423:1010,816.66,898.35,53.41,16.66,1.66,0.0
20230423:1110,884.48,984.19,56.7,17.62,1.93,0.0
20230423:1210,897.42,1000.16,55.31,18.0,2.07,0.0
20230423:1310,741.86,809.14,49.76,18.52,2.41,0.0
20230423:1410,308.07,335.18,41.52,18.46,2.07,0.0
20230423:1510,126.44,148.51,31.87,18.38,1.66,0.0
20230423:1610,193.74,217.99,21.57,18.25,1.45,0.0
20230423:1710,37.64,54.86,11.12,17.53,1.1,0.0
20230423:1810,0.0,0.0,0.0,16.35,1.38,0.0
20230423:1910,0.0,0.0,0.0,14.97,1.45,0.0
20230423:2010,0.0,0.0,0.0,13.71,1.79,0.0
20230423:2110,0.0,0.0,0.0,12.69,1.79,0.0
20230423:2210,0.0,0.0,0.0,11.79,1.31,0.0
20230423:2310,0.0,0.0,0.0,11.14,0.9,0.0
20230424:0010,0.0,0.0,0.0,11.83,0.34,0.0
20230424:0110,0.0,0.0,0.0,10.79,0.9,0.0
20230424:0210,0.0,0.0,0.0,10.16,1.1,0.0
20230424:0310,0.0,0.0,0.0,9.91,1.24,0.0
20230424:0410,0.0,0.0,0.0,10.0,0.76,0.0
20230424:0510,23.16,36.92,7.06,8.96,1.59,0.0
20230424:0610,107.62,155.1,17.46,10.6,0.97,0.0
20230424:0710,340.28,377.23,27.87,12.9,1.03,0.0
20230424:0810,559.64,597.62,37.88,14.74,1.45,0.0
20230424:0910,734.64,794.2,46.85,16.26,1.86,0.0
20230424:1010,853.16,941.4,53.74,17.64,2.07,0.0
20230424:1110,919.97,1030.58,57.03,18.76,2.21,0.0
20230424:1210,920.69,1041.97,55.62,19.51,1.93,0.0
20230424:1310,832.45,924.65,50.02,19.78,2.28,0.0
20230424:1410,771.9,851.28,41.75,20.05,2.14,0.0
20230424:1510,599.38,648.27,32.08,19.82,2.28,0.0
20230424:1610,390.71,427.46,21.77,19.39,2.14,0.0
20230424:1710,136.25,173.26,11.32,18.47,1.79,0.0
20230424:1810,0.0,0.0,0.0,16.59,2.41,0.0
20230424:1910,0.0,0.0,0.0,15.43,2.83,0.0
20230424:2010,0.0,0.0,0.0,14.58,3.38,0.0
20230424:2110,0.0,0.0,0.0,14.0,3.59,0.0
20230424:2210,0.0,0.0,0.0,13.23,3.59,0.0
20230424:2310,0.0,0.0,0.0,12.37,3.45,0.0
20230425:0010,0.0,0.0,0.0,11.52,2.76,0.0
20230425:0110,0.0,0.0,0.0,10.35,2.28,0.0
20230425:0210,0.0,0.0,0.0,9.08,1.79,0.0
20230425:0310,0.0,0.0,0.0,8.09,1.45,0.0
20230425:0410,0.0,0.0,0.0,8.5,1.1,0.0
20230425:0510,29.9,44.5,7.32,9.09,0.9,0.0
20230425:0610,110.75,158.94,17.72,8.87,0.34,0.0
20230425:0710,345.67,379.82,28.14,11.45,1.03,0.0
20230425:0810,532.01,562.04,38.16,12.24,1.24,0.0
20230425:0910,678.29,734.43,47.15,13.41,0.62,0.0
20230425:1010,817.11,910.21,54.06,14.59,0.62,0.0
20230425:1110,815.61,920.13,57.36,15.32,0.41,0.0
20230425:1210,221.4,244.6,55.93,16.22,1.17,0.0
20230425:1310,902.56,1002.51,50.28,17.19,2.0,0.0
20230425:1410,707.79,765.4,41.98,17.7,2.28,0.0
20230425:1510,625.78,666.46,32.28,17.98,3.1,0.0
20230425:1610,400.03,431.24,21.96,17.81,3.31,0.0
20230425:1710,148.94,187.08,11.52,17.06,2.62,0.0
20230425:1810,0.0,0.0,0.0,15.25,2.55,0.0
20230425:1910,0.0,0.0,0.0,13.43,2.41,0.0
20230425:2010,0.0,0.0,0.0,11.59,2.14,0.0
20230425:2110,0.0,0.0,0.0,10.14,1.52,0.0
20230425:2210,0.0,0.0,0.0,9.67,1.31,0.0
20230425:2310,0.0,0.0,0.0,8.17,1.72,0.0
20230426:0010,0.0,0.0,0.0,6.84,1.93,0.0
20230426:0110,0.0,0.0,0.0,5.74,2.14,0.0
20230426:0210,0.0,0.0,0.0,5.38,2.34,0.0
20230426:0310,0.0,0.0,0.0,5.53,2.55,0.0
20230426:0410,0.0,0.0,0.0,5.68,2.62,0.0
20230426:0510,30.46,44.5,7.58,5.79,2.69,0.0
20230426:0610,115.34,163.13,17.97,7.67,2.34,0.0
20230426:0710,353.45,385.1,28.4,11.24,1.93,0.0
20230426:0810,570.34,606.93,38.43,13.56,1.31,0.0
20230426:0910,728.33,802.25,47.44,15.02,0.48,0.0
20230426:1010,847.82,959.53,54.38,16.12,0.55,0.0
20230426:1110,895.73,1019.46,57.69,16.81,0.9,0.0
20230426:1210,913.41,1042.85,56.23,17.39,1.03,0.0
20230426:1310,876.27,990.77,50.54,17.8,1.17,0.0
20230426:1410,684.06,751.43,42.2,17.95,1.17,0.0
20230426:1510,613.8,667.19,32.48,17.62,1.1,0.0
20230426:1610,328.27,358.89,22.16,17.6,1.17,0.0
20230426:1710,127.18,159.65,11.71,17.19,0.76,0.0
20230426:1810,0.0,0.0,0.0,15.95,0.69,0.0
20230426:1910,0.0,0.0,0.0,15.43,0.83,0.0
20230426:2010,0.0,0.0,0.0,12.9,1.31,0.0
20230426:2110,0.0,0.0,0.0,12.23,1.24,0.0
20230426:2210,0.0,0.0,0.0,11.17,1.38,0.0
20230426:2310,0.0,0.0,0.0,9.54,1.66,0.0
20230427:0010,0.0,0.0,0.0,7.98,1.86,0.0
20230427:0110,0.0,0.0,0.0,7.12,1.93,0.0
20230427:0210,0.0,0.0,0.0,6.56,2.0,0.0
20230427:0310,0.0,0.0,0.0,6.16,2.0,0.0
20230427:0410,0.0,0.0,0.0,5.91,1.93,0.0
20230427:0510,33.92,48.28,7.84,6.02,1.72,0.0
20230427:0610,117.7,163.26,18.23,9.45,0.97,0.0
20230427:0710,338.65,373.41,28.65,13.08,1.03,0.0
20230427:0810,540.19,576.47,38.7,14.34,1.24,0.0
20230427:0910,694.56,751.23,47.73,15.49,1.38,0.0
20230427:1010,727.23,794.92,54.69,16.46,1.52,0.0
20230427:1110,871.41,978.48,58.01,17.28,1.38,0.0
20230427:1210,889.57,1007.24,56.52,17.97,1.31,0.0
20230427:1310,832.14,932.5,50.8,18.33,1.38,0.0
20230427:1410,659.86,721.65,42.43,18.68,1.52,0.0
20230427:1510,548.68,594.0,32.69,18.67,1.45,0.0
20230427:1610,376.4,412.87,22.35,18.59,1.17,0.0
20230427:1710,143.89,181.42,11.91,18.19,0.97,0.0
20230427:1810,0.0,1.89,1.72,17.18,0.55,0.0
20230427:1910,0.0,0.0,0.0,14.3,1.52,0.0
20230427:2010,0.0,0.0,0.0,12.7,1.66,0.0
20230427:2110,0.0,0.0,0.0,11.82,1.59,0.0
20230427:2210,0.0,0.0,0.0,11.35,1.59,0.0
20230427:2310,0.0,0.0,0.0,10.65,1.72,0.0
20230428:0010,0.0,0.0,0.0,10.27,1.72,0.0
20230428:0110,0.0,0.0,0.0,10.09,1.66,0.0
20230428:0210,0.0,0.0,0.0,9.64,1.72,0.0
20230428:0310,0.0,0.0,0.0,9.03,1.66,0.0
20230428:0410,0.0,0.0,0.0,8.38,1.66,0.0
20230428:0510,34.35,49.23,8.09,8.51,1.38,0.0
20230428:0610,119.41,141.91,18.47,11.35,0.69,0.0
20230428:0710,219.0,240.49,28.9,13.82,1.45,0.0
20230428:0810,373.8,398.88,38.96,14.64,1.52,0.0
20230428:0910,683.74,737.08,48.01,15.57,1.52,0.0
20230428:1010,816.01,900.69,55.0,16.26,1.38,0.0
20230428:1110,883.27,995.8,58.33,17.02,1.17,0.0
20230428:1210,887.97,1010.5,56.82,17.85,1.03,0.0
20230428:1310,824.24,943.49,51.05,18.58,0.48,0.0
20230428:1410,653.87,728.7,42.65,18.59,0.34,0.0
20230428:1510,549.67,602.0,32.89,19.08,0.69,0.0
20230428:1610,328.58,362.18,22.54,19.18,1.03,0.0
20230428:1710,124.72,157.33,12.1,18.75,1.52,0.0
20230428:1810,0.0,2.84,1.92,17.62,1.17,0.0
20230428:1910,0.0,0.0,0.0,17.63,0.83,0.0
20230428:2010,0.0,0.0,0.0,14.74,1.66,0.0
20230428:2110,0.0,0.0,0.0,13.7,1.52,0.0
20230428:2210,0.0,0.0,0.0,13.44,1.17,0.0
20230428:2310,0.0,0.0,0.0,13.24,0.97,0.0
20230429:0010,0.0,0.0,0.0,12.51,1.1,0.0
20230429:0110,0.0,0.0,0.0,12.01,1.17,0.0
20230429:0210,0.0,0.0,0.0,12.04,0.97,0.0
20230429:0310,0.0,0.0,0.0,12.95,0.62,0.0
20230429:0410,0.0,0.0,0.0,12.46,0.76,0.0
20230429:0510,0.87,7.57,8.34,12.32,0.21,0.0
20230429:0610,25.21,39.8,18.72,12.48,0.28,0.0
20230429:0710,154.98,175.73,29.15,14.07,0.07,0.0
20230429:0810,255.23,279.45,39.22,15.09,0.21,0.0
20230429:0910,420.82,454.1,48.29,16.58,1.1,0.0
20230429:1010,413.69,448.81,55.3,18.07,1.52,0.0
20230429:1110,666.71,737.44,58.64,19.58,1.52,0.0
20230429:1210,709.49,794.36,57.11,20.23,1.24,0.0
20230429:1310,494.04,545.27,51.3,20.94,1.1,0.0
20230429:1410,269.61,301.28,42.86,21.54,1.1,0.0
20230429:1510,310.39,343.57,33.08,21.7,1.17,0.0
20230429:1610,234.51,263.75,22.73,21.5,1.72,0.0
20230429:1710,129.82,164.91,12.29,20.76,1.59,0.0
20230429:1810,0.0,2.84,2.13,19.39,1.79,0.0
20230429:1910,0.0,0.0,0.0,17.14,1.17,0.0
20230429:2010,0.0,0.0,0.0,15.5,1.52,0.0
20230429:2110,0.0,0.0,0.0,14.25,1.59,0.0
20230429:2210,0.0,0.0,0.0,13.41,1.59,0.0
20230429:2310,0.0,0.0,0.0,12.92,1.59,0.0
20230430:0010,0.0,0.0,0.0,12.55,1.66,0.0
20230430:0110,0.0,0.0,0.0,12.46,1.52,0.0
20230430:0210,0.0,0.0,0.0,12.8,1.31,0.0
20230430:0310,0.0,0.0,0.0,12.99,1.24,0.0
20230430:0410,0.0,0.0,0.0,12.8,1.24,0.0
20230430:0510,6.07,16.09,8.58,13.13,0.9,0.0
20230430:0610,79.78,98.91,18.96,14.21,0.41,0.0
20230430:0710,73.45,92.21,29.39,15.19,1.66,0.0
20230430:0810,159.8,180.54,39.47,15.54,1.79,0.0
20230430:0910,413.65,444.07,48.56,16.2,1.52,0.0
20230430:1010,416.83,450.77,55.6,17.17,1.38,0.0
20230430:1110,352.64,383.41,58.95,17.29,1.17,0.0
20230430:1210,337.01,367.92,57.4,17.54,0.9,0.0
20230430:1310,119.97,141.71,51.55,17.57,0.62,0.0
20230430:1410,135.24,157.24,43.08,17.36,0.83,0.0
20230430:1510,170.9,192.7,33.28,16.7,1.66,0.0
20230430:1610,82.18,101.92,22.92,16.86,1.93,0.0
20230430:1710,27.24,42.71,12.49,16.42,1.45,0.0
20230430:1810,0.0,2.84,2.33,15.92,1.38,0.0
20230430:1910,0.0,0.0,0.0,14.26,1.72,0.0
20230430:2010,0.0,0.0,0.0,13.84,1.93,0.0
20230430:2110,0.0,0.0,0.0,13.43,2.14,0.0
20230430:2210,0.0,0.0,0.0,13.38,2.14,0.0
20230430:2310,0.0,0.0,0.0,13.26,2.14,0.0
20230501:0010,0.0,0.0,0.0,13.06,2.07,0.0
20230501:0110,0.0,0.0,0.0,12.68,1.79,0.0
20230501:0210,0.0,0.0,0.0,12.38,1.52,0.0
20230501:0310,0.0,0.0,0.0,12.18,1.52,0.0
20230501:0410,0.0,0.0,0.0,11.98,1.45,0.0
20230501:0510,33.79,49.23,8.82,11.71,1.24,0.0
20230501:0610,50.04,66.97,19.19,12.65,0.62,0.0
20230501:0710,97.91,116.47,29.63,13.29,1.72,0.0
20230501:0810,85.31,103.86,39.72,13.72,1.59,0.0
20230501:0910,200.75,221.3,48.83,14.21,1.24,0.0
20230501:1010,117.33,136.86,55.89,14.41,1.38,0.0
20230501:1110,228.43,249.45,59.26,14.62,1.72,0.0
20230501:1210,410.23,435.24,57.68,13.93,1.93,0.0
20230501:1310,311.4,332.25,51.8,14.04,2.34,0.0
20230501:1410,285.13,305.01,43.29,14.35,2.76,0.0
20230501:1510,246.29,265.52,33.47,14.48,2.76,0.0
20230501:1610,118.09,137.42,23.11,14.71,2.83,0.0
20230501:1710,12.08,24.27,12.68,14.57,2.48,0.0
20230501:1810,0.0,0.97,2.53,14.22,1.66,0.0
20230501:1910,0.0,0.0,0.0,13.11,1.38,0.0
20230501:2010,0.0,0.0,0.0,12.65,1.03,0.0
20230501:2110,0.0,0.0,0.0,11.94,0.83,0.0
20230501:2210,0.0,0.0,0.0,12.15,0.55,0.0
20230501:2310,0.0,0.0,0.0,12.26,0.34,0.0
20230502:0010,0.0,0.0,0.0,12.15,0.48,0.0
20230502:0110,0.0,0.0,0.0,11.2,0.83,0.0
20230502:0210,0.0,0.0,0.0,10.67,1.17,0.0
20230502:0310,0.0,0.0,0.0,10.37,1.38,0.0
20230502:0410,0.0,0.0,0.0,10.2,1.38,0.0
20230502:0510,12.66,24.61,9.06,10.06,1.17,0.0
20230502:0610,138.88,166.3,19.42,11.88,0.83,0.0
20230502:0710,0.0,0.0,0.0,13.66,0.97,0.0
20230502:0810,331.84,358.46,39.96,15.54,0.9,0.0
20230502:0910,667.9,734.07,49.09,17.18,0.83,0.0
20230502:1010,819.09,925.94,56.18,18.73,0.97,0.0
20230502:1110,867.0,1003.13,59.56,19.97,0.76,0.0
20230502:1210,878.93,1041.57,57.96,20.9,0.28,0.0
20230502:1310,847.19,988.98,52.04,21.38,0.55,0.0
20230502:1410,746.76,836.63,43.5,21.37,1.45,0.0
20230502:1510,533.89,577.95,33.67,20.62,2.34,0.0
20230502:1610,371.74,401.87,23.3,19.06,3.86,0.0
20230502:1710,157.05,193.6,12.86,17.37,3.66,0.0
20230502:1810,1.42,8.74,2.73,16.02,2.9,0.0
20230502:1910,0.0,0.0,0.0,14.56,2.28,0.0
20230502:2010,0.0,0.0,0.0,13.6,1.45,0.0
20230502:2110,0.0,0.0,0.0,12.98,0.69,0.0
20230502:2210,0.0,0.0,0.0,12.71,0.76,0.0
20230502:2310,0.0,0.0,0.0,12.22,0.9,0.0
20230503:0010,0.0,0.0,0.0,12.4,0.76,0.0
20230503:0110,0.0,0.0,0.0,12.23,0.55,0.0
20230503:0210,0.0,0.0,0.0,12.23,0.69,0.0
20230503:0310,0.0,0.0,0.0,10.33,1.31,0.0
20230503:0410,0.0,0.0,0.0,9.16,1.86,0.0
20230503:0510,43.07,58.7,9.29,9.35,1.93,0.0
20230503:0610,132.26,179.59,19.64,11.5,1.59,0.0
20230503:0710,355.77,391.34,30.08,13.49,0.97,0.0
20230503:0810,536.46,584.09,40.19,15.08,0.07,0.0
20230503:0910,716.69,784.73,49.35,16.54,1.1,0.0
20230503:1010,837.27,928.41,56.47,17.63,1.72,0.0
20230503:1110,834.48,925.77,59.86,18.27,2.07,0.0
20230503:1210,882.86,987.81,58.24,18.54,2.0,0.0
20230503:1310,862.55,963.62,52.28,18.75,1.86,0.0
20230503:1410,740.12,813.28,43.71,19.32,1.93,0.0
20230503:1510,608.91,659.28,33.86,19.43,2.07,0.0
20230503:1610,365.46,398.77,23.48,19.16,2.14,0.0
20230503:1710,155.31,192.55,13.05,18.64,2.21,0.0
20230503:1810,1.92,9.71,2.92,17.45,2.0,0.0
20230503:1910,0.0,0.0,0.0,16.24,2.69,0.0
20230503:2010,0.0,0.0,0.0,15.28,2.62,0.0
20230503:2110,0.0,0.0,0.0,14.52,2.28,0.0
20230503:2210,0.0,0.0,0.0,13.85,1.79,0.0
20230503:2310,0.0,0.0,0.0,13.63,1.24,0.0
20230504:0010,0.0,0.0,0.0,13.3,1.17,0.0
20230504:0110,0.0,0.0,0.0,13.15,1.24,0.0
20230504:0210,0.0,0.0,0.0,12.81,1.45,0.0
20230504:0310,0.0,0.0,0.0,12.77,1.38,0.0
20230504:0410,0.0,0.0,0.0,12.67,1.45,0.0
20230504:0510,25.98,40.71,9.51,12.86,1.17,0.0
20230504:0610,116.74,138.46,19.86,14.58,0.97,0.0
20230504:0710,296.46,325.39,30.3,15.32,1.1,0.0
20230504:0810,557.11,604.07,40.43,16.24,0.76,0.0
20230504:0910,704.0,775.99,49.6,16.85,0.76,0.0
20230504:1010,787.23,889.36,56.74,17.58,0.55,0.0
20230504:1110,830.14,958.03,60.15,18.13,0.28,0.0
20230504:1210,820.97,957.76,58.51,18.7,0.0,0.0
20230504:1310,586.55,654.0,52.51,19.0,0.28,0.0
20230504:1410,684.38,764.35,43.91,19.21,0.62,0.0
20230504:1510,539.03,591.11,34.04,19.54,0.76,0.0
20230504:1610,348.85,385.55,23.66,19.66,0.76,0.0
20230504:1710,161.97,202.79,13.24,19.62,0.76,0.0
20230504:1810,0.0,3.88,3.12,18.66,0.62,0.0
20230504:1910,0.0,0.0,0.0,17.4,1.38,0.0
20230504:2010,0.0,0.0,0.0,15.43,1.59,0.0
20230504:2110,0.0,0.0,0.0,13.89,1.72,0.0
20230504:2210,0.0,0.0,0.0,12.83,1.79,0.0
20230504:2310,0.0,0.0,0.0,12.14,1.86,0.0
20230505:0010,0.0,0.0,0.0,11.63,1.86,0.0
20230505:0110,0.0,0.0,0.0,10.99,1.93,0.0
20230505:0210,0.0,0.0,0.0,10.45,2.0,0.0
20230505:0310,0.0,0.0,0.0,9.94,1.93,0.0
20230505:0410,0.0,0.0,0.0,9.41,2.0,0.0
20230505:0510,32.43,47.34,9.73,9.65,1.66,0.0
20230505:0610,131.9,155.3,20.08,13.4,1.03,0.0
20230505:0710,334.29,372.9,30.52,17.18,0.83,0.0
20230505:0810,531.92,581.09,40.65,18.41,0.9,0.0
20230505:0910,685.31,761.03,49.85,19.4,0.97,0.0
20230505:1010,708.98,795.45,57.02,20.14,1.03,0.0
20230505:1110,786.26,899.02,60.44,21.06,0.97,0.0
20230505:1210,737.33,839.1,58.78,21.45,0.97,0.0
20230505:1310,715.95,814.26,52.74,22.06,0.9,0.0
20230505:1410,694.37,782.75,44.12,22.54,1.1,0.0
20230505:1510,576.13,639.98,34.23,22.4,1.03,0.0
20230505:1610,376.62,419.92,23.84,22.17,1.1,0.0
20230505:1710,153.73,193.64,13.42,21.8,1.17,0.0
20230505:1810,3.07,12.44,3.31,20.56,1.59,0.0
20230505:1910,0.0,0.0,0.0,18.66,1.24,0.0
20230505:2010,0.0,0.0,0.0,19.01,0.62,0.0
20230505:2110,0.0,0.0,0.0,18.27,0.48,0.0
20230505:2210,0.0,0.0,0.0,17.3,0.55,0.0
20230505:2310,0.0,0.0,0.0,16.35,0.83,0.0
20230506:0010,0.0,0.0,0.0,15.12,1.03,0.0
20230506:0110,0.0,0.0,0.0,14.3,1.1,0.0
20230506:0210,0.0,0.0,0.0,13.86,1.1,0.0
20230506:0310,0.0,0.0,0.0,13.15,1.17,0.0
20230506:0410,0.0,0.0,0.0,12.3,1.45,0.0
20230506:0510,40.68,56.8,9.94,12.17,1.45,0.0
20230506:0610,141.69,183.1,20.29,14.51,0.83,0.0
20230506:0710,339.45,382.11,30.73,18.09,0.41,0.0
20230506:0810,544.14,604.52,40.87,19.55,0.21,0.0
20230506:0910,700.24,790.83,50.09,21.0,0.62,0.0
20230506:1010,800.48,917.98,57.29,22.14,1.03,0.0
20230506:1110,850.27,981.93,60.72,22.91,1.38,0.0
20230506:1210,818.17,940.07,59.04,23.51,1.59,0.0
20230506:1310,789.79,903.24,52.97,23.84,1.59,0.0
20230506:1410,711.15,802.68,44.32,24.03,1.59,0.0
20230506:1510,559.32,622.72,34.41,23.98,1.38,0.0
20230506:1610,369.22,416.3,24.02,23.71,0.69,0.0
20230506:1710,150.12,190.26,13.6,22.95,0.34,0.0
20230506:1810,4.2,14.34,3.51,22.1,1.03,0.0
20230506:1910,0.0,0.0,0.0,20.08,0.9,0.0
20230506:2010,0.0,0.0,0.0,17.79,1.38,0.0
20230506:2110,0.0,0.0,0.0,16.57,1.59,0.0
20230506:2210,0.0,0.0,0.0,16.13,1.38,0.0
20230506:2310,0.0,0.0,0.0,15.55,1.24,0.0
20230507:0010,0.0,0.0,0.0,16.34,0.62,0.0
20230507:0110,0.0,0.0,0.0,13.85,1.38,0.0
20230507:0210,0.0,0.0,0.0,13.35,1.59,0.0
20230507:0310,0.0,0.0,0.0,13.33,1.52,0.0
20230507:0410,0.0,0.0,0.0,13.0,1.31,0.0
20230507:0510,9.52,20.83,10.15,13.02,1.38,0.0
20230507:0610,143.37,183.83,20.49,15.6,1.1,0.0
20230507:0710,259.3,286.22,30.94,16.88,1.38,0.0
20230507:0810,343.05,376.76,41.09,18.65,0.55,0.0
20230507:0910,476.47,526.56,50.33,19.95,0.55,0.0
20230507:1010,704.37,790.92,57.55,20.91,1.17,0.0
20230507:1110,855.39,972.68,61.0,21.6,1.79,0.0
20230507:1210,356.85,393.45,59.3,21.94,2.34,0.0
20230507:1310,833.01,941.5,53.2,22.17,2.0,0.0
20230507:1410,696.37,783.4,44.51,21.93,1.03,0.0
20230507:1510,288.53,321.77,34.6,22.06,0.9,0.0
20230507:1610,206.89,235.22,24.2,21.51,1.03,0.0
20230507:1710,101.54,127.6,13.78,19.84,0.76,0.0
20230507:1810,2.47,10.68,3.7,17.84,1.45,0.0
20230507:1910,0.0,0.0,0.0,17.26,1.66,0.0
20230507:2010,0.0,0.0,0.0,16.57,1.66,0.0
20230507:2110,0.0,0.0,0.0,16.04,1.66,0.0
20230507:2210,0.0,0.0,0.0,15.37,1.79,0.0
20230507:2310,0.0,0.0,0.0,15.2,1.66,0.0
20230508:0010,0.0,0.0,0.0,14.57,1.66,0.0
20230508:0110,0.0,0.0,0.0,14.15,1.45,0.0
20230508:0210,0.0,0.0,0.0,13.86,1.38,0.0
20230508:0310,0.0,0.0,0.0,13.71,1.31,0.0
20230508:0410,0.0,0.0,0.0,13.59,1.17,0.0
20230508:0510,49.1,66.27,10.36,13.85,0.9,0.0
20230508:0610,145.45,185.43,20.69,15.41,0.55,0.0
20230508:0710,362.38,402.46,31.14,16.38,1.17,0.0
20230508:0810,566.38,615.06,41.3,17.68,1.17,0.0
20230508:0910,481.01,523.88,50.56,18.62,1.24,0.0
20230508:1010,412.15,450.51,57.81,19.27,1.38,0.0
20230508:1110,653.12,717.27,61.27,20.36,2.34,0.0
20230508:1210,619.19,677.81,59.56,20.52,2.48,0.0
20230508:1310,703.17,774.68,53.42,20.59,2.28,0.0
20230508:1410,731.56,802.39,44.71,20.56,2.41,0.0
20230508:1510,288.2,316.53,34.78,20.46,2.34,0.0
20230508:1610,51.01,69.88,24.38,19.85,2.0,0.0
20230508:1710,87.94,111.29,13.96,19.6,1.93,0.0
20230508:1810,6.29,17.9,3.89,18.91,1.59,0.0
20230508:1910,0.0,0.0,0.0,17.11,1.24,0.0
20230508:2010,0.0,0.0,0.0,16.26,1.45,0.0
20230508:2110,0.0,0.0,0.0,15.62,1.59,0.0
20230508:2210,0.0,0.0,0.0,15.17,1.38,0.0
20230508:2310,0.0,0.0,0.0,15.18,1.1,0.0
20230509:0010,0.0,0.0,0.0,15.37,1.66,0.0
20230509:0110,0.0,0.0,0.0,14.89,1.59,0.0
20230509:0210,0.0,0.0,0.0,14.61,1.24,0.0
20230509:0310,0.0,0.0,0.0,14.45,1.52,0.0
20230509:0410,0.0,0.0,0.0,14.26,1.72,0.0
20230509:0510,7.37,17.99,10.55,14.17,1.72,0.0
20230509:0610,57.05,74.74,20.88,14.23,1.66,0.0
20230509:0710,90.53,109.68,31.33,14.93,1.93,0.0
20230509:0810,225.98,247.33,41.5,15.37,2.07,0.0
20230509:0910,318.44,343.3,50.78,16.56,2.41,0.0
20230509:1010,420.02,450.37,58.06,16.81,2.34,0.0
20230509:1110,463.56,499.37,61.54,17.84,2.34,0.0
20230509:1210,318.72,347.13,59.81,18.51,2.34,0.0
20230509:1310,473.17,512.32,53.64,19.02,2.14,0.0
20230509:1410,171.03,195.09,44.9,19.26,1.79,0.0
20230509:1510,82.13,102.89,34.95,19.31,2.07,0.0
20230509:1610,46.91,65.03,24.55,18.46,2.21,0.0
20230509:1710,31.36,47.56,14.14,17.4,2.0,0.0
20230509:1810,0.46,6.79,4.07,16.14,2.21,0.0
20230509:1910,0.0,0.0,0.0,15.18,2.34,0.0
20230509:2010,0.0,0.0,0.0,14.71,2.83,0.0
20230509:2110,0.0,0.0,0.0,14.41,3.1,0.0
20230509:2210,0.0,0.0,0.0,14.07,3.52,0.0
20230509:2310,0.0,0.0,0.0,13.7,3.86,0.0
20230510:0010,0.0,0.0,0.0,13.3,3.66,0.0
20230510:0110,0.0,0.0,0.0,12.93,3.24,0.0
20230510:0210,0.0,0.0,0.0,12.73,2.48,0.0
20230510:0310,0.0,0.0,0.0,12.74,1.66,0.0
20230510:0410,0.0,0.0,0.0,12.75,1.1,0.0
20230510:0510,3.57,12.31,10.75,12.67,0.62,0.0
20230510:0610,37.39,53.38,21.07,12.89,1.59,0.0
20230510:0710,151.28,170.43,31.52,13.1,1.17,0.0
20230510:0810,133.35,152.39,41.7,13.36,1.45,0.0
20230510:0910,180.64,199.95,51.0,13.35,1.52,0.0
20230510:1010,118.82,137.83,58.3,13.74,1.86,0.0
20230510:1110,254.04,274.88,61.8,14.2,1.86,0.0
20230510:1210,336.1,360.5,60.06,14.8,1.66,0.0
20230510:1310,366.49,391.35,53.85,15.15,2.07,0.0
20230510:1410,440.64,467.73,45.09,15.3,2.07,0.0
20230510:1510,346.66,369.03,35.13,15.5,2.28,0.0
20230510:1610,105.98,125.52,24.72,15.16,2.21,0.0
20230510:1710,73.51,92.87,14.32,14.53,1.52,0.0
20230510:1810,11.28,29.79,4.26,13.81,1.38,0.0
20230510:1910,0.0,0.0,0.0,13.52,0.62,0.0
20230510:2010,0.0,0.0,0.0,12.36,1.24,0.0
20230510:2110,0.0,0.0,0.0,11.47,1.31,0.0
20230510:2210,0.0,0.0,0.0,10.94,0.9,0.0
20230510:2310,0.0,0.0,0.0,11.31,0.48,0.0
20230511:0010,0.0,0.0,0.0,10.64,0.69,0.0
20230511:0110,0.0,0.0,0.0,9.92,0.9,0.0
20230511:0210,0.0,0.0,0.0,9.13,1.17,0.0
20230511:0310,0.0,0.0,0.0,8.51,1.45,0.0
20230511:0410,0.0,0.0,0.0,8.04,1.52,0.0
20230511:0510,46.82,62.48,10.94,8.52,1.17,0.0
20230511:0610,158.27,192.81,21.25,11.54,0.9,0.0
20230511:0710,310.5,338.75,31.7,13.8,0.48,0.0
20230511:0810,443.59,479.65,41.89,15.31,0.34,0.0
20230511:0910,474.03,518.83,51.21,16.74,0.14,0.0
20230511:1010,751.12,854.29,58.54,17.7,0.14,0.0
20230511:1110,803.4,920.6,62.06,18.36,0.41,0.0
20230511:1210,879.92,1012.98,60.31,18.94,0.83,0.0
20230511:1310,772.34,866.47,54.07,19.12,1.17,0.0
20230511:1410,51.25,69.88,45.28,18.62,0.9,0.0
20230511:1510,68.58,87.36,35.3,16.2,3.17,0.0
20230511:1610,38.06,54.35,24.89,14.24,2.76,0.0
20230511:1710,35.48,51.44,14.49,13.74,2.28,0.0
20230511:1810,1.46,8.74,4.44,13.36,1.72,0.0
20230511:1910,0.0,0.0,0.0,12.46,2.0,0.0
20230511:2010,0.0,0.0,0.0,12.34,2.0,0.0
20230511:2110,0.0,0.0,0.0,11.97,1.66,0.0
20230511:2210,0.0,0.0,0.0,11.27,1.31,0.0
20230511:2310,0.0,0.0,0.0,10.58,1.1,0.0
20230512:0010,0.0,0.0,0.0,10.31,0.97,0.0
20230512:0110,0.0,0.0,0.0,10.22,0.97,0.0
20230512:0210,0.0,0.0,0.0,9.87,1.17,0.0
20230512:0310,0.0,0.0,0.0,9.58,1.03,0.0
20230512:0410,0.0,0.0,0.0,9.18,1.1,0.0
20230512:0510,3.05,11.36,11.12,9.48,0.76,0.0
20230512:0610,33.15,48.53,21.43,11.54,0.34,0.0
20230512:0710,219.53,239.72,31.88,12.49,0.69,0.0
20230512:0810,256.36,277.13,42.08,13.49,1.1,0.0
20230512:0910,186.43,206.74,51.42,14.25,1.31,0.0
20230512:1010,149.2,169.86,58.78,15.48,1.52,0.0
20230512:1110,657.9,712.91,62.32,16.23,1.79,0.0
20230512:1210,327.02,353.85,60.55,16.71,1.86,0.0
20230512:1310,126.66,147.53,54.28,16.78,2.21,0.0
20230512:1410,347.43,373.2,45.46,16.6,2.14,0.0
20230512:1510,422.36,445.32,35.47,14.79,2.34,0.0
20230512:1610,85.33,103.86,25.06,13.91,2.28,0.0
20230512:1710,19.2,33.0,14.66,14.07,0.83,0.0
20230512:1810,0.0,3.88,4.62,13.83,0.69,0.0
20230512:1910,0.0,0.0,0.0,12.18,1.52,0.0
20230512:2010,0.0,0.0,0.0,11.65,1.45,0.0
20230512:2110,0.0,0.0,0.0,11.21,1.24,0.0
20230512:2210,0.0,0.0,0.0,10.89,0.97,0.0
20230512:2310,0.0,0.0,0.0,10.69,0.76,0.0
20230513:0010,0.0,0.0,0.0,10.53,0.76,0.0
20230513:0110,0.0,0.0,0.0,10.79,0.83,0.0
20230513:0210,0.0,0.0,0.0,10.91,1.24,0.0
20230513:0310,0.0,0.0,0.0,10.67,1.17,0.0
20230513:0410,0.0,0.0,0.0,10.7,0.83,0.0
20230513:0510,33.08,48.28,11.3,10.74,0.83,0.0
20230513:0610,125.0,144.12,21.6,11.11,0.97,0.0
20230513:0710,237.71,256.91,32.05,11.79,1.24,0.0
20230513:0810,233.89,253.1,42.26,12.66,1.31,0.0
20230513:0910,134.25,153.36,51.62,13.29,1.17,0.0
20230513:1010,287.22,310.2,59.01,14.55,1.31,0.0
20230513:1110,458.23,490.65,62.57,15.08,1.52,0.0
20230513:1210,695.97,758.1,60.78,15.67,1.45,0.0
20230513:1310,484.5,519.87,54.48,15.9,1.52,0.0
20230513:1410,357.33,384.08,45.64,15.87,1.38,0.0
20230513:1510,336.35,361.39,35.64,16.03,1.38,0.0
20230513:1610,404.86,437.45,25.23,16.0,1.1,0.0
20230513:1710,62.35,81.03,14.83,15.49,1.1,0.0
20230513:1810,0.93,7.76,4.8,14.94,1.17,0.0
20230513:1910,0.0,0.0,0.0,13.73,1.45,0.0
20230513:2010,0.0,0.0,0.0,12.62,1.1,0.0
20230513:2110,0.0,0.0,0.0,12.18,0.9,0.0
20230513:2210,0.0,0.0,0.0,11.57,1.03,0.0
20230513:2310,0.0,0.0,0.0,11.07,1.24,0.0
20230514:0010,0.0,0.0,0.0,10.82,1.24,0.0
20230514:0110,0.0,0.0,0.0,11.1,1.31,0.0
20230514:0210,0.0,0.0,0.0,11.13,1.17,0.0
20230514:0310,0.0,0.0,0.0,10.88,1.17,0.0
20230514:0410,0.0,0.95,1.65,10.7,1.17,0.0
20230514:0510,9.66,20.83,11.47,10.57,1.1,0.0
20230514:0610,160.49,187.93,21.77,12.11,0.76,0.0
20230514:0710,132.51,151.42,32.22,12.41,0.34,0.0
20230514:0810,479.2,509.28,42.44,13.59,1.17,0.0
20230514:0910,580.38,619.43,51.81,14.52,1.59,0.0
20230514:1010,776.1,844.42,59.23,15.18,1.72,0.0
20230514:1110,575.61,619.74,62.81,16.15,1.86,0.0
20230514:1210,703.28,763.88,61.01,16.88,2.14,0.0
20230514:1310,834.32,915.0,54.68,17.24,2.28,0.0
20230514:1410,689.46,746.83,45.82,17.53,2.0,0.0
20230514:1510,434.11,465.39,35.81,17.43,1.72,0.0
20230514:1610,115.39,136.46,25.39,17.01,1.1,0.0
20230514:1710,71.65,91.2,15.0,15.82,0.83,0.0
20230514:1810,14.88,33.35,4.98,15.15,1.52,0.0
20230514:1910,0.0,0.0,0.0,13.37,1.1,0.0
20230514:2010,0.0,0.0,0.0,12.62,1.17,0.0
20230514:2110,0.0,0.0,0.0,11.64,1.31,0.0
20230514:2210,0.0,0.0,0.0,10.92,1.31,0.0
20230514:2310,0.0,0.0,0.0,10.24,1.31,0.0
20230515:0010,0.0,0.0,0.0,9.83,1.24,0.0
20230515:0110,0.0,0.0,0.0,9.55,1.17,0.0
20230515:0210,0.0,0.0,0.0,9.02,1.24,0.0
20230515:0310,0.0,0.0,0.0,8.33,1.38,0.0
20230515:0410,0.0,1.89,1.83,8.07,1.38,0.0
20230515:0510,49.52,65.32,11.64,8.66,1.31,0.0
20230515:0610,155.39,204.31,21.93,11.35,0.9,0.0
20230515:0710,380.28,418.35,32.38,14.32,0.69,0.0
20230515:0810,574.4,628.89,42.61,15.93,0.14,0.0
20230515:0910,743.87,831.43,52.0,17.28,0.48,0.0
20230515:1010,845.52,973.69,59.45,18.46,0.41,0.0
20230515:1110,899.22,1063.71,63.05,19.42,0.21,0.0
20230515:1210,895.51,1061.58,61.24,20.27,0.28,0.0
20230515:1310,863.68,1003.79,54.88,20.71,0.69,0.0
20230515:1410,752.16,853.22,46.0,21.13,0.83,0.0
20230515:1510,551.83,609.24,35.97,21.17,0.97,0.0
20230515:1610,239.18,267.83,25.55,20.65,1.31,0.0
20230515:1710,188.89,230.9,15.16,20.05,1.72,0.0
20230515:1810,15.17,38.37,5.15,18.65,1.93,0.0
20230515:1910,0.0,0.0,0.0,15.05,1.59,0.0
20230515:2010,0.0,0.0,0.0,13.86,1.38,0.0
20230515:2110,0.0,0.0,0.0,12.67,1.72,0.0
20230515:2210,0.0,0.0,0.0,11.7,1.79,0.0
20230515:2310,0.0,0.0,0.0,10.79,1.86,0.0
20230516:0010,0.0,0.0,0.0,10.0,1.86,0.0
20230516:0110,0.0,0.0,0.0,9.69,2.14,0.0
20230516:0210,0.0,0.0,0.0,9.93,2.48,0.0
20230516:0310,0.0,0.0,0.0,10.04,2.69,0.0
20230516:0410,0.0,3.79,2.0,10.16,2.83,0.0
20230516:0510,61.81,78.58,11.8,10.84,2.69,0.0
20230516:0610,165.24,204.11,22.09,12.53,2.34,0.0
20230516:0710,242.32,263.84,32.54,15.19,2.97,0.0
20230516:0810,434.15,463.72,42.77,17.16,2.83,0.0
20230516:0910,394.71,426.07,52.18,18.22,2.41,0.0
20230516:1010,158.77,181.51,59.66,18.35,2.21,0.0
20230516:1110,162.3,184.42,63.28,17.55,2.34,0.0
20230516:1210,126.59,147.53,61.46,16.89,2.21,0.0
20230516:1310,162.79,184.42,55.08,16.46,1.59,0.0
20230516:1410,151.17,172.77,46.17,16.7,1.52,0.0
20230516:1510,183.47,205.68,36.14,17.04,2.0,0.0
20230516:1610,232.38,255.99,25.71,17.49,2.21,0.0
20230516:1710,44.51,62.12,15.33,17.28,2.14,0.0
20230516:1810,1.94,9.71,5.32,16.6,2.41,0.0
20230516:1910,0.0,0.0,0.0,16.18,2.14,0.0
20230516:2010,0.0,0.0,0.0,15.1,2.0,0.0
20230516:2110,0.0,0.0,0.0,13.96,1.79,0.0
20230516:2210,0.0,0.0,0.0,13.01,1.38,0.0
20230516:2310,0.0,0.0,0.0,12.4,1.17,0.0
20230517:0010,0.0,0.0,0.0,11.81,1.24,0.0
20230517:0110,0.0,0.0,0.0,11.35,1.52,0.0
20230517:0210,0.0,0.0,0.0,11.6,1.93,0.0
20230517:0310,0.0,0.0,0.0,11.92,2.28,0.0
20230517:0410,0.0,1.89,2.17,12.3,2.62,0.0
20230517:0510,35.38,51.12,11.95,12.76,2.97,0.0
20230517:0610,40.91,57.27,22.24,13.45,2.97,0.0
20230517:0710,80.41,99.0,32.69,14.47,2.55,0.0
20230517:0810,108.5,128.12,42.93,15.33,2.48,0.0
20230517:0910,134.82,155.3,52.36,16.16,2.69,0.0
20230517:1010,87.16,106.77,59.86,16.15,1.86,0.0
20230517:1110,156.01,177.62,63.51,16.38,1.24,0.0
20230517:1210,349.11,378.24,61.68,16.07,0.97,0.0
20230517:1310,635.13,686.2,55.27,15.91,1.59,0.0
20230517:1410,239.34,261.25,46.34,15.66,2.07,0.0
20230517:1510,93.21,112.59,36.3,15.36,2.14,0.0
20230517:1610,124.33,144.2,25.87,15.19,2.07,0.0
20230517:1710,180.64,213.86,15.49,14.97,1.72,0.0
20230517:1810,18.88,39.26,5.49,14.67,1.52,0.0
20230517:1910,0.0,0.0,0.0,14.52,1.66,0.0
20230517:2010,0.0,0.0,0.0,12.58,1.66,0.0
20230517:2110,0.0,0.0,0.0,11.58,1.59,0.0
20230517:2210,0.0,0.0,0.0,11.6,1.59,0.0
20230517:2310,0.0,0.0,0.0,12.07,1.59,0.0
20230518:0010,0.0,0.0,0.0,12.42,1.72,0.0
20230518:0110,0.0,0.0,0.0,12.39,1.66,0.0
20230518:0210,0.0,0.0,0.0,12.16,1.59,0.0
20230518:0310,0.0,0.0,0.0,12.01,1.45,0.0
20230518:0410,0.0,0.95,2.33,11.57,0.97,0.0
20230518:0510,6.11,16.09,12.1,12.26,0.21,0.0
20230518:0610,34.67,50.47,22.38,12.95,0.28,0.0
20230518:0710,97.91,116.47,32.83,12.79,0.69,0.0
20230518:0810,284.63,305.72,43.08,12.96,0.9,0.0
20230518:0910,226.03,246.59,52.53,13.47,0.9,0.0
20230518:1010,400.23,429.55,60.06,14.15,0.76,0.0
20230518:1110,881.82,996.46,63.73,14.37,0.55,0.0
20230518:1210,849.18,954.2,61.89,14.93,0.69,0.0
20230518:1310,452.08,484.05,55.45,15.08,1.31,0.0
20230518:1410,283.68,306.87,46.51,15.46,1.59,0.0
20230518:1510,245.21,267.78,36.45,16.01,1.52,0.0
20230518:1610,227.86,250.35,26.02,15.96,1.45,0.0
20230518:1710,62.1,80.95,15.65,16.15,1.17,0.0
20230518:1810,11.34,23.88,5.66,15.74,0.83,0.0
20230518:1910,0.0,0.0,0.0,14.81,1.17,0.0
20230518:2010,0.0,0.0,0.0,13.89,1.38,0.0
20230518:2110,0.0,0.0,0.0,13.28,1.45,0.0
20230518:2210,0.0,0.0,0.0,12.97,1.59,0.0
20230518:2310,0.0,0.0,0.0,12.86,1.72,0.0
20230519:0010,0.0,0.0,0.0,12.73,1.72,0.0
20230519:0110,0.0,0.0,0.0,12.79,1.72,0.0
20230519:0210,0.0,0.0,0.0,12.88,1.66,0.0
20230519:0310,0.0,0.0,0.0,12.82,1.52,0.0
20230519:0410,0.0,1.89,2.49,12.68,1.24,0.0
20230519:0510,38.81,54.91,12.25,12.6,0.76,0.0
20230519:0610,44.41,61.15,22.52,13.32,0.34,0.0
20230519:0710,223.72,245.29,32.97,13.99,0.9,0.0
20230519:0810,246.16,268.41,43.23,14.26,0.62,0.0
20230519:0910,300.62,325.86,52.69,14.65,0.48,0.0
20230519:1010,130.4,150.45,60.25,14.76,1.1,0.0
20230519:1110,150.73,170.83,63.94,14.55,1.31,0.0
20230519:1210,124.01,143.65,62.1,14.36,1.24,0.0
20230519:1310,120.18,139.77,55.64,14.4,1.31,0.0
20230519:1410,120.38,139.77,46.67,13.78,0.83,0.0
20230519:1510,61.68,79.59,36.61,13.68,0.21,0.0
20230519:1610,67.36,85.41,26.17,13.67,0.97,0.0
20230519:1710,59.1,76.86,15.8,13.54,0.97,0.0
20230519:1810,1.99,9.71,5.82,13.33,0.97,0.0
20230519:1910,0.0,0.0,0.0,12.86,1.38,0.0
20230519:2010,0.0,0.0,0.0,12.75,1.45,0.0
20230519:2110,0.0,0.0,0.0,12.68,1.45,0.0
20230519:2210,0.0,0.0,0.0,12.6,1.52,0.0
20230519:2310,0.0,0.0,0.0,12.49,1.45,0.0
20230520:0010,0.0,0.0,0.0,12.39,1.45,0.0
20230520:0110,0.0,0.0,0.0,12.31,1.45,0.0
20230520:0210,0.0,0.0,0.0,12.21,1.52,0.0
20230520:0310,0.0,0.0,0.0,12.11,1.66,0.0
20230520:0410,0.0,1.89,2.64,12.12,1.79,0.0
20230520:0510,21.11,35.03,12.39,12.42,1.72,0.0
20230520:0610,62.01,79.59,22.65,13.06,1.38,0.0
20230520:0710,40.7,57.27,33.11,14.29,2.0,0.0
20230520:0810,78.02,97.06,43.37,15.36,1.38,0.0
20230520:0910,132.35,153.36,52.85,15.95,0.76,0.0
20230520:1010,151.14,172.77,60.44,15.89,0.41,0.0
20230520:1110,128.59,149.48,64.15,15.95,0.83,0.0
20230520:1210,118.18,138.8,62.3,16.35,1.59,0.0
20230520:1310,144.62,165.98,55.82,16.73,1.79,0.0
20230520:1410,72.89,92.21,46.83,16.74,1.66,0.0
20230520:1510,43.81,61.15,36.76,16.3,1.52,0.0
20230520:1610,35.93,52.41,26.32,16.0,1.72,0.0
20230520:1710,35.13,51.44,15.96,15.59,1.79,0.0
20230520:1810,12.28,25.01,5.99,14.99,1.72,0.0
20230520:1910,0.0,0.0,0.0,14.26,2.41,0.0
20230520:2010,0.0,0.0,0.0,13.98,2.69,0.0
20230520:2110,0.0,0.0,0.0,13.79,2.76,0.0
20230520:2210,0.0,0.0,0.0,13.62,2.55,0.0
20230520:2310,0.0,0.0,0.0,13.48,2.14,0.0
20230521:0010,0.0,0.0,0.0,13.42,2.0,0.0
20230521:0110,0.0,0.0,0.0,13.48,2.0,0.0
20230521:0210,0.0,0.0,0.0,13.45,2.07,0.0
20230521:0310,0.0,0.0,0.0,13.31,2.14,0.0
20230521:0410,0.0,1.89,2.78,13.27,2.14,0.0
20230521:0510,7.41,17.99,12.52,13.46,2.07,0.0
20230521:0610,103.06,122.24,22.78,13.99,2.0,0.0
20230521:0710,190.77,210.79,33.24,14.69,2.69,0.0
20230521:0810,178.39,199.95,43.5,16.47,2.28,0.0
20230521:0910,104.45,125.21,53.0,17.62,2.41,0.0
20230521:1010,57.61,76.68,60.62,18.9,2.83,0.0
20230521:1110,182.46,206.74,64.36,19.81,2.97,0.0
20230521:1210,484.03,527.38,62.5,20.78,2.76,0.0
20230521:1310,575.45,632.11,55.99,21.66,2.34,0.0
20230521:1410,700.4,774.61,46.99,21.78,2.14,0.0
20230521:1510,609.94,669.7,36.91,22.09,2.0,0.0
20230521:1610,329.94,366.18,26.47,22.23,1.66,0.0
20230521:1710,200.4,245.68,16.11,21.89,1.1,0.0
20230521:1810,26.03,52.52,6.14,20.69,0.83,0.0
20230521:1910,0.0,0.0,0.0,19.97,0.83,0.0
20230521:2010,0.0,0.0,0.0,17.24,1.45,0.0
20230521:2110,0.0,0.0,0.0,15.41,2.21,0.0
20230521:2210,0.0,0.0,0.0,14.75,2.28,0.0
20230521:2310,0.0,0.0,0.0,14.33,2.41,0.0
20230522:0010,0.0,0.0,0.0,13.77,2.21,0.0
20230522:0110,0.0,0.0,0.0,13.58,2.21,0.0
20230522:0210,0.0,0.0,0.0,13.47,2.34,0.0
20230522:0310,0.0,0.0,0.0,13.2,2.55,0.0
20230522:0410,0.0,1.89,2.92,13.02,2.48,0.0
20230522:0510,17.02,30.29,12.65,13.48,2.41,0.0
20230522:0610,49.47,66.97,22.91,15.35,2.14,0.0
20230522:0710,61.23,80.56,33.36,18.63,1.59,0.0
20230522:0810,238.08,267.45,43.63,20.93,1.1,0.0
20230522:0910,483.01,542.0,53.15,22.14,0.34,0.0
20230522:1010,652.79,744.29,60.79,22.93,0.69,0.0
20230522:1110,883.54,1034.7,64.55,23.41,1.17,0.0
20230522:1210,894.73,1043.17,62.7,23.75,1.52,0.0
20230522:1310,858.61,982.13,56.17,24.02,2.14,0.0
20230522:1410,750.63,846.64,47.15,24.01,1.93,0.0
20230522:1510,600.23,674.43,37.06,23.49,0.83,0.0
20230522:1610,408.47,455.11,26.62,22.44,1.03,0.0
20230522:1710,195.11,238.58,16.26,22.08,1.31,0.0
20230522:1810,25.4,47.8,6.3,21.17,1.17,0.0
20230522:1910,0.0,0.0,0.0,21.01,0.48,0.0
20230522:2010,0.0,0.0,0.0,18.95,1.17,0.0
20230522:2110,0.0,0.0,0.0,16.38,1.86,0.0
20230522:2210,0.0,0.0,0.0,15.34,1.93,0.0
20230522:2310,0.0,0.0,0.0,14.63,1.93,0.0
20230523:0010,0.0,0.0,0.0,14.17,1.93,0.0
20230523:0110,0.0,0.0,0.0,13.81,2.07,0.0
20230523:0210,0.0,0.0,0.0,13.69,2.07,0.0
20230523:0310,0.0,0.0,0.0,13.38,2.07,0.0
20230523:0410,0.41,6.63,3.05,12.92,2.07,0.0
20230523:0510,63.63,81.42,12.77,13.62,1.93,0.0
20230523:0610,164.28,211.58,23.02,16.56,1.45,0.0
20230523:0710,369.49,416.39,33.47,20.2,0.83,0.0
20230523:0810,555.12,624.33,43.76,22.46,0.41,0.0
20230523:0910,710.19,816.29,53.29,23.82,0.62,0.0
20230523:1010,819.18,957.32,60.96,24.78,1.03,0.0
20230523:1110,894.42,1051.31,64.75,25.43,1.59,0.0
20230523:1210,899.84,1054.52,62.89,25.8,1.86,0.0
20230523:1310,846.29,976.6,56.33,26.07,2.21,0.0
20230523:1410,749.8,847.3,47.3,25.87,2.48,0.0
20230523:1510,365.92,410.02,37.2,25.78,1.66,0.0
20230523:1610,347.84,391.72,26.76,25.12,1.38,0.0
20230523:1710,191.37,236.19,16.4,24.28,1.03,0.0
20230523:1810,0.01,5.82,6.45,23.04,1.17,0.0
20230523:1910,0.0,0.0,0.0,22.21,0.97,0.0
20230523:2010,0.0,0.0,0.0,21.55,0.83,0.0
20230523:2110,0.0,0.0,0.0,21.24,0.34,0.0
20230523:2210,0.0,0.0,0.0,20.28,0.83,0.0
20230523:2310,0.0,0.0,0.0,16.57,1.52,0.0
20230524:0010,0.0,0.0,0.0,15.35,1.66,0.0
20230524:0110,0.0,0.0,0.0,14.52,1.66,0.0
20230524:0210,0.0,0.0,0.0,13.57,1.72,0.0
20230524:0310,0.0,0.0,0.0,12.84,1.86,0.0
20230524:0410,0.0,4.73,3.18,12.34,1.79,0.0
20230524:0510,57.34,74.79,12.89,13.31,1.38,0.0
20230524:0610,168.88,209.5,23.13,17.41,1.1,0.0
20230524:0710,355.22,394.92,33.58,18.78,1.24,0.0
20230524:0810,556.36,612.58,43.87,20.21,1.03,0.0
20230524:0910,687.7,766.3,53.42,21.24,1.38,0.0
20230524:1010,675.48,753.32,61.12,21.62,1.72,0.0
20230524:1110,754.87,853.26,64.93,22.3,1.72,0.0
20230524:1210,818.95,943.7,63.07,22.34,1.17,0.0
20230524:1310,487.64,549.86,56.5,22.92,0.34,0.0
20230524:1410,65.94,87.36,47.45,23.29,0.76,0.0
20230524:1510,40.64,59.21,37.34,22.73,1.1,0.0
20230524:1610,175.76,202.67,26.9,21.57,0.76,0.0
20230524:1710,44.0,62.12,16.55,19.14,0.55,0.0
20230524:1810,0.04,5.82,6.6,17.02,1.93,0.0
20230524:1910,0.0,0.0,0.0,16.73,2.28,0.0
20230524:2010,0.0,0.0,0.0,16.05,2.21,0.0
20230524:2110,0.0,0.0,0.0,15.62,1.93,0.0
20230524:2210,0.0,0.0,0.0,15.23,1.66,0.0
20230524:2310,0.0,0.0,0.0,14.89,1.24,0.0
20230525:0010,0.0,0.0,0.0,14.68,1.17,0.0
20230525:0110,0.0,0.0,0.0,14.32,1.31,0.0
20230525:0210,0.0,0.0,0.0,14.28,1.24,0.0
20230525:0310,0.0,0.0,0.0,14.19,1.79,0.0
20230525:0410,0.0,3.79,3.3,14.24,1.93,0.0
20230525:0510,12.34,24.61,13.0,14.6,1.45,0.0
20230525:0610,117.39,138.12,23.24,15.2,0.97,0.0
20230525:0710,228.11,250.68,33.69,15.63,1.72,0.0
20230525:0810,268.66,292.22,43.99,16.07,1.72,0.0
20230525:0910,681.97,735.71,53.55,16.86,2.07,0.0
20230525:1010,299.92,327.81,61.27,18.18,1.86,0.0
20230525:1110,655.7,721.89,65.11,18.93,1.66,0.0
20230525:1210,714.63,801.19,63.25,20.07,1.24,0.0
20230525:1310,719.81,811.47,56.66,20.71,1.03,0.0
20230525:1410,407.74,450.32,47.59,20.97,0.83,0.0
20230525:1510,409.78,453.67,37.48,21.44,0.48,0.0
20230525:1610,324.36,362.75,27.04,21.58,0.28,0.0
20230525:1710,163.48,198.07,16.69,21.41,0.41,0.0
20230525:1810,25.7,45.29,6.75,20.52,1.45,0.0
20230525:1910,0.0,0.0,0.0,19.05,1.03,0.0
20230525:2010,0.0,0.0,0.0,18.09,1.03,0.0
20230525:2110,0.0,0.0,0.0,16.19,1.59,0.0
20230525:2210,0.0,0.0,0.0,14.86,1.86,0.0
20230525:2310,0.0,0.0,0.0,13.95,1.86,0.0
20230526:0010,0.0,0.0,0.0,13.16,1.79,0.0
20230526:0110,0.0,0.0,0.0,12.68,1.86,0.0
20230526:0210,0.0,0.0,0.0,12.12,2.0,0.0
20230526:0310,0.0,0.0,0.0,11.82,2.0,0.0
20230526:0410,2.43,10.41,3.42,11.64,2.07,0.0
20230526:0510,46.79,63.43,13.11,12.6,1.72,0.0
20230526:0610,165.08,216.19,23.34,15.85,1.31,0.0
20230526:0710,382.11,428.03,33.79,18.88,0.83,0.0
20230526:0810,577.09,648.18,44.09,20.81,0.14,0.0
20230526:0910,736.46,839.52,53.67,22.21,0.76,0.0
20230526:1010,831.02,964.39,61.42,23.22,1.03,0.0
20230526:1110,901.12,1058.53,65.28,23.96,1.31,0.0
20230526:1210,898.34,1051.37,63.42,24.52,1.59,0.0
20230526:1310,854.62,990.62,56.82,24.97,1.72,0.0
20230526:1410,768.64,880.56,47.74,25.27,1.59,0.0
20230526:1510,608.25,683.63,37.62,25.18,1.45,0.0
20230526:1610,425.84,478.89,27.17,24.99,1.38,0.0
20230526:1710,205.84,253.58,16.82,24.52,1.17,0.0
20230526:1810,30.43,56.5,6.9,22.95,0.69,0.0
20230526:1910,0.0,0.0,0.0,21.19,1.03,0.0
20230526:2010,0.0,0.0,0.0,19.53,1.59,0.0
20230526:2110,0.0,0.0,0.0,18.24,1.79,0.0
20230526:2210,0.0,0.0,0.0,17.3,1.79,0.0
20230526:2310,0.0,0.0,0.0,16.65,1.79,0.0
20230527:0010,0.0,0.0,0.0,16.19,1.72,0.0
20230527:0110,0.0,0.0,0.0,15.77,2.0,0.0
20230527:0210,0.0,0.0,0.0,15.93,2.48,0.0
20230527:0310,0.0,0.0,0.0,15.87,2.55,0.0
20230527:0410,2.36,10.41,3.53,15.43,2.21,0.0
20230527:0510,68.4,87.1,13.21,15.58,1.66,0.0
20230527:0610,170.6,212.17,23.44,17.16,1.45,0.0
20230527:0710,331.8,365.4,33.88,19.35,2.76,0.0
20230527:0810,539.91,581.12,44.19,19.37,2.83,0.0
20230527:0910,640.95,694.09,53.79,19.77,2.9,0.0
20230527:1010,678.16,741.05,61.56,20.28,2.83,0.0
20230527:1110,900.58,1011.37,65.45,20.77,2.55,0.0
20230527:1210,864.05,983.29,63.59,21.41,1.79,0.0
20230527:1310,720.04,813.89,56.97,21.94,1.24,0.0
20230527:1410,613.07,687.29,47.88,22.44,0.97,0.0
20230527:1510,406.33,448.79,37.75,22.66,1.31,0.0
20230527:1610,256.13,287.72,27.3,22.55,1.52,0.0
20230527:1710,192.71,234.08,16.96,22.27,1.1,0.0
20230527:1810,31.11,54.81,7.04,21.12,0.83,0.0
20230527:1910,0.0,0.0,0.0,19.54,2.0,0.0
20230527:2010,0.0,0.0,0.0,18.89,1.93,0.0
20230527:2110,0.0,0.0,0.0,17.98,2.07,0.0
20230527:2210,0.0,0.0,0.0,17.24,2.48,0.0
20230527:2310,0.0,0.0,0.0,17.16,2.34,0.0
20230528:0010,0.0,0.0,0.0,16.73,2.14,0.0
20230528:0110,0.0,0.0,0.0,16.18,2.28,0.0
20230528:0210,0.0,0.0,0.0,15.92,2.28,0.0
20230528:0310,0.0,0.0,0.0,15.55,2.48,0.0
20230528:0410,5.35,15.15,3.63,15.35,2.55,0.0
20230528:0510,65.76,84.26,13.31,15.59,2.41,0.0
20230528:0610,174.05,210.56,23.52,16.64,2.0,0.0
20230528:0710,289.94,322.01,33.97,19.26,1.17,0.0
20230528:0810,513.16,564.41,44.28,20.22,1.03,0.0
20230528:0910,632.75,707.54,53.89,20.94,0.83,0.0
20230528:1010,681.3,774.65,61.69,21.55,0.62,0.0
20230528:1110,820.99,958.94,65.61,22.27,0.62,0.0
20230528:1210,770.42,892.84,63.76,22.91,0.76,0.0
20230528:1310,745.74,850.65,57.12,23.28,1.31,0.0
20230528:1410,639.68,715.2,48.01,23.47,1.66,0.0
20230528:1510,522.07,580.35,37.88,22.89,0.97,0.0
20230528:1610,20.88,35.91,27.43,20.96,1.1,0.0
20230528:1710,21.69,36.88,17.09,20.83,0.69,0.0
20230528:1810,1.36,8.74,7.17,20.52,0.62,0.0
20230528:1910,0.0,0.0,0.0,18.26,2.14,0.0
20230528:2010,0.0,0.0,0.0,16.82,2.62,0.0
20230528:2110,0.0,0.0,0.0,16.28,2.34,0.0
20230528:2210,0.0,0.0,0.0,15.98,2.21,0.0
20230528:2310,0.0,0.0,0.0,15.42,2.14,0.0
20230529:0010,0.0,0.0,0.0,14.95,2.21,0.0
20230529:0110,0.0,0.0,0.0,14.57,2.14,0.0
20230529:0210,0.0,0.0,0.0,14.22,2.07,0.0
20230529:0310,0.0,0.0,0.0,13.96,2.14,0.0
20230529:0410,0.0,2.84,3.73,13.72,2.48,0.0
20230529:0510,16.16,29.35,13.39,14.39,2.48,0.0
20230529:0610,25.56,40.77,23.61,16.41,1.86,0.0
20230529:0710,34.54,51.44,34.06,18.63,0.76,0.0
20230529:0810,143.75,167.92,44.37,19.76,0.55,0.0
20230529:0910,458.79,509.33,54.0,20.37,0.41,0.0
20230529:1010,794.71,930.47,61.82,21.21,0.07,0.0
20230529:1110,856.51,1021.4,65.77,22.0,0.14,0.0
20230529:1210,862.08,1030.27,63.91,22.51,0.21,0.0
20230529:1310,813.38,960.24,57.26,22.98,0.28,0.0
20230529:1410,744.24,864.48,48.14,23.13,0.28,0.0
20230529:1510,594.23,668.61,38.01,23.2,0.62,0.0
20230529:1610,412.34,460.69,27.56,23.07,0.97,0.0
20230529:1710,159.06,192.4,17.22,22.49,0.97,0.0
20230529:1810,34.73,64.01,7.31,21.73,0.48,0.0
20230529:1910,0.0,0.0,0.0,20.15,0.97,0.0
20230529:2010,0.0,0.0,0.0,18.64,1.38,0.0
20230529:2110,0.0,0.0,0.0,18.06,2.14,0.0
20230529:2210,0.0,0.0,0.0,17.32,2.55,0.0
20230529:2310,0.0,0.0,0.0,16.85,2.83,0.0
20230530:0010,0.0,0.0,0.0,16.44,2.55,0.0
20230530:0110,0.0,0.0,0.0,16.0,2.48,0.0
20230530:0210,0.0,0.0,0.0,15.46,2.34,0.0
20230530:0310,0.0,0.0,0.0,14.84,2.28,0.0
20230530:0410,0.0,5.68,3.82,14.3,2.34,0.0
20230530:0510,48.94,66.27,13.48,14.77,2.0,0.0
20230530:0610,173.36,204.3,23.69,16.95,1.45,0.0
20230530:0710,357.0,398.81,34.13,19.6,1.03,0.0
20230530:0810,512.81,562.23,44.45,20.5,1.45,0.0
20230530:0910,586.51,646.74,54.09,21.08,1.66,0.0
20230530:1010,775.22,870.7,61.94,21.62,1.86,0.0
20230530:1110,780.87,882.87,65.92,21.97,1.79,0.0
20230530:1210,691.64,778.83,64.07,22.62,1.66,0.0
20230530:1310,673.1,760.28,57.4,22.95,1.31,0.0
20230530:1410,708.14,799.83,48.27,23.13,1.31,0.0
20230530:1510,593.21,654.1,38.13,22.27,1.66,0.0
20230530:1610,253.66,282.66,27.68,21.45,2.28,0.0
20230530:1710,29.97,46.59,17.34,20.7,1.72,0.0
20230530:1810,6.75,17.47,7.44,20.2,0.62,0.0
20230530:1910,0.0,0.0,0.0,19.36,1.1,0.0
20230530:2010,0.0,0.0,0.0,17.96,1.72,0.0
20230530:2110,0.0,0.0,0.0,17.0,2.76,0.0
20230530:2210,0.0,0.0,0.0,16.61,3.1,0.0
20230530:2310,0.0,0.0,0.0,16.54,2.97,0.0
20230531:0010,0.0,0.0,0.0,16.13,2.69,0.0
20230531:0110,0.0,0.0,0.0,15.87,2.48,0.0
20230531:0210,0.0,0.0,0.0,15.66,2.48,0.0
20230531:0310,0.0,0.0,0.0,15.21,2.62,0.0
20230531:0410,9.42,20.83,3.91,14.94,2.55,0.0
20230531:0510,15.31,28.4,13.56,15.35,2.34,0.0
20230531:0610,35.81,52.41,23.76,16.7,2.0,0.0
20230531:0710,95.5,115.5,34.2,16.63,2.41,0.0
20230531:0810,74.63,94.15,44.53,17.4,2.83,0.0
20230531:0910,260.48,285.5,54.18,18.25,2.83,0.0
20230531:1010,842.66,924.31,62.06,18.87,2.83,0.0
20230531:1110,914.41,1020.42,66.06,19.5,2.62,0.0
20230531:1210,880.9,994.39,64.21,21.17,2.28,0.0
20230531:1310,748.5,842.95,57.54,21.75,1.59,0.0
20230531:1410,709.1,803.05,48.4,22.18,0.9,0.0
20230531:1510,524.3,589.29,38.25,22.27,0.07,0.0
20230531:1610,311.29,348.8,27.8,22.29,0.48,0.0
20230531:1710,177.77,213.59,17.47,21.83,1.17,0.0
20230531:1810,37.16,68.95,7.57,20.93,1.24,0.0
20230531:1910,0.0,0.0,0.0,19.82,0.14,0.0
20230531:2010,0.0,0.0,0.0,18.41,0.9,0.0
20230531:2110,0.0,0.0,0.0,16.09,1.66,0.0
20230531:2210,0.0,0.0,0.0,14.99,1.93,0.0
20230531:2310,0.0,0.0,0.0,14.47,1.93,0.0
20230601:0010,0.0,0.0,0.0,13.96,2.0,0.0
20230601:0110,0.0,0.0,0.0,13.86,1.93,0.0
20230601:0210,0.0,0.0,0.0,13.58,1.93,0.0
20230601:0310,0.0,0.0,0.0,13.14,2.0,0.0
20230601:0410,0.0,2.84,3.99,12.77,1.93,0.0
20230601:0510,69.04,87.1,13.63,13.64,1.45,0.0
20230601:0610,168.77,217.61,23.83,17.38,0.97,0.0
20230601:0710,374.35,419.8,34.27,19.7,0.97,0.0
20230601:0810,563.92,626.74,44.6,20.93,0.69,0.0
20230601:0910,711.87,800.45,54.27,21.86,1.17,0.0
20230601:1010,802.91,916.89,62.16,22.5,1.38,0.0
20230601:1110,857.36,989.54,66.19,23.02,1.52,0.0
20230601:1210,887.88,1027.86,64.36,23.51,1.72,0.0
20230601:1310,829.69,957.77,57.67,23.92,1.45,0.0
20230601:1410,762.17,873.08,48.52,24.21,1.24,0.0
20230601:1510,598.28,676.46,38.37,23.53,0.48,0.0
20230601:1610,416.43,468.68,27.92,23.34,0.41,0.0
20230601:1710,138.79,168.71,17.59,23.25,1.17,0.0
20230601:1810,12.29,25.24,7.69,22.03,0.69,0.0
20230601:1910,0.0,0.0,0.0,20.73,1.03,0.0
20230601:2010,0.0,0.0,0.0,21.35,0.14,0.0
20230601:2110,0.0,0.0,0.0,18.23,1.17,0.0
20230601:2210,0.0,0.0,0.0,17.34,1.52,0.0
20230601:2310,0.0,0.0,0.0,16.0,1.86,0.0
20230602:0010,0.0,0.0,0.0,15.36,1.86,0.0
20230602:0110,0.0,0.0,0.0,15.21,1.66,0.0
20230602:0210,0.0,0.0,0.0,14.79,1.86,0.0
20230602:0310,0.0,0.0,0.0,14.34,1.86,0.0
20230602:0410,0.0,3.79,4.07,14.2,1.79,0.0
20230602:0510,18.44,32.19,13.7,14.96,1.38,0.0
20230602:0610,175.15,212.69,23.89,18.17,0.83,0.0
20230602:0710,369.01,415.6,34.33,19.85,0.55,0.0
20230602:0810,558.43,625.9,44.67,21.56,0.34,0.0
20230602:0910,713.03,808.22,54.34,22.62,0.97,0.0
20230602:1010,811.98,937.36,62.27,23.48,1.17,0.0
20230602:1110,872.08,1018.4,66.32,24.17,1.38,0.0
20230602:1210,863.09,1010.55,64.49,24.55,1.31,0.0
20230602:1310,825.45,964.28,57.8,25.03,1.17,0.0
20230602:1410,751.38,863.62,48.64,25.12,1.24,0.0
20230602:1510,598.37,673.14,38.48,24.99,1.24,0.0
20230602:1610,418.23,464.16,28.03,22.98,1.59,0.0
20230602:1710,9.41,21.35,17.7,22.22,2.07,0.0
20230602:1810,1.35,8.74,7.81,21.35,1.03,0.0
20230602:1910,0.0,0.0,0.0,21.11,1.38,0.0
20230602:2010,0.0,0.0,0.0,19.46,1.72,0.0
20230602:2110,0.0,0.0,0.0,18.57,2.14,0.0
20230602:2210,0.0,0.0,0.0,17.88,2.62,0.0
20230602:2310,0.0,0.0,0.0,17.2,2.34,0.0
20230603:0010,0.0,0.0,0.0,16.59,2.21,0.0
20230603:0110,0.0,0.0,0.0,15.97,2.07,0.0
20230603:0210,0.0,0.0,0.0,15.36,2.0,0.0
20230603:0310,0.0,0.0,0.0,14.86,1.93,0.0
20230603:0410,0.4,6.63,4.14,14.35,1.93,0.0
20230603:0510,63.04,81.42,13.76,15.34,1.45,0.0
20230603:0610,168.89,215.95,23.95,17.94,1.31,0.0
20230603:0710,360.59,399.59,34.39,18.11,1.17,0.0
20230603:0810,346.93,379.64,44.73,19.39,1.52,0.0
20230603:0910,656.5,721.75,54.42,20.37,1.86,0.0
20230603:1010,631.73,696.61,62.36,21.09,2.14,0.0
20230603:1110,563.87,619.54,66.44,21.39,2.41,0.0
20230603:1210,694.25,771.92,64.62,22.19,2.41,0.0
20230603:1310,120.47,144.62,57.92,22.39,2.34,0.0
20230603:1410,45.12,64.06,48.75,22.27,2.0,0.0
20230603:1510,155.5,181.51,38.59,22.02,1.31,0.0
20230603:1610,95.48,118.42,28.14,21.87,0.83,0.0
20230603:1710,38.43,56.3,17.81,20.92,1.1,0.0
20230603:1810,33.79,54.63,7.93,20.48,1.45,0.0
20230603:1910,0.0,0.0,0.0,19.21,1.03,0.0
20230603:2010,0.0,0.0,0.0,18.16,1.17,0.0
20230603:2110,0.0,0.0,0.0,17.44,1.52,0.0
20230603:2210,0.0,0.0,0.0,16.62,1.59,0.0
20230603:2310,0.0,0.0,0.0,15.78,1.31,0.0
20230604:0010,0.0,0.0,0.0,15.67,1.03,0.0
20230604:0110,0.0,0.0,0.0,15.47,1.17,0.0
20230604:0210,0.0,0.0,0.0,15.67,1.45,0.0
20230604:0310,0.0,0.0,0.0,15.61,1.45,0.0
20230604:0410,0.0,4.73,4.2,15.19,1.24,0.0
20230604:0510,10.1,21.77,13.81,15.45,0.55,0.0
20230604:0610,129.79,151.98,24.0,16.28,0.55,0.0
20230604:0710,184.4,208.95,34.44,17.77,0.28,0.0
20230604:0810,271.42,300.59,44.78,18.29,0.34,0.0
20230604:0910,177.76,202.86,54.48,19.3,0.76,0.0
20230604:1010,79.66,100.94,62.45,20.54,1.17,0.0
20230604:1110,375.66,415.7,66.56,20.79,1.03,0.0
20230604:1210,811.9,920.04,64.75,21.56,1.72,0.0
20230604:1310,653.53,723.27,58.04,21.36,2.0,0.0
20230604:1410,718.4,803.43,48.87,21.36,1.38,0.0
20230604:1510,507.04,557.53,38.7,21.18,1.1,0.0
20230604:1610,153.92,179.16,28.25,21.04,1.03,0.0
20230604:1710,52.02,70.86,17.92,19.12,0.97,0.0
20230604:1810,23.1,38.57,8.04,18.36,0.62,0.0
20230604:1910,0.0,0.0,0.0,18.09,0.97,0.0
20230604:2010,0.0,0.0,0.0,16.93,1.52,0.0
20230604:2110,0.0,0.0,0.0,16.04,1.66,0.0
20230604:2210,0.0,0.0,0.0,15.67,0.97,0.0
20230604:2310,0.0,0.0,0.0,15.32,0.69,0.0
20230605:0010,0.0,0.0,0.0,15.16,0.83,0.0
20230605:0110,0.0,0.0,0.0,14.84,0.9,0.0
20230605:0210,0.0,0.0,0.0,14.79,0.83,0.0
20230605:0310,0.0,0.0,0.0,14.42,0.83,0.0
20230605:0410,10.15,21.77,4.26,14.5,0.69,0.0
20230605:0510,34.07,50.18,13.87,14.89,0.62,0.0
20230605:0610,161.33,186.93,24.04,15.68,0.48,0.0
20230605:0710,281.24,311.69,34.48,17.08,0.07,0.0
20230605:0810,398.66,435.25,44.83,18.15,0.76,0.0
20230605:0910,465.31,507.11,54.54,19.25,1.59,0.0
20230605:1010,476.9,521.11,62.53,19.91,1.86,0.0
20230605:1110,682.09,755.29,66.67,20.51,2.0,0.0
20230605:1210,751.87,841.32,64.87,21.31,2.0,0.0
20230605:1310,460.66,505.55,58.15,21.45,2.07,0.0
20230605:1410,436.09,477.7,48.97,21.6,2.07,0.0
20230605:1510,361.26,396.9,38.8,21.5,1.66,0.0
20230605:1610,340.83,377.04,28.35,21.51,1.31,0.0
20230605:1710,87.9,110.29,18.03,21.05,1.45,0.0
20230605:1810,42.21,74.91,8.15,20.54,1.03,0.0
20230605:1910,0.0,0.0,0.0,18.11,1.24,0.0
20230605:2010,0.0,0.0,0.0,17.14,0.83,0.0
20230605:2110,0.0,0.0,0.0,17.24,0.48,0.0
20230605:2210,0.0,0.0,0.0,17.18,0.14,0.0
20230605:2310,0.0,0.0,0.0,16.33,0.41,0.0
20230606:0010,0.0,0.0,0.0,15.46,0.55,0.0
20230606:0110,0.0,0.0,0.0,14.71,0.69,0.0
20230606:0210,0.0,0.0,0.0,14.58,0.69,0.0
20230606:0310,0.0,0.0,0.0,14.23,0.83,0.0
20230606:0410,10.91,22.72,4.31,13.97,0.9,0.0
20230606:0510,68.47,87.1,13.91,15.0,0.62,0.0
20230606:0610,169.61,218.22,24.08,16.61,0.48,0.0
20230606:0710,0.0,0.0,0.0,17.68,0.07,0.0
20230606:0810,509.84,559.65,44.87,18.87,0.69,0.0
20230606:0910,568.18,628.83,54.59,20.38,1.03,0.0
20230606:1010,742.21,837.06,62.61,21.21,1.31,0.0
20230606:1110,801.4,911.44,66.77,22.16,1.66,0.0
20230606:1210,806.6,917.51,64.98,22.96,1.93,0.0
20230606:1310,796.53,905.83,58.26,23.62,1.93,0.0
20230606:1410,664.8,745.71,49.08,23.79,1.72,0.0
20230606:1510,581.98,656.0,38.9,23.47,0.55,0.0
20230606:1610,415.34,468.35,28.45,23.34,0.21,0.0
20230606:1710,211.12,255.66,18.13,23.13,0.41,0.0
20230606:1810,42.72,74.71,8.25,22.06,0.14,0.0
20230606:1910,0.0,0.0,0.0,19.28,2.0,0.0
20230606:2010,0.0,0.0,0.0,18.43,1.52,0.0
20230606:2110,0.0,0.0,0.0,17.58,1.66,0.0
20230606:2210,0.0,0.0,0.0,17.11,1.72,0.0
20230606:2310,0.0,0.0,0.0,16.95,1.79,0.0
20230607:0010,0.0,0.0,0.0,16.75,1.79,0.0
20230607:0110,0.0,0.0,0.0,16.35,1.59,0.0
20230607:0210,0.0,0.0,0.0,15.75,1.72,0.0
20230607:0310,0.0,0.0,0.0,15.15,1.52,0.0
20230607:0410,0.0,2.84,4.36,14.8,1.45,0.0
20230607:0510,53.1,71.0,13.95,15.54,0.9,0.0
20230607:0610,174.44,217.28,24.12,17.64,0.48,0.0
20230607:0710,343.64,381.9,34.56,18.61,0.83,0.0
20230607:0810,578.43,631.31,44.91,19.12,1.38,0.0
20230607:0910,719.06,798.11,54.64,19.81,1.31,0.0
20230607:1010,808.71,910.32,62.67,20.56,1.59,0.0
20230607:1110,876.07,994.09,66.87,21.63,2.07,0.0
20230607:1210,901.67,1021.56,65.09,21.59,2.34,0.0
20230607:1310,840.21,947.71,58.37,21.51,2.0,0.0
20230607:1410,731.43,826.52,49.18,21.52,0.97,0.0
20230607:1510,617.92,693.77,39.0,21.8,0.48,0.0
20230607:1610,423.6,475.28,28.55,21.92,0.07,0.0
20230607:1710,211.04,252.89,18.23,21.59,0.55,0.0
20230607:1810,43.77,77.83,8.35,20.65,1.03,0.0
20230607:1910,0.0,0.0,0.0,19.69,0.62,0.0
20230607:2010,0.0,0.0,0.0,18.29,1.31,0.0
20230607:2110,0.0,0.0,0.0,17.21,1.66,0.0
20230607:2210,0.0,0.0,0.0,16.51,1.59,0.0
20230607:2310,0.0,0.0,0.0,16.22,1.79,0.0
20230608:0010,0.0,0.0,0.0,15.92,2.07,0.0
20230608:0110,0.0,0.0,0.0,15.42,1.86,0.0
20230608:0210,0.0,0.0,0.0,15.23,1.86,0.0
20230608:0310,0.0,0.0,0.0,14.42,1.79,0.0
20230608:0410,1.85,9.47,4.4,13.96,1.72,0.0
20230608:0510,51.68,69.11,13.99,14.36,1.52,0.0
20230608:0610,142.77,165.53,24.15,16.03,1.31,0.0
20230608:0710,377.5,422.62,34.59,18.69,0.69,0.0
20230608:0810,545.52,610.49,44.94,20.53,0.07,0.0
20230608:0910,696.31,795.56,54.68,21.72,0.28,0.0
20230608:1010,798.85,927.65,62.74,22.52,0.62,0.0
20230608:1110,767.4,886.88,66.95,23.35,0.97,0.0
20230608:1210,778.92,898.07,65.19,23.44,1.17,0.0
20230608:1310,806.29,939.56,58.47,23.68,0.83,0.0
20230608:1410,568.6,640.94,49.27,23.71,0.83,0.0
20230608:1510,431.91,483.6,39.09,23.95,0.62,0.0
20230608:1610,423.58,474.78,28.64,23.63,0.83,0.0
20230608:1710,214.6,259.41,18.32,23.15,0.48,0.0
20230608:1810,43.33,72.68,8.45,22.29,1.17,0.0
20230608:1910,0.0,0.0,0.0,21.61,0.55,0.0
20230608:2010,0.0,0.0,0.0,20.6,0.76,0.0
20230608:2110,0.0,0.0,0.0,18.79,1.17,0.0
20230608:2210,0.0,0.0,0.0,17.89,1.31,0.0
20230608:2310,0.0,0.0,0.0,16.92,1.59,0.0
20230609:0010,0.0,0.0,0.0,16.09,1.86,0.0
20230609:0110,0.0,0.0,0.0,15.74,1.72,0.0
20230609:0210,0.0,0.0,0.0,15.52,1.59,0.0
20230609:0310,0.0,0.0,0.0,15.32,1.59,0.0
20230609:0410,0.0,3.79,4.44,14.81,1.59,0.0
20230609:0510,54.07,71.95,14.01,15.38,1.31,0.0
20230609:0610,150.76,175.58,24.17,17.08,0.97,0.0
20230609:0710,169.17,193.15,34.61,18.64,1.1,0.0
20230609:0810,396.18,438.96,44.97,20.75,0.55,0.0
20230609:0910,605.07,686.51,54.72,21.74,0.14,0.0
20230609:1010,380.85,425.96,62.79,22.83,0.9,0.0
20230609:1110,229.97,262.07,67.04,23.53,1.17,0.0
20230609:1210,397.26,444.75,65.29,23.97,1.38,0.0
20230609:1310,592.96,668.97,58.56,24.19,1.31,0.0
20230609:1410,458.87,514.1,49.36,24.39,1.1,0.0
20230609:1510,210.78,242.62,39.18,24.33,0.76,0.0
20230609:1610,175.74,204.14,28.73,23.48,1.03,0.0
20230609:1710,85.51,108.19,18.41,22.19,1.38,0.0
20230609:1810,19.24,33.97,8.54,21.32,0.14,0.0
20230609:1910,0.0,0.0,0.0,20.59,0.62,0.0
20230609:2010,0.0,0.0,0.0,19.59,0.9,0.0
20230609:2110,0.0,0.0,0.0,18.75,1.1,0.0
20230609:2210,0.0,0.0,0.0,18.37,0.97,0.0
20230609:2310,0.0,0.0,0.0,17.95,1.03,0.0
20230610:0010,0.0,0.0,0.0,17.56,1.1,0.0
20230610:0110,0.0,0.0,0.0,17.28,1.03,0.0
20230610:0210,0.0,0.0,0.0,16.97,0.97,0.0
20230610:0310,0.0,0.0,0.0,16.68,0.9,0.0
20230610:0410,0.0,2.84,4.47,16.59,0.97,0.0
20230610:0510,5.28,15.15,14.04,17.16,0.62,0.0
20230610:0610,115.35,137.64,24.19,17.79,0.34,0.0
20230610:0710,117.06,139.77,34.63,19.65,1.1,0.0
20230610:0810,174.79,199.95,44.99,19.93,1.24,0.0
20230610:0910,185.67,211.6,54.75,20.43,1.45,0.0
20230610:1010,166.75,192.18,62.84,20.79,1.45,0.0
20230610:1110,200.98,229.07,67.11,21.4,0.97,0.0
20230610:1210,457.14,514.7,65.38,22.78,0.41,0.0
20230610:1310,777.21,910.79,58.65,23.92,0.48,0.0
20230610:1410,730.19,835.18,49.45,24.57,1.17,0.0
20230610:1510,596.97,669.74,39.27,24.73,1.31,0.0
20230610:1610,415.53,467.72,28.82,24.58,0.83,0.0
20230610:1710,225.96,274.25,18.5,24.32,0.69,0.0
20230610:1810,3.49,12.62,8.63,23.44,0.83,0.0
20230610:1910,0.0,0.0,0.0,21.02,0.83,0.0
20230610:2010,0.0,0.0,0.0,19.67,1.59,0.0
20230610:2110,0.0,0.0,0.0,18.73,1.72,0.0
20230610:2210,0.0,0.0,0.0,18.08,1.72,0.0
20230610:2310,0.0,0.0,0.0,17.42,1.66,0.0
20230611:0010,0.0,0.0,0.0,16.88,1.66,0.0
20230611:0110,0.0,0.0,0.0,16.4,1.66,0.0
20230611:0210,0.0,0.0,0.0,15.95,1.72,0.0
20230611:0310,0.0,0.0,0.0,15.55,1.72,0.0
20230611:0410,10.13,21.77,4.49,15.02,1.66,0.0
20230611:0510,73.86,92.78,14.06,15.48,1.45,0.0
20230611:0610,174.41,215.36,24.21,17.21,1.03,0.0
20230611:0710,354.06,400.84,34.64,20.67,0.28,0.0
20230611:0810,490.09,545.13,45.01,21.9,0.76,0.0
20230611:0910,484.64,540.36,54.78,22.95,1.17,0.0
20230611:1010,703.75,799.82,62.88,23.93,1.45,0.0
20230611:1110,784.62,900.04,67.18,24.64,1.79,0.0
20230611:1210,815.4,936.97,65.46,25.16,2.07,0.0
20230611:1310,781.39,889.59,58.74,25.45,2.34,0.0
20230611:1410,499.15,557.41,49.53,25.37,2.0,0.0
20230611:1510,428.47,475.01,39.35,24.75,2.07,0.0
20230611:1610,404.93,446.56,28.9,23.24,2.48,0.0
20230611:1710,202.95,242.67,18.58,23.15,1.59,0.0
20230611:1810,1.34,8.74,8.71,22.38,1.03,0.0
20230611:1910,0.0,0.0,0.0,20.98,2.41,0.0
20230611:2010,0.0,0.0,0.0,19.94,1.93,0.0
20230611:2110,0.0,0.0,0.0,19.24,2.34,0.0
20230611:2210,0.0,0.0,0.0,18.56,2.55,0.0
20230611:2310,0.0,0.0,0.0,18.15,2.41,0.0
20230612:0010,0.0,0.0,0.0,17.96,2.48,0.0
20230612:0110,0.0,0.0,0.0,17.27,2.48,0.0
20230612:0210,0.0,0.0,0.0,16.9,2.48,0.0
20230612:0310,0.0,0.0,0.0,16.97,2.55,0.0
20230612:0410,12.91,25.56,4.51,17.1,2.48,0.0
20230612:0510,74.09,93.72,14.07,17.52,2.07,0.0
20230612:0610,176.88,214.3,24.22,18.81,1.66,0.0
20230612:0710,367.01,415.61,34.65,20.5,0.41,0.0
20230612:0810,550.75,611.8,45.02,21.46,0.83,0.0
20230612:0910,0.0,0.0,0.0,21.91,1.03,0.0
20230612:1010,747.22,854.12,62.92,22.94,1.1,0.0
20230612:1110,857.39,1000.17,67.24,23.6,1.17,0.0
20230612:1210,815.61,941.07,65.54,23.98,1.52,0.0
20230612:1310,769.49,882.16,58.82,24.59,1.59,0.0
20230612:1410,645.23,726.69,49.61,24.51,1.59,0.0
20230612:1510,432.92,482.12,39.43,24.06,1.17,0.0
20230612:1610,206.66,237.28,28.98,24.0,1.17,0.0
20230612:1710,126.89,154.11,18.66,23.28,1.52,0.0
20230612:1810,45.48,72.4,8.79,21.03,1.03,0.0
20230612:1910,0.0,0.0,0.0,20.45,0.97,0.0
20230612:2010,0.0,0.0,0.0,19.45,1.93,0.0
20230612:2110,0.0,0.0,0.0,18.88,2.21,0.0
20230612:2210,0.0,0.0,0.0,18.62,2.07,0.0
20230612:2310,0.0,0.0,0.0,18.59,1.72,0.0
20230613:0010,0.0,0.0,0.0,18.52,1.59,0.0
20230613:0110,0.0,0.0,0.0,18.14,1.52,0.0
20230613:0210,0.0,0.0,0.0,17.88,1.31,0.0
20230613:0310,0.0,0.0,0.0,17.62,1.86,0.0
20230613:0410,0.0,2.84,4.52,17.45,2.55,0.0
20230613:0510,5.28,15.15,14.08,17.31,3.03,0.0
20230613:0610,22.11,36.88,24.22,17.58,3.1,0.0
20230613:0710,43.66,61.15,34.65,17.34,3.52,0.0
20230613:0810,76.25,96.09,45.02,18.1,3.17,0.0
20230613:0910,89.83,110.65,54.81,18.92,2.83,0.0
20230613:1010,145.66,168.89,62.95,19.92,3.1,0.0
20230613:1110,157.35,181.51,67.29,20.42,2.62,0.0
20230613:1210,203.15,230.04,65.61,21.2,2.21,0.0
20230613:1310,195.9,223.24,58.89,21.88,2.07,0.0
20230613:1410,604.28,666.26,49.69,22.02,2.0,0.0
20230613:1510,419.65,460.08,39.5,21.82,1.72,0.0
20230613:1610,355.63,392.76,29.05,21.78,1.52,0.0
20230613:1710,190.66,225.21,18.74,21.42,1.79,0.0
20230613:1810,40.8,62.93,8.87,20.61,1.59,0.0
20230613:1910,0.0,0.0,0.0,19.45,1.52,0.0
20230613:2010,0.0,0.0,0.0,18.58,1.1,0.0
20230613:2110,0.0,0.0,0.0,17.98,1.1,0.0
20230613:2210,0.0,0.0,0.0,17.81,1.03,0.0
20230613:2310,0.0,0.0,0.0,17.68,0.97,0.0
20230614:0010,0.0,0.0,0.0,17.55,0.83,0.0
20230614:0110,0.0,0.0,0.0,17.64,0.69,0.0
20230614:0210,0.0,0.0,0.0,17.6,0.69,0.0
20230614:0310,0.0,0.0,0.0,17.83,0.62,0.0
20230614:0410,12.13,24.61,4.53,17.57,0.41,0.0
20230614:0510,20.51,35.03,14.08,17.55,0.14,0.0
20230614:0610,134.78,158.95,24.22,18.48,0.55,0.0
20230614:0710,283.4,313.98,34.65,17.81,0.55,0.0
20230614:0810,439.12,478.97,45.03,18.01,0.76,0.0
20230614:0910,575.1,630.73,54.82,18.57,1.03,0.0
20230614:1010,610.95,675.53,62.97,19.02,1.03,0.0
20230614:1110,731.79,820.81,67.34,19.75,1.24,0.0
20230614:1210,784.8,886.36,65.68,20.57,1.45,0.0
20230614:1310,690.13,769.83,58.96,20.9,1.52,0.0
20230614:1410,597.01,658.83,49.76,21.27,1.59,0.0
20230614:1510,399.17,438.0,39.57,21.7,1.66,0.0
20230614:1610,453.87,499.84,29.12,21.3,1.45,0.0
20230614:1710,232.99,276.59,18.81,21.05,1.1,0.0
20230614:1810,46.09,71.54,8.94,20.74,1.1,0.0
20230614:1910,0.0,0.0,0.0,20.68,1.59,0.0
20230614:2010,0.0,0.0,0.0,19.22,1.45,0.0
20230614:2110,0.0,0.0,0.0,17.96,1.52,0.0
20230614:2210,0.0,0.0,0.0,17.18,1.45,0.0
20230614:2310,0.0,0.0,0.0,17.05,1.93,0.0
20230615:0010,0.0,0.0,0.0,16.61,1.93,0.0
20230615:0110,0.0,0.0,0.0,16.65,1.79,0.0
20230615:0210,0.0,0.0,0.0,16.19,1.79,0.0
20230615:0310,0.0,0.0,0.0,16.11,1.66,0.0
20230615:0410,12.25,24.61,4.54,15.85,1.38,0.0
20230615:0510,56.34,74.79,14.08,16.63,0.83,0.0
20230615:0610,165.23,217.19,24.22,18.19,0.55,0.0
20230615:0710,370.41,416.31,34.65,19.45,0.69,0.0
20230615:0810,548.81,612.75,45.02,20.92,0.34,0.0
20230615:0910,697.68,790.49,54.82,22.11,0.76,0.0
20230615:1010,793.63,912.53,62.99,22.93,1.1,0.0
20230615:1110,849.95,986.13,67.38,23.9,1.45,0.0
20230615:1210,840.16,972.33,65.74,24.12,1.59,0.0
20230615:1310,824.01,949.94,59.03,24.79,1.72,0.0
20230615:1410,716.81,814.64,49.82,25.11,1.66,0.0
20230615:1510,577.34,646.64,39.64,24.9,1.45,0.0
20230615:1610,389.4,436.51,29.19,24.13,0.97,0.0
20230615:1710,173.97,205.81,18.87,21.35,1.17,0.0
20230615:1810,42.78,64.9,9.0,20.0,2.34,0.0
20230615:1910,0.0,0.0,0.0,20.48,1.93,0.0
20230615:2010,0.0,0.0,0.0,19.26,1.79,0.0
20230615:2110,0.0,0.0,0.0,18.16,1.79,0.0
20230615:2210,0.0,0.0,0.0,17.15,1.59,0.0
20230615:2310,0.0,0.0,0.0,16.23,1.52,0.0
20230616:0010,0.0,0.0,0.0,15.59,1.59,0.0
20230616:0110,0.0,0.0,0.0,15.23,1.59,0.0
20230616:0210,0.0,0.0,0.0,14.59,1.72,0.0
20230616:0310,0.0,0.0,0.0,13.99,1.93,0.0
20230616:0410,12.41,24.61,4.53,13.62,1.79,0.0
20230616:0510,52.4,70.06,14.07,14.99,1.38,0.0
20230616:0610,165.24,219.13,24.21,18.92,1.03,0.0
20230616:0710,370.32,419.58,34.64,20.48,0.41,0.0
20230616:0810,556.61,620.7,45.01,21.82,0.76,0.0
20230616:0910,707.74,809.11,54.82,22.91,0.62,0.0
20230616:1010,804.57,944.45,63.0,24.12,0.62,0.0
20230616:1110,863.61,1028.0,67.42,25.13,0.83,0.0
20230616:1210,874.57,1040.56,65.79,25.93,1.1,0.0
20230616:1310,844.96,991.54,59.09,26.53,1.52,0.0
20230616:1410,753.05,863.33,49.88,26.8,1.93,0.0
20230616:1510,615.3,692.17,39.7,26.75,2.07,0.0
20230616:1610,434.32,487.89,29.25,26.38,2.0,0.0
20230616:1710,205.49,247.06,18.93,25.71,2.0,0.0
20230616:1810,51.01,86.52,9.07,24.22,1.59,0.0
20230616:1910,0.0,0.0,0.0,22.61,2.07,0.0
20230616:2010,0.0,0.0,0.0,20.47,2.0,0.0
20230616:2110,0.0,0.0,0.0,18.83,2.07,0.0
20230616:2210,0.0,0.0,0.0,17.71,2.07,0.0
20230616:2310,0.0,0.0,0.0,16.83,2.0,0.0
20230617:0010,0.0,0.0,0.0,16.17,1.93,0.0
20230617:0110,0.0,0.0,0.0,15.49,1.86,0.0
20230617:0210,0.0,0.0,0.0,14.56,2.07,0.0
20230617:0310,0.0,0.0,0.0,13.79,2.07,0.0
20230617:0410,0.0,3.79,4.53,13.33,2.0,0.0
20230617:0510,76.01,94.67,14.06,14.65,1.59,0.0
20230617:0610,173.52,218.6,24.19,19.06,1.1,0.0
20230617:0710,363.07,412.22,34.62,21.3,0.48,0.0
20230617:0810,543.1,608.23,45.0,22.57,0.69,0.0
20230617:0910,701.83,804.05,54.81,23.72,0.69,0.0
20230617:1010,803.82,944.12,63.0,24.88,0.76,0.0
20230617:1110,865.62,1027.68,67.44,25.92,1.1,0.0
20230617:1210,878.77,1040.26,65.84,26.45,1.45,0.0
20230617:1310,842.06,986.42,59.14,26.83,1.66,0.0
20230617:1410,745.94,854.4,49.94,26.99,2.0,0.0
20230617:1510,593.89,666.28,39.76,26.92,2.28,0.0
20230617:1610,404.72,454.76,29.31,26.54,2.07,0.0
20230617:1710,175.01,210.99,18.99,25.95,1.52,0.0
20230617:1810,49.4,79.11,9.12,24.36,0.9,0.0
20230617:1910,0.0,0.0,0.0,23.1,1.03,0.0
20230617:2010,0.0,0.0,0.0,21.8,1.17,0.0
20230617:2110,0.0,0.0,0.0,20.35,1.31,0.0
20230617:2210,0.0,0.0,0.0,19.01,1.45,0.0
20230617:2310,0.0,0.0,0.0,18.37,1.38,0.0
20230618:0010,0.0,0.0,0.0,18.08,1.31,0.0
20230618:0110,0.0,0.0,0.0,17.75,1.31,0.0
20230618:0210,0.0,0.0,0.0,17.12,1.38,0.0
20230618:0310,0.0,0.0,0.0,15.83,1.72,0.0
20230618:0410,6.67,17.04,4.51,14.99,1.79,0.0
20230618:0510,71.63,90.88,14.04,16.56,1.24,0.0
20230618:0610,168.76,214.18,24.17,20.71,0.83,0.0
20230618:0710,313.15,355.18,34.6,22.47,0.55,0.0
20230618:0810,526.93,591.42,44.98,23.84,0.9,0.0
20230618:0910,687.4,785.49,54.79,24.74,0.97,0.0
20230618:1010,793.74,922.09,63.0,25.42,1.24,0.0
20230618:1110,848.55,992.41,67.46,26.25,1.66,0.0
20230618:1210,850.34,992.83,65.88,26.8,1.93,0.0
20230618:1310,838.5,973.83,59.19,26.76,2.0,0.0
20230618:1410,708.3,806.86,49.99,26.58,1.93,0.0
20230618:1510,473.86,530.62,39.81,26.23,1.72,0.0
20230618:1610,202.99,234.58,29.36,25.57,1.66,0.0
20230618:1710,139.19,168.68,19.04,24.44,1.17,0.0
20230618:1810,6.6,17.47,9.17,23.81,1.17,0.0
20230618:1910,0.0,0.0,0.0,23.14,1.79,0.0
20230618:2010,0.0,0.0,0.0,21.7,1.93,0.0
20230618:2110,0.0,0.0,0.0,20.45,1.93,0.0
20230618:2210,0.0,0.0,0.0,19.39,1.72,0.0
20230618:2310,0.0,0.0,0.0,18.87,1.52,0.0
20230619:0010,0.0,0.0,0.0,19.06,1.24,0.0
20230619:0110,0.0,0.0,0.0,19.05,1.1,0.0
20230619:0210,0.0,0.0,0.0,18.7,1.17,0.0
20230619:0310,0.0,0.0,0.0,18.44,1.1,0.0
20230619:0410,12.05,24.61,4.49,18.72,0.97,0.0
20230619:0510,51.2,70.06,14.02,19.35,0.76,0.0
20230619:0610,159.67,211.96,24.15,21.35,0.55,0.0
20230619:0710,355.93,405.98,34.58,22.64,0.83,0.0
20230619:0810,538.13,603.8,44.96,24.0,0.97,0.0
20230619:0910,689.81,784.01,54.78,24.95,1.31,0.0
20230619:1010,787.3,916.68,62.99,26.06,1.24,0.0
20230619:1110,837.64,987.95,67.47,27.0,1.38,0.0
20230619:1210,775.54,900.15,65.91,27.22,1.86,0.0
20230619:1310,702.33,803.9,59.24,27.5,2.21,0.0
20230619:1410,725.86,824.46,50.04,27.33,2.48,0.0
20230619:1510,535.92,596.76,39.86,26.28,2.41,0.0
20230619:1610,421.51,469.97,29.41,24.9,1.93,0.0
20230619:1710,164.33,196.98,19.09,24.65,2.28,0.0
20230619:1810,40.96,62.83,9.22,24.23,2.14,0.0
20230619:1910,0.0,0.0,0.0,23.22,2.0,0.0
20230619:2010,0.0,0.0,0.0,22.23,2.07,0.0
20230619:2110,0.0,0.0,0.0,21.29,1.72,0.0
20230619:2210,0.0,0.0,0.0,20.24,1.52,0.0
20230619:2310,0.0,0.0,0.0,19.53,1.45,0.0
20230620:0010,0.0,0.0,0.0,19.17,1.45,0.0
20230620:0110,0.0,0.0,0.0,18.77,1.38,0.0
20230620:0210,0.0,0.0,0.0,18.38,1.45,0.0
20230620:0310,0.0,0.0,0.0,18.03,1.52,0.0
20230620:0410,7.21,17.99,4.47,17.81,1.45,0.0
20230620:0510,67.24,87.1,14.0,18.83,1.1,0.0
20230620:0610,169.73,210.05,24.12,21.98,0.62,0.0
20230620:0710,331.38,378.15,34.55,23.87,0.97,0.0
20230620:0810,460.77,523.64,44.93,25.58,0.48,0.0
20230620:0910,640.02,736.24,54.75,26.56,0.9,0.0
20230620:1010,751.74,876.56,62.98,27.3,1.31,0.0
20230620:1110,774.62,908.24,67.48,27.91,1.52,0.0
20230620:1210,681.2,789.46,65.94,28.2,1.66,0.0
20230620:1310,761.14,890.5,59.28,28.47,1.59,0.0
20230620:1410,639.73,736.85,50.09,28.65,1.52,0.0
20230620:1510,455.58,517.22,39.9,28.61,1.52,0.0
20230620:1610,396.1,450.48,29.45,28.18,1.52,0.0
20230620:1710,214.0,259.57,19.14,27.27,1.79,0.0
20230620:1810,40.9,63.58,9.26,26.26,2.0,0.0
20230620:1910,0.0,0.0,0.0,23.89,1.66,0.0
20230620:2010,0.0,0.0,0.0,22.24,1.79,0.0
20230620:2110,0.0,0.0,0.0,20.9,1.66,0.0
20230620:2210,0.0,0.0,0.0,20.14,1.79,0.0
20230620:2310,0.0,0.0,0.0,19.41,1.79,0.0
20230621:0010,0.0,0.0,0.0,18.8,1.72,0.0
20230621:0110,0.0,0.0,0.0,18.21,1.79,0.0
20230621:0210,0.0,0.0,0.0,17.64,1.72,0.0
20230621:0310,0.0,0.0,0.0,17.01,1.79,0.0
20230621:0410,11.47,23.67,4.44,16.7,1.72,0.0
20230621:0510,70.16,89.94,13.96,18.18,1.24,0.0
20230621:0610,167.54,212.74,24.09,22.06,0.97,0.0
20230621:0710,331.36,377.11,34.51,22.9,0.69,0.0
20230621:0810,515.67,579.1,44.9,24.72,1.17,0.0
20230621:0910,640.73,735.22,54.72,26.27,0.97,0.0
20230621:1010,725.88,850.68,62.96,27.7,1.03,0.0
20230621:1110,793.67,941.63,67.48,28.75,1.31,0.0
20230621:1210,769.01,916.27,65.96,29.5,1.17,0.0
20230621:1310,728.89,860.11,59.31,29.97,1.38,0.0
20230621:1410,552.1,635.97,50.12,30.08,1.59,0.0
20230621:1510,401.91,458.28,39.94,29.92,1.86,0.0
20230621:1610,350.99,401.04,29.49,29.24,1.79,0.0
20230621:1710,215.36,262.78,19.17,28.32,1.38,0.0
20230621:1810,43.62,68.46,9.3,27.89,1.1,0.0
20230621:1910,0.0,0.0,0.0,26.5,1.17,0.0
20230621:2010,0.0,0.0,0.0,25.96,0.97,0.0
20230621:2110,0.0,0.0,0.0,24.12,1.17,0.0
20230621:2210,0.0,0.0,0.0,22.4,1.45,0.0
20230621:2310,0.0,0.0,0.0,21.27,1.59,0.0
20230622:0010,0.0,0.0,0.0,20.44,1.79,0.0
20230622:0110,0.0,0.0,0.0,20.1,1.72,0.0
20230622:0210,0.0,0.0,0.0,19.87,1.79,0.0
20230622:0310,0.0,0.0,0.0,19.39,1.86,0.0
20230622:0410,2.84,11.36,4.41,19.02,1.93,0.0
20230622:0510,56.24,75.74,13.93,20.27,1.45,0.0
20230622:0610,166.83,205.7,24.05,24.03,0.76,0.0
20230622:0710,319.25,368.1,34.47,26.42,1.17,0.0
20230622:0810,489.09,561.69,44.86,27.67,0.55,0.0
20230622:0910,640.66,749.99,54.69,28.84,0.62,0.0
20230622:1010,763.3,905.77,62.94,29.71,1.17,0.0
20230622:1110,804.37,969.39,67.47,30.13,1.03,0.0
20230622:1210,797.49,957.51,65.97,30.97,1.38,0.0
20230622:1310,654.75,761.15,59.34,31.49,2.34,0.0
20230622:1410,370.25,427.09,50.16,31.62,2.07,0.0
20230622:1510,514.91,589.26,39.98,31.35,2.21,0.0
20230622:1610,312.78,360.62,29.53,31.21,2.41,0.0
20230622:1710,90.19,117.02,19.21,30.13,1.79,0.0
20230622:1810,52.01,90.14,9.33,29.41,1.93,0.0
20230622:1910,0.0,0.0,0.0,25.89,1.31,0.0
20230622:2010,0.0,0.0,0.0,24.4,1.79,0.0
20230622:2110,0.0,0.0,0.0,23.06,1.86,0.0
20230622:2210,0.0,0.0,0.0,22.17,1.86,0.0
20230622:2310,0.0,0.0,0.0,21.62,2.14,0.0
20230623:0010,0.0,0.0,0.0,21.53,2.41,0.0
20230623:0110,0.0,0.0,0.0,21.63,2.83,0.0
20230623:0210,0.0,0.0,0.0,21.5,2.55,0.0
20230623:0310,0.0,0.0,0.0,21.08,2.14,0.0
20230623:0410,11.25,23.67,4.37,20.06,1.72,0.0
20230623:0510,48.45,67.22,13.89,20.1,1.17,0.0
20230623:0610,157.49,216.56,24.01,22.62,1.17,0.0
20230623:0710,369.37,421.62,34.43,24.61,2.28,0.0
20230623:0810,563.4,626.25,44.82,26.62,3.31,0.0
20230623:0910,725.24,807.25,54.65,27.86,4.69,0.0
20230623:1010,844.21,949.12,62.9,28.5,5.24,0.0
20230623:1110,901.65,1023.43,67.46,29.05,5.31,0.0
20230623:1210,907.73,1038.3,65.98,29.64,4.97,0.0
20230623:1310,862.32,985.74,59.36,29.97,4.62,0.0
20230623:1410,768.41,869.78,50.19,30.26,4.62,0.0
20230623:1510,628.69,702.63,40.01,30.1,4.76,0.0
20230623:1610,439.39,492.28,29.56,29.55,4.97,0.0
20230623:1710,230.91,278.4,19.24,28.56,5.17,0.0
20230623:1810,53.55,89.42,9.36,27.37,4.55,0.0
20230623:1910,0.0,0.0,0.0,26.5,4.41,0.0
20230623:2010,0.0,0.0,0.0,25.58,4.48,0.0
20230623:2110,0.0,0.0,0.0,24.71,4.21,0.0
20230623:2210,0.0,0.0,0.0,23.87,4.0,0.0
20230623:2310,0.0,0.0,0.0,23.18,3.93,0.0
20230624:0010,0.0,0.0,0.0,22.48,3.79,0.0
20230624:0110,0.0,0.0,0.0,21.8,3.59,0.0
20230624:0210,0.0,0.0,0.0,21.11,3.38,0.0
20230624:0310,0.0,0.0,0.0,20.51,3.17,0.0
20230624:0410,5.83,16.09,4.33,19.86,2.69,0.0
20230624:0510,49.56,68.16,13.84,19.37,2.14,0.0
20230624:0610,158.69,216.46,23.96,21.5,2.0,0.0
20230624:0710,369.16,418.32,34.39,24.41,3.38,0.0
20230624:0810,556.27,619.05,44.77,25.58,2.55,0.0
20230624:0910,706.47,805.32,54.61,26.86,1.93,0.0
20230624:1010,797.19,942.88,62.87,27.78,1.1,0.0
20230624:1110,838.82,1022.24,67.43,28.8,0.62,0.0
20230624:1210,840.34,1042.81,65.98,29.67,0.28,0.0
20230624:1310,800.4,990.41,59.38,30.22,0.14,0.0
20230624:1410,742.14,879.4,50.21,30.6,1.24,0.0
20230624:1510,616.62,711.08,40.04,30.55,1.72,0.0
20230624:1610,436.43,500.81,29.59,30.26,1.72,0.0
20230624:1710,237.11,290.62,19.26,29.47,1.66,0.0
20230624:1810,54.73,95.39,9.38,28.3,1.93,0.0
20230624:1910,0.0,0.0,0.0,26.53,2.07,0.0
20230624:2010,0.0,0.0,0.0,25.05,2.55,0.0
20230624:2110,0.0,0.0,0.0,24.04,2.83,0.0
20230624:2210,0.0,0.0,0.0,23.26,2.62,0.0
20230624:2310,0.0,0.0,0.0,22.55,2.62,0.0
20230625:0010,0.0,0.0,0.0,21.98,2.69,0.0
20230625:0110,0.0,0.0,0.0,21.78,2.69,0.0
20230625:0210,0.0,0.0,0.0,21.18,2.34,0.0
20230625:0310,0.0,0.0,0.0,20.49,2.0,0.0
20230625:0410,9.16,20.83,4.28,19.72,1.72,0.0
20230625:0510,50.12,69.11,13.79,20.33,1.24,0.0
20230625:0610,154.96,212.68,23.91,23.07,1.52,0.0
20230625:0710,362.33,413.67,34.33,24.02,1.86,0.0
20230625:0810,550.14,614.96,44.72,25.05,1.79,0.0
20230625:0910,695.31,792.7,54.56,25.98,1.52,0.0
20230625:1010,802.53,938.73,62.82,26.9,1.38,0.0
20230625:1110,845.55,1007.11,67.41,27.78,1.24,0.0
20230625:1210,853.38,1021.46,65.98,28.59,1.31,0.0
20230625:1310,823.42,975.59,59.39,29.37,1.66,0.0
20230625:1410,734.88,861.77,50.23,29.77,1.45,0.0
20230625:1510,601.94,695.79,40.06,29.8,1.17,0.0
20230625:1610,427.93,492.82,29.61,29.7,1.03,0.0
20230625:1710,229.64,282.1,19.28,29.0,0.76,0.0
20230625:1810,53.39,91.5,9.4,28.76,0.83,0.0
20230625:1910,0.0,0.0,0.0,26.23,1.38,0.0
20230625:2010,0.0,0.0,0.0,24.61,1.45,0.0
20230625:2110,0.0,0.0,0.0,23.82,1.38,0.0
20230625:2210,0.0,0.0,0.0,23.57,1.24,0.0
20230625:2310,0.0,0.0,0.0,23.28,1.17,0.0
20230626:0010,0.0,0.0,0.0,22.28,1.31,0.0
20230626:0110,0.0,0.0,0.0,21.12,1.52,0.0
20230626:0210,0.0,0.0,0.0,20.28,1.66,0.0
20230626:0310,0.0,0.0,0.0,19.61,1.72,0.0
20230626:0410,6.49,17.04,4.23,19.2,1.79,0.0
20230626:0510,52.69,71.95,13.74,20.44,1.17,0.0
20230626:0610,152.89,209.11,23.86,23.74,0.97,0.0
20230626:0710,350.82,406.15,34.28,25.37,0.9,0.0
20230626:0810,530.67,604.92,44.67,26.69,0.83,0.0
20230626:0910,672.8,784.09,54.5,27.93,0.76,0.0
20230626:1010,769.12,923.26,62.77,29.17,0.62,0.0
20230626:1110,817.54,1001.78,67.37,30.2,0.55,0.0
20230626:1210,821.05,1011.27,65.96,31.18,0.62,0.0
20230626:1310,784.65,959.25,59.39,31.84,0.69,0.0
20230626:1410,713.25,852.44,50.24,32.21,1.03,0.0
20230626:1510,582.77,684.99,40.07,32.44,0.9,0.0
20230626:1610,411.66,480.99,29.62,32.22,0.83,0.0
20230626:1710,213.68,265.56,19.3,31.27,0.41,0.0
20230626:1810,52.11,89.08,9.41,31.71,0.28,0.0
20230626:1910,0.0,0.0,0.0,28.77,1.72,0.0
20230626:2010,0.0,0.0,0.0,26.33,1.86,0.0
20230626:2110,0.0,0.0,0.0,24.68,1.66,0.0
20230626:2210,0.0,0.0,0.0,23.94,1.52,0.0
20230626:2310,0.0,0.0,0.0,23.3,1.45,0.0
20230627:0010,0.0,0.0,0.0,22.3,1.59,0.0
20230627:0110,0.0,0.0,0.0,21.67,1.59,0.0
20230627:0210,0.0,0.0,0.0,21.11,1.66,0.0
20230627:0310,0.0,0.0,0.0,20.55,1.66,0.0
20230627:0410,0.0,4.73,4.17,20.21,1.66,0.0
20230627:0510,69.05,89.94,13.68,21.36,1.31,0.0
20230627:0610,161.16,198.75,23.8,25.25,1.1,0.0
20230627:0710,290.68,332.2,34.22,25.0,1.31,0.0
20230627:0810,373.44,420.62,44.61,25.99,1.66,0.0
20230627:0910,634.93,726.97,54.44,26.91,1.24,0.0
20230627:1010,759.14,897.37,62.72,28.33,0.97,0.0
20230627:1110,804.76,973.06,67.33,29.46,0.76,0.0
20230627:1210,781.03,951.82,65.94,30.71,0.62,0.0
20230627:1310,720.09,867.52,59.39,30.93,0.62,0.0
20230627:1410,670.23,799.57,50.25,31.39,0.62,0.0
20230627:1510,543.38,633.71,40.09,31.64,0.9,0.0
20230627:1610,336.62,388.75,29.64,31.11,1.66,0.0
20230627:1710,191.96,235.09,19.31,30.2,1.86,0.0
20230627:1810,52.16,86.43,9.42,28.61,1.38,0.0
20230627:1910,0.0,0.0,0.0,27.23,1.59,0.0
20230627:2010,0.0,0.0,0.0,27.07,0.97,0.0
20230627:2110,0.0,0.0,0.0,27.22,0.83,0.0
20230627:2210,0.0,0.0,0.0,23.08,1.86,0.0
20230627:2310,0.0,0.0,0.0,22.15,2.07,0.0
20230628:0010,0.0,0.0,0.0,21.69,2.28,0.0
20230628:0110,0.0,0.0,0.0,21.2,2.83,0.0
20230628:0210,0.0,0.0,0.0,20.5,2.48,0.0
20230628:0310,0.0,0.0,0.0,19.68,2.14,0.0
20230628:0410,0.0,3.79,4.1,18.9,1.66,0.0
20230628:0510,70.6,90.88,13.62,19.51,1.38,0.0
20230628:0610,155.67,205.62,23.73,20.89,1.72,0.0
20230628:0710,335.19,379.26,34.16,22.32,1.45,0.0
20230628:0810,484.54,539.56,44.54,23.61,1.38,0.0
20230628:0910,611.86,693.64,54.38,24.89,1.1,0.0
20230628:1010,673.79,769.28,62.66,26.03,1.66,0.0
20230628:1110,691.25,781.31,67.28,25.88,2.62,0.0
20230628:1210,648.46,725.99,65.92,26.13,3.38,0.0
20230628:1310,748.58,836.72,59.38,26.48,4.14,0.0
20230628:1410,727.26,809.08,50.25,26.62,4.07,0.0
20230628:1510,589.29,652.73,40.09,26.32,3.17,0.0
20230628:1610,390.98,435.56,29.64,26.46,3.31,0.0
20230628:1710,215.19,257.03,19.32,26.05,3.31,0.0
20230628:1810,53.46,85.46,9.42,25.35,3.24,0.0
20230628:1910,0.0,0.0,0.0,24.21,3.1,0.0
20230628:2010,0.0,0.0,0.0,23.49,3.31,0.0
20230628:2110,0.0,0.0,0.0,22.8,3.24,0.0
20230628:2210,0.0,0.0,0.0,22.29,3.17,0.0
20230628:2310,0.0,0.0,0.0,21.85,2.83,0.0
20230629:0010,0.0,0.0,0.0,21.68,2.55,0.0
20230629:0110,0.0,0.0,0.0,21.48,2.21,0.0
20230629:0210,0.0,0.0,0.0,21.3,2.07,0.0
20230629:0310,0.0,0.0,0.0,21.16,2.0,0.0
20230629:0410,0.0,2.84,4.04,20.93,1.59,0.0
20230629:0510,11.91,24.61,13.55,20.78,1.31,0.0
20230629:0610,78.54,99.97,23.67,21.16,1.45,0.0
20230629:0710,108.4,131.03,34.09,20.74,2.28,0.0
20230629:0810,170.55,196.07,44.48,21.09,2.0,0.0
20230629:0910,469.89,515.51,54.31,21.05,1.79,0.0
20230629:1010,370.63,408.58,62.59,21.18,1.72,0.0
20230629:1110,839.11,954.1,67.23,21.75,1.72,0.0
20230629:1210,836.79,960.97,65.89,22.47,1.45,0.0
20230629:1310,697.84,796.04,59.37,23.37,1.03,0.0
20230629:1410,569.58,647.83,50.25,24.07,0.41,0.0
20230629:1510,309.37,348.51,40.1,24.14,0.69,0.0
20230629:1610,272.72,307.98,29.65,24.19,1.17,0.0
20230629:1710,88.42,112.08,19.32,23.98,1.38,0.0
20230629:1810,32.31,50.81,9.42,23.55,1.72,0.0
20230629:1910,0.0,0.0,0.0,23.99,0.76,0.0
20230629:2010,0.0,0.0,0.0,22.22,1.17,0.0
20230629:2110,0.0,0.0,0.0,21.46,1.52,0.0
20230629:2210,0.0,0.0,0.0,20.61,1.59,0.0
20230629:2310,0.0,0.0,0.0,20.25,1.31,0.0
20230630:0010,0.0,0.0,0.0,19.88,1.24,0.0
20230630:0110,0.0,0.0,0.0,19.71,1.31,0.0
20230630:0210,0.0,0.0,0.0,19.61,1.17,0.0
20230630:0310,0.0,0.0,0.0,19.07,1.31,0.0
20230630:0410,4.01,13.25,3.96,18.55,1.38,0.0
20230630:0510,43.49,61.54,13.48,19.3,1.45,0.0
20230630:0610,93.97,115.93,23.6,20.22,1.66,0.0
20230630:0710,160.48,185.58,34.02,20.22,0.9,0.0
20230630:0810,256.39,286.9,44.4,20.74,0.9,0.0
20230630:0910,181.33,207.71,54.24,21.07,1.38,0.0
20230630:1010,124.61,148.51,62.52,21.23,1.45,0.0
20230630:1110,0.0,0.0,0.0,21.86,1.59,0.0
20230630:1210,101.29,124.24,65.85,21.64,1.59,0.0
20230630:1310,107.68,131.03,59.35,21.77,1.59,0.0
20230630:1410,160.17,186.36,50.24,22.06,1.45,0.0
20230630:1510,120.14,144.62,40.09,22.57,1.59,0.0
20230630:1610,63.6,84.44,29.64,22.59,1.79,0.0
20230630:1710,54.04,73.77,19.31,21.87,2.28,0.0
20230630:1810,6.05,16.5,9.41,21.03,1.59,0.0
20230630:1910,0.0,0.0,0.0,18.15,1.03,0.0
20230630:2010,0.0,0.0,0.0,17.68,0.9,0.0
20230630:2110,0.0,0.0,0.0,17.41,0.55,0.0
20230630:2210,0.0,0.0,0.0,17.3,0.62,0.0
20230630:2310,0.0,0.0,0.0,17.25,0.76,0.0
20230701:0010,0.0,0.0,0.0,17.08,0.62,0.0
20230701:0110,0.0,0.0,0.0,16.91,0.55,0.0
20230701:0210,0.0,0.0,0.0,16.76,0.34,0.0
20230701:0310,0.0,0.0,0.0,16.55,0.41,0.0
20230701:0410,0.0,2.84,3.89,16.19,0.55,0.0
20230701:0510,68.86,88.04,13.4,16.53,0.69,0.0
20230701:0610,165.24,203.06,23.52,17.8,0.48,0.0
20230701:0710,305.42,342.22,33.94,19.32,0.41,0.0
20230701:0810,443.35,491.38,44.33,20.64,0.48,0.0
20230701:0910,597.0,673.53,54.17,22.43,0.55,0.0
20230701:1010,659.93,755.37,62.44,23.63,0.69,0.0
20230701:1110,715.23,830.94,67.09,24.59,0.69,0.0
20230701:1210,817.26,964.16,65.8,25.74,0.97,0.0
20230701:1310,799.36,927.89,59.33,26.47,1.66,0.0
20230701:1410,735.6,835.96,50.23,26.68,2.28,0.0
20230701:1510,620.94,695.91,40.08,26.74,2.34,0.0
20230701:1610,407.39,458.4,29.64,26.52,1.72,0.0
20230701:1710,234.04,282.81,19.3,26.2,1.03,0.0
20230701:1810,55.05,94.22,9.39,25.05,0.62,0.0
20230701:1910,0.0,0.0,0.0,24.86,0.14,0.0
20230701:2010,0.0,0.0,0.0,24.32,0.48,0.0
20230701:2110,0.0,0.0,0.0,22.62,0.9,0.0
20230701:2210,0.0,0.0,0.0,21.34,1.17,0.0
20230701:2310,0.0,0.0,0.0,19.86,1.17,0.0
20230702:0010,0.0,0.0,0.0,18.36,1.24,0.0
20230702:0110,0.0,0.0,0.0,17.77,1.31,0.0
20230702:0210,0.0,0.0,0.0,17.27,1.38,0.0
20230702:0310,0.0,0.0,0.0,16.93,1.45,0.0
20230702:0410,5.94,16.09,3.81,16.71,1.45,0.0
20230702:0510,49.9,68.16,13.32,17.73,1.03,0.0
20230702:0610,147.42,202.93,23.44,20.47,0.69,0.0
20230702:0710,350.81,400.66,33.87,21.88,0.76,0.0
20230702:0810,534.31,601.11,44.25,23.34,0.55,0.0
20230702:0910,666.1,762.63,54.09,24.67,0.69,0.0
20230702:1010,777.84,909.76,62.36,25.77,0.9,0.0
20230702:1110,839.71,989.08,67.02,26.75,1.38,0.0
20230702:1210,864.37,1015.8,65.75,27.42,1.86,0.0
20230702:1310,803.84,932.21,59.3,27.59,2.07,0.0
20230702:1410,743.53,853.95,50.21,27.7,2.0,0.0
20230702:1510,599.71,679.05,40.07,27.57,1.72,0.0
20230702:1610,427.3,483.47,29.62,27.43,1.59,0.0
20230702:1710,235.43,285.43,19.29,27.17,1.31,0.0
20230702:1810,56.56,96.89,9.37,26.08,0.9,0.0
20230702:1910,0.0,0.0,0.0,24.74,1.52,0.0
20230702:2010,0.0,0.0,0.0,23.06,1.38,0.0
20230702:2110,0.0,0.0,0.0,22.08,1.31,0.0
20230702:2210,0.0,0.0,0.0,21.26,1.38,0.0
20230702:2310,0.0,0.0,0.0,20.94,1.17,0.0
20230703:0010,0.0,0.0,0.0,21.42,0.76,0.0
20230703:0110,0.0,0.0,0.0,21.33,0.62,0.0
20230703:0210,0.0,0.0,0.0,21.03,0.62,0.0
20230703:0310,0.0,0.0,0.0,19.9,0.97,0.0
20230703:0410,7.15,17.99,3.72,19.26,1.17,0.0
20230703:0510,52.02,71.0,13.24,19.57,0.83,0.0
20230703:0610,158.94,201.72,23.36,20.7,1.17,0.0
20230703:0710,253.12,287.95,33.78,22.49,0.55,0.0
20230703:0810,444.87,497.61,44.17,23.18,0.76,0.0
20230703:0910,593.91,679.56,54.0,23.93,0.21,0.0
20230703:1010,763.43,895.47,62.27,25.12,0.55,0.0
20230703:1110,822.38,966.92,66.94,26.03,1.17,0.0
20230703:1210,858.92,1011.58,65.69,26.63,1.52,0.0
20230703:1310,768.09,893.12,59.26,27.23,1.59,0.0
20230703:1410,705.71,808.5,50.19,27.73,1.93,0.0
20230703:1510,545.91,615.94,40.05,27.4,1.72,0.0
20230703:1610,234.81,270.75,29.61,26.9,1.17,0.0
20230703:1710,152.01,183.26,19.27,24.44,0.55,0.0
20230703:1810,14.5,28.15,9.35,22.68,2.34,0.0
20230703:1910,0.0,0.0,0.0,22.42,1.66,0.0
20230703:2010,0.0,0.0,0.0,21.64,0.83,0.0
20230703:2110,0.0,0.0,0.0,19.6,1.79,0.0
20230703:2210,0.0,0.0,0.0,18.53,1.17,0.0
20230703:2310,0.0,0.0,0.0,18.04,1.03,0.0
20230704:0010,0.0,0.0,0.0,18.23,1.45,0.0
20230704:0110,0.0,0.0,0.0,17.92,0.69,0.0
20230704:0210,0.0,0.0,0.0,17.24,1.03,0.0
20230704:0310,0.0,0.0,0.0,17.1,1.38,0.0
20230704:0410,7.92,18.93,3.63,17.16,1.38,0.0
20230704:0510,63.16,82.36,13.15,17.72,1.24,0.0
20230704:0610,153.05,200.52,23.27,18.59,0.62,0.0
20230704:0710,332.99,374.02,33.7,18.43,0.21,0.0
20230704:0810,516.67,568.24,44.08,19.51,0.76,0.0
20230704:0910,679.79,769.62,53.91,21.49,0.48,0.0
20230704:1010,784.17,903.1,62.18,22.56,0.83,0.0
20230704:1110,829.98,964.89,66.85,23.53,1.1,0.0
20230704:1210,858.25,997.9,65.62,24.41,1.52,0.0
20230704:1310,460.46,515.93,59.22,24.88,1.66,0.0
20230704:1410,400.4,448.38,50.16,24.73,1.38,0.0
20230704:1510,420.0,472.82,40.03,24.54,0.41,0.0
20230704:1610,286.8,319.55,29.58,22.44,1.66,0.0
20230704:1710,207.92,243.59,19.24,21.78,2.28,0.0
20230704:1810,56.09,92.86,9.32,22.04,1.31,0.0
20230704:1910,0.0,0.0,0.0,21.13,2.21,0.0
20230704:2010,0.0,0.0,0.0,20.27,1.66,0.0
20230704:2110,0.0,0.0,0.0,20.01,1.72,0.0
20230704:2210,0.0,0.0,0.0,19.18,2.21,0.0
20230704:2310,0.0,0.0,0.0,18.56,2.21,0.0
20230705:0010,0.0,0.0,0.0,17.83,1.93,0.0
20230705:0110,0.0,0.0,0.0,17.3,1.59,0.0
20230705:0210,0.0,0.0,0.0,17.22,2.21,0.0
20230705:0310,0.0,0.0,0.0,17.38,1.79,0.0
20230705:0410,4.04,13.25,3.54,17.33,1.24,0.0
20230705:0510,45.44,63.43,13.06,18.1,0.76,0.0
20230705:0610,155.98,185.94,23.18,19.18,0.69,0.0
20230705:0710,0.0,0.0,0.0,20.01,0.28,0.0
20230705:0810,516.61,574.38,43.99,20.68,0.41,0.0
20230705:0910,656.6,743.88,53.82,20.87,0.21,0.0
20230705:1010,745.19,866.43,62.08,21.98,0.14,0.0
20230705:1110,726.45,841.34,66.76,23.13,0.55,0.0
20230705:1210,637.24,726.89,65.55,24.01,0.97,0.0
20230705:1310,475.07,533.5,59.17,24.7,1.38,0.0
20230705:1410,123.6,150.45,50.12,25.34,0.69,0.0
20230705:1510,611.73,702.72,40.0,25.43,0.28,0.0
20230705:1610,369.06,416.54,29.56,25.27,0.76,0.0
20230705:1710,234.8,281.08,19.21,24.4,0.97,0.0
20230705:1810,54.81,90.9,9.28,23.97,0.41,0.0
20230705:1910,0.0,0.0,0.0,22.92,1.45,0.0
20230705:2010,0.0,0.0,0.0,21.53,1.59,0.0
20230705:2110,0.0,0.0,0.0,20.44,1.59,0.0
20230705:2210,0.0,0.0,0.0,19.48,1.79,0.0
20230705:2310,0.0,0.0,0.0,18.76,1.66,0.0
20230706:0010,0.0,0.0,0.0,18.39,1.52,0.0
20230706:0110,0.0,0.0,0.0,17.68,1.72,0.0
20230706:0210,0.0,0.0,0.0,17.63,1.52,0.0
20230706:0310,0.0,0.0,0.0,17.54,1.38,0.0
20230706:0410,0.0,1.89,3.44,17.43,1.86,0.0
20230706:0510,27.72,43.55,12.96,18.33,2.55,0.0
20230706:0610,152.82,180.07,23.09,18.76,3.52,0.0
20230706:0710,274.63,305.28,33.52,19.94,2.28,0.0
20230706:0810,220.37,247.06,43.9,20.51,2.34,0.0
20230706:0910,488.16,530.87,53.72,20.57,2.55,0.0
20230706:1010,435.09,475.55,61.98,21.07,2.55,0.0
20230706:1110,290.5,321.87,66.65,21.63,2.69,0.0
20230706:1210,534.1,582.56,65.47,20.92,2.83,0.0
20230706:1310,133.57,157.24,59.11,20.88,2.55,0.0
20230706:1410,393.17,428.91,50.08,21.08,2.62,0.0
20230706:1510,344.3,377.23,39.97,21.1,2.07,0.0
20230706:1610,65.13,85.41,29.52,20.55,1.45,0.0
20230706:1710,159.63,188.06,19.17,20.77,1.38,0.0
20230706:1810,54.67,88.14,9.24,21.02,1.45,0.0
20230706:1910,0.0,0.0,0.0,21.24,0.97,0.0
20230706:2010,0.0,0.0,0.0,20.29,1.38,0.0
20230706:2110,0.0,0.0,0.0,19.34,1.59,0.0
20230706:2210,0.0,0.0,0.0,18.37,1.72,0.0
20230706:2310,0.0,0.0,0.0,17.6,1.59,0.0
20230707:0010,0.0,0.0,0.0,16.81,1.52,0.0
20230707:0110,0.0,0.0,0.0,16.21,1.59,0.0
20230707:0210,0.0,0.0,0.0,16.28,1.72,0.0
20230707:0310,0.0,0.0,0.0,16.12,1.79,0.0
20230707:0410,0.39,6.63,3.34,15.82,1.86,0.0
20230707:0510,48.56,66.27,12.86,16.24,1.59,0.0
20230707:0610,145.54,197.51,22.99,17.89,1.45,0.0
20230707:0710,348.61,398.17,33.42,21.28,0.62,0.0
20230707:0810,532.52,603.44,43.8,23.06,0.07,0.0
20230707:0910,680.15,783.68,53.62,24.08,0.34,0.0
20230707:1010,795.66,931.39,61.87,25.05,0.83,0.0
20230707:1110,855.17,1003.5,66.55,25.88,1.45,0.0
20230707:1210,877.43,1032.15,65.38,26.38,1.66,0.0
20230707:1310,841.64,982.31,59.05,26.82,1.79,0.0
20230707:1410,746.89,860.18,50.04,26.98,1.66,0.0
20230707:1510,607.09,687.89,39.93,27.0,1.52,0.0
20230707:1610,430.93,485.61,29.48,26.84,1.72,0.0
20230707:1710,228.77,275.11,19.13,26.24,1.66,0.0
20230707:1810,55.79,96.75,9.19,25.25,1.38,0.0
20230707:1910,0.0,0.0,0.0,23.83,1.59,0.0
20230707:2010,0.0,0.0,0.0,22.44,1.66,0.0
20230707:2110,0.0,0.0,0.0,21.64,1.52,0.0
20230707:2210,0.0,0.0,0.0,20.98,1.45,0.0
20230707:2310,0.0,0.0,0.0,21.24,0.97,0.0
20230708:0010,0.0,0.0,0.0,20.98,0.97,0.0
20230708:0110,0.0,0.0,0.0,20.4,1.93,0.0
20230708:0210,0.0,0.0,0.0,20.28,2.07,0.0
20230708:0310,0.0,0.0,0.0,20.27,2.21,0.0
20230708:0410,0.0,1.89,3.23,19.79,2.14,0.0
20230708:0510,49.36,68.16,12.76,20.07,1.79,0.0
20230708:0610,150.0,196.36,22.89,21.7,1.38,0.0
20230708:0710,201.23,230.33,33.32,22.29,1.31,0.0
20230708:0810,519.69,577.96,43.7,23.2,1.31,0.0
20230708:0910,675.72,757.48,53.51,23.33,1.52,0.0
20230708:1010,793.8,900.73,61.76,23.57,1.86,0.0
20230708:1110,825.52,939.73,66.43,24.51,2.41,0.0
20230708:1210,843.37,973.05,65.29,25.41,2.07,0.0
20230708:1310,805.09,942.45,58.98,26.33,1.24,0.0
20230708:1410,728.96,859.1,49.99,26.8,0.41,0.0
20230708:1510,538.21,618.98,39.88,27.16,0.28,0.0
20230708:1610,421.04,480.81,29.44,26.99,0.48,0.0
20230708:1710,224.18,271.28,19.09,26.78,1.1,0.0
20230708:1810,53.45,89.74,9.14,25.7,1.1,0.0
20230708:1910,0.0,0.0,0.0,24.52,1.59,0.0
20230708:2010,0.0,0.0,0.0,22.85,1.52,0.0
20230708:2110,0.0,0.0,0.0,21.52,1.59,0.0
20230708:2210,0.0,0.0,0.0,20.55,1.79,0.0
20230708:2310,0.0,0.0,0.0,19.88,1.79,0.0
20230709:0010,0.0,0.0,0.0,19.56,1.79,0.0
20230709:0110,0.0,0.0,0.0,19.02,1.79,0.0
20230709:0210,0.0,0.0,0.0,18.37,1.52,0.0
20230709:0310,0.0,0.0,0.0,18.6,1.66,0.0
20230709:0410,2.85,11.36,3.12,18.42,1.93,0.0
20230709:0510,46.21,64.38,12.65,18.77,1.72,0.0
20230709:0610,140.45,194.69,22.79,20.54,1.52,0.0
20230709:0710,342.39,394.72,33.22,23.82,1.1,0.0
20230709:0810,529.28,604.23,43.59,26.13,0.55,0.0
20230709:0910,663.45,778.68,53.4,27.55,0.28,0.0
20230709:1010,768.44,921.05,61.64,28.69,0.55,0.0
20230709:1110,830.46,1003.78,66.31,29.59,0.97,0.0
20230709:1210,851.86,1026.85,65.19,30.18,1.38,0.0
20230709:1310,807.54,966.09,58.91,30.51,1.38,0.0
20230709:1410,738.25,870.69,49.93,30.76,1.45,0.0
20230709:1510,592.12,688.44,39.83,30.94,1.1,0.0
20230709:1610,418.48,482.27,29.39,30.85,1.45,0.0
20230709:1710,223.2,274.07,19.03,30.23,1.59,0.0
20230709:1810,54.62,95.82,9.08,28.9,1.45,0.0
20230709:1910,0.0,0.0,0.0,27.18,1.52,0.0
20230709:2010,0.0,0.0,0.0,25.38,1.66,0.0
20230709:2110,0.0,0.0,0.0,24.35,1.45,0.0
20230709:2210,0.0,0.0,0.0,23.37,1.59,0.0
20230709:2310,0.0,0.0,0.0,22.41,1.79,0.0
20230710:0010,0.0,0.0,0.0,21.69,1.86,0.0
20230710:0110,0.0,0.0,0.0,21.19,1.86,0.0
20230710:0210,0.0,0.0,0.0,20.79,1.86,0.0
20230710:0310,0.0,0.0,0.0,20.57,1.86,0.0
20230710:0410,1.75,9.47,3.01,20.42,1.93,0.0
20230710:0510,57.71,77.63,12.54,21.24,1.52,0.0
20230710:0610,140.09,192.11,22.68,24.55,0.97,0.0
20230710:0710,325.48,381.1,33.11,26.99,0.97,0.0
20230710:0810,504.94,582.32,43.49,28.27,0.48,0.0
20230710:0910,646.65,761.88,53.29,29.32,0.41,0.0
20230710:1010,753.94,906.05,61.52,30.29,0.69,0.0
20230710:1110,815.88,993.57,66.19,31.04,0.9,0.0
20230710:1210,825.99,1010.53,65.08,31.7,0.97,0.0
20230710:1310,778.99,950.45,58.83,32.12,0.76,0.0
20230710:1410,698.21,846.09,49.86,32.23,0.34,0.0
20230710:1510,573.4,675.93,39.78,32.14,0.55,0.0
20230710:1610,402.5,469.38,29.34,32.16,0.9,0.0
20230710:1710,215.39,264.29,18.98,30.25,1.79,0.0
20230710:1810,49.96,83.29,9.02,29.29,2.14,0.0
20230710:1910,0.0,0.0,0.0,28.35,0.97,0.0
20230710:2010,0.0,0.0,0.0,26.54,1.66,0.0
20230710:2110,0.0,0.0,0.0,25.13,1.66,0.0
20230710:2210,0.0,0.0,0.0,24.17,1.66,0.0
20230710:2310,0.0,0.0,0.0,23.69,1.59,0.0
20230711:0010,0.0,0.0,0.0,23.21,1.66,0.0
20230711:0110,0.0,0.0,0.0,22.99,1.79,0.0
20230711:0210,0.0,0.0,0.0,22.68,1.72,0.0
20230711:0310,0.0,0.0,0.0,22.37,1.72,0.0
20230711:0410,1.23,8.52,2.89,21.98,1.72,0.0
20230711:0510,59.86,80.47,12.43,22.73,1.38,0.0
20230711:0610,147.55,190.34,22.57,25.94,0.83,0.0
20230711:0710,308.36,360.87,33.0,27.04,0.55,0.0
20230711:0810,496.06,569.53,43.38,27.87,0.62,0.0
20230711:0910,644.09,754.68,53.17,28.69,0.48,0.0
20230711:1010,741.89,899.36,61.39,29.83,0.21,0.0
20230711:1110,803.28,985.47,66.06,30.67,0.48,0.0
20230711:1210,819.07,1007.96,64.97,31.24,0.62,0.0
20230711:1310,777.71,948.92,58.74,31.85,0.69,0.0
20230711:1410,703.36,849.58,49.79,32.15,0.48,0.0
20230711:1510,573.56,670.39,39.71,32.32,1.1,0.0
20230711:1610,419.09,488.38,29.28,32.53,1.17,0.0
20230711:1710,225.68,280.12,18.91,31.71,1.17,0.0
20230711:1810,51.51,90.72,8.95,30.82,2.14,0.0
20230711:1910,0.0,0.0,0.0,28.33,2.14,0.0
20230711:2010,0.0,0.0,0.0,27.12,1.93,0.0
20230711:2110,0.0,0.0,0.0,26.06,1.79,0.0
20230711:2210,0.0,0.0,0.0,25.14,1.52,0.0
20230711:2310,0.0,0.0,0.0,26.54,0.28,0.0
20230712:0010,0.0,0.0,0.0,24.21,2.0,0.0
20230712:0110,0.0,0.0,0.0,23.66,2.48,0.0
20230712:0210,0.0,0.0,0.0,23.01,2.41,0.0
20230712:0310,0.0,0.0,0.0,22.43,1.59,0.0
20230712:0410,0.0,1.89,2.77,21.97,1.59,0.0
20230712:0510,11.11,23.67,12.31,22.2,1.72,0.0
20230712:0610,15.25,29.12,22.46,22.59,1.24,0.0
20230712:0710,209.72,241.47,32.89,23.82,1.1,0.0
20230712:0810,301.44,341.48,43.26,24.55,0.69,0.0
20230712:0910,582.38,659.29,53.05,24.81,0.97,0.0
20230712:1010,657.53,753.27,61.26,25.68,1.17,0.0
20230712:1110,374.91,425.57,65.92,25.41,0.69,0.0
20230712:1210,103.04,127.15,64.85,23.94,2.34,0.0
20230712:1310,114.82,138.8,58.65,23.22,4.21,0.0
20230712:1410,45.04,64.06,49.72,23.05,4.62,0.0
20230712:1510,218.88,246.88,39.65,22.99,3.93,0.0
20230712:1610,104.99,128.12,29.21,22.13,2.83,0.0
20230712:1710,89.97,112.38,18.84,21.61,3.17,0.0
20230712:1810,34.5,53.56,8.87,21.22,2.83,0.0
20230712:1910,0.0,0.0,0.0,22.46,2.07,0.0
20230712:2010,0.0,0.0,0.0,20.51,3.24,0.0
20230712:2110,0.0,0.0,0.0,20.35,2.21,0.0
20230712:2210,0.0,0.0,0.0,20.16,1.66,0.0
20230712:2310,0.0,0.0,0.0,20.11,2.0,0.0
20230713:0010,0.0,0.0,0.0,19.56,2.0,0.0
20230713:0110,0.0,0.0,0.0,19.21,1.38,0.0
20230713:0210,0.0,0.0,0.0,18.96,1.38,0.0
20230713:0310,0.0,0.0,0.0,18.52,1.31,0.0
20230713:0410,1.28,8.52,2.64,18.2,1.17,0.0
20230713:0510,56.68,75.74,12.2,18.37,0.41,0.0
20230713:0610,135.66,188.04,22.34,18.95,0.69,0.0
20230713:0710,336.82,385.45,32.78,22.16,1.17,0.0
20230713:0810,528.0,591.97,43.14,23.07,0.69,0.0
20230713:0910,685.22,764.36,52.92,23.61,2.0,0.0
20230713:1010,770.33,885.86,61.12,24.06,1.17,0.0
20230713:1110,807.83,946.72,65.78,24.68,0.9,0.0
20230713:1210,71.45,94.15,64.72,25.39,0.9,0.0
20230713:1310,730.77,864.67,58.55,26.27,0.34,0.0
20230713:1410,731.17,847.35,49.64,26.88,1.17,0.0
20230713:1510,601.7,689.73,39.57,27.49,0.9,0.0
20230713:1610,417.13,475.6,29.14,27.64,0.9,0.0
20230713:1710,225.4,274.45,18.77,27.58,0.9,0.0
20230713:1810,47.5,77.3,8.79,26.36,0.55,0.0
20230713:1910,0.0,0.0,0.0,25.1,0.97,0.0
20230713:2010,0.0,0.0,0.0,24.93,0.41,0.0
20230713:2110,0.0,0.0,0.0,22.72,1.1,0.0
20230713:2210,0.0,0.0,0.0,21.36,1.38,0.0
20230713:2310,0.0,0.0,0.0,20.73,1.52,0.0
20230714:0010,0.0,0.0,0.0,20.41,1.45,0.0
20230714:0110,0.0,0.0,0.0,19.84,1.38,0.0
20230714:0210,0.0,0.0,0.0,19.61,1.38,0.0
20230714:0310,0.0,0.0,0.0,19.29,1.31,0.0
20230714:0410,1.26,8.52,2.51,19.36,1.45,0.0
20230714:0510,5.84,16.09,12.07,19.45,1.31,0.0
20230714:0610,28.41,44.65,22.23,19.83,1.1,0.0
20230714:0710,65.89,86.39,32.66,20.91,1.17,0.0
20230714:0810,328.06,363.37,43.02,21.24,1.24,0.0
20230714:0910,180.51,207.71,52.8,21.99,1.38,0.0
20230714:1010,89.85,112.59,60.98,22.43,1.31,0.0
20230714:1110,128.05,153.36,65.63,23.19,1.59,0.0
20230714:1210,77.43,99.97,64.59,24.13,1.79,0.0
20230714:1310,283.13,319.02,58.44,24.96,2.55,0.0
20230714:1410,637.89,712.26,49.55,25.4,2.55,0.0
20230714:1510,596.24,664.26,39.5,25.5,2.14,0.0
20230714:1610,410.47,459.9,29.06,25.38,1.52,0.0
20230714:1710,218.37,262.29,18.69,25.31,1.38,0.0
20230714:1810,41.31,65.01,8.7,24.84,1.38,0.0
20230714:1910,0.0,0.0,0.0,22.99,1.86,0.0
20230714:2010,0.0,0.0,0.0,22.49,2.0,0.0
20230714:2110,0.0,0.0,0.0,21.83,2.07,0.0
20230714:2210,0.0,0.0,0.0,21.32,2.07,0.0
20230714:2310,0.0,0.0,0.0,21.02,2.0,0.0
20230715:0010,0.0,0.0,0.0,20.7,2.0,0.0
20230715:0110,0.0,0.0,0.0,20.43,2.0,0.0
20230715:0210,0.0,0.0,0.0,20.2,2.0,0.0
20230715:0310,0.0,0.0,0.0,20.01,2.07,0.0
20230715:0410,0.0,5.68,2.38,19.91,2.0,0.0
20230715:0510,58.04,77.63,11.95,20.2,1.79,0.0
20230715:0610,139.56,186.43,22.1,21.55,1.45,0.0
20230715:0710,307.04,353.68,32.54,23.66,0.55,0.0
20230715:0810,506.43,576.97,42.9,24.79,0.14,0.0
20230715:0910,649.79,752.99,52.66,25.42,0.21,0.0
20230715:1010,721.72,838.97,60.83,26.34,0.97,0.0
20230715:1110,712.16,820.36,65.47,27.24,1.86,0.0
20230715:1210,674.06,768.72,64.45,27.44,2.41,0.0
20230715:1310,368.13,417.02,58.33,27.6,2.14,0.0
20230715:1410,238.53,275.94,49.46,27.74,1.52,0.0
20230715:1510,394.68,449.13,39.41,27.99,0.97,0.0
20230715:1610,417.63,476.89,28.98,27.96,0.9,0.0
20230715:1710,219.08,266.57,18.6,27.63,1.17,0.0
20230715:1810,40.95,65.08,8.61,26.73,1.72,0.0
20230715:1910,0.0,0.0,0.0,25.43,2.07,0.0
20230715:2010,0.0,0.0,0.0,24.53,1.79,0.0
20230715:2110,0.0,0.0,0.0,23.62,1.59,0.0
20230715:2210,0.0,0.0,0.0,22.79,1.38,0.0
20230715:2310,0.0,0.0,0.0,22.13,1.31,0.0
20230716:0010,0.0,0.0,0.0,21.71,1.24,0.0
20230716:0110,0.0,0.0,0.0,20.98,1.52,0.0
20230716:0210,0.0,0.0,0.0,20.42,1.59,0.0
20230716:0310,0.0,0.0,0.0,20.04,1.66,0.0
20230716:0410,0.0,2.84,2.24,19.58,1.72,0.0
20230716:0510,50.17,69.11,11.82,20.16,1.31,0.0
20230716:0610,129.9,183.59,21.98,23.07,0.76,0.0
20230716:0710,323.42,378.34,32.42,24.97,0.34,0.0
20230716:0810,499.65,572.0,42.77,26.0,0.21,0.0
20230716:0910,573.93,659.97,52.53,26.78,0.62,0.0
20230716:1010,772.53,899.94,60.68,27.42,1.45,0.0
20230716:1110,820.15,964.85,65.31,27.89,1.59,0.0
20230716:1210,819.41,970.51,64.3,28.14,1.38,0.0
20230716:1310,757.49,894.77,58.21,28.56,1.1,0.0
20230716:1410,718.76,842.3,49.36,28.71,1.03,0.0
20230716:1510,588.45,684.56,39.32,28.89,0.41,0.0
20230716:1610,285.93,331.78,28.89,29.0,0.28,0.0
20230716:1710,141.37,174.77,18.51,28.58,0.76,0.0
20230716:1810,45.29,74.99,8.51,27.63,1.52,0.0
20230716:1910,0.0,0.0,0.0,26.67,1.66,0.0
20230716:2010,0.0,0.0,0.0,25.4,1.79,0.0
20230716:2110,0.0,0.0,0.0,24.42,1.79,0.0
20230716:2210,0.0,0.0,0.0,23.78,1.93,0.0
20230716:2310,0.0,0.0,0.0,23.07,2.07,0.0
20230717:0010,0.0,0.0,0.0,22.86,1.86,0.0
20230717:0110,0.0,0.0,0.0,22.37,1.72,0.0
20230717:0210,0.0,0.0,0.0,22.0,1.72,0.0
20230717:0310,0.0,0.0,0.0,21.81,1.72,0.0
20230717:0410,0.0,1.89,2.1,21.33,1.66,0.0
20230717:0510,54.11,73.84,11.69,21.62,1.38,0.0
20230717:0610,131.88,183.14,21.85,24.14,0.9,0.0
20230717:0710,318.27,373.45,32.29,25.66,0.34,0.0
20230717:0810,504.26,576.52,42.64,26.99,0.62,0.0
20230717:0910,651.54,755.17,52.39,27.86,0.83,0.0
20230717:1010,757.24,901.88,60.53,28.68,0.69,0.0
20230717:1110,816.88,989.83,65.14,29.56,0.76,0.0
20230717:1210,827.43,996.34,64.15,29.96,1.17,0.0
20230717:1310,782.32,937.9,58.09,30.27,1.03,0.0
20230717:1410,629.17,745.26,49.25,30.36,0.41,0.0
20230717:1510,491.25,574.87,39.23,30.54,0.07,0.0
20230717:1610,411.75,477.92,28.8,30.41,0.55,0.0
20230717:1710,215.25,266.0,18.42,30.06,0.83,0.0
20230717:1810,43.35,71.79,8.41,28.92,1.1,0.0
20230717:1910,0.0,0.0,0.0,27.93,1.93,0.0
20230717:2010,0.0,0.0,0.0,26.58,2.0,0.0
20230717:2110,0.0,0.0,0.0,25.52,1.72,0.0
20230717:2210,0.0,0.0,0.0,24.34,1.45,0.0
20230717:2310,0.0,0.0,0.0,23.86,1.24,0.0
20230718:0010,0.0,0.0,0.0,23.47,1.17,0.0
20230718:0110,0.0,0.0,0.0,22.88,1.24,0.0
20230718:0210,0.0,0.0,0.0,21.91,1.52,0.0
20230718:0310,0.0,0.0,0.0,21.05,1.72,0.0
20230718:0410,0.0,1.89,1.96,20.63,1.72,0.0
20230718:0510,52.48,71.95,11.55,21.3,1.45,0.0
20230718:0610,131.95,181.93,21.72,24.7,1.03,0.0
20230718:0710,312.24,366.38,32.16,25.49,0.14,0.0
20230718:0810,491.41,562.79,42.51,27.04,0.48,0.0
20230718:0910,628.35,723.38,52.25,28.32,1.24,0.0
20230718:1010,747.48,871.96,60.37,29.2,1.72,0.0
20230718:1110,818.06,968.45,64.97,29.87,1.79,0.0
20230718:1210,696.16,812.08,63.99,30.27,2.0,0.0
20230718:1310,437.5,503.36,57.96,30.72,1.86,0.0
20230718:1410,185.96,222.27,49.14,30.61,1.1,0.0
20230718:1510,520.24,597.34,39.13,30.49,1.45,0.0
20230718:1610,396.59,456.35,28.7,30.59,1.45,0.0
20230718:1710,189.87,234.52,18.31,30.22,0.83,0.0
20230718:1810,33.38,55.29,8.3,29.51,0.62,0.0
20230718:1910,0.0,0.0,0.0,28.35,1.45,0.0
20230718:2010,0.0,0.0,0.0,27.07,1.72,0.0
20230718:2110,0.0,0.0,0.0,26.29,2.07,0.0
20230718:2210,0.0,0.0,0.0,25.6,2.41,0.0
20230718:2310,0.0,0.0,0.0,25.05,3.1,0.0
20230719:0010,0.0,0.0,0.0,24.0,4.48,0.0
20230719:0110,0.0,0.0,0.0,23.16,4.28,0.0
20230719:0210,0.0,0.0,0.0,22.74,3.66,0.0
20230719:0310,0.0,0.0,0.0,22.45,3.31,0.0
20230719:0410,0.0,0.95,1.82,22.33,2.9,0.0
20230719:0510,33.66,51.12,11.41,22.31,2.48,0.0
20230719:0610,141.69,177.25,21.59,23.35,2.0,0.0
20230719:0710,191.17,224.29,32.03,25.4,0.07,0.0
20230719:0810,494.19,563.28,42.38,26.83,0.76,0.0
20230719:0910,614.42,713.45,52.1,28.33,0.69,0.0
20230719:1010,634.67,753.89,60.21,29.21,0.21,0.0
20230719:1110,682.72,822.58,64.79,29.93,0.21,0.0
20230719:1210,428.23,499.38,63.83,30.87,0.76,0.0
20230719:1310,573.58,664.54,57.82,31.02,1.86,0.0
20230719:1410,655.68,764.51,49.03,30.33,1.38,0.0
20230719:1510,497.68,568.56,39.02,30.11,1.66,0.0
20230719:1610,185.09,219.08,28.6,30.12,2.97,0.0
20230719:1710,42.64,63.09,18.21,29.44,2.28,0.0
20230719:1810,37.35,60.79,8.18,28.46,2.34,0.0
20230719:1910,0.0,0.0,0.0,26.12,1.72,0.0
20230719:2010,0.0,0.0,0.0,25.01,0.97,0.0
20230719:2110,0.0,0.0,0.0,23.82,1.17,0.0
20230719:2210,0.0,0.0,0.0,23.03,1.24,0.0
20230719:2310,0.0,0.0,0.0,22.03,1.31,0.0
20230720:0010,0.0,0.0,0.0,21.23,1.38,0.0
20230720:0110,0.0,0.0,0.0,20.64,1.24,0.0
20230720:0210,0.0,0.0,0.0,20.21,1.24,0.0
20230720:0310,0.0,0.0,0.0,19.85,1.17,0.0
20230720:0410,0.0,0.95,1.67,19.68,1.03,0.0
20230720:0510,50.3,69.11,11.27,19.6,1.17,0.0
20230720:0610,127.48,179.74,21.45,22.37,0.9,0.0
20230720:0710,323.84,375.17,31.9,23.62,0.9,0.0
20230720:0810,516.36,581.3,42.24,25.07,1.1,0.0
20230720:0910,663.72,763.24,51.95,26.59,0.97,0.0
20230720:1010,767.01,907.89,60.04,27.89,0.83,0.0
20230720:1110,830.48,996.42,64.61,28.71,1.03,0.0
20230720:1210,844.26,1010.31,63.65,29.22,1.38,0.0
20230720:1310,806.78,956.33,57.68,29.76,1.59,0.0
20230720:1410,691.53,803.14,48.9,29.91,1.72,0.0
20230720:1510,595.12,679.05,38.91,29.92,2.07,0.0
20230720:1610,410.93,467.76,28.49,29.43,2.07,0.0
20230720:1710,217.03,264.9,18.09,28.47,1.93,0.0
20230720:1810,42.94,72.0,8.06,27.62,1.93,0.0
20230720:1910,0.0,0.0,0.0,26.17,1.66,0.0
20230720:2010,0.0,0.0,0.0,24.8,1.66,0.0
20230720:2110,0.0,0.0,0.0,24.09,1.17,0.0
20230720:2210,0.0,0.0,0.0,22.6,0.9,0.0
20230720:2310,0.0,0.0,0.0,22.45,1.45,0.0
20230721:0010,0.0,0.0,0.0,22.26,1.03,0.0
20230721:0110,0.0,0.0,0.0,20.54,1.31,0.0
20230721:0210,0.0,0.0,0.0,20.37,1.24,0.0
20230721:0310,0.0,0.0,0.0,19.4,0.9,0.0
20230721:0410,0.0,0.95,1.52,19.01,0.76,0.0
20230721:0510,40.89,58.7,11.13,19.27,0.62,0.0
20230721:0610,142.36,176.51,21.32,19.66,0.9,0.0
20230721:0710,299.47,337.63,31.76,20.64,1.52,0.0
20230721:0810,44.61,63.09,42.1,20.62,1.66,0.0
20230721:0910,63.91,84.44,51.8,21.71,2.07,0.0
20230721:1010,812.5,905.78,59.86,21.81,2.48,0.0
20230721:1110,880.17,989.72,64.42,22.04,2.69,0.0
20230721:1210,872.02,985.08,63.48,22.51,2.55,0.0
20230721:1310,314.88,350.02,57.53,22.8,2.28,0.0
20230721:1410,651.35,732.54,48.77,23.62,1.38,0.0
20230721:1510,489.71,546.07,38.79,24.44,1.24,0.0
20230721:1610,192.27,221.48,28.37,23.9,1.59,0.0
20230721:1710,46.4,66.0,17.97,23.78,0.41,0.0
20230721:1810,28.62,47.14,7.94,23.86,0.9,0.0
20230721:1910,0.0,0.0,0.0,25.09,0.28,0.0
20230721:2010,0.0,0.0,0.0,23.3,0.9,0.0
20230721:2110,0.0,0.0,0.0,23.23,0.21,0.0
20230721:2210,0.0,0.0,0.0,22.66,0.55,0.0
20230721:2310,0.0,0.0,0.0,21.33,0.83,0.0
20230722:0010,0.0,0.0,0.0,19.92,1.38,0.0
20230722:0110,0.0,0.0,0.0,19.28,1.24,0.0
20230722:0210,0.0,0.0,0.0,18.88,1.17,0.0
20230722:0310,0.0,0.0,0.0,18.82,1.1,0.0
20230722:0410,0.0,0.95,1.36,18.86,0.9,0.0
20230722:0510,48.63,67.22,10.98,19.25,0.76,0.0
20230722:0610,128.06,177.64,21.18,20.36,1.17,0.0
20230722:0710,311.91,352.01,31.62,20.2,1.45,0.0
20230722:0810,515.61,569.18,41.95,21.29,1.17,0.0
20230722:0910,585.92,657.2,51.64,22.7,0.9,0.0
20230722:1010,704.07,809.98,59.69,23.96,0.76,0.0
20230722:1110,787.79,916.21,64.23,25.22,1.24,0.0
20230722:1210,845.59,979.57,63.29,25.79,2.0,0.0
20230722:1310,790.8,902.71,57.37,26.33,2.55,0.0
20230722:1410,729.99,834.12,48.64,25.96,1.66,0.0
20230722:1510,581.99,655.43,38.66,26.35,1.59,0.0
20230722:1610,400.12,451.81,28.25,26.22,1.17,0.0
20230722:1710,217.29,263.01,17.85,25.84,1.1,0.0
20230722:1810,3.45,12.62,7.81,25.02,0.9,0.0
20230722:1910,0.0,0.0,0.0,24.73,0.62,0.0
20230722:2010,0.0,0.0,0.0,23.68,0.76,0.0
20230722:2110,0.0,0.0,0.0,23.2,0.76,0.0
20230722:2210,0.0,0.0,0.0,22.93,0.62,0.0
20230722:2310,0.0,0.0,0.0,21.39,1.1,0.0
20230723:0010,0.0,0.0,0.0,21.31,0.76,0.0
20230723:0110,0.0,0.0,0.0,19.49,1.03,0.0
20230723:0210,0.0,0.0,0.0,19.14,1.03,0.0
20230723:0310,0.0,0.0,0.0,18.9,0.83,0.0
20230723:0410,0.0,0.0,0.0,18.61,1.03,0.0
20230723:0510,39.29,56.8,10.84,18.8,0.83,0.0
20230723:0610,133.66,162.18,21.03,19.74,0.83,0.0
20230723:0710,199.42,226.72,31.48,20.45,1.31,0.0
20230723:0810,195.16,223.02,41.81,21.48,0.9,0.0
20230723:0910,392.42,438.2,51.48,22.98,0.9,0.0
20230723:1010,718.24,814.63,59.51,23.78,1.52,0.0
20230723:1110,717.04,815.74,64.03,24.84,1.86,0.0
20230723:1210,691.48,789.11,63.1,25.26,1.66,0.0
20230723:1310,735.8,854.89,57.21,25.88,1.03,0.0
20230723:1410,615.25,699.78,48.5,26.16,1.31,0.0
20230723:1510,513.34,579.79,38.53,26.3,1.03,0.0
20230723:1610,408.08,462.2,28.12,26.28,0.9,0.0
20230723:1710,204.96,249.01,17.72,26.12,0.76,0.0
20230723:1810,37.99,63.48,7.67,25.4,1.31,0.0
20230723:1910,0.0,0.0,0.0,24.62,1.93,0.0
20230723:2010,0.0,0.0,0.0,23.84,1.66,0.0
20230723:2110,0.0,0.0,0.0,22.82,1.24,0.0
20230723:2210,0.0,0.0,0.0,22.06,1.31,0.0
20230723:2310,0.0,0.0,0.0,21.79,1.45,0.0
20230724:0010,0.0,0.0,0.0,21.71,1.52,0.0
20230724:0110,0.0,0.0,0.0,21.58,1.45,0.0
20230724:0210,0.0,0.0,0.0,21.72,1.66,0.0
20230724:0310,0.0,0.0,0.0,21.62,1.79,0.0
20230724:0410,0.0,0.0,0.0,21.54,1.86,0.0
20230724:0510,37.92,55.86,10.69,21.64,1.66,0.0
20230724:0610,12.24,25.24,20.89,22.85,1.45,0.0
20230724:0710,36.23,54.35,31.34,23.49,1.31,0.0
20230724:0810,50.65,70.86,41.66,24.5,1.59,0.0
20230724:0910,231.19,264.12,51.32,25.04,2.0,0.0
20230724:1010,326.5,367.17,59.32,25.38,2.21,0.0
20230724:1110,57.34,78.62,63.82,25.78,2.28,0.0
20230724:1210,66.13,88.33,62.91,25.96,2.62,0.0
20230724:1310,94.62,119.39,57.04,26.38,2.69,0.0
20230724:1410,82.03,105.8,48.35,26.14,2.0,0.0
20230724:1510,48.56,68.91,38.4,25.88,1.52,0.0
20230724:1610,59.18,80.56,27.99,25.33,1.66,0.0
20230724:1710,76.32,98.66,17.59,23.34,2.14,0.0
20230724:1810,40.59,68.77,7.52,21.65,3.52,0.0
20230724:1910,0.0,0.0,0.0,21.53,1.72,0.0
20230724:2010,0.0,0.0,0.0,20.35,1.17,0.0
20230724:2110,0.0,0.0,0.0,19.86,1.45,0.0
20230724:2210,0.0,0.0,0.0,19.87,0.34,0.0
20230724:2310,0.0,0.0,0.0,19.45,1.24,0.0
20230725:0010,0.0,0.0,0.0,18.75,2.0,0.0
20230725:0110,0.0,0.0,0.0,18.22,1.17,0.0
20230725:0210,0.0,0.0,0.0,17.94,1.03,0.0
20230725:0310,0.0,0.0,0.0,18.03,1.38,0.0
20230725:0410,0.0,0.0,0.0,18.05,0.69,0.0
20230725:0510,38.5,55.86,10.53,18.37,0.21,0.0
20230725:0610,137.52,173.09,20.74,18.7,0.9,0.0
20230725:0710,327.36,375.98,31.19,20.29,0.41,0.0
20230725:0810,505.58,559.38,41.51,21.79,1.17,0.0
20230725:0910,687.13,769.67,51.16,23.02,1.52,0.0
20230725:1010,756.18,861.37,59.13,23.63,1.45,0.0
20230725:1110,760.59,877.26,63.61,24.66,1.31,0.0
20230725:1210,827.03,970.3,62.7,25.4,1.17,0.0
20230725:1310,694.07,803.38,56.86,25.67,0.9,0.0
20230725:1410,647.87,744.72,48.2,25.99,0.83,0.0
20230725:1510,511.75,580.76,38.26,26.11,0.62,0.0
20230725:1610,446.5,504.01,27.85,26.05,1.24,0.0
20230725:1710,192.56,232.87,17.44,25.75,1.59,0.0
20230725:1810,32.3,53.69,7.38,24.66,2.28,0.0
20230725:1910,0.0,0.0,0.0,23.54,2.9,0.0
20230725:2010,0.0,0.0,0.0,22.89,4.28,0.0
20230725:2110,0.0,0.0,0.0,22.46,4.83,0.0
20230725:2210,0.0,0.0,0.0,21.76,4.76,0.0
20230725:2310,0.0,0.0,0.0,20.82,4.69,0.0
20230726:0010,0.0,0.0,0.0,20.03,4.69,0.0
20230726:0110,0.0,0.0,0.0,19.37,4.69,0.0
20230726:0210,0.0,0.0,0.0,18.86,4.55,0.0
20230726:0310,0.0,0.0,0.0,18.5,4.28,0.0
20230726:0410,0.0,0.0,0.0,18.26,4.14,0.0
20230726:0510,39.55,56.8,10.38,18.14,4.28,0.0
20230726:0610,120.48,175.34,20.59,18.88,4.55,0.0
20230726:0710,344.99,385.52,31.04,19.67,4.97,0.0
20230726:0810,565.27,604.73,41.36,20.87,5.1,0.0
20230726:0910,731.81,790.56,50.99,22.19,4.83,0.0
20230726:1010,847.81,937.08,58.94,23.39,4.21,0.0
20230726:1110,897.55,1012.67,63.4,24.44,3.59,0.0
20230726:1210,918.86,1057.11,62.49,25.29,2.83,0.0
20230726:1310,857.62,996.01,56.68,25.86,1.93,0.0
20230726:1410,773.18,891.84,48.04,26.24,1.59,0.0
20230726:1510,627.52,711.47,38.11,26.42,1.45,0.0
20230726:1610,445.67,503.17,27.71,26.3,1.38,0.0
20230726:1710,231.14,280.06,17.3,25.57,1.31,0.0
20230726:1810,39.21,69.08,7.22,24.16,1.52,0.0
20230726:1910,0.0,0.0,0.0,22.25,3.03,0.0
20230726:2010,0.0,0.0,0.0,21.26,3.52,0.0
20230726:2110,0.0,0.0,0.0,20.56,3.59,0.0
20230726:2210,0.0,0.0,0.0,19.86,3.31,0.0
20230726:2310,0.0,0.0,0.0,19.19,3.24,0.0
20230727:0010,0.0,0.0,0.0,18.53,3.17,0.0
20230727:0110,0.0,0.0,0.0,17.79,2.83,0.0
20230727:0210,0.0,0.0,0.0,16.88,2.41,0.0
20230727:0310,0.0,0.0,0.0,16.0,2.21,0.0
20230727:0410,0.0,0.0,0.0,15.43,2.0,0.0
20230727:0510,39.16,55.86,10.22,15.41,1.72,0.0
20230727:0610,136.69,171.36,20.44,18.17,1.17,0.0
20230727:0710,264.68,295.81,30.89,19.0,1.45,0.0
20230727:0810,530.43,579.03,41.2,20.15,1.72,0.0
20230727:0910,694.77,767.98,50.82,20.92,1.72,0.0
20230727:1010,771.83,869.01,58.74,21.55,1.59,0.0
20230727:1110,807.26,920.92,63.18,22.77,1.66,0.0
20230727:1210,717.68,815.88,62.28,23.54,1.52,0.0
20230727:1310,719.76,815.94,56.49,23.99,1.72,0.0
20230727:1410,659.46,740.59,47.87,24.48,1.86,0.0
20230727:1510,536.61,594.29,37.96,24.53,2.07,0.0
20230727:1610,360.72,402.07,27.56,24.3,1.79,0.0
20230727:1710,210.81,253.39,17.15,23.99,1.45,0.0
20230727:1810,37.7,65.69,7.06,23.18,1.03,0.0
20230727:1910,0.0,0.0,0.0,21.55,1.24,0.0
20230727:2010,0.0,0.0,0.0,20.11,1.52,0.0
20230727:2110,0.0,0.0,0.0,19.32,1.52,0.0
20230727:2210,0.0,0.0,0.0,18.84,1.38,0.0
20230727:2310,0.0,0.0,0.0,18.27,1.45,0.0
20230728:0010,0.0,0.0,0.0,17.78,1.52,0.0
20230728:0110,0.0,0.0,0.0,17.3,1.59,0.0
20230728:0210,0.0,0.0,0.0,17.04,1.66,0.0
20230728:0310,0.0,0.0,0.0,16.77,1.66,0.0
20230728:0410,0.0,0.0,0.0,16.42,1.66,0.0
20230728:0510,32.94,49.23,10.06,16.67,1.38,0.0
20230728:0610,133.69,168.93,20.29,19.66,0.83,0.0
20230728:0710,318.31,368.43,30.74,21.44,0.28,0.0
20230728:0810,518.71,581.87,41.04,22.54,0.48,0.0
20230728:0910,667.3,757.21,50.64,23.58,0.83,0.0
20230728:1010,768.97,888.29,58.54,24.39,1.03,0.0
20230728:1110,792.44,919.35,62.95,25.22,1.38,0.0
20230728:1210,853.88,996.59,62.06,25.72,1.66,0.0
20230728:1310,659.76,754.23,56.3,26.36,1.59,0.0
20230728:1410,600.78,684.46,47.7,26.71,1.31,0.0
20230728:1510,577.88,654.67,37.8,27.05,1.38,0.0
20230728:1610,431.42,487.91,27.4,26.87,1.45,0.0
20230728:1710,108.71,136.26,16.99,26.3,1.52,0.0
20230728:1810,21.63,38.69,6.9,25.1,1.52,0.0
20230728:1910,0.0,0.0,0.0,23.37,1.45,0.0
20230728:2010,0.0,0.0,0.0,22.1,1.38,0.0
20230728:2110,0.0,0.0,0.0,21.08,1.24,0.0
20230728:2210,0.0,0.0,0.0,20.5,1.24,0.0
20230728:2310,0.0,0.0,0.0,19.83,1.24,0.0
20230729:0010,0.0,0.0,0.0,20.27,1.03,0.0
20230729:0110,0.0,0.0,0.0,20.58,0.55,0.0
20230729:0210,0.0,0.0,0.0,20.33,0.41,0.0
20230729:0310,0.0,0.0,0.0,20.15,0.41,0.0
20230729:0410,0.0,0.0,0.0,19.88,0.55,0.0
20230729:0510,37.71,54.91,9.9,18.26,0.9,0.0
20230729:0610,129.75,166.8,20.14,20.01,0.62,0.0
20230729:0710,279.55,321.77,30.59,22.34,0.21,0.0
20230729:0810,481.43,543.12,40.88,23.28,0.21,0.0
20230729:0910,601.84,685.78,50.47,24.32,0.48,0.0
20230729:1010,486.48,553.03,58.34,25.25,0.62,0.0
20230729:1110,414.24,468.17,62.72,25.74,1.24,0.0
20230729:1210,611.01,692.31,61.83,26.12,1.93,0.0
20230729:1310,626.63,717.56,56.1,26.19,1.17,0.0
20230729:1410,565.51,639.52,47.53,25.93,1.31,0.0
20230729:1510,248.54,283.21,37.63,26.03,2.0,0.0
20230729:1610,249.89,283.59,27.24,25.2,2.0,0.0
20230729:1710,201.91,243.98,16.82,24.45,1.79,0.0
20230729:1810,19.01,34.87,6.72,23.66,0.69,0.0
20230729:1910,0.0,0.0,0.0,24.39,0.76,0.0
20230729:2010,0.0,0.0,0.0,23.13,0.97,0.0
20230729:2110,0.0,0.0,0.0,21.85,1.31,0.0
20230729:2210,0.0,0.0,0.0,22.04,1.03,0.0
20230729:2310,0.0,0.0,0.0,21.65,1.03,0.0
20230730:0010,0.0,0.0,0.0,22.04,0.76,0.0
20230730:0110,0.0,0.0,0.0,21.43,0.83,0.0
20230730:0210,0.0,0.0,0.0,19.79,1.24,0.0
20230730:0310,0.0,0.0,0.0,20.16,0.97,0.0
20230730:0410,0.0,0.0,0.0,20.58,0.69,0.0
20230730:0510,43.36,61.54,9.74,19.7,0.69,0.0
20230730:0610,112.01,165.08,19.98,20.67,0.48,0.0
20230730:0710,316.85,367.35,30.43,22.04,0.62,0.0
20230730:0810,476.4,533.55,40.72,23.36,0.76,0.0
20230730:0910,608.93,691.76,50.28,24.74,0.83,0.0
20230730:1010,727.5,847.61,58.13,26.09,0.83,0.0
20230730:1110,808.65,959.42,62.49,27.15,0.97,0.0
20230730:1210,837.71,1007.74,61.6,28.19,0.9,0.0
20230730:1310,797.92,958.81,55.89,28.93,0.76,0.0
20230730:1410,714.7,851.08,47.34,29.34,0.48,0.0
20230730:1510,569.21,662.06,37.46,29.5,0.48,0.0
20230730:1610,332.74,384.7,27.08,29.57,0.62,0.0
20230730:1710,197.61,244.85,16.66,28.26,0.55,0.0
20230730:1810,26.8,48.32,6.55,28.4,0.14,0.0
20230730:1910,0.0,0.0,0.0,25.88,1.17,0.0
20230730:2010,0.0,0.0,0.0,23.76,1.38,0.0
20230730:2110,0.0,0.0,0.0,22.19,1.52,0.0
20230730:2210,0.0,0.0,0.0,21.36,1.59,0.0
20230730:2310,0.0,0.0,0.0,20.59,1.72,0.0
20230731:0010,0.0,0.0,0.0,20.02,1.72,0.0
20230731:0110,0.0,0.0,0.0,19.69,1.72,0.0
20230731:0210,0.0,0.0,0.0,19.24,1.79,0.0
20230731:0310,0.0,0.0,0.0,19.1,1.66,0.0
20230731:0410,0.0,0.0,0.0,19.03,1.45,0.0
20230731:0510,35.79,53.02,9.57,19.48,1.1,0.0
20230731:0610,91.96,115.02,19.82,21.26,0.76,0.0
20230731:0710,228.04,260.61,30.27,22.71,1.45,0.0
20230731:0810,421.23,468.48,40.55,23.37,1.38,0.0
20230731:0910,479.01,534.01,50.1,24.06,1.52,0.0
20230731:1010,702.58,793.19,57.92,24.89,2.07,0.0
20230731:1110,691.06,781.21,62.25,25.48,2.34,0.0
20230731:1210,665.49,752.61,61.36,25.94,2.34,0.0
20230731:1310,710.19,807.23,55.68,26.56,2.34,0.0
20230731:1410,586.78,660.57,47.15,26.76,2.14,0.0
20230731:1510,294.73,333.88,37.29,26.68,1.79,0.0
20230731:1610,227.32,261.92,26.91,26.83,1.66,0.0
20230731:1710,7.82,19.41,16.48,26.31,1.45,0.0
20230731:1810,27.72,50.34,6.37,25.44,1.24,0.0
20230731:1910,0.0,0.0,0.0,24.42,1.31,0.0
20230731:2010,0.0,0.0,0.0,23.39,1.03,0.0
20230731:2110,0.0,0.0,0.0,22.76,1.03,0.0
20230731:2210,0.0,0.0,0.0,22.11,1.17,0.0
20230731:2310,0.0,0.0,0.0,21.83,1.38,0.0
20230801:0010,0.0,0.0,0.0,21.77,1.38,0.0
20230801:0110,0.0,0.0,0.0,21.73,1.45,0.0
20230801:0210,0.0,0.0,0.0,21.46,1.38,0.0
20230801:0310,0.0,0.0,0.0,21.12,1.66,0.0
20230801:0410,0.0,0.0,0.0,20.89,1.79,0.0
20230801:0510,21.74,36.92,9.4,20.87,1.72,0.0
20230801:0610,91.41,114.41,19.66,21.09,1.24,0.0
20230801:0710,127.11,151.18,30.11,21.48,1.86,0.0
20230801:0810,193.77,221.13,40.38,22.19,2.28,0.0
20230801:0910,120.98,145.59,49.92,22.92,2.0,0.0
20230801:1010,249.42,282.71,57.7,23.47,1.24,0.0
20230801:1110,342.99,386.64,62.0,24.12,0.83,0.0
20230801:1210,419.72,474.42,61.12,24.68,0.69,0.0
20230801:1310,728.98,836.42,55.46,25.38,1.45,0.0
20230801:1410,497.31,557.52,46.96,25.87,1.72,0.0
20230801:1510,503.07,560.68,37.11,25.89,1.93,0.0
20230801:1610,332.44,374.54,26.73,26.11,1.79,0.0
20230801:1710,201.19,246.1,16.3,25.81,1.66,0.0
20230801:1810,25.32,46.61,6.18,25.13,1.52,0.0
20230801:1910,0.0,0.0,0.0,23.43,1.24,0.0
20230801:2010,0.0,0.0,0.0,21.89,1.38,0.0
20230801:2110,0.0,0.0,0.0,20.88,1.52,0.0
20230801:2210,0.0,0.0,0.0,20.07,1.59,0.0
20230801:2310,0.0,0.0,0.0,19.51,1.66,0.0
20230802:0010,0.0,0.0,0.0,19.14,1.72,0.0
20230802:0110,0.0,0.0,0.0,19.25,1.72,0.0
20230802:0210,0.0,0.0,0.0,19.38,1.72,0.0
20230802:0310,0.0,0.0,0.0,18.72,1.66,0.0
20230802:0410,0.0,0.0,0.0,19.04,1.52,0.0
20230802:0510,40.03,57.75,9.23,19.53,1.66,0.0
20230802:0610,115.88,160.04,19.5,20.89,2.0,0.0
20230802:0710,227.76,257.18,29.95,21.02,2.62,0.0
20230802:0810,486.59,529.66,40.21,21.32,2.62,0.0
20230802:0910,588.39,641.29,49.73,21.86,2.9,0.0
20230802:1010,625.52,686.4,57.48,22.69,3.17,0.0
20230802:1110,690.47,766.33,61.76,23.42,2.97,0.0
20230802:1210,621.77,694.32,60.87,24.33,2.41,0.0
20230802:1310,703.27,791.73,55.24,25.1,2.41,0.0
20230802:1410,605.45,673.39,46.76,25.27,2.62,0.0
20230802:1510,203.44,233.9,36.92,25.32,2.76,0.0
20230802:1610,57.46,78.62,26.55,25.47,2.76,0.0
20230802:1710,19.65,34.94,16.12,25.12,2.62,0.0
20230802:1810,20.16,37.93,5.99,24.56,2.07,0.0
20230802:1910,0.0,0.0,0.0,23.65,1.86,0.0
20230802:2010,0.0,0.0,0.0,22.73,1.52,0.0
20230802:2110,0.0,0.0,0.0,22.21,1.31,0.0
20230802:2210,0.0,0.0,0.0,21.8,1.45,0.0
20230802:2310,0.0,0.0,0.0,21.05,1.03,0.0
20230803:0010,0.0,0.0,0.0,21.55,0.41,0.0
20230803:0110,0.0,0.0,0.0,21.33,0.21,0.0
20230803:0210,0.0,0.0,0.0,21.07,0.41,0.0
20230803:0310,0.0,0.0,0.0,20.87,0.48,0.0
20230803:0410,0.0,0.0,0.0,21.26,0.28,0.0
20230803:0510,39.61,57.75,9.06,21.32,0.55,0.0
20230803:0610,106.68,157.95,19.33,21.83,0.69,0.0
20230803:0710,244.91,277.88,29.79,21.63,1.72,0.0
20230803:0810,162.52,189.27,40.04,22.69,1.59,0.0
20230803:0910,431.15,481.01,49.54,23.56,1.17,0.0
20230803:1010,511.59,578.09,57.26,24.93,1.03,0.0
20230803:1110,536.39,608.39,61.5,26.14,1.45,0.0
20230803:1210,341.34,385.79,60.62,26.71,2.21,0.0
20230803:1310,716.21,817.64,55.01,27.27,2.34,0.0
20230803:1410,478.69,539.48,46.55,27.51,2.0,0.0
20230803:1510,380.12,425.33,36.73,27.19,2.62,0.0
20230803:1610,386.01,431.04,26.36,26.25,2.9,0.0
20230803:1710,214.4,260.11,15.93,24.37,2.76,0.0
20230803:1810,25.33,47.96,5.79,22.89,3.66,0.0
20230803:1910,0.0,0.0,0.0,21.67,3.79,0.0
20230803:2010,0.0,0.0,0.0,21.38,2.69,0.0
20230803:2110,0.0,0.0,0.0,21.1,2.34,0.0
20230803:2210,0.0,0.0,0.0,20.93,3.24,0.0
20230803:2310,0.0,0.0,0.0,20.8,3.45,0.0
20230804:0010,0.0,0.0,0.0,20.35,3.24,0.0
20230804:0110,0.0,0.0,0.0,19.67,3.1,0.0
20230804:0210,0.0,0.0,0.0,18.89,3.1,0.0
20230804:0310,0.0,0.0,0.0,17.28,3.1,0.0
20230804:0410,0.0,0.0,0.0,17.1,2.97,0.0
20230804:0510,32.11,48.28,8.89,16.81,2.62,0.0
20230804:0610,126.07,157.81,19.17,17.94,2.55,0.0
20230804:0710,217.19,245.34,29.62,20.61,2.48,0.0
20230804:0810,229.39,256.65,39.87,21.64,3.66,0.0
20230804:0910,456.26,495.93,49.34,21.98,3.59,0.0
20230804:1010,390.3,429.15,57.03,22.64,2.97,0.0
20230804:1110,639.45,705.58,61.24,22.93,3.03,0.0
20230804:1210,315.31,348.05,60.36,21.91,2.97,0.0
20230804:1310,382.41,418.01,54.77,21.52,3.03,0.0
20230804:1410,276.04,305.34,46.34,21.58,3.24,0.0
20230804:1510,36.66,54.35,36.53,21.53,3.03,0.0
20230804:1610,19.25,33.97,26.17,21.52,2.34,0.0
20230804:1710,7.39,18.44,15.73,20.99,0.76,0.0
20230804:1810,14.18,27.99,5.59,19.92,0.83,0.0
20230804:1910,0.0,0.0,0.0,19.6,1.1,0.0
20230804:2010,0.0,0.0,0.0,19.62,0.69,0.0
20230804:2110,0.0,0.0,0.0,19.38,0.69,0.0
20230804:2210,0.0,0.0,0.0,18.59,0.97,0.0
20230804:2310,0.0,0.0,0.0,19.42,0.28,0.0
20230805:0010,0.0,0.0,0.0,17.76,1.31,0.0
20230805:0110,0.0,0.0,0.0,17.54,1.86,0.0
20230805:0210,0.0,0.0,0.0,17.56,2.28,0.0
20230805:0310,0.0,0.0,0.0,17.5,2.48,0.0
20230805:0410,0.0,0.0,0.0,17.15,2.69,0.0
20230805:0510,29.5,45.44,8.72,17.53,3.24,0.0
20230805:0610,102.85,157.39,19.0,19.1,3.66,0.0
20230805:0710,320.0,363.16,29.45,20.13,3.24,0.0
20230805:0810,532.32,576.02,39.69,21.88,3.93,0.0
20230805:0910,669.27,728.02,49.14,23.21,4.21,0.0
20230805:1010,824.48,911.63,56.8,24.42,4.41,0.0
20230805:1110,891.09,998.44,60.98,25.33,4.41,0.0
20230805:1210,896.03,1012.93,60.1,26.17,4.14,0.0
20230805:1310,840.24,951.27,54.53,26.72,3.66,0.0
20230805:1410,745.69,842.4,46.12,27.13,2.97,0.0
20230805:1510,609.03,682.96,36.33,27.28,2.48,0.0
20230805:1610,423.36,476.99,25.97,27.06,2.14,0.0
20230805:1710,201.59,248.38,15.53,26.26,1.79,0.0
20230805:1810,20.39,41.6,5.38,24.61,1.79,0.0
20230805:1910,0.0,0.0,0.0,21.93,3.24,0.0
20230805:2010,0.0,0.0,0.0,20.47,2.69,0.0
20230805:2110,0.0,0.0,0.0,19.36,1.93,0.0
20230805:2210,0.0,0.0,0.0,18.39,1.45,0.0
20230805:2310,0.0,0.0,0.0,17.51,1.52,0.0
20230806:0010,0.0,0.0,0.0,16.84,1.52,0.0
20230806:0110,0.0,0.0,0.0,16.23,1.59,0.0
20230806:0210,0.0,0.0,0.0,15.56,1.59,0.0
20230806:0310,0.0,0.0,0.0,14.77,1.79,0.0
20230806:0410,0.0,0.0,0.0,14.3,1.86,0.0
20230806:0510,31.66,47.34,8.54,14.32,1.86,0.0
20230806:0610,104.19,157.51,18.83,17.55,1.59,0.0
20230806:0710,323.58,370.1,29.29,20.9,2.48,0.0
20230806:0810,545.01,593.92,39.51,22.42,3.38,0.0
20230806:0910,710.04,777.98,48.94,23.57,3.79,0.0
20230806:1010,832.59,926.27,56.57,24.22,3.86,0.0
20230806:1110,902.88,1013.8,60.72,24.79,4.14,0.0
20230806:1210,898.48,1009.54,59.83,25.11,4.28,0.0
20230806:1310,869.38,971.68,54.29,25.29,4.41,0.0
20230806:1410,776.54,856.42,45.9,25.21,4.62,0.0
20230806:1510,634.2,689.67,36.12,24.93,4.97,0.0
20230806:1610,441.74,482.55,25.76,24.15,5.17,0.0
20230806:1710,214.9,258.16,15.33,23.01,5.38,0.0
20230806:1810,20.36,42.4,5.16,21.66,5.31,0.0
20230806:1910,0.0,0.0,0.0,21.14,6.21,0.0
20230806:2010,0.0,0.0,0.0,20.28,6.0,0.0
20230806:2110,0.0,0.0,0.0,19.44,5.52,0.0
20230806:2210,0.0,0.0,0.0,18.62,5.17,0.0
20230806:2310,0.0,0.0,0.0,17.87,4.9,0.0
20230807:0010,0.0,0.0,0.0,17.27,4.48,0.0
20230807:0110,0.0,0.0,0.0,16.77,4.14,0.0
20230807:0210,0.0,0.0,0.0,16.33,4.0,0.0
20230807:0310,0.0,0.0,0.0,15.98,3.86,0.0
20230807:0410,0.0,0.0,0.0,15.73,3.86,0.0
20230807:0510,32.33,48.28,8.36,15.63,3.86,0.0
20230807:0610,104.25,157.23,18.66,16.43,3.66,0.0
20230807:0710,330.84,370.9,29.12,18.25,4.28,0.0
20230807:0810,556.13,592.71,39.33,19.63,4.83,0.0
20230807:0910,729.04,780.56,48.74,20.73,5.03,0.0
20230807:1010,857.09,933.53,56.33,21.75,4.9,0.0
20230807:1110,919.5,1017.79,60.45,22.77,4.62,0.0
20230807:1210,929.61,1036.9,59.55,23.49,4.41,0.0
20230807:1310,884.52,986.47,54.04,24.15,4.21,0.0
20230807:1410,781.93,863.62,45.67,24.51,4.14,0.0
20230807:1510,640.05,699.84,35.9,24.47,3.93,0.0
20230807:1610,441.91,485.95,25.55,24.14,3.79,0.0
20230807:1710,213.63,258.85,15.11,23.26,3.17,0.0
20230807:1810,18.39,39.13,4.94,21.68,2.62,0.0
20230807:1910,0.0,0.0,0.0,20.46,3.59,0.0
20230807:2010,0.0,0.0,0.0,19.79,3.52,0.0
20230807:2110,0.0,0.0,0.0,19.16,3.38,0.0
20230807:2210,0.0,0.0,0.0,18.6,3.31,0.0
20230807:2310,0.0,0.0,0.0,18.17,3.24,0.0
20230808:0010,0.0,0.0,0.0,17.89,3.03,0.0
20230808:0110,0.0,0.0,0.0,17.61,2.97,0.0
20230808:0210,0.0,0.0,0.0,17.18,2.76,0.0
20230808:0310,0.0,0.0,0.0,16.74,2.62,0.0
20230808:0410,0.0,0.0,0.0,15.99,2.41,0.0
20230808:0510,12.3,24.61,8.18,15.29,2.34,0.0
20230808:0610,122.3,151.61,18.49,16.52,1.93,0.0
20230808:0710,314.48,358.54,28.94,19.23,1.66,0.0
20230808:0810,514.11,561.67,39.15,20.65,1.93,0.0
20230808:0910,625.15,688.21,48.54,21.91,2.14,0.0
20230808:1010,803.76,908.03,56.09,22.94,2.0,0.0
20230808:1110,861.61,989.8,60.17,23.8,1.93,0.0
20230808:1210,815.73,939.55,59.27,24.44,1.72,0.0
20230808:1310,629.03,713.83,53.78,24.99,1.38,0.0
20230808:1410,738.74,847.68,45.44,25.39,1.31,0.0
20230808:1510,601.1,677.29,35.68,25.83,1.45,0.0
20230808:1610,407.16,460.86,25.34,25.95,1.03,0.0
20230808:1710,206.63,255.75,14.9,25.16,0.9,0.0
20230808:1810,10.98,24.18,4.72,23.29,1.1,0.0
20230808:1910,0.0,0.0,0.0,21.06,1.86,0.0
20230808:2010,0.0,0.0,0.0,19.52,1.86,0.0
20230808:2110,0.0,0.0,0.0,18.62,1.66,0.0
20230808:2210,0.0,0.0,0.0,18.02,1.52,0.0
20230808:2310,0.0,0.0,0.0,17.55,1.59,0.0
20230809:0010,0.0,0.0,0.0,17.39,1.59,0.0
20230809:0110,0.0,0.0,0.0,17.49,1.38,0.0
20230809:0210,0.0,0.0,0.0,17.37,1.38,0.0
20230809:0310,0.0,0.0,0.0,16.31,1.66,0.0
20230809:0410,0.0,0.0,0.0,15.51,1.72,0.0
20230809:0510,27.25,42.6,8.01,15.72,1.52,0.0
20230809:0610,110.92,152.48,18.32,18.11,0.9,0.0
20230809:0710,297.24,344.06,28.77,21.12,0.48,0.0
20230809:0810,479.35,537.3,38.97,22.53,0.41,0.0
20230809:0910,637.45,724.37,48.33,23.69,0.62,0.0
20230809:1010,754.29,877.42,55.85,24.64,0.69,0.0
20230809:1110,800.67,954.74,59.89,25.64,0.41,0.0
20230809:1210,815.33,978.79,58.99,26.54,0.48,0.0
20230809:1310,781.89,928.89,53.51,27.19,0.69,0.0
20230809:1410,694.02,803.45,45.2,27.63,1.17,0.0
20230809:1510,578.83,661.59,35.46,27.86,1.03,0.0
20230809:1610,391.54,448.31,25.12,27.72,0.76,0.0
20230809:1710,186.4,234.57,14.68,27.23,0.41,0.0
20230809:1810,15.15,36.72,4.49,26.77,0.48,0.0
20230809:1910,0.0,0.0,0.0,25.25,0.83,0.0
20230809:2010,0.0,0.0,0.0,24.09,0.97,0.0
20230809:2110,0.0,0.0,0.0,22.5,1.1,0.0
20230809:2210,0.0,0.0,0.0,20.58,1.52,0.0
20230809:2310,0.0,0.0,0.0,19.45,1.72,0.0
20230810:0010,0.0,0.0,0.0,18.88,1.66,0.0
20230810:0110,0.0,0.0,0.0,18.39,1.59,0.0
20230810:0210,0.0,0.0,0.0,17.75,1.66,0.0
20230810:0310,0.0,0.0,0.0,17.33,1.66,0.0
20230810:0410,0.0,0.0,0.0,17.47,1.52,0.0
20230810:0510,30.15,46.39,7.82,18.38,1.17,0.0
20230810:0610,97.67,148.05,18.14,19.15,0.76,0.0
20230810:0710,302.07,350.77,28.59,22.11,1.31,0.0
20230810:0810,490.46,544.64,38.78,23.18,1.45,0.0
20230810:0910,656.5,741.4,48.12,24.61,1.31,0.0
20230810:1010,770.12,894.44,55.6,26.0,1.17,0.0
20230810:1110,823.86,968.88,59.61,27.04,1.38,0.0
20230810:1210,840.0,992.56,58.7,27.84,1.52,0.0
20230810:1310,795.33,924.47,53.25,28.56,2.14,0.0
20230810:1410,672.4,762.67,44.95,28.91,2.9,0.0
20230810:1510,450.56,506.55,35.23,28.69,2.48,0.0
20230810:1610,254.44,293.0,24.9,28.48,2.07,0.0
20230810:1710,117.47,149.23,14.45,27.9,2.14,0.0
20230810:1810,13.75,35.15,4.26,26.72,2.0,0.0
20230810:1910,0.0,0.0,0.0,25.17,2.0,0.0
20230810:2010,0.0,0.0,0.0,23.82,2.0,0.0
20230810:2110,0.0,0.0,0.0,22.72,2.0,0.0
20230810:2210,0.0,0.0,0.0,21.71,1.79,0.0
20230810:2310,0.0,0.0,0.0,21.01,1.66,0.0
20230811:0010,0.0,0.0,0.0,20.47,1.66,0.0
20230811:0110,0.0,0.0,0.0,20.02,1.79,0.0
20230811:0210,0.0,0.0,0.0,19.64,1.66,0.0
20230811:0310,0.0,0.0,0.0,19.56,1.45,0.0
20230811:0410,0.0,0.0,0.0,20.2,1.1,0.0
20230811:0510,29.92,46.39,7.64,19.78,0.9,0.0
20230811:0610,108.06,147.7,17.97,21.07,0.48,0.0
20230811:0710,225.3,258.41,28.42,22.26,1.1,0.0
20230811:0810,393.49,439.57,38.59,23.66,1.1,0.0
20230811:0910,638.82,724.39,47.9,24.83,1.03,0.0
20230811:1010,721.61,837.56,55.35,26.01,0.9,0.0
20230811:1110,810.12,962.86,59.32,27.27,0.9,0.0
20230811:1210,824.92,981.2,58.41,28.33,1.24,0.0
20230811:1310,795.55,935.74,52.97,29.11,1.66,0.0
20230811:1410,708.38,820.68,44.7,29.58,1.79,0.0
20230811:1510,564.72,642.03,34.99,29.58,2.0,0.0
20230811:1610,381.18,435.1,24.67,29.2,2.0,0.0
20230811:1710,170.47,215.26,14.22,28.52,2.28,0.0
20230811:1810,11.26,28.92,4.02,27.3,1.86,0.0
20230811:1910,0.0,0.0,0.0,25.68,1.52,0.0
20230811:2010,0.0,0.0,0.0,24.38,1.72,0.0
20230811:2110,0.0,0.0,0.0,23.37,1.72,0.0
20230811:2210,0.0,0.0,0.0,22.59,1.66,0.0
20230811:2310,0.0,0.0,0.0,22.16,1.52,0.0
20230812:0010,0.0,0.0,0.0,21.84,1.52,0.0
20230812:0110,0.0,0.0,0.0,21.55,1.45,0.0
20230812:0210,0.0,0.0,0.0,21.74,1.24,0.0
20230812:0310,0.0,0.0,0.0,22.04,1.1,0.0
20230812:0410,0.0,0.0,0.0,22.08,0.97,0.0
20230812:0510,23.12,38.82,7.46,22.28,0.83,0.0
20230812:0610,101.81,145.51,17.79,22.75,0.48,0.0
20230812:0710,283.92,332.34,28.24,23.99,1.1,0.0
20230812:0810,485.5,546.06,38.4,25.05,1.1,0.0
20230812:0910,638.5,727.07,47.69,26.14,1.17,0.0
20230812:1010,750.08,872.63,55.09,26.91,1.17,0.0
20230812:1110,797.67,944.4,59.03,27.89,1.1,0.0
20230812:1210,723.9,856.85,58.11,28.82,0.9,0.0
20230812:1310,744.15,887.21,52.7,29.66,0.83,0.0
20230812:1410,635.72,744.27,44.45,30.16,0.9,0.0
20230812:1510,531.97,617.8,34.75,30.49,0.62,0.0
20230812:1610,339.86,395.33,24.43,30.34,0.55,0.0
20230812:1710,167.24,215.36,13.98,29.77,0.14,0.0
20230812:1810,11.23,32.04,3.78,29.32,0.28,0.0
20230812:1910,0.0,0.0,0.0,26.54,1.45,0.0
20230812:2010,0.0,0.0,0.0,25.05,1.59,0.0
20230812:2110,0.0,0.0,0.0,23.95,1.59,0.0
20230812:2210,0.0,0.0,0.0,23.2,1.52,0.0
20230812:2310,0.0,0.0,0.0,22.52,1.59,0.0
20230813:0010,0.0,0.0,0.0,21.98,1.72,0.0
20230813:0110,0.0,0.0,0.0,21.51,1.72,0.0
20230813:0210,0.0,0.0,0.0,20.87,1.59,0.0
20230813:0310,0.0,0.0,0.0,20.83,1.52,0.0
20230813:0410,0.0,0.0,0.0,20.76,1.45,0.0
20230813:0510,27.33,43.55,7.27,20.82,1.38,0.0
20230813:0610,99.5,143.38,17.61,22.06,1.17,0.0
20230813:0710,282.83,332.86,28.06,24.66,1.1,0.0
20230813:0810,476.62,542.68,38.21,26.33,0.62,0.0
20230813:0910,627.82,730.83,47.47,27.82,0.41,0.0
20230813:1010,736.22,872.51,54.84,28.92,0.76,0.0
20230813:1110,796.97,951.94,58.74,30.03,1.24,0.0
20230813:1210,804.39,962.36,57.8,30.82,1.45,0.0
20230813:1310,767.75,917.65,52.41,30.93,1.17,0.0
20230813:1410,678.7,797.56,44.19,30.92,1.17,0.0
20230813:1510,537.04,624.95,34.51,30.63,0.55,0.0
20230813:1610,364.89,416.87,24.19,29.1,1.93,0.0
20230813:1710,134.02,170.58,13.74,27.98,2.14,0.0
20230813:1810,10.07,28.42,3.53,26.81,1.24,0.0
20230813:1910,0.0,0.0,0.0,26.57,1.45,0.0
20230813:2010,0.0,0.0,0.0,25.4,1.86,0.0
20230813:2110,0.0,0.0,0.0,24.39,1.93,0.0
20230813:2210,0.0,0.0,0.0,23.72,1.66,0.0
20230813:2310,0.0,0.0,0.0,23.76,2.07,0.0
20230814:0010,0.0,0.0,0.0,23.27,2.28,0.0
20230814:0110,0.0,0.0,0.0,22.89,2.07,0.0
20230814:0210,0.0,0.0,0.0,22.9,2.14,0.0
20230814:0310,0.0,0.0,0.0,22.75,2.0,0.0
20230814:0410,0.0,0.0,0.0,22.35,2.0,0.0
20230814:0510,25.55,41.66,7.09,22.14,2.07,0.0
20230814:0610,101.63,142.11,17.43,23.1,1.86,0.0
20230814:0710,232.18,267.72,27.88,23.93,2.07,0.0
20230814:0810,474.45,526.35,38.01,23.39,1.59,0.0
20230814:0910,653.88,727.32,47.25,23.98,2.07,0.0
20230814:1010,755.76,858.52,54.58,25.29,2.0,0.0
20230814:1110,805.31,940.92,58.44,27.08,1.52,0.0
20230814:1210,800.05,958.47,57.5,28.29,0.76,0.0
20230814:1310,760.41,919.12,52.12,29.38,0.34,0.0
20230814:1410,665.95,797.96,43.92,29.93,0.0,0.0
20230814:1510,523.98,611.31,34.26,30.21,0.21,0.0
20230814:1610,322.56,376.14,23.95,29.96,0.21,0.0
20230814:1710,81.74,109.32,13.5,29.47,0.69,0.0
20230814:1810,2.27,10.68,3.28,28.38,1.31,0.0
20230814:1910,0.0,0.0,0.0,26.92,2.28,0.0
20230814:2010,0.0,0.0,0.0,26.19,2.62,0.0
20230814:2110,0.0,0.0,0.0,25.7,2.21,0.0
20230814:2210,0.0,0.0,0.0,24.96,2.0,0.0
20230814:2310,0.0,0.0,0.0,24.33,2.14,0.0
20230815:0010,0.0,0.0,0.0,23.93,2.07,0.0
20230815:0110,0.0,0.0,0.0,23.44,1.86,0.0
20230815:0210,0.0,0.0,0.0,22.98,1.66,0.0
20230815:0310,0.0,0.0,0.0,22.34,1.59,0.0
20230815:0410,0.0,0.0,0.0,22.08,1.52,0.0
20230815:0510,24.76,40.71,6.9,21.99,1.38,0.0
20230815:0610,95.19,140.09,17.25,23.4,1.17,0.0
20230815:0710,275.9,327.51,27.69,25.21,0.34,0.0
20230815:0810,466.76,534.45,37.82,26.33,0.21,0.0
20230815:0910,618.88,720.62,47.03,27.53,0.28,0.0
20230815:1010,727.54,865.18,54.31,28.58,0.48,0.0
20230815:1110,784.08,943.03,58.14,29.22,0.69,0.0
20230815:1210,799.82,966.12,57.19,29.99,0.83,0.0
20230815:1310,763.1,914.85,51.83,30.17,0.83,0.0
20230815:1410,672.85,797.89,43.65,30.39,0.55,0.0
20230815:1510,543.17,628.32,34.0,30.67,0.97,0.0
20230815:1610,356.41,410.48,23.7,30.05,1.59,0.0
20230815:1710,169.44,218.16,13.25,29.2,1.31,0.0
20230815:1810,6.58,20.93,3.02,27.96,1.31,0.0
20230815:1910,0.0,0.0,0.0,27.29,1.31,0.0
20230815:2010,0.0,0.0,0.0,25.66,1.59,0.0
20230815:2110,0.0,0.0,0.0,25.07,0.97,0.0
20230815:2210,0.0,0.0,0.0,24.05,1.72,0.0
20230815:2310,0.0,0.0,0.0,24.92,0.55,0.0
20230816:0010,0.0,0.0,0.0,24.78,0.41,0.0
20230816:0110,0.0,0.0,0.0,22.18,1.59,0.0
20230816:0210,0.0,0.0,0.0,22.1,1.79,0.0
20230816:0310,0.0,0.0,0.0,21.86,1.66,0.0
20230816:0410,0.0,0.0,0.0,21.9,1.72,0.0
20230816:0510,2.78,11.36,6.71,21.93,1.66,0.0
20230816:0610,102.26,138.05,17.07,22.61,1.38,0.0
20230816:0710,266.97,314.76,27.51,24.92,0.55,0.0
20230816:0810,475.29,540.1,37.62,26.28,0.76,0.0
20230816:0910,628.66,724.5,46.8,27.49,0.83,0.0
20230816:1010,742.58,871.79,54.05,28.74,1.17,0.0
20230816:1110,784.99,932.37,57.83,29.64,1.31,0.0
20230816:1210,749.88,886.77,56.87,30.37,1.52,0.0
20230816:1310,680.2,800.94,51.53,30.44,1.17,0.0
20230816:1410,594.2,701.77,43.38,30.21,0.21,0.0
20230816:1510,478.61,553.96,33.74,30.03,0.41,0.0
20230816:1610,330.47,381.8,23.45,29.32,0.9,0.0
20230816:1710,21.7,37.85,12.99,27.47,0.41,0.0
20230816:1810,4.38,15.96,2.76,27.02,0.9,0.0
20230816:1910,0.0,0.0,0.0,26.51,0.83,0.0
20230816:2010,0.0,0.0,0.0,25.86,0.9,0.0
20230816:2110,0.0,0.0,0.0,26.5,0.28,0.0
20230816:2210,0.0,0.0,0.0,24.09,1.24,0.0
20230816:2310,0.0,0.0,0.0,24.23,2.41,0.0
20230817:0010,0.0,0.0,0.0,23.89,2.07,0.0
20230817:0110,0.0,0.0,0.0,23.04,1.38,0.0
20230817:0210,0.0,0.0,0.0,22.23,1.59,0.0
20230817:0310,0.0,0.0,0.0,21.73,1.59,0.0
20230817:0410,0.0,0.0,0.0,21.43,1.52,0.0
20230817:0510,2.26,10.41,6.52,21.05,1.38,0.0
20230817:0610,87.38,136.2,16.89,23.28,1.03,0.0
20230817:0710,272.14,319.04,27.32,23.53,0.69,0.0
20230817:0810,440.38,499.36,37.42,25.35,0.48,0.0
20230817:0910,586.64,676.45,46.57,27.3,0.55,0.0
20230817:1010,633.66,737.39,53.78,28.68,0.97,0.0
20230817:1110,777.97,938.63,57.52,29.91,0.69,0.0
20230817:1210,780.39,954.97,56.55,30.75,0.41,0.0
20230817:1310,762.12,902.05,51.23,31.38,1.72,0.0
20230817:1410,726.58,837.1,43.1,29.99,2.41,0.0
20230817:1510,530.45,609.08,33.48,29.42,0.97,0.0
20230817:1610,307.23,356.0,23.19,29.37,0.76,0.0
20230817:1710,119.2,155.5,12.74,29.01,0.9,0.0
20230817:1810,1.64,9.47,2.49,27.86,0.9,0.0
20230817:1910,0.0,0.0,0.0,26.06,1.59,0.0
20230817:2010,0.0,0.0,0.0,24.55,2.0,0.0
20230817:2110,0.0,0.0,0.0,23.58,1.72,0.0
20230817:2210,0.0,0.0,0.0,23.48,1.31,0.0
20230817:2310,0.0,0.0,0.0,23.31,1.03,0.0
20230818:0010,0.0,0.0,0.0,22.2,1.31,0.0
20230818:0110,0.0,0.0,0.0,21.68,1.31,0.0
20230818:0210,0.0,0.0,0.0,21.6,1.24,0.0
20230818:0310,0.0,0.0,0.0,21.6,1.17,0.0
20230818:0410,0.0,0.0,0.0,19.88,1.17,0.0
20230818:0510,22.73,37.87,6.33,19.09,1.17,0.0
20230818:0610,90.2,135.92,16.7,21.31,1.03,0.0
20230818:0710,286.18,336.1,27.14,22.68,0.69,0.0
20230818:0810,485.25,552.9,37.22,25.04,0.21,0.0
20230818:0910,632.18,735.49,46.34,27.0,0.28,0.0
20230818:1010,737.98,874.7,53.5,28.54,0.69,0.0
20230818:1110,801.24,958.45,57.21,29.84,1.17,0.0
20230818:1210,811.79,969.19,56.23,30.73,1.59,0.0
20230818:1310,774.54,922.37,50.92,31.37,1.52,0.0
20230818:1410,657.44,770.59,42.81,31.75,1.45,0.0
20230818:1510,538.59,622.47,33.21,31.93,1.52,0.0
20230818:1610,355.59,415.8,22.92,31.54,0.83,0.0
20230818:1710,145.7,191.11,12.47,30.57,1.17,0.0
20230818:1810,1.61,9.47,2.22,29.56,0.9,0.0
20230818:1910,0.0,0.0,0.0,27.31,1.38,0.0
20230818:2010,0.0,0.0,0.0,25.4,1.79,0.0
20230818:2110,0.0,0.0,0.0,24.34,1.79,0.0
20230818:2210,0.0,0.0,0.0,23.76,1.72,0.0
20230818:2310,0.0,0.0,0.0,23.31,1.72,0.0
20230819:0010,0.0,0.0,0.0,22.85,1.72,0.0
20230819:0110,0.0,0.0,0.0,22.32,1.79,0.0
20230819:0210,0.0,0.0,0.0,21.78,1.72,0.0
20230819:0310,0.0,0.0,0.0,21.36,1.66,0.0
20230819:0410,0.0,0.0,0.0,20.93,1.66,0.0
20230819:0510,20.97,35.97,6.14,20.71,1.52,0.0
20230819:0610,89.7,134.39,16.52,22.93,0.83,0.0
20230819:0710,275.9,328.13,26.95,25.57,0.83,0.0
20230819:0810,474.81,545.03,37.01,27.45,0.48,0.0
20230819:0910,617.93,721.42,46.11,29.08,0.55,0.0
20230819:1010,729.47,872.57,53.23,30.42,0.69,0.0
20230819:1110,788.07,951.32,56.89,31.53,1.1,0.0
20230819:1210,801.5,973.74,55.9,32.39,1.17,0.0
20230819:1310,756.13,914.86,50.61,33.09,1.1,0.0
20230819:1410,665.02,791.7,42.52,33.34,1.1,0.0
20230819:1510,537.24,628.09,32.93,33.46,1.24,0.0
20230819:1610,347.21,408.62,22.66,33.11,1.03,0.0
20230819:1710,137.23,182.21,12.2,31.93,0.9,0.0
20230819:1810,0.28,6.63,1.95,31.13,1.31,0.0
20230819:1910,0.0,0.0,0.0,28.85,1.59,0.0
20230819:2010,0.0,0.0,0.0,27.19,1.72,0.0
20230819:2110,0.0,0.0,0.0,26.03,1.86,0.0
20230819:2210,0.0,0.0,0.0,25.18,1.86,0.0
20230819:2310,0.0,0.0,0.0,24.62,1.79,0.0
20230820:0010,0.0,0.0,0.0,24.21,1.72,0.0
20230820:0110,0.0,0.0,0.0,23.79,1.72,0.0
20230820:0210,0.0,0.0,0.0,23.47,1.66,0.0
20230820:0310,0.0,0.0,0.0,23.12,1.66,0.0
20230820:0410,0.0,0.0,0.0,22.62,1.52,0.0
20230820:0510,14.73,28.4,5.95,22.13,1.24,0.0
20230820:0610,95.47,133.2,16.33,24.15,0.97,0.0
20230820:0710,268.79,322.13,26.76,27.11,0.76,0.0
20230820:0810,465.8,537.15,36.81,28.46,0.48,0.0
20230820:0910,611.02,719.16,45.87,29.71,0.28,0.0
20230820:1010,718.2,865.7,52.95,30.88,0.41,0.0
20230820:1110,772.81,944.24,56.57,31.93,0.62,0.0
20230820:1210,784.07,959.92,55.57,32.77,0.83,0.0
20230820:1310,746.18,906.09,50.3,33.49,0.97,0.0
20230820:1410,657.04,782.71,42.23,33.95,1.17,0.0
20230820:1510,529.99,615.54,32.65,33.84,1.86,0.0
20230820:1610,325.58,380.4,22.39,33.46,2.48,0.0
20230820:1710,128.94,171.96,11.93,32.68,2.69,0.0
20230820:1810,0.0,5.68,1.67,31.44,2.62,0.0
20230820:1910,0.0,0.0,0.0,29.91,2.69,0.0
20230820:2010,0.0,0.0,0.0,28.93,2.48,0.0
20230820:2110,0.0,0.0,0.0,27.99,1.86,0.0
20230820:2210,0.0,0.0,0.0,27.15,1.72,0.0
20230820:2310,0.0,0.0,0.0,26.65,1.52,0.0
20230821:0010,0.0,0.0,0.0,26.22,1.52,0.0
20230821:0110,0.0,0.0,0.0,25.59,1.52,0.0
20230821:0210,0.0,0.0,0.0,25.2,1.52,0.0
20230821:0310,0.0,0.0,0.0,24.86,1.45,0.0
20230821:0410,0.0,0.0,0.0,24.44,1.45,0.0
20230821:0510,17.58,32.19,5.76,23.69,1.59,0.0
20230821:0610,86.45,130.68,16.15,25.69,1.1,0.0
20230821:0710,266.64,322.72,26.57,28.31,0.48,0.0
20230821:0810,460.79,535.8,36.6,29.51,0.28,0.0
20230821:0910,606.37,717.88,45.63,30.88,0.28,0.0
20230821:1010,710.92,859.74,52.67,31.98,0.48,0.0
20230821:1110,763.23,936.63,56.25,32.97,0.62,0.0
20230821:1210,773.32,952.04,55.23,33.73,0.76,0.0
20230821:1310,734.9,897.82,49.98,33.99,0.76,0.0
20230821:1410,647.39,780.07,41.93,34.22,0.62,0.0
20230821:1510,518.72,612.7,32.37,34.38,0.76,0.0
20230821:1610,332.64,394.46,22.11,34.16,0.9,0.0
20230821:1710,125.97,170.29,11.66,33.29,0.9,0.0
20230821:1810,0.0,2.84,1.39,32.05,1.03,0.0
20230821:1910,0.0,0.0,0.0,29.83,1.52,0.0
20230821:2010,0.0,0.0,0.0,28.54,1.52,0.0
20230821:2110,0.0,0.0,0.0,27.57,1.45,0.0
20230821:2210,0.0,0.0,0.0,27.28,1.31,0.0
20230821:2310,0.0,0.0,0.0,26.34,1.45,0.0
20230822:0010,0.0,0.0,0.0,25.75,1.45,0.0
20230822:0110,0.0,0.0,0.0,24.94,1.59,0.0
20230822:0210,0.0,0.0,0.0,24.34,1.66,0.0
20230822:0310,0.0,0.0,0.0,23.95,1.72,0.0
20230822:0410,0.0,0.0,0.0,23.37,1.66,0.0
20230822:0510,16.87,31.24,5.56,23.26,1.59,0.0
20230822:0610,84.61,129.15,15.96,25.05,1.31,0.0
20230822:0710,269.42,324.32,26.37,27.8,1.1,0.0
20230822:0810,468.03,541.0,36.39,29.93,0.9,0.0
20230822:0910,605.76,717.68,45.39,31.56,0.41,0.0
20230822:1010,708.06,864.52,52.38,32.73,0.28,0.0
20230822:1110,766.73,941.99,55.92,33.7,0.76,0.0
20230822:1210,774.58,952.09,54.89,34.35,0.97,0.0
20230822:1310,738.82,903.7,49.65,34.95,0.97,0.0
20230822:1410,649.93,784.77,41.63,35.05,0.76,0.0
20230822:1510,515.2,610.08,32.08,34.91,0.76,0.0
20230822:1610,330.17,391.39,21.83,34.67,1.31,0.0
20230822:1710,122.48,166.29,11.38,33.46,1.24,0.0
20230822:1810,0.0,0.0,0.0,32.33,1.59,0.0
20230822:1910,0.0,0.0,0.0,30.96,0.97,0.0
20230822:2010,0.0,0.0,0.0,29.03,1.31,0.0
20230822:2110,0.0,0.0,0.0,27.89,1.45,0.0
20230822:2210,0.0,0.0,0.0,27.53,1.24,0.0
20230822:2310,0.0,0.0,0.0,26.81,1.31,0.0
20230823:0010,0.0,0.0,0.0,25.82,1.52,0.0
20230823:0110,0.0,0.0,0.0,25.1,1.66,0.0
20230823:0210,0.0,0.0,0.0,24.62,1.66,0.0
20230823:0310,0.0,0.0,0.0,24.14,1.72,0.0
20230823:0410,0.0,0.0,0.0,23.65,1.52,0.0
20230823:0510,16.08,30.29,5.37,23.65,1.59,0.0
20230823:0610,84.19,127.8,15.77,25.14,1.24,0.0
20230823:0710,265.49,321.61,26.18,28.24,0.55,0.0
20230823:0810,456.58,534.07,36.18,30.05,0.07,0.0
20230823:0910,601.88,713.11,45.15,31.65,0.41,0.0
20230823:1010,701.4,858.57,52.09,33.04,0.21,0.0
20230823:1110,751.01,935.56,55.6,34.14,0.28,0.0
20230823:1210,761.39,944.03,54.55,34.97,0.69,0.0
20230823:1310,729.12,889.53,49.32,35.61,1.17,0.0
20230823:1410,641.57,771.39,41.32,35.74,1.1,0.0
20230823:1510,499.87,599.01,31.79,35.63,0.21,0.0
20230823:1610,314.7,378.22,21.55,35.51,0.34,0.0
20230823:1710,112.99,155.04,11.09,34.17,1.03,0.0
20230823:1810,0.0,0.0,0.0,32.95,1.72,0.0
20230823:1910,0.0,0.0,0.0,31.8,1.03,0.0
20230823:2010,0.0,0.0,0.0,29.37,1.38,0.0
20230823:2110,0.0,0.0,0.0,27.78,1.72,0.0
20230823:2210,0.0,0.0,0.0,26.96,1.93,0.0
20230823:2310,0.0,0.0,0.0,26.4,1.93,0.0
20230824:0010,0.0,0.0,0.0,26.0,1.66,0.0
20230824:0110,0.0,0.0,0.0,25.48,1.66,0.0
20230824:0210,0.0,0.0,0.0,25.22,1.52,0.0
20230824:0310,0.0,0.0,0.0,24.6,1.72,0.0
20230824:0410,0.0,0.0,0.0,24.36,1.72,0.0
20230824:0510,14.58,28.4,5.17,24.03,1.66,0.0
20230824:0610,85.48,127.09,15.58,25.96,0.9,0.0
20230824:0710,258.94,314.63,25.99,29.25,0.62,0.0
20230824:0810,451.85,524.32,35.97,30.65,0.83,0.0
20230824:0910,601.76,707.41,44.91,31.92,0.9,0.0
20230824:1010,705.41,846.39,51.8,33.05,1.03,0.0
20230824:1110,759.3,927.79,55.26,33.91,0.97,0.0
20230824:1210,758.46,941.64,54.2,34.64,0.55,0.0
20230824:1310,721.45,887.05,48.99,34.89,0.62,0.0
20230824:1410,252.06,299.99,41.01,34.97,1.66,0.0
20230824:1510,180.01,220.01,31.5,34.44,0.28,0.0
20230824:1610,64.75,90.27,21.26,34.55,0.76,0.0
20230824:1710,87.35,121.49,10.81,33.25,0.9,0.0
20230824:1810,0.0,0.0,0.0,31.35,2.69,0.0
20230824:1910,0.0,0.0,0.0,30.62,2.07,0.0
20230824:2010,0.0,0.0,0.0,29.68,1.93,0.0
20230824:2110,0.0,0.0,0.0,28.58,1.79,0.0
20230824:2210,0.0,0.0,0.0,27.57,1.79,0.0
20230824:2310,0.0,0.0,0.0,26.83,1.86,0.0
20230825:0010,0.0,0.0,0.0,26.3,1.86,0.0
20230825:0110,0.0,0.0,0.0,25.92,1.86,0.0
20230825:0210,0.0,0.0,0.0,25.36,1.86,0.0
20230825:0310,0.0,0.0,0.0,24.95,1.79,0.0
20230825:0410,0.0,0.0,0.0,24.42,1.72,0.0
20230825:0510,13.12,26.51,4.98,24.07,1.59,0.0
20230825:0610,81.38,124.94,15.39,25.86,1.1,0.0
20230825:0710,264.34,316.67,25.79,27.5,1.86,0.0
20230825:0810,458.17,527.63,35.75,29.12,0.83,0.0
20230825:0910,598.96,705.08,44.66,30.55,0.41,0.0
20230825:1010,705.56,844.06,51.51,31.46,0.76,0.0
20230825:1110,759.38,924.34,54.93,32.08,0.69,0.0
20230825:1210,775.25,938.13,53.85,33.15,1.31,0.0
20230825:1310,735.79,889.41,48.66,33.35,1.03,0.0
20230825:1410,636.3,758.64,40.69,33.44,0.83,0.0
20230825:1510,509.35,595.8,31.2,33.09,0.9,0.0
20230825:1610,317.66,372.57,20.97,32.41,1.52,0.0
20230825:1710,108.73,148.6,10.52,31.59,1.52,0.0
20230825:1810,0.0,0.0,0.0,29.89,2.34,0.0
20230825:1910,0.0,0.0,0.0,28.68,2.28,0.0
20230825:2010,0.0,0.0,0.0,27.65,1.66,0.0
20230825:2110,0.0,0.0,0.0,26.83,2.14,0.0
20230825:2210,0.0,0.0,0.0,25.89,2.0,0.0
20230825:2310,0.0,0.0,0.0,25.35,1.79,0.0
20230826:0010,0.0,0.0,0.0,24.9,2.0,0.0
20230826:0110,0.0,0.0,0.0,24.29,1.79,0.0
20230826:0210,0.0,0.0,0.0,23.83,1.72,0.0
20230826:0310,0.0,0.0,0.0,23.52,1.93,0.0
20230826:0410,0.0,0.0,0.0,23.29,1.86,0.0
20230826:0510,9.67,21.77,4.78,22.86,1.72,0.0
20230826:0610,68.53,91.46,15.2,23.69,1.24,0.0
20230826:0710,61.17,82.5,25.59,24.69,2.0,0.0
20230826:0810,241.9,275.47,35.54,25.06,1.86,0.0
20230826:0910,259.58,297.36,44.41,26.31,1.1,0.0
20230826:1010,437.58,502.37,51.22,26.97,0.21,0.0
20230826:1110,210.08,245.57,54.59,27.85,1.24,0.0
20230826:1210,318.0,364.03,53.5,28.0,1.31,0.0
20230826:1310,54.94,76.68,48.32,27.76,1.24,0.0
20230826:1410,45.63,66.0,40.37,27.27,1.31,0.0
20230826:1510,68.65,91.24,30.89,25.68,0.62,0.0
20230826:1610,20.6,35.91,20.67,23.64,2.21,0.0
20230826:1710,58.15,80.55,10.22,22.42,2.97,0.0
20230826:1810,0.0,0.0,0.0,21.14,2.41,0.0
20230826:1910,0.0,0.0,0.0,20.15,2.62,0.0
20230826:2010,0.0,0.0,0.0,20.07,2.83,0.0
20230826:2110,0.0,0.0,0.0,19.9,2.69,0.0
20230826:2210,0.0,0.0,0.0,19.88,2.0,0.0
20230826:2310,0.0,0.0,0.0,19.9,2.07,0.0
20230827:0010,0.0,0.0,0.0,19.95,2.14,0.0
20230827:0110,0.0,0.0,0.0,19.82,1.86,0.0
20230827:0210,0.0,0.0,0.0,19.57,1.52,0.0
20230827:0310,0.0,0.0,0.0,19.56,1.38,0.0
20230827:0410,0.0,0.0,0.0,19.42,1.24,0.0
20230827:0510,5.84,16.09,4.58,19.39,1.03,0.0
20230827:0610,84.02,120.69,15.0,19.67,0.41,0.0
20230827:0710,25.73,41.74,25.39,21.06,0.48,0.0
20230827:0810,47.84,66.97,35.32,21.46,0.48,0.0
20230827:0910,53.25,72.8,44.16,21.0,0.48,0.0
20230827:1010,135.85,160.15,50.92,20.56,0.69,0.0
20230827:1110,287.82,318.01,54.25,20.38,1.93,0.0
20230827:1210,296.56,326.3,53.15,19.83,1.93,0.0
20230827:1310,162.02,186.36,47.97,20.3,2.34,0.0
20230827:1410,57.14,76.68,40.05,20.31,1.93,0.0
20230827:1510,141.88,165.93,30.59,20.8,2.0,0.0
20230827:1610,127.43,151.27,20.37,20.88,1.45,0.0
20230827:1710,27.36,43.68,9.92,21.25,0.76,0.0
20230827:1810,0.0,0.0,0.0,21.01,0.34,0.0
20230827:1910,0.0,0.0,0.0,20.0,3.52,0.0
20230827:2010,0.0,0.0,0.0,19.46,3.86,0.0
20230827:2110,0.0,0.0,0.0,19.0,3.38,0.0
20230827:2210,0.0,0.0,0.0,18.56,3.03,0.0
20230827:2310,0.0,0.0,0.0,18.14,3.03,0.0
20230828:0010,0.0,0.0,0.0,17.77,3.52,0.0
20230828:0110,0.0,0.0,0.0,17.3,3.86,0.0
20230828:0210,0.0,0.0,0.0,16.78,3.66,0.0
20230828:0310,0.0,0.0,0.0,16.32,3.45,0.0
20230828:0410,0.0,0.0,0.0,15.96,4.34,0.0
20230828:0510,10.82,22.72,4.38,15.71,4.48,0.0
20230828:0610,63.81,82.64,14.81,15.47,4.62,0.0
20230828:0710,18.9,33.0,25.19,17.18,2.69,0.0
20230828:0810,30.51,46.59,35.1,17.46,2.69,0.0
20230828:0910,41.79,59.21,43.9,17.74,3.03,0.0
20230828:1010,64.5,83.47,50.62,17.49,3.86,0.0
20230828:1110,293.42,315.82,53.9,16.81,4.28,0.0
20230828:1210,393.14,416.6,52.79,16.68,4.62,0.0
20230828:1310,316.96,339.74,47.63,17.06,4.21,0.0
20230828:1410,98.55,118.42,39.73,16.79,4.48,0.0
20230828:1510,40.41,57.27,30.28,16.07,4.69,0.0
20230828:1610,105.6,125.06,20.07,15.68,4.48,0.0
20230828:1710,1.96,9.71,9.62,15.47,4.48,0.0
20230828:1810,0.0,0.0,0.0,15.09,4.28,0.0
20230828:1910,0.0,0.0,0.0,15.47,4.21,0.0
20230828:2010,0.0,0.0,0.0,15.3,4.34,0.0
20230828:2110,0.0,0.0,0.0,15.15,4.48,0.0
20230828:2210,0.0,0.0,0.0,15.05,4.34,0.0
20230828:2310,0.0,0.0,0.0,15.04,4.21,0.0
20230829:0010,0.0,0.0,0.0,15.16,4.21,0.0
20230829:0110,0.0,0.0,0.0,15.22,4.0,0.0
20230829:0210,0.0,0.0,0.0,15.33,3.86,0.0
20230829:0310,0.0,0.0,0.0,15.3,3.86,0.0
20230829:0410,0.0,0.0,0.0,15.34,3.79,0.0
20230829:0510,4.72,14.2,4.18,15.37,3.66,0.0
20230829:0610,82.23,104.57,14.61,15.57,3.59,0.0
20230829:0710,287.59,325.72,24.99,16.59,3.45,0.0
20230829:0810,511.31,543.21,34.87,17.86,4.0,0.0
20230829:0910,684.22,726.79,43.64,19.1,4.55,0.0
20230829:1010,730.87,784.24,50.31,20.21,4.76,0.0
20230829:1110,776.81,843.59,53.56,21.4,4.62,0.0
20230829:1210,692.31,752.78,52.43,22.32,4.48,0.0
20230829:1310,817.44,896.75,47.28,22.83,4.34,0.0
20230829:1410,545.15,589.84,39.4,22.94,4.21,0.0
20230829:1510,459.98,497.52,29.96,22.84,3.93,0.0
20230829:1610,196.54,223.6,19.77,22.06,3.38,0.0
20230829:1710,82.58,110.66,9.32,20.96,3.52,0.0
20230829:1810,0.0,0.0,0.0,19.77,3.52,0.0
20230829:1910,0.0,0.0,0.0,18.95,3.72,0.0
20230829:2010,0.0,0.0,0.0,18.41,3.79,0.0
20230829:2110,0.0,0.0,0.0,17.83,3.59,0.0
20230829:2210,0.0,0.0,0.0,17.18,3.31,0.0
20230829:2310,0.0,0.0,0.0,16.55,3.1,0.0
20230830:0010,0.0,0.0,0.0,16.06,3.03,0.0
20230830:0110,0.0,0.0,0.0,15.75,3.03,0.0
20230830:0210,0.0,0.0,0.0,15.54,2.97,0.0
20230830:0310,0.0,0.0,0.0,15.29,2.97,0.0
20230830:0410,0.0,0.0,0.0,14.99,2.97,0.0
20230830:0510,10.15,21.77,3.98,14.71,2.9,0.0
20230830:0610,74.55,119.88,14.42,15.14,2.62,0.0
20230830:0710,288.27,329.33,24.78,17.15,2.41,0.0
20230830:0810,508.8,549.89,34.65,19.02,2.34,0.0
20230830:0910,660.53,724.64,43.39,20.4,1.79,0.0
20230830:1010,755.68,856.8,50.01,21.57,1.03,0.0
20230830:1110,805.66,944.76,53.21,22.47,0.34,0.0
20230830:1210,809.33,951.22,52.06,23.01,0.41,0.0
20230830:1310,777.6,899.43,46.92,23.25,0.76,0.0
20230830:1410,642.41,724.79,39.06,23.36,0.9,0.0
20230830:1510,519.11,577.25,29.65,23.26,0.97,0.0
20230830:1610,323.18,363.67,19.46,22.95,1.24,0.0
20230830:1710,93.47,126.28,9.01,22.12,1.31,0.0
20230830:1810,0.0,0.0,0.0,20.34,1.31,0.0
20230830:1910,0.0,0.0,0.0,19.13,1.17,0.0
20230830:2010,0.0,0.0,0.0,19.9,0.55,0.0
20230830:2110,0.0,0.0,0.0,19.31,0.41,0.0
20230830:2210,0.0,0.0,0.0,18.82,0.69,0.0
20230830:2310,0.0,0.0,0.0,17.44,1.03,0.0
20230831:0010,0.0,0.0,0.0,16.0,1.24,0.0
20230831:0110,0.0,0.0,0.0,15.0,1.45,0.0
20230831:0210,0.0,0.0,0.0,14.59,1.52,0.0
20230831:0310,0.0,0.0,0.0,14.17,1.59,0.0
20230831:0410,0.0,0.0,0.0,13.99,1.66,0.0
20230831:0510,5.41,15.15,3.78,13.54,1.72,0.0
20230831:0610,84.97,117.32,14.22,14.45,1.52,0.0
20230831:0710,253.64,289.95,24.58,17.87,1.03,0.0
20230831:0810,484.01,534.96,34.43,19.53,0.41,0.0
20230831:0910,638.57,718.07,43.12,20.89,0.34,0.0
20230831:1010,738.11,838.25,49.7,21.53,0.83,0.0
20230831:1110,693.21,782.25,52.86,22.11,1.17,0.0
20230831:1210,665.32,747.78,51.69,22.62,1.38,0.0
20230831:1310,580.04,646.97,46.57,22.89,1.31,0.0
20230831:1410,433.71,479.26,38.73,22.6,1.17,0.0
20230831:1510,237.05,266.74,29.33,22.43,1.31,0.0
20230831:1610,122.71,147.16,19.15,22.04,1.45,0.0
20230831:1710,93.75,127.34,8.7,21.45,1.17,0.0
20230831:1810,0.0,0.0,0.0,20.51,0.69,0.0
20230831:1910,0.0,0.0,0.0,19.49,0.97,0.0
20230831:2010,0.0,0.0,0.0,18.75,1.1,0.0
20230831:2110,0.0,0.0,0.0,18.2,1.17,0.0
20230831:2210,0.0,0.0,0.0,17.53,1.24,0.0
20230831:2310,0.0,0.0,0.0,17.19,1.24,0.0
20230901:0010,0.0,0.0,0.0,17.1,1.1,0.0
20230901:0110,0.0,0.0,0.0,18.01,0.83,0.0
20230901:0210,0.0,0.0,0.0,18.03,0.76,0.0
20230901:0310,0.0,0.0,0.0,17.92,0.69,0.0
20230901:0410,0.0,0.0,0.0,17.88,0.69,0.0
20230901:0510,7.21,17.99,3.58,17.75,0.83,0.0
20230901:0610,82.17,113.31,14.02,18.15,0.55,0.0
20230901:0710,195.52,224.98,24.37,19.02,0.14,0.0
20230901:0810,393.94,436.09,34.2,19.9,0.21,0.0
20230901:0910,398.49,442.44,42.86,20.85,0.21,0.0
20230901:1010,605.91,682.56,49.39,21.7,0.48,0.0
20230901:1110,670.96,758.78,52.5,22.14,0.9,0.0
20230901:1210,694.45,789.34,51.32,22.78,0.97,0.0
20230901:1310,671.81,760.26,46.21,22.91,0.97,0.0
20230901:1410,551.97,615.7,38.39,23.14,0.97,0.0
20230901:1510,507.64,564.59,29.0,22.96,0.76,0.0
20230901:1610,289.24,327.21,18.83,22.67,0.83,0.0
20230901:1710,71.47,99.65,8.38,22.36,1.03,0.0
20230901:1810,0.0,0.0,0.0,21.35,1.31,0.0
20230901:1910,0.0,0.0,0.0,20.18,1.66,0.0
20230901:2010,0.0,0.0,0.0,19.36,1.45,0.0
20230901:2110,0.0,0.0,0.0,18.65,1.24,0.0
20230901:2210,0.0,0.0,0.0,18.59,1.1,0.0
20230901:2310,0.0,0.0,0.0,18.4,1.03,0.0
20230902:0010,0.0,0.0,0.0,17.96,1.1,0.0
20230902:0110,0.0,0.0,0.0,17.04,1.38,0.0
20230902:0210,0.0,0.0,0.0,16.49,1.52,0.0
20230902:0310,0.0,0.0,0.0,15.91,1.66,0.0
20230902:0410,0.0,0.0,0.0,15.74,1.72,0.0
20230902:0510,5.34,15.15,3.38,15.56,1.72,0.0
20230902:0610,76.89,114.49,13.82,16.94,1.31,0.0
20230902:0710,238.31,276.11,24.17,20.7,0.97,0.0
20230902:0810,355.1,395.26,33.97,22.03,0.76,0.0
20230902:0910,551.15,619.36,42.59,23.04,0.55,0.0
20230902:1010,696.92,796.84,49.07,23.78,0.83,0.0
20230902:1110,752.39,864.25,52.15,24.08,1.17,0.0
20230902:1210,660.53,750.06,50.95,24.5,1.31,0.0
20230902:1310,595.58,672.82,45.85,24.76,1.17,0.0
20230902:1410,630.4,718.51,38.05,24.69,0.62,0.0
20230902:1510,464.29,523.26,28.68,24.89,0.34,0.0
20230902:1610,297.1,340.45,18.51,24.83,0.55,0.0
20230902:1710,81.58,114.84,8.07,24.32,0.76,0.0
20230902:1810,0.0,0.0,0.0,22.53,1.1,0.0
20230902:1910,0.0,0.0,0.0,21.36,1.31,0.0
20230902:2010,0.0,0.0,0.0,20.03,1.52,0.0
20230902:2110,0.0,0.0,0.0,18.98,1.59,0.0
20230902:2210,0.0,0.0,0.0,18.17,1.79,0.0
20230902:2310,0.0,0.0,0.0,17.68,1.79,0.0
20230903:0010,0.0,0.0,0.0,17.27,1.66,0.0
20230903:0110,0.0,0.0,0.0,16.66,1.66,0.0
20230903:0210,0.0,0.0,0.0,16.33,1.45,0.0
20230903:0310,0.0,0.0,0.0,16.81,1.72,0.0
20230903:0410,0.0,0.0,0.0,16.61,1.79,0.0
20230903:0510,4.69,14.2,3.18,16.23,1.93,0.0
20230903:0610,78.0,112.57,13.62,17.13,1.66,0.0
20230903:0710,232.28,266.08,23.96,18.97,1.31,0.0
20230903:0810,392.7,435.16,33.74,21.29,0.76,0.0
20230903:0910,624.14,699.56,42.33,23.16,1.1,0.0
20230903:1010,701.29,796.05,48.76,24.65,1.52,0.0
20230903:1110,751.45,863.3,51.79,25.75,1.66,0.0
20230903:1210,728.59,838.56,50.58,26.57,1.66,0.0
20230903:1310,706.17,812.75,45.48,27.05,1.52,0.0
20230903:1410,600.67,683.12,37.7,27.21,1.38,0.0
20230903:1510,504.51,568.02,28.35,27.03,1.45,0.0
20230903:1610,214.07,249.71,18.19,26.71,1.24,0.0
20230903:1710,67.25,97.06,7.75,25.4,0.48,0.0
20230903:1810,0.0,0.0,0.0,23.89,0.9,0.0
20230903:1910,0.0,0.0,0.0,22.79,1.24,0.0
20230903:2010,0.0,0.0,0.0,21.34,1.59,0.0
20230903:2110,0.0,0.0,0.0,20.36,1.79,0.0
20230903:2210,0.0,0.0,0.0,19.92,1.79,0.0
20230903:2310,0.0,0.0,0.0,19.55,1.86,0.0
20230904:0010,0.0,0.0,0.0,19.26,1.86,0.0
20230904:0110,0.0,0.0,0.0,19.01,1.79,0.0
20230904:0210,0.0,0.0,0.0,18.87,1.72,0.0
20230904:0310,0.0,0.0,0.0,18.61,1.72,0.0
20230904:0410,0.0,0.0,0.0,18.52,1.52,0.0
20230904:0510,2.31,10.41,2.97,17.9,1.38,0.0
20230904:0610,77.12,105.29,13.42,19.0,0.97,0.0
20230904:0710,215.2,251.05,23.75,22.13,0.9,0.0
20230904:0810,440.15,488.4,33.5,23.5,1.72,0.0
20230904:0910,591.08,657.79,42.06,24.15,1.79,0.0
20230904:1010,479.75,536.14,48.44,24.93,1.66,0.0
20230904:1110,629.75,711.37,51.43,25.48,1.79,0.0
20230904:1210,569.59,638.14,50.2,25.57,2.14,0.0
20230904:1310,596.86,666.49,45.12,25.62,2.41,0.0
20230904:1410,536.58,595.74,37.35,25.37,2.21,0.0
20230904:1510,459.13,510.0,28.01,25.24,1.72,0.0
20230904:1610,284.83,326.13,17.87,24.85,1.03,0.0
20230904:1710,64.69,94.3,7.43,24.4,0.62,0.0
20230904:1810,0.0,0.0,0.0,23.48,1.03,0.0
20230904:1910,0.0,0.0,0.0,22.6,1.45,0.0
20230904:2010,0.0,0.0,0.0,21.78,1.59,0.0
20230904:2110,0.0,0.0,0.0,21.43,1.59,0.0
20230904:2210,0.0,0.0,0.0,21.05,1.72,0.0
20230904:2310,0.0,0.0,0.0,21.12,2.07,0.0
20230905:0010,0.0,0.0,0.0,21.05,2.55,0.0
20230905:0110,0.0,0.0,0.0,20.66,2.62,0.0
20230905:0210,0.0,0.0,0.0,20.24,2.48,0.0
20230905:0310,0.0,0.0,0.0,20.04,2.21,0.0
20230905:0410,0.0,0.0,0.0,19.92,1.86,0.0
20230905:0510,0.0,2.84,2.77,19.69,1.52,0.0
20230905:0610,31.81,48.53,13.22,19.72,1.24,0.0
20230905:0710,74.36,95.12,23.54,20.14,1.38,0.0
20230905:0810,116.83,139.77,33.27,20.32,1.59,0.0
20230905:0910,135.57,159.18,41.78,20.59,2.34,0.0
20230905:1010,352.45,385.14,48.12,20.55,2.41,0.0
20230905:1110,267.05,296.05,51.06,20.71,2.34,0.0
20230905:1210,340.25,373.93,49.82,21.12,2.14,0.0
20230905:1310,316.2,349.35,44.75,21.7,1.93,0.0
20230905:1410,213.86,242.23,37.0,22.01,1.59,0.0
20230905:1510,455.99,501.08,27.68,22.11,1.24,0.0
20230905:1610,300.81,339.59,17.54,21.95,1.03,0.0
20230905:1710,68.04,98.01,7.1,21.48,0.97,0.0
20230905:1810,0.0,0.0,0.0,20.07,1.03,0.0
20230905:1910,0.0,0.0,0.0,18.83,1.38,0.0
20230905:2010,0.0,0.0,0.0,18.03,1.72,0.0
20230905:2110,0.0,0.0,0.0,17.94,2.0,0.0
20230905:2210,0.0,0.0,0.0,17.66,2.14,0.0
20230905:2310,0.0,0.0,0.0,17.35,2.14,0.0
20230906:0010,0.0,0.0,0.0,17.12,2.14,0.0
20230906:0110,0.0,0.0,0.0,16.91,2.14,0.0
20230906:0210,0.0,0.0,0.0,16.72,2.14,0.0
20230906:0310,0.0,0.0,0.0,16.61,2.14,0.0
20230906:0410,0.0,0.0,0.0,16.66,2.14,0.0
20230906:0510,3.47,12.31,2.57,16.42,2.14,0.0
20230906:0610,65.94,109.36,13.02,16.95,1.79,0.0
20230906:0710,268.71,314.42,23.32,19.68,1.03,0.0
20230906:0810,473.93,527.3,33.03,21.39,0.62,0.0
20230906:0910,628.32,710.9,41.51,22.26,0.34,0.0
20230906:1010,738.95,847.17,47.8,22.99,0.76,0.0
20230906:1110,794.96,926.48,50.7,23.54,0.69,0.0
20230906:1210,783.92,923.55,49.44,24.01,0.34,0.0
20230906:1310,743.79,874.8,44.38,24.37,0.14,0.0
20230906:1410,650.55,746.26,36.65,24.61,0.41,0.0
20230906:1510,507.97,570.96,27.34,24.72,0.69,0.0
20230906:1610,305.3,350.34,17.22,24.62,0.69,0.0
20230906:1710,68.72,101.01,6.78,23.76,0.48,0.0
20230906:1810,0.0,0.0,0.0,23.39,0.55,0.0
20230906:1910,0.0,0.0,0.0,22.9,0.55,0.0
20230906:2010,0.0,0.0,0.0,22.42,0.83,0.0
20230906:2110,0.0,0.0,0.0,21.74,0.97,0.0
20230906:2210,0.0,0.0,0.0,19.9,1.38,0.0
20230906:2310,0.0,0.0,0.0,18.29,1.79,0.0
20230907:0010,0.0,0.0,0.0,16.67,2.0,0.0
20230907:0110,0.0,0.0,0.0,15.92,1.72,0.0
20230907:0210,0.0,0.0,0.0,16.37,1.93,0.0
20230907:0310,0.0,0.0,0.0,16.35,2.07,0.0
20230907:0410,0.0,0.0,0.0,16.47,2.21,0.0
20230907:0510,1.81,9.47,2.36,16.49,2.28,0.0
20230907:0610,64.23,106.68,12.81,16.97,2.14,0.0
20230907:0710,266.49,309.11,23.11,18.67,1.79,0.0
20230907:0810,474.45,523.11,32.8,20.88,1.17,0.0
20230907:0910,620.88,703.99,41.23,22.83,0.34,0.0
20230907:1010,731.11,843.98,47.47,23.88,0.62,0.0
20230907:1110,785.26,917.19,50.33,24.52,0.76,0.0
20230907:1210,785.24,920.08,49.06,25.02,0.76,0.0
20230907:1310,742.93,863.62,44.0,25.27,0.76,0.0
20230907:1410,644.47,735.97,36.29,25.5,0.83,0.0
20230907:1510,495.45,556.49,27.0,25.47,0.97,0.0
20230907:1610,292.39,336.36,16.88,25.2,0.97,0.0
20230907:1710,58.07,87.74,6.45,24.4,0.69,0.0
20230907:1810,0.0,0.0,0.0,24.02,0.21,0.0
20230907:1910,0.0,0.0,0.0,23.46,0.55,0.0
20230907:2010,0.0,0.0,0.0,23.13,0.62,0.0
20230907:2110,0.0,0.0,0.0,21.26,1.17,0.0
20230907:2210,0.0,0.0,0.0,19.56,1.59,0.0
20230907:2310,0.0,0.0,0.0,19.0,1.66,0.0
20230908:0010,0.0,0.0,0.0,18.7,1.66,0.0
20230908:0110,0.0,0.0,0.0,18.39,1.66,0.0
20230908:0210,0.0,0.0,0.0,17.95,1.72,0.0
20230908:0310,0.0,0.0,0.0,17.67,1.72,0.0
20230908:0410,0.0,0.0,0.0,17.55,1.66,0.0
20230908:0510,0.82,7.57,2.16,17.19,1.59,0.0
20230908:0610,64.83,105.07,12.61,18.15,1.03,0.0
20230908:0710,256.44,303.92,22.89,21.29,0.34,0.0
20230908:0810,456.37,514.65,32.56,22.87,0.14,0.0
20230908:0910,614.68,696.91,40.96,23.21,0.41,0.0
20230908:1010,723.57,836.41,47.14,23.73,0.48,0.0
20230908:1110,777.49,913.96,49.96,24.28,0.41,0.0
20230908:1210,775.57,915.46,48.67,24.66,0.34,0.0
20230908:1310,735.15,860.08,43.63,25.12,0.41,0.0
20230908:1410,636.47,731.02,35.94,25.51,0.48,0.0
20230908:1510,487.03,551.18,26.66,25.54,0.41,0.0
20230908:1610,285.95,331.37,16.55,25.42,0.34,0.0
20230908:1710,57.32,87.61,6.12,24.59,0.28,0.0
20230908:1810,0.0,0.0,0.0,24.12,0.34,0.0
20230908:1910,0.0,0.0,0.0,23.18,0.83,0.0
20230908:2010,0.0,0.0,0.0,22.98,0.76,0.0
20230908:2110,0.0,0.0,0.0,20.89,1.24,0.0
20230908:2210,0.0,0.0,0.0,19.13,1.79,0.0
20230908:2310,0.0,0.0,0.0,18.19,1.86,0.0
20230909:0010,0.0,0.0,0.0,17.46,1.86,0.0
20230909:0110,0.0,0.0,0.0,16.99,1.86,0.0
20230909:0210,0.0,0.0,0.0,16.56,1.72,0.0
20230909:0310,0.0,0.0,0.0,16.97,1.86,0.0
20230909:0410,0.0,0.0,0.0,17.11,2.0,0.0
20230909:0510,0.38,6.63,1.95,16.98,1.93,0.0
20230909:0610,62.36,103.34,12.4,17.4,1.72,0.0
20230909:0710,260.11,304.95,22.68,19.67,0.97,0.0
20230909:0810,458.64,514.57,32.31,22.21,0.28,0.0
20230909:0910,617.67,700.96,40.68,24.08,0.62,0.0
20230909:1010,729.96,841.15,46.82,25.0,0.97,0.0
20230909:1110,786.2,914.42,49.59,25.5,1.17,0.0
20230909:1210,780.77,908.38,48.28,25.93,1.24,0.0
20230909:1310,738.45,858.11,43.25,26.46,1.03,0.0
20230909:1410,632.91,723.41,35.58,26.63,1.03,0.0
20230909:1510,482.13,544.56,26.32,26.65,0.97,0.0
20230909:1610,276.49,321.2,16.22,26.21,0.76,0.0
20230909:1710,47.99,75.6,5.79,25.07,0.69,0.0
20230909:1810,0.0,0.0,0.0,24.8,0.34,0.0
20230909:1910,0.0,0.0,0.0,22.79,1.1,0.0
20230909:2010,0.0,0.0,0.0,21.76,1.24,0.0
20230909:2110,0.0,0.0,0.0,20.31,1.59,0.0
20230909:2210,0.0,0.0,0.0,19.09,1.86,0.0
20230909:2310,0.0,0.0,0.0,18.27,1.86,0.0
20230910:0010,0.0,0.0,0.0,17.8,1.79,0.0
20230910:0110,0.0,0.0,0.0,17.48,1.79,0.0
20230910:0210,0.0,0.0,0.0,17.0,1.66,0.0
20230910:0310,0.0,0.0,0.0,16.84,1.52,0.0
20230910:0410,0.0,0.0,0.0,17.17,1.66,0.0
20230910:0510,0.0,4.73,1.74,17.21,1.86,0.0
20230910:0610,63.15,102.06,12.2,17.37,1.59,0.0
20230910:0710,254.38,298.79,22.46,19.99,0.9,0.0
20230910:0810,454.2,510.31,32.07,22.73,0.34,0.0
20230910:0910,614.24,696.55,40.39,24.51,0.76,0.0
20230910:1010,721.34,831.09,46.48,25.46,1.03,0.0
20230910:1110,779.34,908.67,49.22,26.16,1.17,0.0
20230910:1210,777.56,909.86,47.89,26.79,1.17,0.0
20230910:1310,738.12,858.48,42.87,27.18,1.17,0.0
20230910:1410,630.5,722.3,35.21,27.36,1.1,0.0
20230910:1510,478.49,541.71,25.97,27.31,1.03,0.0
20230910:1610,271.62,317.05,15.88,26.95,0.83,0.0
20230910:1710,40.11,66.52,5.45,26.15,0.34,0.0
20230910:1810,0.0,0.0,0.0,25.42,0.14,0.0
20230910:1910,0.0,0.0,0.0,23.07,1.03,0.0
20230910:2010,0.0,0.0,0.0,22.24,1.17,0.0
20230910:2110,0.0,0.0,0.0,20.75,1.45,0.0
20230910:2210,0.0,0.0,0.0,19.55,1.72,0.0
20230910:2310,0.0,0.0,0.0,18.77,1.72,0.0
20230911:0010,0.0,0.0,0.0,18.1,1.79,0.0
20230911:0110,0.0,0.0,0.0,17.38,1.66,0.0
20230911:0210,0.0,0.0,0.0,17.28,1.52,0.0
20230911:0310,0.0,0.0,0.0,17.84,1.72,0.0
20230911:0410,0.0,0.0,0.0,17.53,1.79,0.0
20230911:0510,0.0,2.84,1.54,17.38,1.79,0.0
20230911:0610,63.18,99.97,11.99,17.57,1.59,0.0
20230911:0710,249.96,292.7,22.24,19.59,0.97,0.0
20230911:0810,448.99,502.6,31.83,22.21,0.41,0.0
20230911:0910,605.21,689.44,40.11,24.34,0.41,0.0
20230911:1010,719.8,833.4,46.15,25.62,0.83,0.0
20230911:1110,770.66,899.26,48.84,26.54,1.17,0.0
20230911:1210,763.25,892.3,47.5,27.3,1.24,0.0
20230911:1310,721.39,841.73,42.49,27.69,1.03,0.0
20230911:1410,632.85,728.24,34.85,27.95,1.03,0.0
20230911:1510,475.58,540.44,25.62,28.06,1.03,0.0
20230911:1610,262.22,308.3,15.54,27.81,0.69,0.0
20230911:1710,37.48,63.61,5.12,26.71,0.41,0.0
20230911:1810,0.0,0.0,0.0,25.98,0.48,0.0
20230911:1910,0.0,0.0,0.0,22.71,1.38,0.0
20230911:2010,0.0,0.0,0.0,22.11,1.24,0.0
20230911:2110,0.0,0.0,0.0,21.37,1.38,0.0
20230911:2210,0.0,0.0,0.0,21.31,1.24,0.0
20230911:2310,0.0,0.0,0.0,20.83,1.31,0.0
20230912:0010,0.0,0.0,0.0,20.25,1.38,0.0
20230912:0110,0.0,0.0,0.0,20.15,1.31,0.0
20230912:0210,0.0,0.0,0.0,19.93,1.24,0.0
20230912:0310,0.0,0.0,0.0,20.07,1.17,0.0
20230912:0410,0.0,0.0,0.0,18.35,1.38,0.0
20230912:0510,0.0,0.0,0.0,17.66,1.24,0.0
20230912:0610,12.52,25.24,11.78,18.87,1.03,0.0
20230912:0710,242.75,287.45,22.02,21.01,0.62,0.0
20230912:0810,439.73,493.03,31.58,23.01,0.55,0.0
20230912:0910,423.23,473.81,39.82,24.41,0.9,0.0
20230912:1010,628.15,714.02,45.82,25.29,1.1,0.0
20230912:1110,559.85,635.52,48.47,25.71,1.03,0.0
20230912:1210,676.01,784.76,47.11,26.33,0.69,0.0
20230912:1310,435.42,496.91,42.1,26.68,0.28,0.0
20230912:1410,559.39,639.09,34.49,27.07,0.69,0.0
20230912:1510,492.45,558.84,25.28,27.06,0.83,0.0
20230912:1610,89.07,114.42,15.2,26.76,0.41,0.0
20230912:1710,25.57,46.36,4.78,25.43,0.97,0.0
20230912:1810,0.0,0.0,0.0,24.27,1.45,0.0
20230912:1910,0.0,0.0,0.0,22.98,1.38,0.0
20230912:2010,0.0,0.0,0.0,22.05,1.31,0.0
20230912:2110,0.0,0.0,0.0,21.63,1.86,0.0
20230912:2210,0.0,0.0,0.0,20.62,1.03,0.0
20230912:2310,0.0,0.0,0.0,20.3,2.07,0.0
20230913:0010,0.0,0.0,0.0,19.8,1.52,0.0
20230913:0110,0.0,0.0,0.0,19.58,2.0,0.0
20230913:0210,0.0,0.0,0.0,19.34,1.79,0.0
20230913:0310,0.0,0.0,0.0,19.13,1.38,0.0
20230913:0410,0.0,0.0,0.0,18.85,1.45,0.0
20230913:0510,0.0,0.0,0.0,18.31,1.24,0.0
20230913:0610,17.83,32.03,11.57,19.58,0.14,0.0
20230913:0710,38.52,56.3,21.79,20.41,0.9,0.0
20230913:0810,25.72,41.74,31.33,21.16,0.48,0.0
20230913:0910,140.53,165.98,39.53,21.98,0.9,0.0
20230913:1010,128.15,153.36,45.48,22.51,0.76,0.0
20230913:1110,90.33,113.56,48.09,23.28,1.1,0.0
20230913:1210,43.08,62.12,46.72,23.44,1.24,0.0
20230913:1310,66.85,88.33,41.72,23.25,0.83,0.0
20230913:1410,153.69,180.64,34.12,23.12,0.9,0.0
20230913:1510,144.92,170.3,24.92,22.33,1.38,0.0
20230913:1610,22.42,37.85,14.86,21.64,1.52,0.0
20230913:1710,0.0,4.85,4.44,20.93,0.97,0.0
20230913:1810,0.0,0.0,0.0,20.43,0.83,0.0
20230913:1910,0.0,0.0,0.0,19.83,0.76,0.0
20230913:2010,0.0,0.0,0.0,19.43,0.83,0.0
20230913:2110,0.0,0.0,0.0,19.18,0.83,0.0
20230913:2210,0.0,0.0,0.0,18.56,0.97,0.0
20230913:2310,0.0,0.0,0.0,19.06,0.62,0.0
20230914:0010,0.0,0.0,0.0,18.77,0.55,0.0
20230914:0110,0.0,0.0,0.0,18.58,0.48,0.0
20230914:0210,0.0,0.0,0.0,18.14,0.76,0.0
20230914:0310,0.0,0.0,0.0,18.11,0.69,0.0
20230914:0410,0.0,0.0,0.0,17.83,0.62,0.0
20230914:0510,0.0,0.0,0.0,17.56,0.69,0.0
20230914:0610,55.4,95.64,11.36,17.7,0.48,0.0
20230914:0710,249.64,294.36,21.57,19.17,0.69,0.0
20230914:0810,350.53,387.14,31.08,20.48,0.83,0.0
20230914:0910,500.04,549.63,39.24,21.77,1.45,0.0
20230914:1010,667.81,751.75,45.14,22.77,1.1,0.0
20230914:1110,758.41,873.67,47.71,23.41,0.83,0.0
20230914:1210,701.37,803.63,46.33,23.91,0.83,0.0
20230914:1310,682.91,784.22,41.33,24.41,0.62,0.0
20230914:1410,510.45,572.24,33.75,24.84,0.9,0.0
20230914:1510,427.03,475.29,24.57,24.69,1.24,0.0
20230914:1610,6.58,17.47,14.52,24.26,1.52,0.0
20230914:1710,0.0,4.85,4.1,23.13,1.03,0.0
20230914:1810,0.0,0.0,0.0,21.44,1.31,0.0
20230914:1910,0.0,0.0,0.0,20.85,1.52,0.0
20230914:2010,0.0,0.0,0.0,19.97,1.17,0.0
20230914:2110,0.0,0.0,0.0,20.47,0.69,0.0
20230914:2210,0.0,0.0,0.0,18.61,1.66,0.0
20230914:2310,0.0,0.0,0.0,18.1,1.72,0.0
20230915:0010,0.0,0.0,0.0,17.84,1.72,0.0
20230915:0110,0.0,0.0,0.0,17.56,1.72,0.0
20230915:0210,0.0,0.0,0.0,17.34,1.79,0.0
20230915:0310,0.0,0.0,0.0,17.19,1.52,0.0
20230915:0410,0.0,0.0,0.0,17.26,1.03,0.0
20230915:0510,0.0,0.0,0.0,17.41,0.97,0.0
20230915:0610,57.01,79.68,11.15,17.64,1.03,0.0
20230915:0710,46.76,65.03,21.35,18.8,1.03,0.0
20230915:0810,202.35,228.62,30.83,20.06,1.24,0.0
20230915:0910,160.57,186.36,38.95,21.06,0.83,0.0
20230915:1010,229.61,259.76,44.8,21.82,0.9,0.0
20230915:1110,61.83,82.5,47.33,22.32,1.1,0.0
20230915:1210,584.38,653.05,45.93,22.87,1.17,0.0
20230915:1310,696.89,783.51,40.95,22.95,1.38,0.0
20230915:1410,522.02,577.28,33.38,22.76,1.17,0.0
20230915:1510,456.37,501.42,24.22,22.39,1.45,0.0
20230915:1610,245.96,282.04,14.18,20.74,0.55,0.0
20230915:1710,18.59,36.92,3.76,20.68,0.69,0.0
20230915:1810,0.0,0.0,0.0,19.92,1.38,0.0
20230915:1910,0.0,0.0,0.0,19.6,1.52,0.0
20230915:2010,0.0,0.0,0.0,18.69,1.59,0.0
20230915:2110,0.0,0.0,0.0,18.22,1.52,0.0
20230915:2210,0.0,0.0,0.0,18.15,1.52,0.0
20230915:2310,0.0,0.0,0.0,18.07,1.45,0.0
20230916:0010,0.0,0.0,0.0,17.97,1.24,0.0
20230916:0110,0.0,0.0,0.0,17.84,1.24,0.0
20230916:0210,0.0,0.0,0.0,19.34,0.62,0.0
20230916:0310,0.0,0.0,0.0,19.3,0.48,0.0
20230916:0410,0.0,0.0,0.0,18.36,0.76,0.0
20230916:0510,0.0,0.0,0.0,18.65,0.41,0.0
20230916:0610,49.87,70.63,10.94,18.09,0.69,0.0
20230916:0710,37.09,54.35,21.12,18.82,0.69,0.0
20230916:0810,100.49,122.3,30.57,19.04,0.62,0.0
20230916:0910,38.75,56.3,38.66,19.13,0.41,0.0
20230916:1010,222.43,249.75,44.46,19.32,0.55,0.0
20230916:1110,448.39,492.19,46.95,20.13,0.97,0.0
20230916:1210,556.42,616.11,45.53,21.0,0.97,0.0
20230916:1310,468.58,517.93,40.56,21.35,0.69,0.0
20230916:1410,415.21,459.52,33.01,21.65,0.34,0.0
20230916:1510,134.24,159.23,23.87,21.74,0.34,0.0
20230916:1610,89.34,112.58,13.83,21.83,0.34,0.0
20230916:1710,1.35,8.74,3.42,21.45,0.41,0.0
20230916:1810,0.0,0.0,0.0,20.32,0.76,0.0
20230916:1910,0.0,0.0,0.0,19.64,1.59,0.0
20230916:2010,0.0,0.0,0.0,18.94,1.31,0.0
20230916:2110,0.0,0.0,0.0,20.05,0.55,0.0
20230916:2210,0.0,0.0,0.0,19.86,0.48,0.0
20230916:2310,0.0,0.0,0.0,19.26,0.62,0.0
20230917:0010,0.0,0.0,0.0,18.86,0.83,0.0
20230917:0110,0.0,0.0,0.0,18.8,0.76,0.0
20230917:0210,0.0,0.0,0.0,18.89,0.69,0.0
20230917:0310,0.0,0.0,0.0,18.82,0.69,0.0
20230917:0410,0.0,0.0,0.0,18.63,0.69,0.0
20230917:0510,0.0,0.0,0.0,18.38,0.69,0.0
20230917:0610,49.78,70.65,10.72,18.36,0.62,0.0
20230917:0710,106.09,128.87,20.89,19.74,0.76,0.0
20230917:0810,289.48,321.71,30.32,20.31,0.62,0.0
20230917:0910,469.74,517.72,38.36,20.8,0.69,0.0
20230917:1010,462.0,511.83,44.12,21.66,0.76,0.0
20230917:1110,625.46,706.71,46.57,22.46,0.62,0.0
20230917:1210,527.54,594.91,45.14,22.94,0.28,0.0
20230917:1310,606.67,687.43,40.17,23.41,0.48,0.0
20230917:1410,527.21,585.78,32.64,23.36,1.03,0.0
20230917:1510,268.62,300.94,23.51,23.21,1.03,0.0
20230917:1610,232.93,270.61,13.49,22.92,0.97,0.0
20230917:1710,8.69,22.28,3.08,22.41,0.9,0.0
20230917:1810,0.0,0.0,0.0,21.56,0.9,0.0
20230917:1910,0.0,0.0,0.0,20.91,0.97,0.0
20230917:2010,0.0,0.0,0.0,20.26,1.45,0.0
20230917:2110,0.0,0.0,0.0,19.8,1.31,0.0
20230917:2210,0.0,0.0,0.0,19.78,1.1,0.0
20230917:2310,0.0,0.0,0.0,20.25,0.9,0.0
20230918:0010,0.0,0.0,0.0,19.87,1.24,0.0
20230918:0110,0.0,0.0,0.0,19.73,1.17,0.0
20230918:0210,0.0,0.0,0.0,19.69,1.03,0.0
20230918:0310,0.0,0.0,0.0,19.99,0.76,0.0
20230918:0410,0.0,0.0,0.0,19.19,1.17,0.0
20230918:0510,0.0,0.0,0.0,19.08,1.24,0.0
20230918:0610,43.82,63.25,10.51,19.21,1.24,0.0
20230918:0710,13.25,26.21,20.66,19.37,2.76,0.0
20230918:0810,45.76,64.06,30.06,19.72,2.9,0.0
20230918:0910,56.41,75.71,38.06,20.22,4.55,0.0
20230918:1010,90.07,111.62,43.77,20.66,3.52,0.0
20230918:1110,350.52,382.57,46.19,21.04,2.97,0.0
20230918:1210,109.92,132.98,44.74,21.31,2.14,0.0
20230918:1310,86.49,108.71,39.78,21.96,1.79,0.0
20230918:1410,71.39,92.21,32.27,20.99,2.0,0.0
20230918:1510,16.26,30.09,23.15,19.91,1.31,0.0
20230918:1610,42.2,60.18,13.14,19.46,0.9,0.0
20230918:1710,4.64,15.33,2.74,18.96,1.31,0.0
20230918:1810,0.0,0.0,0.0,18.29,1.17,0.0
20230918:1910,0.0,0.0,0.0,18.5,1.72,0.0
20230918:2010,0.0,0.0,0.0,18.15,1.38,0.0
20230918:2110,0.0,0.0,0.0,17.99,1.38,0.0
20230918:2210,0.0,0.0,0.0,17.69,0.9,0.0
20230918:2310,0.0,0.0,0.0,17.37,1.17,0.0
20230919:0010,0.0,0.0,0.0,17.08,1.31,0.0
20230919:0110,0.0,0.0,0.0,17.25,1.31,0.0
20230919:0210,0.0,0.0,0.0,17.36,1.31,0.0
20230919:0310,0.0,0.0,0.0,17.22,1.52,0.0
20230919:0410,0.0,0.0,0.0,16.93,1.52,0.0
20230919:0510,0.0,0.0,0.0,16.48,1.66,0.0
20230919:0610,49.3,88.35,10.29,16.42,1.38,0.0
20230919:0710,249.89,289.64,20.43,15.9,1.93,0.0
20230919:0810,461.84,501.09,29.8,17.98,1.45,0.0
20230919:0910,616.39,681.15,37.77,20.35,0.97,0.0
20230919:1010,715.92,820.13,43.43,22.26,0.41,0.0
20230919:1110,756.74,884.05,45.8,23.76,0.34,0.0
20230919:1210,752.56,867.61,44.34,24.54,1.03,0.0
20230919:1310,721.18,818.23,39.39,24.97,1.66,0.0
20230919:1410,602.02,670.81,31.9,24.9,1.86,0.0
20230919:1510,440.24,487.89,22.8,24.61,1.79,0.0
20230919:1610,227.47,266.1,12.8,23.97,1.38,0.0
20230919:1710,6.59,19.88,2.39,22.77,1.17,0.0
20230919:1810,0.0,0.0,0.0,21.19,1.17,0.0
20230919:1910,0.0,0.0,0.0,21.0,1.1,0.0
20230919:2010,0.0,0.0,0.0,19.61,1.59,0.0
20230919:2110,0.0,0.0,0.0,19.01,1.79,0.0
20230919:2210,0.0,0.0,0.0,18.11,1.86,0.0
20230919:2310,0.0,0.0,0.0,17.6,1.72,0.0
20230920:0010,0.0,0.0,0.0,17.39,1.66,0.0
20230920:0110,0.0,0.0,0.0,17.06,1.66,0.0
20230920:0210,0.0,0.0,0.0,17.01,1.52,0.0
20230920:0310,0.0,0.0,0.0,17.01,1.45,0.0
20230920:0410,0.0,0.0,0.0,17.2,1.45,0.0
20230920:0510,0.0,0.0,0.0,17.31,1.31,0.0
20230920:0610,39.51,57.59,10.08,17.56,1.1,0.0
20230920:0710,58.31,77.65,20.2,19.09,0.97,0.0
20230920:0810,105.53,128.12,29.54,20.11,0.69,0.0
20230920:0910,178.83,205.33,37.46,21.11,1.03,0.0
20230920:1010,119.87,143.65,43.08,21.4,1.45,0.0
20230920:1110,133.85,158.21,45.42,21.45,1.72,0.0
20230920:1210,403.38,443.5,43.94,22.11,1.79,0.0
20230920:1310,403.79,443.26,39.0,22.25,1.79,0.0
20230920:1410,218.97,246.13,31.52,21.09,1.52,0.0
20230920:1510,134.66,158.33,22.44,20.79,1.66,0.0
20230920:1610,13.9,27.18,12.45,20.61,1.03,0.0
20230920:1710,0.0,1.94,2.05,19.82,0.69,0.0
20230920:1810,0.0,0.0,0.0,18.81,1.1,0.0
20230920:1910,0.0,0.0,0.0,18.2,1.1,0.0
20230920:2010,0.0,0.0,0.0,17.9,1.31,0.0
20230920:2110,0.0,0.0,0.0,17.67,1.45,0.0
20230920:2210,0.0,0.0,0.0,17.77,1.24,0.0
20230920:2310,0.0,0.0,0.0,17.69,1.38,0.0
20230921:0010,0.0,0.0,0.0,17.43,1.59,0.0
20230921:0110,0.0,0.0,0.0,17.17,1.72,0.0
20230921:0210,0.0,0.0,0.0,17.04,2.0,0.0
20230921:0310,0.0,0.0,0.0,16.87,2.07,0.0
20230921:0410,0.0,0.0,0.0,16.86,1.86,0.0
20230921:0510,0.0,0.0,0.0,16.85,1.93,0.0
20230921:0610,48.04,80.97,9.86,17.09,2.07,0.0
20230921:0710,156.33,182.02,19.97,17.61,1.31,0.0
20230921:0810,270.05,296.57,29.28,18.09,1.38,0.0
20230921:0910,292.97,319.43,37.16,18.56,2.07,0.0
20230921:1010,273.25,300.27,42.73,19.22,2.14,0.0
20230921:1110,113.55,135.89,45.03,19.79,2.14,0.0
20230921:1210,234.14,261.04,43.54,20.37,2.34,0.0
20230921:1310,89.92,111.62,38.61,20.71,2.55,0.0
20230921:1410,36.06,53.38,31.15,19.99,2.07,0.0
20230921:1510,78.54,99.0,22.08,19.02,1.93,0.0
20230921:1610,151.94,178.33,12.1,18.85,2.21,0.0
20230921:1710,0.0,4.85,1.71,18.38,2.34,0.0
20230921:1810,0.0,0.0,0.0,18.09,2.41,0.0
20230921:1910,0.0,0.0,0.0,17.84,2.28,0.0
20230921:2010,0.0,0.0,0.0,17.79,2.41,0.0
20230921:2110,0.0,0.0,0.0,17.81,2.76,0.0
20230921:2210,0.0,0.0,0.0,17.66,3.1,0.0
20230921:2310,0.0,0.0,0.0,17.57,3.38,0.0
20230922:0010,0.0,0.0,0.0,17.45,3.38,0.0
20230922:0110,0.0,0.0,0.0,17.2,3.59,0.0
20230922:0210,0.0,0.0,0.0,17.22,4.0,0.0
20230922:0310,0.0,0.0,0.0,17.12,4.34,0.0
20230922:0410,0.0,0.0,0.0,16.94,4.55,0.0
20230922:0510,0.0,0.0,0.0,16.84,4.48,0.0
20230922:0610,34.5,51.81,9.64,16.96,4.62,0.0
20230922:0710,110.78,131.96,19.73,17.23,3.59,0.0
20230922:0810,45.48,63.09,29.02,17.26,3.86,0.0
20230922:0910,227.9,250.01,36.86,17.59,4.0,0.0
20230922:1010,172.4,194.12,42.38,17.51,3.66,0.0
20230922:1110,65.33,84.44,44.64,17.66,3.38,0.0
20230922:1210,549.24,583.25,43.14,17.46,3.24,0.0
20230922:1310,350.32,376.77,38.22,17.35,1.93,0.0
20230922:1410,248.17,271.62,30.77,17.79,2.0,0.0
20230922:1510,131.1,152.99,21.73,17.92,1.03,0.0
20230922:1610,14.94,28.15,11.76,17.15,0.97,0.0
20230922:1710,0.0,0.95,1.37,16.79,1.66,0.0
20230922:1810,0.0,0.0,0.0,15.15,1.86,0.0
20230922:1910,0.0,0.0,0.0,15.49,2.62,0.0
20230922:2010,0.0,0.0,0.0,14.99,2.14,0.0
20230922:2110,0.0,0.0,0.0,14.64,1.79,0.0
20230922:2210,0.0,0.0,0.0,13.71,1.24,0.0
20230922:2310,0.0,0.0,0.0,12.83,1.38,0.0
20230923:0010,0.0,0.0,0.0,12.96,1.86,0.0
20230923:0110,0.0,0.0,0.0,12.94,1.86,0.0
20230923:0210,0.0,0.0,0.0,13.28,1.79,0.0
20230923:0310,0.0,0.0,0.0,13.3,1.66,0.0
20230923:0410,0.0,0.0,0.0,13.06,1.59,0.0
20230923:0510,0.0,0.0,0.0,12.91,1.86,0.0
20230923:0610,49.68,78.3,9.42,12.89,2.0,0.0
20230923:0710,95.75,114.54,19.49,13.89,3.52,0.0
20230923:0810,207.44,227.35,28.75,15.13,3.24,0.0
20230923:0910,245.3,266.88,36.55,16.65,3.45,0.0
20230923:1010,375.54,400.9,42.03,17.88,3.86,0.0
20230923:1110,570.59,607.75,44.26,18.76,3.93,0.0
20230923:1210,581.74,624.94,42.74,19.47,3.17,0.0
20230923:1310,320.07,347.28,37.83,19.56,3.03,0.0
20230923:1410,452.38,483.07,30.4,19.84,3.52,0.0
20230923:1510,264.9,290.09,21.37,20.06,3.17,0.0
20230923:1610,215.03,247.94,11.41,19.56,2.55,0.0
20230923:1710,0.0,0.0,0.0,18.17,2.48,0.0
20230923:1810,0.0,0.0,0.0,16.71,2.55,0.0
20230923:1910,0.0,0.0,0.0,16.53,3.31,0.0
20230923:2010,0.0,0.0,0.0,16.17,3.66,0.0
20230923:2110,0.0,0.0,0.0,15.79,3.66,0.0
20230923:2210,0.0,0.0,0.0,15.34,3.52,0.0
20230923:2310,0.0,0.0,0.0,14.91,3.52,0.0
20230924:0010,0.0,0.0,0.0,14.58,3.52,0.0
20230924:0110,0.0,0.0,0.0,14.32,3.45,0.0
20230924:0210,0.0,0.0,0.0,14.02,3.31,0.0
20230924:0310,0.0,0.0,0.0,13.52,3.17,0.0
20230924:0410,0.0,0.0,0.0,12.99,3.03,0.0
20230924:0510,0.0,0.0,0.0,12.49,2.97,0.0
20230924:0610,44.71,80.5,9.2,12.3,2.9,0.0
20230924:0710,249.82,286.21,19.26,13.29,2.9,0.0
20230924:0810,473.8,503.99,28.49,15.36,2.48,0.0
20230924:0910,640.4,691.63,36.25,17.45,1.72,0.0
20230924:1010,748.38,837.93,41.68,19.11,0.9,0.0
20230924:1110,784.58,906.97,43.87,20.24,0.21,0.0
20230924:1210,767.98,881.93,42.34,20.96,0.48,0.0
20230924:1310,737.02,835.83,37.43,21.24,0.76,0.0
20230924:1410,624.39,693.44,30.03,21.3,0.97,0.0
20230924:1510,441.82,484.99,21.01,21.01,1.1,0.0
20230924:1610,212.61,248.11,11.06,20.35,0.97,0.0
20230924:1710,0.0,0.0,0.0,19.17,0.55,0.0
20230924:1810,0.0,0.0,0.0,18.56,0.48,0.0
20230924:1910,0.0,0.0,0.0,15.93,1.38,0.0
20230924:2010,0.0,0.0,0.0,13.83,1.86,0.0
20230924:2110,0.0,0.0,0.0,12.71,2.0,0.0
20230924:2210,0.0,0.0,0.0,11.97,1.93,0.0
20230924:2310,0.0,0.0,0.0,11.61,1.86,0.0
20230925:0010,0.0,0.0,0.0,11.42,1.86,0.0
20230925:0110,0.0,0.0,0.0,11.33,1.79,0.0
20230925:0210,0.0,0.0,0.0,11.24,1.79,0.0
20230925:0310,0.0,0.0,0.0,11.11,1.79,0.0
20230925:0410,0.0,0.0,0.0,10.87,1.79,0.0
20230925:0510,0.0,0.0,0.0,10.5,1.93,0.0
20230925:0610,44.14,77.98,8.98,10.29,1.66,0.0
20230925:0710,244.77,281.98,19.02,13.04,1.72,0.0
20230925:0810,460.93,496.18,28.22,16.08,1.45,0.0
20230925:0910,625.7,681.13,35.94,18.57,1.45,0.0
20230925:1010,740.38,825.89,41.33,19.74,1.17,0.0
20230925:1110,782.64,887.94,43.48,20.58,0.97,0.0
20230925:1210,760.81,861.94,41.94,21.18,1.03,0.0
20230925:1310,728.29,822.15,37.04,21.53,0.97,0.0
20230925:1410,611.33,679.08,29.65,21.68,0.97,0.0
20230925:1510,432.58,476.79,20.65,21.56,0.97,0.0
20230925:1610,200.15,235.74,10.72,21.05,0.83,0.0
20230925:1710,0.0,0.0,0.0,19.46,1.03,0.0
20230925:1810,0.0,0.0,0.0,17.41,1.38,0.0
20230925:1910,0.0,0.0,0.0,18.79,0.34,0.0
20230925:2010,0.0,0.0,0.0,15.27,1.66,0.0
20230925:2110,0.0,0.0,0.0,13.79,2.21,0.0
20230925:2210,0.0,0.0,0.0,13.48,2.28,0.0
20230925:2310,0.0,0.0,0.0,13.46,2.34,0.0
20230926:0010,0.0,0.0,0.0,13.41,2.48,0.0
20230926:0110,0.0,0.0,0.0,13.3,2.48,0.0
20230926:0210,0.0,0.0,0.0,13.14,2.41,0.0
20230926:0310,0.0,0.0,0.0,12.97,2.34,0.0
20230926:0410,0.0,0.0,0.0,12.8,2.28,0.0
20230926:0510,0.0,0.0,0.0,12.62,2.28,0.0
20230926:0610,41.32,74.58,8.76,12.73,2.0,0.0
20230926:0710,236.17,273.78,18.78,13.81,1.66,0.0
20230926:0810,439.79,477.24,27.95,16.87,0.97,0.0
20230926:0910,603.81,669.42,35.63,19.6,0.48,0.0
20230926:1010,711.88,806.82,40.97,21.09,0.55,0.0
20230926:1110,754.58,866.8,43.1,21.95,0.55,0.0
20230926:1210,743.38,853.8,41.54,22.56,0.62,0.0
20230926:1310,702.59,800.61,36.65,22.96,0.69,0.0
20230926:1410,589.42,659.09,29.28,23.03,0.83,0.0
20230926:1510,412.36,458.03,20.3,22.9,0.83,0.0
20230926:1610,182.67,218.22,10.37,22.37,0.76,0.0
20230926:1710,0.0,0.0,0.0,20.84,0.83,0.0
20230926:1810,0.0,0.0,0.0,20.74,0.69,0.0
20230926:1910,0.0,0.0,0.0,18.57,1.17,0.0
20230926:2010,0.0,0.0,0.0,16.54,1.72,0.0
20230926:2110,0.0,0.0,0.0,15.55,1.93,0.0
20230926:2210,0.0,0.0,0.0,14.79,1.93,0.0
20230926:2310,0.0,0.0,0.0,14.41,1.86,0.0
20230927:0010,0.0,0.0,0.0,14.23,2.0,0.0
20230927:0110,0.0,0.0,0.0,14.05,2.0,0.0
20230927:0210,0.0,0.0,0.0,14.12,2.07,0.0
20230927:0310,0.0,0.0,0.0,14.58,2.34,0.0
20230927:0410,0.0,0.0,0.0,14.11,2.28,0.0
20230927:0510,0.0,0.0,0.0,13.78,2.28,0.0
20230927:0610,40.64,71.97,8.53,14.2,2.07,0.0
20230927:0710,223.21,260.5,18.54,16.01,2.14,0.0
20230927:0810,396.16,430.88,27.68,18.64,1.66,0.0
20230927:0910,590.83,655.1,35.32,21.43,0.97,0.0
20230927:1010,690.69,795.1,40.62,23.01,0.21,0.0
20230927:1110,747.73,860.71,42.71,23.72,0.83,0.0
20230927:1210,699.87,796.77,41.14,24.01,1.1,0.0
20230927:1310,682.36,773.67,36.26,24.1,1.1,0.0
20230927:1410,577.3,646.15,28.91,24.07,1.03,0.0
20230927:1510,392.18,437.91,19.94,23.8,0.76,0.0
20230927:1610,177.46,214.05,10.03,23.29,0.55,0.0
20230927:1710,0.0,0.0,0.0,21.61,0.97,0.0
20230927:1810,0.0,0.0,0.0,19.54,1.86,0.0
20230927:1910,0.0,0.0,0.0,17.95,2.14,0.0
20230927:2010,0.0,0.0,0.0,17.06,2.21,0.0
20230927:2110,0.0,0.0,0.0,16.46,2.28,0.0
20230927:2210,0.0,0.0,0.0,16.04,2.34,0.0
20230927:2310,0.0,0.0,0.0,15.78,2.41,0.0
20230928:0010,0.0,0.0,0.0,15.66,2.48,0.0
20230928:0110,0.0,0.0,0.0,15.64,2.48,0.0
20230928:0210,0.0,0.0,0.0,15.77,2.34,0.0
20230928:0310,0.0,0.0,0.0,15.83,2.28,0.0
20230928:0410,0.0,0.0,0.0,15.97,2.07,0.0
20230928:0510,0.0,0.0,0.0,15.68,2.0,0.0
20230928:0610,32.31,49.89,8.31,15.57,1.79,0.0
20230928:0710,187.76,219.98,18.3,17.48,1.31,0.0
20230928:0810,406.58,449.47,27.41,19.99,0.62,0.0
20230928:0910,592.98,661.63,35.01,21.52,0.62,0.0
20230928:1010,688.96,781.91,40.26,22.5,0.69,0.0
20230928:1110,744.1,850.87,42.32,23.2,0.97,0.0
20230928:1210,693.48,787.19,40.74,23.64,1.1,0.0
20230928:1310,669.66,756.88,35.87,23.83,1.1,0.0
20230928:1410,555.12,619.22,28.53,23.79,1.03,0.0
20230928:1510,392.33,436.53,19.58,23.56,1.03,0.0
20230928:1610,161.16,195.44,9.68,22.94,0.9,0.0
20230928:1710,0.0,0.0,0.0,21.51,0.76,0.0
20230928:1810,0.0,0.0,0.0,21.05,0.76,0.0
20230928:1910,0.0,0.0,0.0,17.9,1.72,0.0
20230928:2010,0.0,0.0,0.0,16.6,2.0,0.0
20230928:2110,0.0,0.0,0.0,15.67,2.0,0.0
20230928:2210,0.0,0.0,0.0,14.99,2.0,0.0
20230928:2310,0.0,0.0,0.0,14.51,2.0,0.0
20230929:0010,0.0,0.0,0.0,13.99,1.86,0.0
20230929:0110,0.0,0.0,0.0,13.82,1.86,0.0
20230929:0210,0.0,0.0,0.0,14.46,2.14,0.0
20230929:0310,0.0,0.0,0.0,13.93,2.21,0.0
20230929:0410,0.0,0.0,0.0,13.83,2.28,0.0
20230929:0510,0.0,0.0,0.0,13.89,2.41,0.0
20230929:0610,37.07,68.23,8.08,13.96,2.34,0.0
20230929:0710,218.72,255.44,18.05,15.14,2.07,0.0
20230929:0810,429.05,464.89,27.13,17.55,1.52,0.0
20230929:0910,584.94,647.64,34.69,20.25,0.62,0.0
20230929:1010,683.88,780.48,39.91,22.05,0.28,0.0
20230929:1110,741.14,844.46,41.93,22.99,1.03,0.0
20230929:1210,726.2,823.32,40.34,23.46,1.31,0.0
20230929:1310,687.68,775.17,35.48,23.69,1.31,0.0
20230929:1410,564.28,627.54,28.16,23.7,1.24,0.0
20230929:1510,377.01,419.77,19.23,23.5,0.97,0.0
20230929:1610,156.44,190.82,9.34,22.94,0.69,0.0
20230929:1710,0.0,0.0,0.0,21.84,0.55,0.0
20230929:1810,0.0,0.0,0.0,20.86,0.76,0.0
20230929:1910,0.0,0.0,0.0,18.5,1.31,0.0
20230929:2010,0.0,0.0,0.0,17.51,1.52,0.0
20230929:2110,0.0,0.0,0.0,16.94,1.52,0.0
20230929:2210,0.0,0.0,0.0,16.48,1.52,0.0
20230929:2310,0.0,0.0,0.0,16.05,1.52,0.0
20230930:0010,0.0,0.0,0.0,15.72,1.52,0.0
20230930:0110,0.0,0.0,0.0,15.44,1.66,0.0
20230930:0210,0.0,0.0,0.0,15.51,1.52,0.0
20230930:0310,0.0,0.0,0.0,15.47,1.45,0.0
20230930:0410,0.0,0.0,0.0,14.97,1.38,0.0
20230930:0510,0.0,0.0,0.0,15.24,1.45,0.0
20230930:0610,36.8,62.63,7.85,15.66,1.52,0.0
20230930:0710,208.68,248.74,17.81,17.61,0.55,0.0
20230930:0810,421.97,471.81,26.86,20.68,0.07,0.0
20230930:0910,537.38,599.86,34.38,21.96,0.41,0.0
20230930:1010,684.04,770.42,39.55,22.64,1.03,0.0
20230930:1110,735.66,834.06,41.54,23.52,1.38,0.0
20230930:1210,717.24,812.32,39.95,24.0,1.45,0.0
20230930:1310,679.06,762.66,35.09,24.12,1.59,0.0
20230930:1410,537.04,594.87,27.79,24.16,1.59,0.0
20230930:1510,343.7,382.67,18.87,24.0,1.45,0.0
20230930:1610,131.13,162.63,9.0,23.24,1.17,0.0
20230930:1710,0.0,0.0,0.0,21.87,0.62,0.0
20230930:1810,0.0,0.0,0.0,20.0,1.17,0.0
20230930:1910,0.0,0.0,0.0,18.92,1.45,0.0
20230930:2010,0.0,0.0,0.0,18.22,1.45,0.0
20230930:2110,0.0,0.0,0.0,17.65,1.52,0.0
20230930:2210,0.0,0.0,0.0,16.91,1.72,0.0
20230930:2310,0.0,0.0,0.0,16.39,1.79,0.0
20231001:0010,0.0,0.0,0.0,15.94,1.72,0.0
20231001:0110,0.0,0.0,0.0,15.74,1.59,0.0
20231001:0210,0.0,0.0,0.0,15.87,1.59,0.0
20231001:0310,0.0,0.0,0.0,16.0,1.59,0.0
20231001:0410,0.0,0.0,0.0,16.05,1.66,0.0
20231001:0510,0.0,0.0,0.0,15.96,1.72,0.0
20231001:0610,35.15,61.35,7.63,15.9,1.66,0.0
20231001:0710,204.24,242.84,17.56,17.78,1.17,0.0
20231001:0810,407.49,449.76,26.58,19.97,0.83,0.0
20231001:0910,564.12,630.53,34.07,21.53,0.34,0.0
20231001:1010,677.38,770.98,39.2,22.65,0.48,0.0
20231001:1110,733.48,839.97,41.16,23.35,0.83,0.0
20231001:1210,736.43,843.37,39.55,23.6,0.9,0.0
20231001:1310,669.96,762.06,34.7,23.94,0.76,0.0
20231001:1410,549.77,616.88,27.42,23.9,0.62,0.0
20231001:1510,363.7,407.4,18.52,23.87,0.62,0.0
20231001:1610,128.05,159.87,8.66,23.2,0.62,0.0
20231001:1710,0.0,0.0,0.0,22.42,0.21,0.0
20231001:1810,0.0,0.0,0.0,21.01,0.76,0.0
20231001:1910,0.0,0.0,0.0,18.53,1.52,0.0
20231001:2010,0.0,0.0,0.0,17.46,1.86,0.0
20231001:2110,0.0,0.0,0.0,16.7,1.86,0.0
20231001:2210,0.0,0.0,0.0,16.18,1.79,0.0
20231001:2310,0.0,0.0,0.0,15.85,1.79,0.0
20231002:0010,0.0,0.0,0.0,15.39,1.66,0.0
20231002:0110,0.0,0.0,0.0,15.12,1.52,0.0
20231002:0210,0.0,0.0,0.0,15.41,1.66,0.0
20231002:0310,0.0,0.0,0.0,15.28,1.79,0.0
20231002:0410,0.0,0.0,0.0,15.14,1.93,0.0
20231002:0510,0.0,0.0,0.0,15.1,1.93,0.0
20231002:0610,34.48,58.58,7.4,15.19,1.86,0.0
20231002:0710,207.08,246.65,17.31,17.33,1.24,0.0
20231002:0810,409.86,452.91,26.31,19.99,0.76,0.0
20231002:0910,565.69,636.04,33.75,21.64,0.07,0.0
20231002:1010,678.74,772.43,38.84,22.61,0.48,0.0
20231002:1110,715.31,815.97,40.77,23.4,0.9,0.0
20231002:1210,721.92,825.51,39.15,23.99,0.97,0.0
20231002:1310,672.42,762.97,34.32,24.19,0.97,0.0
20231002:1410,544.1,609.81,27.05,24.21,0.76,0.0
20231002:1510,354.91,398.15,18.17,24.06,0.62,0.0
20231002:1610,118.8,150.13,8.32,23.61,0.55,0.0
20231002:1710,0.0,0.0,0.0,22.88,0.28,0.0
20231002:1810,0.0,0.0,0.0,22.25,0.41,0.0
20231002:1910,0.0,0.0,0.0,19.32,1.45,0.0
20231002:2010,0.0,0.0,0.0,18.46,1.66,0.0
20231002:2110,0.0,0.0,0.0,17.62,1.72,0.0
20231002:2210,0.0,0.0,0.0,17.03,1.72,0.0
20231002:2310,0.0,0.0,0.0,16.72,1.66,0.0
20231003:0010,0.0,0.0,0.0,16.51,1.45,0.0
20231003:0110,0.0,0.0,0.0,16.47,1.45,0.0
20231003:0210,0.0,0.0,0.0,16.41,1.59,0.0
20231003:0310,0.0,0.0,0.0,16.43,1.52,0.0
20231003:0410,0.0,0.0,0.0,16.37,1.52,0.0
20231003:0510,0.0,0.0,0.0,16.26,1.66,0.0
20231003:0610,28.11,46.16,7.17,16.35,1.59,0.0
20231003:0710,178.34,210.86,17.06,17.2,1.59,0.0
20231003:0810,352.38,385.17,26.03,18.63,1.31,0.0
20231003:0910,504.05,555.17,33.43,20.79,0.76,0.0
20231003:1010,666.1,758.63,38.48,22.27,0.28,0.0
20231003:1110,704.26,808.07,40.38,23.13,0.48,0.0
20231003:1210,648.2,735.27,38.76,23.61,0.76,0.0
20231003:1310,560.75,629.02,33.93,23.95,0.83,0.0
20231003:1410,471.61,524.89,26.68,24.01,0.83,0.0
20231003:1510,316.11,354.72,17.82,23.91,0.76,0.0
20231003:1610,109.53,139.92,7.98,23.59,0.62,0.0
20231003:1710,0.0,0.0,0.0,22.91,0.28,0.0
20231003:1810,0.0,0.0,0.0,21.25,0.9,0.0
20231003:1910,0.0,0.0,0.0,19.86,1.03,0.0
20231003:2010,0.0,0.0,0.0,19.05,1.17,0.0
20231003:2110,0.0,0.0,0.0,19.49,0.97,0.0
20231003:2210,0.0,0.0,0.0,17.94,1.24,0.0
20231003:2310,0.0,0.0,0.0,17.77,1.03,0.0
20231004:0010,0.0,0.0,0.0,18.35,0.69,0.0
20231004:0110,0.0,0.0,0.0,17.97,0.41,0.0
20231004:0210,0.0,0.0,0.0,17.34,0.97,0.0
20231004:0310,0.0,0.0,0.0,15.79,1.24,0.0
20231004:0410,0.0,0.0,0.0,15.34,1.31,0.0
20231004:0510,0.0,0.0,0.0,14.95,1.45,0.0
20231004:0610,30.6,55.61,6.94,14.86,1.45,0.0
20231004:0710,147.0,174.35,16.82,16.88,0.83,0.0
20231004:0810,391.42,430.4,25.75,19.22,0.9,0.0
20231004:0910,365.54,399.71,33.12,20.71,1.52,0.0
20231004:1010,335.09,367.98,38.13,21.6,2.14,0.0
20231004:1110,581.06,634.14,40.0,21.47,2.34,0.0
20231004:1210,692.08,758.26,38.36,21.64,2.69,0.0
20231004:1310,582.79,632.32,33.55,21.63,2.76,0.0
20231004:1410,403.9,436.7,26.32,21.19,2.55,0.0
20231004:1510,207.22,232.77,17.47,20.59,2.0,0.0
20231004:1610,84.45,109.69,7.64,20.06,1.1,0.0
20231004:1710,0.0,0.0,0.0,19.59,0.83,0.0
20231004:1810,0.0,0.0,0.0,18.85,0.76,0.0
20231004:1910,0.0,0.0,0.0,18.48,1.45,0.0
20231004:2010,0.0,0.0,0.0,17.9,1.66,0.0
20231004:2110,0.0,0.0,0.0,17.99,1.72,0.0
20231004:2210,0.0,0.0,0.0,17.86,1.86,0.0
20231004:2310,0.0,0.0,0.0,18.12,1.86,0.0
20231005:0010,0.0,0.0,0.0,17.92,1.59,0.0
20231005:0110,0.0,0.0,0.0,17.61,1.31,0.0
20231005:0210,0.0,0.0,0.0,17.49,1.38,0.0
20231005:0310,0.0,0.0,0.0,17.15,1.31,0.0
20231005:0410,0.0,0.0,0.0,16.99,1.03,0.0
20231005:0510,0.0,0.0,0.0,17.28,0.83,0.0
20231005:0610,26.4,44.8,6.71,17.06,0.97,0.0
20231005:0710,165.97,198.79,16.56,18.13,0.41,0.0
20231005:0810,346.25,383.32,25.47,18.98,0.14,0.0
20231005:0910,511.38,562.83,32.8,19.82,0.48,0.0
20231005:1010,616.68,683.24,37.77,20.29,0.83,0.0
20231005:1110,701.38,784.97,39.61,20.6,0.97,0.0
20231005:1210,704.63,791.27,37.97,21.2,0.97,0.0
20231005:1310,633.43,704.91,33.17,21.74,1.03,0.0
20231005:1410,517.41,567.76,25.95,21.92,1.31,0.0
20231005:1510,322.36,356.48,17.12,21.83,1.45,0.0
20231005:1610,78.44,103.76,7.31,21.35,1.03,0.0
20231005:1710,0.0,0.0,0.0,20.17,0.55,0.0
20231005:1810,0.0,0.0,0.0,19.65,0.62,0.0
20231005:1910,0.0,0.0,0.0,17.92,1.31,0.0
20231005:2010,0.0,0.0,0.0,17.35,1.31,0.0
20231005:2110,0.0,0.0,0.0,16.93,1.31,0.0
20231005:2210,0.0,0.0,0.0,16.78,1.17,0.0
20231005:2310,0.0,0.0,0.0,16.63,1.17,0.0
20231006:0010,0.0,0.0,0.0,16.46,1.31,0.0
20231006:0110,0.0,0.0,0.0,16.37,1.38,0.0
20231006:0210,0.0,0.0,0.0,15.63,1.59,0.0
20231006:0310,0.0,0.0,0.0,15.14,1.52,0.0
20231006:0410,0.0,0.0,0.0,14.99,1.38,0.0
20231006:0510,0.0,0.0,0.0,15.4,1.45,0.0
20231006:0610,21.88,37.47,6.47,15.5,1.45,0.0
20231006:0710,96.68,117.8,16.31,16.12,1.59,0.0
20231006:0810,114.6,136.17,25.19,17.98,1.24,0.0
20231006:0910,82.74,103.86,32.48,19.65,0.97,0.0
20231006:1010,315.76,348.45,37.41,20.87,1.17,0.0
20231006:1110,425.08,467.61,39.23,21.81,1.31,0.0
20231006:1210,516.6,569.31,37.58,22.28,1.45,0.0
20231006:1310,580.17,641.27,32.78,22.34,1.38,0.0
20231006:1410,339.11,373.64,25.59,22.49,1.31,0.0
20231006:1510,273.94,306.22,16.78,22.31,1.1,0.0
20231006:1610,66.06,90.06,6.97,21.73,0.83,0.0
20231006:1710,0.0,0.0,0.0,20.66,0.48,0.0
20231006:1810,0.0,0.0,0.0,19.69,0.69,0.0
20231006:1910,0.0,0.0,0.0,17.19,1.59,0.0
20231006:2010,0.0,0.0,0.0,16.34,1.59,0.0
20231006:2110,0.0,0.0,0.0,15.61,1.66,0.0
20231006:2210,0.0,0.0,0.0,15.01,1.79,0.0
20231006:2310,0.0,0.0,0.0,14.64,1.72,0.0
20231007:0010,0.0,0.0,0.0,14.08,1.52,0.0
20231007:0110,0.0,0.0,0.0,14.18,1.45,0.0
20231007:0210,0.0,0.0,0.0,14.48,1.66,0.0
20231007:0310,0.0,0.0,0.0,14.5,1.86,0.0
20231007:0410,0.0,0.0,0.0,14.37,1.86,0.0
20231007:0510,0.0,0.0,0.0,14.22,2.0,0.0
20231007:0610,26.75,50.2,6.24,14.12,2.0,0.0
20231007:0710,200.28,238.71,16.06,15.57,1.31,0.0
20231007:0810,412.67,452.98,24.91,17.95,0.62,0.0
20231007:0910,567.51,630.63,32.16,19.81,0.21,0.0
20231007:1010,673.86,756.42,37.05,21.0,0.69,0.0
20231007:1110,730.02,828.56,38.84,21.88,0.83,0.0
20231007:1210,723.49,823.41,37.19,22.6,0.83,0.0
20231007:1310,670.14,758.59,32.41,23.09,0.76,0.0
20231007:1410,543.76,606.27,25.23,23.35,0.83,0.0
20231007:1510,347.97,389.09,16.43,23.23,0.83,0.0
20231007:1610,102.87,133.49,6.64,22.6,0.55,0.0
20231007:1710,0.0,0.0,0.0,21.79,0.21,0.0
20231007:1810,0.0,0.0,0.0,19.51,1.1,0.0
20231007:1910,0.0,0.0,0.0,17.8,1.66,0.0
20231007:2010,0.0,0.0,0.0,16.76,1.79,0.0
20231007:2110,0.0,0.0,0.0,15.98,1.93,0.0
20231007:2210,0.0,0.0,0.0,15.38,1.86,0.0
20231007:2310,0.0,0.0,0.0,14.96,1.86,0.0
20231008:0010,0.0,0.0,0.0,14.61,1.86,0.0
20231008:0110,0.0,0.0,0.0,14.29,1.93,0.0
20231008:0210,0.0,0.0,0.0,14.08,2.0,0.0
20231008:0310,0.0,0.0,0.0,13.99,2.07,0.0
20231008:0410,0.0,0.0,0.0,13.97,2.21,0.0
20231008:0510,0.0,0.0,0.0,13.9,2.28,0.0
20231008:0610,24.73,46.87,6.01,14.01,2.28,0.0
20231008:0710,196.62,234.97,15.81,15.89,1.79,0.0
20231008:0810,407.43,448.19,24.62,19.71,1.31,0.0
20231008:0910,558.24,620.99,31.84,22.39,0.9,0.0
20231008:1010,658.23,750.27,36.7,24.47,0.76,0.0
20231008:1110,705.18,815.45,38.46,25.92,0.83,0.0
20231008:1210,693.89,803.66,36.8,26.81,0.9,0.0
20231008:1310,644.14,738.21,32.03,27.41,1.17,0.0
20231008:1410,525.81,593.73,24.87,27.49,1.38,0.0
20231008:1510,299.81,341.72,16.09,27.01,1.17,0.0
20231008:1610,54.57,78.46,6.32,25.65,1.31,0.0
20231008:1710,0.0,0.0,0.0,23.44,1.72,0.0
20231008:1810,0.0,0.0,0.0,21.35,2.28,0.0
20231008:1910,0.0,0.0,0.0,19.87,2.48,0.0
20231008:2010,0.0,0.0,0.0,19.21,2.55,0.0
20231008:2110,0.0,0.0,0.0,18.71,2.69,0.0
20231008:2210,0.0,0.0,0.0,18.23,2.69,0.0
20231008:2310,0.0,0.0,0.0,17.81,2.69,0.0
20231009:0010,0.0,0.0,0.0,17.29,2.62,0.0
20231009:0110,0.0,0.0,0.0,16.67,2.55,0.0
20231009:0210,0.0,0.0,0.0,16.06,2.41,0.0
20231009:0310,0.0,0.0,0.0,15.55,2.41,0.0
20231009:0410,0.0,0.0,0.0,15.15,2.41,0.0
20231009:0510,0.0,0.0,0.0,14.78,2.41,0.0
20231009:0610,23.45,44.44,5.77,14.5,2.28,0.0
20231009:0710,194.46,233.36,15.55,16.19,1.66,0.0
20231009:0810,404.32,448.39,24.34,20.35,0.83,0.0
20231009:0910,552.59,621.51,31.52,22.85,0.34,0.0
20231009:1010,660.52,751.08,36.34,24.45,0.9,0.0
20231009:1110,709.75,816.23,38.08,25.57,1.03,0.0
20231009:1210,704.81,810.84,36.41,26.31,1.17,0.0
20231009:1310,642.54,733.02,31.65,26.79,1.24,0.0
20231009:1410,513.07,577.12,24.51,26.88,1.38,0.0
20231009:1510,252.54,289.18,15.75,26.35,1.1,0.0
20231009:1610,34.97,54.63,5.99,24.87,0.97,0.0
20231009:1710,0.0,0.0,0.0,23.79,0.9,0.0
20231009:1810,0.0,0.0,0.0,21.82,1.24,0.0
20231009:1910,0.0,0.0,0.0,21.87,1.17,0.0
20231009:2010,0.0,0.0,0.0,22.04,1.1,0.0
20231009:2110,0.0,0.0,0.0,20.83,1.17,0.0
20231009:2210,0.0,0.0,0.0,18.78,1.38,0.0
20231009:2310,0.0,0.0,0.0,17.15,1.72,0.0
20231010:0010,0.0,0.0,0.0,16.09,2.0,0.0
20231010:0110,0.0,0.0,0.0,15.41,2.14,0.0
20231010:0210,0.0,0.0,0.0,14.77,2.07,0.0
20231010:0310,0.0,0.0,0.0,14.23,2.0,0.0
20231010:0410,0.0,0.0,0.0,13.83,2.0,0.0
20231010:0510,0.0,0.0,0.0,13.5,1.93,0.0
20231010:0610,18.61,38.77,5.54,13.31,1.86,0.0
20231010:0710,191.71,230.79,15.3,15.57,1.03,0.0
20231010:0810,402.22,446.38,24.05,19.52,0.41,0.0
20231010:0910,559.86,623.73,31.2,21.4,0.48,0.0
20231010:1010,658.23,743.47,35.99,22.83,0.76,0.0
20231010:1110,702.63,802.58,37.7,24.06,0.9,0.0
20231010:1210,695.78,796.47,36.03,24.94,0.97,0.0
20231010:1310,633.23,717.86,31.28,25.43,1.1,0.0
20231010:1410,502.8,563.04,24.16,25.5,1.1,0.0
20231010:1510,214.2,246.57,15.42,25.15,0.97,0.0
20231010:1610,25.1,42.35,5.67,23.86,0.69,0.0
20231010:1710,0.0,0.0,0.0,22.35,0.83,0.0
20231010:1810,0.0,0.0,0.0,19.77,1.52,0.0
20231010:1910,0.0,0.0,0.0,22.12,0.28,0.0
20231010:2010,0.0,0.0,0.0,21.6,0.48,0.0
20231010:2110,0.0,0.0,0.0,20.68,0.48,0.0
20231010:2210,0.0,0.0,0.0,19.92,0.21,0.0
20231010:2310,0.0,0.0,0.0,19.05,0.69,0.0
20231011:0010,0.0,0.0,0.0,17.58,1.1,0.0
20231011:0110,0.0,0.0,0.0,14.86,1.59,0.0
20231011:0210,0.0,0.0,0.0,13.82,1.45,0.0
20231011:0310,0.0,0.0,0.0,14.34,1.52,0.0
20231011:0410,0.0,0.0,0.0,14.39,1.59,0.0
20231011:0510,0.0,0.0,0.0,14.27,1.66,0.0
20231011:0610,17.73,31.24,5.3,14.22,1.66,0.0
20231011:0710,176.85,211.92,15.04,15.03,1.31,0.0
20231011:0810,385.78,421.58,23.77,17.41,0.9,0.0
20231011:0910,541.76,599.4,30.88,19.78,0.28,0.0
20231011:1010,635.24,714.85,35.63,21.24,0.34,0.0
20231011:1110,644.22,724.72,37.32,22.26,0.76,0.0
20231011:1210,677.86,763.75,35.65,22.85,1.03,0.0
20231011:1310,635.79,710.6,30.91,23.27,1.24,0.0
20231011:1410,508.15,560.73,23.81,23.42,1.45,0.0
20231011:1510,301.42,336.84,15.08,23.05,1.52,0.0
20231011:1610,59.63,84.73,5.35,22.27,1.24,0.0
20231011:1710,0.0,0.0,0.0,21.01,0.9,0.0
20231011:1810,0.0,0.0,0.0,20.87,0.34,0.0
20231011:1910,0.0,0.0,0.0,18.34,1.59,0.0
20231011:2010,0.0,0.0,0.0,17.42,1.66,0.0
20231011:2110,0.0,0.0,0.0,16.72,1.66,0.0
20231011:2210,0.0,0.0,0.0,16.08,1.52,0.0
20231011:2310,0.0,0.0,0.0,15.81,1.45,0.0
20231012:0010,0.0,0.0,0.0,15.47,1.38,0.0
20231012:0110,0.0,0.0,0.0,15.52,1.1,0.0
20231012:0210,0.0,0.0,0.0,15.55,1.24,0.0
20231012:0310,0.0,0.0,0.0,15.26,1.31,0.0
20231012:0410,0.0,0.0,0.0,14.99,1.38,0.0
20231012:0510,0.0,0.0,0.0,15.27,1.38,0.0
20231012:0610,13.04,25.56,5.06,15.23,1.17,0.0
20231012:0710,93.2,115.1,14.78,16.79,1.17,0.0
20231012:0810,220.45,246.35,23.48,18.44,0.97,0.0
20231012:0910,393.56,433.56,30.56,19.71,0.07,0.0
20231012:1010,633.58,709.48,35.28,20.85,0.48,0.0
20231012:1110,576.55,641.67,36.94,21.81,0.83,0.0
20231012:1210,422.67,466.64,35.26,22.39,1.03,0.0
20231012:1310,496.19,549.97,30.54,22.91,0.9,0.0
20231012:1410,376.38,416.32,23.46,23.14,0.9,0.0
20231012:1510,193.67,222.64,14.75,23.01,0.9,0.0
20231012:1610,26.39,44.15,5.03,22.25,0.69,0.0
20231012:1710,0.0,0.0,0.0,21.35,0.34,0.0
20231012:1810,0.0,0.0,0.0,18.71,1.31,0.0
20231012:1910,0.0,0.0,0.0,17.13,1.66,0.0
20231012:2010,0.0,0.0,0.0,16.35,1.52,0.0
20231012:2110,0.0,0.0,0.0,15.72,1.52,0.0
20231012:2210,0.0,0.0,0.0,15.35,1.45,0.0
20231012:2310,0.0,0.0,0.0,15.4,1.31,0.0
20231013:0010,0.0,0.0,0.0,14.77,1.24,0.0
20231013:0110,0.0,0.0,0.0,14.56,1.24,0.0
20231013:0210,0.0,0.0,0.0,14.88,1.24,0.0
20231013:0310,0.0,0.0,0.0,14.96,1.38,0.0
20231013:0410,0.0,0.0,0.0,15.03,1.38,0.0
20231013:0510,0.0,0.0,0.0,15.1,1.45,0.0
20231013:0610,7.32,17.99,4.83,15.29,1.59,0.0
20231013:0710,84.03,104.86,14.53,15.92,1.03,0.0
20231013:0810,197.46,222.01,23.2,17.76,0.69,0.0
20231013:0910,487.85,534.91,30.24,19.16,0.41,0.0
20231013:1010,528.83,586.11,34.92,20.06,0.21,0.0
20231013:1110,329.64,365.26,36.57,20.95,0.41,0.0
20231013:1210,131.66,156.27,34.89,21.24,0.62,0.0
20231013:1310,40.04,58.24,30.17,21.46,0.9,0.0
20231013:1410,70.99,92.21,23.11,21.8,1.1,0.0
20231013:1510,240.55,270.75,14.42,21.46,0.9,0.0
20231013:1610,52.48,76.68,4.71,20.89,0.28,0.0
20231013:1710,0.0,0.0,0.0,19.84,0.69,0.0
20231013:1810,0.0,0.0,0.0,18.45,1.24,0.0
20231013:1910,0.0,0.0,0.0,17.82,1.31,0.0
20231013:2010,0.0,0.0,0.0,17.85,1.03,0.0
20231013:2110,0.0,0.0,0.0,17.91,0.97,0.0
20231013:2210,0.0,0.0,0.0,18.09,0.83,0.0
20231013:2310,0.0,0.0,0.0,17.45,0.97,0.0
20231014:0010,0.0,0.0,0.0,17.19,0.83,0.0
20231014:0110,0.0,0.0,0.0,17.66,0.48,0.0
20231014:0210,0.0,0.0,0.0,17.48,0.28,0.0
20231014:0310,0.0,0.0,0.0,17.35,0.07,0.0
20231014:0410,0.0,0.0,0.0,17.25,0.14,0.0
20231014:0510,0.0,0.0,0.0,17.16,0.07,0.0
20231014:0610,7.91,18.93,4.59,17.1,0.14,0.0
20231014:0710,56.37,74.96,14.27,16.34,0.14,0.0
20231014:0810,326.2,360.12,22.91,17.68,0.14,0.0
20231014:0910,373.75,409.66,29.92,18.72,0.07,0.0
20231014:1010,531.81,589.6,34.57,19.69,0.07,0.0
20231014:1110,356.77,393.58,36.19,20.22,0.28,0.0
20231014:1210,426.69,471.85,34.51,20.56,0.07,0.0
20231014:1310,455.15,501.33,29.81,21.13,0.48,0.0
20231014:1410,407.6,446.59,22.76,21.25,0.83,0.0
20231014:1510,298.38,333.78,14.1,21.03,0.34,0.0
20231014:1610,42.54,64.72,4.4,20.5,0.55,0.0
20231014:1710,0.0,0.0,0.0,19.37,1.31,0.0
20231014:1810,0.0,0.0,0.0,17.94,1.59,0.0
20231014:1910,0.0,0.0,0.0,16.69,1.59,0.0
20231014:2010,0.0,0.0,0.0,15.62,1.66,0.0
20231014:2110,0.0,0.0,0.0,14.8,1.66,0.0
20231014:2210,0.0,0.0,0.0,13.98,1.79,0.0
20231014:2310,0.0,0.0,0.0,13.42,1.79,0.0
20231015:0010,0.0,0.0,0.0,12.92,1.86,0.0
20231015:0110,0.0,0.0,0.0,12.67,2.07,0.0
20231015:0210,0.0,0.0,0.0,12.61,2.28,0.0
20231015:0310,0.0,0.0,0.0,12.74,2.48,0.0
20231015:0410,0.0,0.0,0.0,13.05,2.76,0.0
20231015:0510,0.0,0.0,0.0,13.2,2.97,0.0
20231015:0610,12.43,24.61,4.35,13.42,3.17,0.0
20231015:0710,156.87,187.67,14.01,14.67,2.97,0.0
20231015:0810,139.41,160.35,22.63,16.98,3.38,0.0
20231015:0910,460.4,485.87,29.6,18.31,4.9,0.0
20231015:1010,545.44,575.12,34.22,19.22,5.52,0.0
20231015:1110,658.89,695.48,35.82,19.61,6.0,0.0
20231015:1210,700.73,743.11,34.13,19.79,5.45,0.0
20231015:1310,621.93,658.39,29.45,19.65,4.9,0.0
20231015:1410,302.04,325.26,22.42,19.62,4.48,0.0
20231015:1510,102.94,124.13,13.77,19.11,4.14,0.0
20231015:1610,4.86,14.56,4.09,18.24,3.31,0.0
20231015:1710,0.0,0.0,0.0,16.87,2.76,0.0
20231015:1810,0.0,0.0,0.0,15.15,2.76,0.0
20231015:1910,0.0,0.0,0.0,15.92,3.38,0.0
20231015:2010,0.0,0.0,0.0,14.82,2.55,0.0
20231015:2110,0.0,0.0,0.0,13.29,2.14,0.0
20231015:2210,0.0,0.0,0.0,11.7,1.72,0.0
20231015:2310,0.0,0.0,0.0,11.49,1.38,0.0
20231016:0010,0.0,0.0,0.0,11.89,0.97,0.0
20231016:0110,0.0,0.0,0.0,11.63,1.24,0.0
20231016:0210,0.0,0.0,0.0,11.92,1.24,0.0
20231016:0310,0.0,0.0,0.0,12.6,1.66,0.0
20231016:0410,0.0,0.0,0.0,12.66,1.86,0.0
20231016:0510,0.0,0.0,0.0,12.66,1.72,0.0
20231016:0610,2.98,11.36,4.11,12.57,1.59,0.0
20231016:0710,17.76,31.06,13.75,12.35,1.66,0.0
20231016:0810,120.92,139.39,22.34,12.54,1.45,0.0
20231016:0910,121.2,139.77,29.28,12.88,1.72,0.0
20231016:1010,374.62,394.71,33.87,13.42,1.79,0.0
20231016:1110,608.17,643.02,35.45,13.71,1.72,0.0
20231016:1210,609.76,649.57,33.76,14.3,1.31,0.0
20231016:1310,407.5,432.14,29.09,14.42,0.97,0.0
20231016:1410,309.16,330.77,22.08,14.65,0.69,0.0
20231016:1510,166.19,186.95,13.45,14.42,0.48,0.0
20231016:1610,18.95,34.29,3.78,14.11,0.41,0.0
20231016:1710,0.0,0.0,0.0,13.66,0.48,0.0
20231016:1810,0.0,0.0,0.0,13.27,0.48,0.0
20231016:1910,0.0,0.0,0.0,11.29,1.17,0.0
20231016:2010,0.0,0.0,0.0,11.14,1.03,0.0
20231016:2110,0.0,0.0,0.0,11.19,0.97,0.0
20231016:2210,0.0,0.0,0.0,11.07,0.97,0.0
20231016:2310,0.0,0.0,0.0,11.24,0.9,0.0
20231017:0010,0.0,0.0,0.0,11.03,1.03,0.0
20231017:0110,0.0,0.0,0.0,10.84,1.1,0.0
20231017:0210,0.0,0.0,0.0,9.62,1.38,0.0
20231017:0310,0.0,0.0,0.0,8.68,1.66,0.0
20231017:0410,0.0,0.0,0.0,8.34,1.59,0.0
20231017:0510,0.0,0.0,0.0,7.9,1.59,0.0
20231017:0610,10.56,21.77,3.87,7.7,1.45,0.0
20231017:0710,175.5,209.52,13.49,9.84,1.24,0.0
20231017:0810,342.81,367.33,22.05,12.53,0.83,0.0
20231017:0910,523.99,561.17,28.96,13.76,0.34,0.0
20231017:1010,646.91,703.1,33.52,14.43,0.34,0.0
20231017:1110,685.35,746.75,35.08,15.15,0.69,0.0
20231017:1210,549.58,592.44,33.39,15.67,0.62,0.0
20231017:1310,278.8,302.21,28.73,15.75,0.55,0.0
20231017:1410,230.06,251.74,21.75,15.74,0.55,0.0
20231017:1510,133.36,154.1,13.14,15.47,0.83,0.0
20231017:1610,22.47,39.26,3.48,14.79,1.1,0.0
20231017:1710,0.0,0.0,0.0,13.34,1.1,0.0
20231017:1810,0.0,0.0,0.0,13.5,0.21,0.0
20231017:1910,0.0,0.0,0.0,10.91,1.45,0.0
20231017:2010,0.0,0.0,0.0,10.34,1.45,0.0
20231017:2110,0.0,0.0,0.0,9.97,1.45,0.0
20231017:2210,0.0,0.0,0.0,9.76,1.45,0.0
20231017:2310,0.0,0.0,0.0,9.69,1.38,0.0
20231018:0010,0.0,0.0,0.0,9.56,1.45,0.0
20231018:0110,0.0,0.0,0.0,9.55,1.38,0.0
20231018:0210,0.0,0.0,0.0,9.89,1.24,0.0
20231018:0310,0.0,0.0,0.0,10.43,1.1,0.0
20231018:0410,0.0,0.0,0.0,10.83,0.97,0.0
20231018:0510,0.0,0.0,0.0,10.98,0.97,0.0
20231018:0610,8.93,19.88,3.63,10.7,1.1,0.0
20231018:0710,50.47,67.25,13.23,11.47,0.9,0.0
20231018:0810,29.49,44.65,21.76,12.64,0.55,0.0
20231018:0910,25.13,39.8,28.64,13.1,0.55,0.0
20231018:1010,70.29,88.33,33.17,13.15,0.62,0.0
20231018:1110,59.06,76.68,34.72,13.22,0.34,0.0
20231018:1210,35.54,51.44,33.03,12.98,0.21,0.0
20231018:1310,85.56,103.86,28.38,12.64,0.48,0.0
20231018:1410,42.79,59.21,21.41,12.49,0.34,0.0
20231018:1510,15.33,28.15,12.82,12.36,0.28,0.0
20231018:1610,0.07,5.82,3.18,12.24,0.34,0.0
20231018:1710,0.0,0.0,0.0,12.13,0.48,0.0
20231018:1810,0.0,0.0,0.0,11.99,0.62,0.0
20231018:1910,0.0,0.0,0.0,11.56,0.28,0.0
20231018:2010,0.0,0.0,0.0,11.56,0.21,0.0
20231018:2110,0.0,0.0,0.0,11.74,0.07,0.0
20231018:2210,0.0,0.0,0.0,11.62,0.07,0.0
20231018:2310,0.0,0.0,0.0,11.63,0.55,0.0
20231019:0010,0.0,0.0,0.0,11.55,0.55,0.0
20231019:0110,0.0,0.0,0.0,11.58,0.41,0.0
20231019:0210,0.0,0.0,0.0,11.67,0.41,0.0
20231019:0310,0.0,0.0,0.0,11.56,0.28,0.0
20231019:0410,0.0,0.0,0.0,11.53,0.14,0.0
20231019:0510,0.0,0.0,0.0,11.49,0.34,0.0
20231019:0610,1.37,8.52,3.39,11.42,0.34,0.0
20231019:0710,43.85,60.18,12.97,11.72,0.14,0.0
20231019:0810,76.21,94.15,21.48,12.17,0.14,0.0
20231019:0910,40.99,57.27,28.32,12.42,0.21,0.0
20231019:1010,71.37,89.3,32.82,12.59,0.28,0.0
20231019:1110,66.67,84.44,34.35,12.76,0.55,0.0
20231019:1210,50.89,67.94,32.66,12.88,0.48,0.0
20231019:1310,26.88,41.74,28.03,12.82,0.69,0.0
20231019:1410,31.19,46.59,21.08,12.87,0.62,0.0
20231019:1510,19.33,33.0,12.51,12.79,0.48,0.0
20231019:1610,0.0,3.88,2.89,12.68,0.48,0.0
20231019:1710,0.0,0.0,0.0,12.58,0.28,0.0
20231019:1810,0.0,0.0,0.0,12.58,0.21,0.0
20231019:1910,0.0,0.0,0.0,12.33,0.55,0.0
20231019:2010,0.0,0.0,0.0,12.42,0.34,0.0
20231019:2110,0.0,0.0,0.0,12.53,0.28,0.0
20231019:2210,0.0,0.0,0.0,12.7,0.55,0.0
20231019:2310,0.0,0.0,0.0,12.88,1.24,0.0
20231020:0010,0.0,0.0,0.0,13.06,1.31,0.0
20231020:0110,0.0,0.0,0.0,13.5,0.07,0.0
20231020:0210,0.0,0.0,0.0,13.17,0.69,0.0
20231020:0310,0.0,0.0,0.0,13.16,0.34,0.0
20231020:0410,0.0,0.0,0.0,13.25,1.38,0.0
20231020:0510,0.0,0.0,0.0,13.44,2.21,0.0
20231020:0610,0.0,1.89,3.15,14.0,3.45,0.0
20231020:0710,26.65,41.74,12.71,14.99,5.38,0.0
20231020:0810,30.86,46.59,21.19,15.57,6.0,0.0
20231020:0910,65.16,83.47,28.01,15.77,6.0,0.0
20231020:1010,54.94,72.8,32.48,15.87,5.38,0.0
20231020:1110,44.83,62.12,33.99,16.28,4.62,0.0
20231020:1210,35.06,51.44,32.3,16.35,4.48,0.0
20231020:1310,40.29,57.27,27.68,16.46,3.1,0.0
20231020:1410,14.21,27.18,20.76,16.81,2.55,0.0
20231020:1510,14.99,28.15,12.21,16.7,2.48,0.0
20231020:1610,0.0,1.94,2.6,16.09,2.34,0.0
20231020:1710,0.0,0.0,0.0,14.9,2.14,0.0
20231020:1810,0.0,0.0,0.0,14.47,2.07,0.0
20231020:1910,0.0,0.0,0.0,13.73,1.72,0.0
20231020:2010,0.0,0.0,0.0,13.82,1.86,0.0
20231020:2110,0.0,0.0,0.0,13.94,1.79,0.0
20231020:2210,0.0,0.0,0.0,14.14,2.0,0.0
20231020:2310,0.0,0.0,0.0,14.17,2.07,0.0
20231021:0010,0.0,0.0,0.0,14.0,2.07,0.0
20231021:0110,0.0,0.0,0.0,13.95,2.14,0.0
20231021:0210,0.0,0.0,0.0,13.84,2.0,0.0
20231021:0310,0.0,0.0,0.0,13.86,1.93,0.0
20231021:0410,0.0,0.0,0.0,13.78,1.93,0.0
20231021:0510,0.0,0.0,0.0,13.85,1.93,0.0
20231021:0610,0.0,5.68,2.91,13.79,2.14,0.0
20231021:0710,67.24,86.49,12.45,14.08,1.17,0.0
20231021:0810,171.6,193.2,20.9,15.63,1.24,0.0
20231021:0910,198.4,219.72,27.69,16.23,1.93,0.0
20231021:1010,296.03,318.53,32.13,16.55,2.28,0.0
20231021:1110,73.73,93.18,33.63,17.25,2.55,0.0
20231021:1210,133.67,154.33,31.95,16.49,2.76,0.0
20231021:1310,102.86,123.27,27.34,17.18,2.83,0.0
20231021:1410,49.16,66.97,20.44,16.67,2.48,0.0
20231021:1510,14.26,27.18,11.9,16.01,1.66,0.0
20231021:1610,0.0,2.91,2.31,15.02,1.17,0.0
20231021:1710,0.0,0.0,0.0,13.81,1.52,0.0
20231021:1810,0.0,0.0,0.0,13.95,1.24,0.0
20231021:1910,0.0,0.0,0.0,13.47,1.1,0.0
20231021:2010,0.0,0.0,0.0,13.17,1.24,0.0
20231021:2110,0.0,0.0,0.0,12.99,1.24,0.0
20231021:2210,0.0,0.0,0.0,12.91,1.03,0.0
20231021:2310,0.0,0.0,0.0,12.62,0.97,0.0
20231022:0010,0.0,0.0,0.0,12.49,0.9,0.0
20231022:0110,0.0,0.0,0.0,13.07,0.41,0.0
20231022:0210,0.0,0.0,0.0,13.14,0.34,0.0
20231022:0310,0.0,0.0,0.0,12.43,0.83,0.0
20231022:0410,0.0,0.0,0.0,12.92,0.62,0.0
20231022:0510,0.0,0.0,0.0,12.74,0.48,0.0
20231022:0610,4.22,13.25,2.66,10.92,1.31,0.0
20231022:0710,141.47,171.94,12.19,10.34,0.97,0.0
20231022:0810,307.63,332.97,20.62,13.92,0.97,0.0
20231022:0910,303.29,326.35,27.37,14.99,0.76,0.0
20231022:1010,330.93,356.66,31.79,16.06,0.76,0.0
20231022:1110,366.01,394.44,33.28,16.49,0.69,0.0
20231022:1210,484.07,522.58,31.59,16.98,0.62,0.0
20231022:1310,482.01,517.11,27.0,17.08,1.03,0.0
20231022:1410,391.72,419.48,20.12,17.26,1.31,0.0
20231022:1510,241.93,268.41,11.6,16.99,0.83,0.0
20231022:1610,0.0,4.85,2.03,16.27,0.41,0.0
20231022:1710,0.0,0.0,0.0,14.97,0.97,0.0
20231022:1810,0.0,0.0,0.0,14.23,1.38,0.0
20231022:1910,0.0,0.0,0.0,13.78,1.17,0.0
20231022:2010,0.0,0.0,0.0,13.28,1.24,0.0
20231022:2110,0.0,0.0,0.0,12.57,1.38,0.0
20231022:2210,0.0,0.0,0.0,12.08,1.52,0.0
20231022:2310,0.0,0.0,0.0,11.61,1.66,0.0
20231023:0010,0.0,0.0,0.0,11.56,1.66,0.0
20231023:0110,0.0,0.0,0.0,11.54,1.59,0.0
20231023:0210,0.0,0.0,0.0,11.29,1.72,0.0
20231023:0310,0.0,0.0,0.0,11.5,1.59,0.0
20231023:0410,0.0,0.0,0.0,11.49,1.66,0.0
20231023:0510,0.0,0.0,0.0,11.47,1.66,0.0
20231023:0610,0.88,7.57,2.42,11.25,1.72,0.0
20231023:0710,53.44,70.98,11.93,12.25,1.1,0.0
20231023:0810,75.53,94.15,20.33,14.32,0.83,0.0
20231023:0910,178.3,199.19,27.06,15.13,0.9,0.0
20231023:1010,43.88,61.15,31.45,15.92,1.17,0.0
20231023:1110,35.85,52.41,32.93,16.3,1.17,0.0
20231023:1210,60.03,78.62,31.24,16.36,0.97,0.0
20231023:1310,56.37,74.74,26.67,16.33,0.69,0.0
20231023:1410,21.4,35.91,19.8,16.24,0.14,0.0
20231023:1510,12.73,25.24,11.31,15.95,0.69,0.0
20231023:1610,0.0,0.97,1.75,15.34,1.24,0.0
20231023:1710,0.0,0.0,0.0,14.94,1.52,0.0
20231023:1810,0.0,0.0,0.0,14.51,1.59,0.0
20231023:1910,0.0,0.0,0.0,13.89,1.38,0.0
20231023:2010,0.0,0.0,0.0,13.93,1.52,0.0
20231023:2110,0.0,0.0,0.0,13.72,1.31,0.0
20231023:2210,0.0,0.0,0.0,13.57,1.38,0.0
20231023:2310,0.0,0.0,0.0,13.32,1.24,0.0
20231024:0010,0.0,0.0,0.0,13.35,1.1,0.0
20231024:0110,0.0,0.0,0.0,13.19,1.1,0.0
20231024:0210,0.0,0.0,0.0,13.04,1.38,0.0
20231024:0310,0.0,0.0,0.0,12.82,1.1,0.0
20231024:0410,0.0,0.0,0.0,12.72,1.38,0.0
20231024:0510,0.0,0.0,0.0,12.6,1.38,0.0
20231024:0610,0.0,1.89,2.18,12.7,1.24,0.0
20231024:0710,6.38,16.5,11.67,12.66,1.03,0.0
20231024:0810,16.89,30.09,20.04,12.87,0.97,0.0
20231024:0910,29.43,44.65,26.75,13.07,0.9,0.0
20231024:1010,58.24,75.71,31.12,13.12,1.03,0.0
20231024:1110,63.89,81.53,32.57,12.92,1.1,0.0
20231024:1210,62.9,80.56,30.89,13.14,1.24,0.0
20231024:1310,36.36,52.41,26.34,13.46,0.69,0.0
20231024:1410,56.2,73.77,19.49,13.62,0.55,0.0
20231024:1510,25.91,40.77,11.02,13.65,0.48,0.0
20231024:1610,0.0,0.97,1.47,13.47,0.21,0.0
20231024:1710,0.0,0.0,0.0,13.29,0.69,0.0
20231024:1810,0.0,0.0,0.0,12.97,0.69,0.0
20231024:1910,0.0,0.0,0.0,11.9,1.45,0.0
20231024:2010,0.0,0.0,0.0,11.36,1.1,0.0
20231024:2110,0.0,0.0,0.0,10.72,1.17,0.0
20231024:2210,0.0,0.0,0.0,9.75,1.59,0.0
20231024:2310,0.0,0.0,0.0,9.42,1.59,0.0
20231025:0010,0.0,0.0,0.0,9.28,1.45,0.0
20231025:0110,0.0,0.0,0.0,8.64,1.79,0.0
20231025:0210,0.0,0.0,0.0,8.33,1.72,0.0
20231025:0310,0.0,0.0,0.0,7.93,1.66,0.0
20231025:0410,0.0,0.0,0.0,7.8,1.59,0.0
20231025:0510,0.0,0.0,0.0,8.44,1.66,0.0
20231025:0610,0.0,4.73,1.94,8.66,1.86,0.0
20231025:0710,97.65,120.67,11.41,10.25,0.97,0.0
20231025:0810,52.06,68.91,19.76,11.95,0.62,0.0
20231025:0910,55.42,72.8,26.43,13.01,0.21,0.0
20231025:1010,72.51,91.24,30.78,14.5,0.0,0.0
20231025:1110,164.45,185.77,32.23,15.42,0.62,0.0
20231025:1210,333.17,357.93,30.55,16.26,1.1,0.0
20231025:1310,484.23,515.58,26.01,16.5,1.45,0.0
20231025:1410,149.42,169.76,19.19,16.07,1.59,0.0
20231025:1510,41.1,58.11,10.73,15.79,1.24,0.0
20231025:1610,0.0,0.0,0.0,15.27,0.34,0.0
20231025:1710,0.0,0.0,0.0,14.14,0.76,0.0
20231025:1810,0.0,0.0,0.0,13.15,1.38,0.0
20231025:1910,0.0,0.0,0.0,12.88,1.38,0.0
20231025:2010,0.0,0.0,0.0,12.5,1.52,0.0
20231025:2110,0.0,0.0,0.0,12.5,1.45,0.0
20231025:2210,0.0,0.0,0.0,12.36,1.52,0.0
20231025:2310,0.0,0.0,0.0,12.34,1.45,0.0
20231026:0010,0.0,0.0,0.0,12.19,1.38,0.0
20231026:0110,0.0,0.0,0.0,11.99,1.17,0.0
20231026:0210,0.0,0.0,0.0,11.1,1.45,0.0
20231026:0310,0.0,0.0,0.0,11.07,1.38,0.0
20231026:0410,0.0,0.0,0.0,10.83,1.38,0.0
20231026:0510,0.0,0.0,0.0,10.47,1.38,0.0
20231026:0610,0.0,0.95,1.7,10.14,1.38,0.0
20231026:0710,65.45,84.06,11.15,10.49,0.97,0.0
20231026:0810,142.3,161.78,19.48,12.99,0.69,0.0
20231026:0910,137.01,156.98,26.12,14.4,0.76,0.0
20231026:1010,105.24,125.21,30.45,15.1,0.41,0.0
20231026:1110,53.02,70.86,31.88,15.1,0.21,0.0
20231026:1210,87.19,106.77,30.21,15.26,0.14,0.0
20231026:1310,20.68,34.94,25.68,15.38,0.28,0.0
20231026:1410,36.86,53.38,18.88,15.49,0.76,0.0
20231026:1510,40.37,57.2,10.45,15.15,0.62,0.0
20231026:1610,0.0,0.0,0.0,14.59,0.21,0.0
20231026:1710,0.0,0.0,0.0,13.96,1.03,0.0
20231026:1810,0.0,0.0,0.0,13.48,1.45,0.0
20231026:1910,0.0,0.0,0.0,13.28,1.31,0.0
20231026:2010,0.0,0.0,0.0,13.38,0.48,0.0
20231026:2110,0.0,0.0,0.0,13.19,0.62,0.0
20231026:2210,0.0,0.0,0.0,13.21,1.1,0.0
20231026:2310,0.0,0.0,0.0,13.16,1.17,0.0
20231027:0010,0.0,0.0,0.0,13.21,1.24,0.0
20231027:0110,0.0,0.0,0.0,13.27,1.38,0.0
20231027:0210,0.0,0.0,0.0,13.24,1.31,0.0
20231027:0310,0.0,0.0,0.0,13.18,1.24,0.0
20231027:0410,0.0,0.0,0.0,12.85,1.24,0.0
20231027:0510,0.0,0.0,0.0,12.39,1.72,0.0
20231027:0610,0.0,4.73,1.45,11.73,1.86,0.0
20231027:0710,143.7,180.6,10.89,11.35,1.31,0.0
20231027:0810,360.27,389.39,19.19,13.74,1.38,0.0
20231027:0910,536.07,569.78,25.81,15.57,1.79,0.0
20231027:1010,646.87,694.61,30.12,17.12,1.93,0.0
20231027:1110,682.8,739.33,31.54,18.47,2.07,0.0
20231027:1210,683.52,746.15,29.87,19.36,1.79,0.0
20231027:1310,598.53,650.28,25.36,19.77,1.66,0.0
20231027:1410,407.61,440.27,18.59,19.7,1.72,0.0
20231027:1510,262.35,293.33,10.17,19.0,1.24,0.0
20231027:1610,0.0,0.0,0.0,17.19,1.66,0.0
20231027:1710,0.0,0.0,0.0,14.87,1.93,0.0
20231027:1810,0.0,0.0,0.0,13.1,2.07,0.0
20231027:1910,0.0,0.0,0.0,11.83,2.07,0.0
20231027:2010,0.0,0.0,0.0,10.95,1.93,0.0
20231027:2110,0.0,0.0,0.0,10.63,1.86,0.0
20231027:2210,0.0,0.0,0.0,10.27,1.93,0.0
20231027:2310,0.0,0.0,0.0,9.71,2.07,0.0
20231028:0010,0.0,0.0,0.0,9.28,2.0,0.0
20231028:0110,0.0,0.0,0.0,8.75,2.0,0.0
20231028:0210,0.0,0.0,0.0,8.59,2.14,0.0
20231028:0310,0.0,0.0,0.0,8.35,2.0,0.0
20231028:0410,0.0,0.0,0.0,7.94,1.72,0.0
20231028:0510,0.0,0.0,0.0,7.68,1.52,0.0
20231028:0610,0.0,0.0,0.0,7.8,1.45,0.0
20231028:0710,146.86,181.81,10.63,7.45,1.66,0.0
20231028:0810,356.73,382.59,18.91,11.84,1.31,0.0
20231028:0910,328.7,350.99,25.51,14.35,0.97,0.0
20231028:1010,509.27,542.35,29.79,15.45,1.24,0.0
20231028:1110,658.98,708.91,31.2,16.12,1.52,0.0
20231028:1210,440.58,469.55,29.54,16.45,1.45,0.0
20231028:1310,473.98,506.92,25.05,16.71,1.1,0.0
20231028:1410,452.88,484.52,18.29,16.78,1.24,0.0
20231028:1510,235.32,261.69,9.9,16.36,1.1,0.0
20231028:1610,0.0,0.0,0.0,15.32,0.62,0.0
20231028:1710,0.0,0.0,0.0,14.61,0.83,0.0
20231028:1810,0.0,0.0,0.0,14.05,0.83,0.0
20231028:1910,0.0,0.0,0.0,11.07,2.0,0.0
20231028:2010,0.0,0.0,0.0,10.82,1.93,0.0
20231028:2110,0.0,0.0,0.0,10.75,1.86,0.0
20231028:2210,0.0,0.0,0.0,10.86,1.79,0.0
20231028:2310,0.0,0.0,0.0,10.87,1.86,0.0
20231029:0010,0.0,0.0,0.0,11.31,1.86,0.0
20231029:0110,0.0,0.0,0.0,11.74,1.86,0.0
20231029:0210,0.0,0.0,0.0,12.0,1.79,0.0
20231029:0310,0.0,0.0,0.0,12.13,1.79,0.0
20231029:0410,0.0,0.0,0.0,12.27,1.93,0.0
20231029:0510,0.0,0.0,0.0,12.19,2.0,0.0
20231029:0610,0.0,0.0,0.0,11.97,2.14,0.0
20231029:0710,4.42,13.59,10.37,11.83,1.45,0.0
20231029:0810,25.24,39.8,18.63,12.5,1.52,0.0
20231029:0910,20.97,34.94,25.2,13.01,1.31,0.0
20231029:1010,91.12,109.68,29.46,13.5,1.66,0.0
20231029:1110,154.0,173.22,30.87,13.87,1.93,0.0
20231029:1210,61.67,79.59,29.21,14.37,2.21,0.0
20231029:1310,60.65,78.62,24.74,14.68,2.21,0.0
20231029:1410,20.82,34.94,18.0,14.36,1.72,0.0
20231029:1510,9.86,21.35,9.63,14.25,1.93,0.0
20231029:1610,0.0,0.0,0.0,13.91,2.07,0.0
20231029:1710,0.0,0.0,0.0,13.76,2.34,0.0
20231029:1810,0.0,0.0,0.0,13.66,2.34,0.0
20231029:1910,0.0,0.0,0.0,12.91,1.24,0.0
20231029:2010,0.0,0.0,0.0,12.91,1.31,0.0
20231029:2110,0.0,0.0,0.0,13.01,1.31,0.0
20231029:2210,0.0,0.0,0.0,12.92,1.17,0.0
20231029:2310,0.0,0.0,0.0,13.12,1.31,0.0
20231030:0010,0.0,0.0,0.0,13.22,1.24,0.0
20231030:0110,0.0,0.0,0.0,13.25,1.31,0.0
20231030:0210,0.0,0.0,0.0,13.18,1.31,0.0
20231030:0310,0.0,0.0,0.0,13.14,1.24,0.0
20231030:0410,0.0,0.0,0.0,13.05,1.17,0.0
20231030:0510,0.0,0.0,0.0,12.95,1.17,0.0
20231030:0610,0.0,0.0,0.0,13.15,1.38,0.0
20231030:0710,5.69,15.53,10.11,12.99,0.69,0.0
20231030:0810,11.36,23.29,18.35,13.83,0.9,0.0
20231030:0910,20.01,33.97,24.9,14.13,0.76,0.0
20231030:1010,25.81,40.77,29.14,14.37,0.62,0.0
20231030:1110,27.52,42.71,30.54,14.39,0.97,0.0
20231030:1210,28.39,43.68,28.89,14.32,1.1,0.0
20231030:1310,27.51,42.71,24.43,14.38,0.76,0.0
20231030:1410,31.81,47.56,17.72,14.45,0.97,0.0
20231030:1510,7.69,18.44,9.36,14.47,0.9,0.0
20231030:1610,0.0,0.0,0.0,14.26,0.69,0.0
20231030:1710,0.0,0.0,0.0,14.15,0.48,0.0
20231030:1810,0.0,0.0,0.0,14.39,1.72,0.0
20231030:1910,0.0,0.0,0.0,14.67,3.93,0.0
20231030:2010,0.0,0.0,0.0,14.66,3.24,0.0
20231030:2110,0.0,0.0,0.0,14.57,2.83,0.0
20231030:2210,0.0,0.0,0.0,13.9,2.0,0.0
20231030:2310,0.0,0.0,0.0,13.39,1.31,0.0
20231031:0010,0.0,0.0,0.0,13.03,0.14,0.0
20231031:0110,0.0,0.0,0.0,12.16,0.97,0.0
20231031:0210,0.0,0.0,0.0,11.81,1.45,0.0
20231031:0310,0.0,0.0,0.0,12.43,2.21,0.0
20231031:0410,0.0,0.0,0.0,12.44,2.55,0.0
20231031:0510,0.0,0.0,0.0,12.18,2.28,0.0
20231031:0610,0.0,0.0,0.0,11.98,2.28,0.0
20231031:0710,35.17,50.99,9.85,11.97,2.83,0.0
20231031:0810,80.03,97.62,18.07,11.81,2.21,0.0
20231031:0910,292.06,309.87,24.6,13.03,1.93,0.0
20231031:1010,613.63,649.78,28.82,14.51,1.79,0.0
20231031:1110,690.03,738.45,30.21,15.92,2.0,0.0
20231031:1210,689.65,742.05,28.57,16.86,1.93,0.0
20231031:1310,597.99,641.18,24.13,17.18,1.66,0.0
20231031:1410,321.44,346.2,17.44,17.21,1.24,0.0
20231031:1510,230.01,257.69,9.11,16.75,0.83,0.0
20231031:1610,0.0,0.0,0.0,15.34,1.24,0.0
20231031:1710,0.0,0.0,0.0,13.05,1.79,0.0
20231031:1810,0.0,0.0,0.0,11.35,1.93,0.0
20231031:1910,0.0,0.0,0.0,10.44,1.93,0.0
20231031:2010,0.0,0.0,0.0,9.51,2.07,0.0
20231031:2110,0.0,0.0,0.0,9.37,2.34,0.0
20231031:2210,0.0,0.0,0.0,9.45,2.62,0.0
20231031:2310,0.0,0.0,0.0,9.52,2.69,0.0
20231101:0010,0.0,0.0,0.0,9.63,2.76,0.0
20231101:0110,0.0,0.0,0.0,9.21,2.48,0.0
20231101:0210,0.0,0.0,0.0,8.5,2.28,0.0
20231101:0310,0.0,0.0,0.0,7.94,2.28,0.0
20231101:0410,0.0,0.0,0.0,7.37,2.28,0.0
20231101:0510,0.0,0.0,0.0,7.11,2.28,0.0
20231101:0610,0.0,0.0,0.0,6.91,2.14,0.0
20231101:0710,42.68,58.39,9.6,7.49,1.93,0.0
20231101:0810,45.09,61.15,17.79,10.63,1.52,0.0
20231101:0910,182.39,200.71,24.3,12.59,1.24,0.0
20231101:1010,112.16,131.03,28.5,13.24,1.1,0.0
20231101:1110,121.79,140.74,29.89,13.38,1.45,0.0
20231101:1210,87.35,105.8,28.25,13.34,1.45,0.0
20231101:1310,54.52,71.83,23.83,13.33,1.45,0.0
20231101:1410,34.68,50.47,17.16,13.15,1.52,0.0
20231101:1510,5.69,15.53,8.85,12.89,1.17,0.0
20231101:1610,0.0,0.0,0.0,12.28,1.17,0.0
20231101:1710,0.0,0.0,0.0,11.72,1.31,0.0
20231101:1810,0.0,0.0,0.0,11.35,1.38,0.0
20231101:1910,0.0,0.0,0.0,11.0,1.31,0.0
20231101:2010,0.0,0.0,0.0,10.99,1.24,0.0
20231101:2110,0.0,0.0,0.0,10.96,1.17,0.0
20231101:2210,0.0,0.0,0.0,10.92,1.17,0.0
20231101:2310,0.0,0.0,0.0,10.86,1.1,0.0
20231102:0010,0.0,0.0,0.0,10.69,1.17,0.0
20231102:0110,0.0,0.0,0.0,10.56,1.17,0.0
20231102:0210,0.0,0.0,0.0,10.64,1.1,0.0
20231102:0310,0.0,0.0,0.0,10.77,1.31,0.0
20231102:0410,0.0,0.0,0.0,10.71,1.31,0.0
20231102:0510,0.0,0.0,0.0,10.71,1.52,0.0
20231102:0610,0.0,0.0,0.0,10.72,2.0,0.0
20231102:0710,13.9,26.21,9.34,10.61,1.38,0.0
20231102:0810,27.19,41.74,17.51,10.74,1.52,0.0
20231102:0910,27.19,41.74,24.0,10.85,2.07,0.0
20231102:1010,26.33,40.77,28.19,10.84,1.93,0.0
20231102:1110,44.99,61.15,29.57,11.09,1.66,0.0
20231102:1210,28.01,42.71,27.94,11.14,1.59,0.0
20231102:1310,25.39,39.8,23.54,11.3,1.17,0.0
20231102:1410,22.82,36.88,16.89,11.35,0.62,0.0
20231102:1510,12.29,24.27,8.6,11.35,0.9,0.0
20231102:1610,0.0,0.0,0.0,11.3,1.1,0.0
20231102:1710,0.0,0.0,0.0,11.13,0.97,0.0
20231102:1810,0.0,0.0,0.0,11.09,1.24,0.0
20231102:1910,0.0,0.0,0.0,11.19,0.83,0.0
20231102:2010,0.0,0.0,0.0,11.66,0.34,0.0
20231102:2110,0.0,0.0,0.0,11.16,0.76,0.0
20231102:2210,0.0,0.0,0.0,10.88,1.03,0.0
20231102:2310,0.0,0.0,0.0,10.11,1.24,0.0
20231103:0010,0.0,0.0,0.0,9.49,1.66,0.0
20231103:0110,0.0,0.0,0.0,9.13,1.59,0.0
20231103:0210,0.0,0.0,0.0,8.64,1.31,0.0
20231103:0310,0.0,0.0,0.0,8.4,1.24,0.0
20231103:0410,0.0,0.0,0.0,8.53,1.66,0.0
20231103:0510,0.0,0.0,0.0,8.72,2.0,0.0
20231103:0610,0.0,0.0,0.0,8.93,2.07,0.0
20231103:0710,2.64,10.68,9.09,9.02,1.72,0.0
20231103:0810,59.41,75.71,17.24,9.27,1.59,0.0
20231103:0910,104.4,121.33,23.7,9.82,1.52,0.0
20231103:1010,645.39,673.5,27.88,10.87,1.66,0.0
20231103:1110,702.12,742.14,29.25,12.06,1.52,0.0
20231103:1210,708.86,754.04,27.63,13.43,1.59,0.0
20231103:1310,606.01,641.63,23.25,14.26,1.52,0.0
20231103:1410,428.53,452.66,16.62,14.37,1.45,0.0
20231103:1510,273.83,300.68,8.36,13.93,1.31,0.0
20231103:1610,0.0,0.0,0.0,12.58,1.38,0.0
20231103:1710,0.0,0.0,0.0,10.77,1.45,0.0
20231103:1810,0.0,0.0,0.0,9.53,1.59,0.0
20231103:1910,0.0,0.0,0.0,7.98,2.28,0.0
20231103:2010,0.0,0.0,0.0,7.73,2.14,0.0
20231103:2110,0.0,0.0,0.0,7.14,2.21,0.0
20231103:2210,0.0,0.0,0.0,6.63,2.14,0.0
20231103:2310,0.0,0.0,0.0,6.26,2.07,0.0
20231104:0010,0.0,0.0,0.0,5.77,2.21,0.0
20231104:0110,0.0,0.0,0.0,5.25,2.14,0.0
20231104:0210,0.0,0.0,0.0,4.78,2.21,0.0
20231104:0310,0.0,0.0,0.0,4.41,2.21,0.0
20231104:0410,0.0,0.0,0.0,4.0,2.07,0.0
20231104:0510,0.0,0.0,0.0,3.82,1.86,0.0
20231104:0610,0.0,0.0,0.0,3.83,1.79,0.0
20231104:0710,51.86,68.66,8.83,4.39,1.72,0.0
20231104:0810,156.95,172.29,16.97,6.9,1.38,0.0
20231104:0910,75.85,92.21,23.41,8.45,1.1,0.0
20231104:1010,72.61,89.3,27.57,9.65,1.66,0.0
20231104:1110,94.64,111.62,28.94,10.14,2.07,0.0
20231104:1210,81.08,98.03,27.33,10.19,2.0,0.0
20231104:1310,37.94,53.38,22.97,10.13,2.0,0.0
20231104:1410,10.85,22.32,16.36,10.12,1.45,0.0
20231104:1510,8.63,19.41,8.12,9.75,1.38,0.0
20231104:1610,0.0,0.0,0.0,9.44,1.66,0.0
20231104:1710,0.0,0.0,0.0,9.24,1.59,0.0
20231104:1810,0.0,0.0,0.0,9.13,2.0,0.0
20231104:1910,0.0,0.0,0.0,8.33,1.52,0.0
20231104:2010,0.0,0.0,0.0,8.16,1.93,0.0
20231104:2110,0.0,0.0,0.0,8.04,2.34,0.0
20231104:2210,0.0,0.0,0.0,7.94,2.62,0.0
20231104:2310,0.0,0.0,0.0,7.93,2.48,0.0
20231105:0010,0.0,0.0,0.0,7.95,2.41,0.0
20231105:0110,0.0,0.0,0.0,7.95,2.07,0.0
20231105:0210,0.0,0.0,0.0,7.8,1.52,0.0
20231105:0310,0.0,0.0,0.0,7.52,1.31,0.0
20231105:0410,0.0,0.0,0.0,7.02,0.97,0.0
20231105:0510,0.0,0.0,0.0,6.44,0.97,0.0
20231105:0610,0.0,0.0,0.0,6.49,0.69,0.0
20231105:0710,118.63,155.52,8.58,7.52,0.69,0.0
20231105:0810,341.09,364.83,16.7,8.78,0.97,0.0
20231105:0910,525.81,547.77,23.12,10.06,1.24,0.0
20231105:1010,646.32,680.35,27.27,11.09,1.1,0.0
20231105:1110,692.43,743.77,28.63,11.93,0.48,0.0
20231105:1210,684.58,738.47,27.03,12.46,0.34,0.0
20231105:1310,592.08,633.25,22.69,12.83,0.28,0.0
20231105:1410,453.91,479.76,16.11,12.95,0.76,0.0
20231105:1510,222.2,246.11,7.88,12.71,0.9,0.0
20231105:1610,0.0,0.0,0.0,11.78,1.59,0.0
20231105:1710,0.0,0.0,0.0,10.32,2.07,0.0
20231105:1810,0.0,0.0,0.0,9.54,2.21,0.0
20231105:1910,0.0,0.0,0.0,9.19,2.07,0.0
20231105:2010,0.0,0.0,0.0,8.22,2.14,0.0
20231105:2110,0.0,0.0,0.0,7.37,2.14,0.0
20231105:2210,0.0,0.0,0.0,6.77,2.21,0.0
20231105:2310,0.0,0.0,0.0,6.32,2.21,0.0
20231106:0010,0.0,0.0,0.0,5.88,2.07,0.0
20231106:0110,0.0,0.0,0.0,5.65,2.07,0.0
20231106:0210,0.0,0.0,0.0,5.44,2.34,0.0
20231106:0310,0.0,0.0,0.0,5.37,2.69,0.0
20231106:0410,0.0,0.0,0.0,5.18,2.9,0.0
20231106:0510,0.0,0.0,0.0,5.18,2.83,0.0
20231106:0610,0.0,0.0,0.0,5.1,2.41,0.0
20231106:0710,116.35,151.72,8.33,5.66,2.14,0.0
20231106:0810,340.15,359.93,16.43,7.38,1.79,0.0
20231106:0910,522.51,542.65,22.83,9.69,1.38,0.0
20231106:1010,637.17,675.67,26.97,12.26,0.97,0.0
20231106:1110,690.28,739.02,28.33,13.77,1.17,0.0
20231106:1210,679.98,728.48,26.74,14.4,1.24,0.0
20231106:1310,569.72,603.64,22.41,14.57,1.38,0.0
20231106:1410,414.93,438.4,15.86,14.39,1.52,0.0
20231106:1510,82.13,101.72,7.65,13.87,1.38,0.0
20231106:1610,0.0,0.0,0.0,12.85,1.45,0.0
20231106:1710,0.0,0.0,0.0,11.64,1.38,0.0
20231106:1810,0.0,0.0,0.0,10.45,1.59,0.0
20231106:1910,0.0,0.0,0.0,10.52,1.17,0.0
20231106:2010,0.0,0.0,0.0,9.74,1.52,0.0
20231106:2110,0.0,0.0,0.0,9.01,1.66,0.0
20231106:2210,0.0,0.0,0.0,8.52,1.72,0.0
20231106:2310,0.0,0.0,0.0,8.53,1.59,0.0
20231107:0010,0.0,0.0,0.0,9.13,1.24,0.0
20231107:0110,0.0,0.0,0.0,8.42,1.24,0.0
20231107:0210,0.0,0.0,0.0,7.75,1.66,0.0
20231107:0310,0.0,0.0,0.0,7.9,1.52,0.0
20231107:0410,0.0,0.0,0.0,7.88,1.45,0.0
20231107:0510,0.0,0.0,0.0,8.27,1.52,0.0
20231107:0610,0.0,0.0,0.0,7.95,1.72,0.0
20231107:0710,27.78,42.45,8.08,8.99,1.24,0.0
20231107:0810,198.26,217.22,16.16,10.24,1.38,0.0
20231107:0910,111.41,128.8,22.55,10.73,1.38,0.0
20231107:1010,47.77,64.06,26.67,10.83,1.1,0.0
20231107:1110,466.48,485.69,28.03,11.12,1.17,0.0
20231107:1210,257.51,274.16,26.45,11.24,0.76,0.0
20231107:1310,589.09,615.65,22.15,11.4,1.31,0.0
20231107:1410,396.38,413.57,15.61,11.63,1.52,0.0
20231107:1510,260.1,284.76,7.43,11.52,1.03,0.0
20231107:1610,0.0,0.0,0.0,10.71,0.76,0.0
20231107:1710,0.0,0.0,0.0,9.53,1.03,0.0
20231107:1810,0.0,0.0,0.0,7.97,1.38,0.0
20231107:1910,0.0,0.0,0.0,7.22,1.93,0.0
20231107:2010,0.0,0.0,0.0,6.38,2.07,0.0
20231107:2110,0.0,0.0,0.0,5.75,2.14,0.0
20231107:2210,0.0,0.0,0.0,5.36,2.0,0.0
20231107:2310,0.0,0.0,0.0,5.26,2.21,0.0
20231108:0010,0.0,0.0,0.0,4.9,2.21,0.0
20231108:0110,0.0,0.0,0.0,4.57,2.34,0.0
20231108:0210,0.0,0.0,0.0,4.33,2.62,0.0
20231108:0310,0.0,0.0,0.0,4.33,2.9,0.0
20231108:0410,0.0,0.0,0.0,4.44,2.83,0.0
20231108:0510,0.0,0.0,0.0,4.42,2.83,0.0
20231108:0610,0.0,0.0,0.0,4.3,2.83,0.0
20231108:0710,116.27,153.45,7.83,5.25,2.34,0.0
20231108:0810,341.01,360.58,15.89,6.61,1.72,0.0
20231108:0910,524.99,545.49,22.27,8.81,1.03,0.0
20231108:1010,640.99,680.31,26.38,10.66,0.48,0.0
20231108:1110,687.42,745.45,27.74,12.01,0.07,0.0
20231108:1210,682.71,735.8,26.17,12.78,0.48,0.0
20231108:1310,604.96,644.39,21.88,13.05,0.69,0.0
20231108:1410,463.28,489.58,15.37,12.93,0.9,0.0
20231108:1510,196.86,220.03,7.21,12.32,0.9,0.0
20231108:1610,0.0,0.0,0.0,10.79,0.76,0.0
20231108:1710,0.0,0.0,0.0,10.56,0.28,0.0
20231108:1810,0.0,0.0,0.0,9.71,0.9,0.0
20231108:1910,0.0,0.0,0.0,6.3,1.79,0.0
20231108:2010,0.0,0.0,0.0,5.29,1.93,0.0
20231108:2110,0.0,0.0,0.0,4.74,1.86,0.0
20231108:2210,0.0,0.0,0.0,4.36,1.93,0.0
20231108:2310,0.0,0.0,0.0,4.46,1.86,0.0
20231109:0010,0.0,0.0,0.0,4.7,1.79,0.0
20231109:0110,0.0,0.0,0.0,4.76,1.86,0.0
20231109:0210,0.0,0.0,0.0,5.61,1.66,0.0
20231109:0310,0.0,0.0,0.0,5.35,1.86,0.0
20231109:0410,0.0,0.0,0.0,5.13,1.93,0.0
20231109:0510,0.0,0.0,0.0,5.44,1.93,0.0
20231109:0610,0.0,0.0,0.0,6.3,1.79,0.0
20231109:0710,67.58,91.06,7.59,6.77,1.93,0.0
20231109:0810,21.57,34.94,15.63,7.7,1.66,0.0
20231109:0910,125.62,141.67,21.99,8.71,1.45,0.0
20231109:1010,42.7,58.24,26.09,9.04,1.66,0.0
20231109:1110,183.85,199.02,27.45,9.43,1.93,0.0
20231109:1210,93.74,110.65,25.89,9.85,1.72,0.0
20231109:1310,108.54,125.37,21.62,9.45,0.9,0.0
20231109:1410,45.34,61.15,15.14,9.38,0.9,0.0
20231109:1510,37.18,52.7,7.0,9.18,1.1,0.0
20231109:1610,0.0,0.0,0.0,8.96,1.24,0.0
20231109:1710,0.0,0.0,0.0,8.84,1.45,0.0
20231109:1810,0.0,0.0,0.0,8.77,1.66,0.0
20231109:1910,0.0,0.0,0.0,8.25,1.59,0.0
20231109:2010,0.0,0.0,0.0,8.21,1.72,0.0
20231109:2110,0.0,0.0,0.0,8.18,1.66,0.0
20231109:2210,0.0,0.0,0.0,8.1,1.59,0.0
20231109:2310,0.0,0.0,0.0,8.09,1.45,0.0
20231110:0010,0.0,0.0,0.0,7.91,1.31,0.0
20231110:0110,0.0,0.0,0.0,7.82,0.97,0.0
20231110:0210,0.0,0.0,0.0,7.73,0.97,0.0
20231110:0310,0.0,0.0,0.0,7.73,0.69,0.0
20231110:0410,0.0,0.0,0.0,7.58,0.76,0.0
20231110:0510,0.0,0.0,0.0,7.6,0.76,0.0
20231110:0610,0.0,0.0,0.0,7.6,0.62,0.0
20231110:0710,37.83,54.73,7.34,7.81,0.34,0.0
20231110:0810,48.35,64.06,15.37,8.25,0.48,0.0
20231110:0910,47.36,63.09,21.71,8.61,0.76,0.0
20231110:1010,277.69,292.04,25.8,9.46,0.83,0.0
20231110:1110,641.47,675.91,27.17,10.13,0.69,0.0
20231110:1210,473.74,495.78,25.62,10.6,0.41,0.0
20231110:1310,466.08,487.4,21.37,11.0,0.55,0.0
20231110:1410,285.41,301.39,14.91,11.12,0.9,0.0
20231110:1510,76.13,94.58,6.79,10.79,1.31,0.0
20231110:1610,0.0,0.0,0.0,9.92,1.59,0.0
20231110:1710,0.0,0.0,0.0,8.54,1.79,0.0
20231110:1810,0.0,0.0,0.0,7.12,1.72,0.0
20231110:1910,0.0,0.0,0.0,6.39,1.72,0.0
20231110:2010,0.0,0.0,0.0,5.64,1.72,0.0
20231110:2110,0.0,0.0,0.0,5.06,1.72,0.0
20231110:2210,0.0,0.0,0.0,4.59,1.79,0.0
20231110:2310,0.0,0.0,0.0,3.68,1.93,0.0
20231111:0010,0.0,0.0,0.0,2.81,2.07,0.0
20231111:0110,0.0,0.0,0.0,2.27,2.07,0.0
20231111:0210,0.0,0.0,0.0,2.41,2.14,0.0
20231111:0310,0.0,0.0,0.0,2.27,2.34,0.0
20231111:0410,0.0,0.0,0.0,2.29,2.41,0.0
20231111:0510,0.0,0.0,0.0,2.34,2.48,0.0
20231111:0610,0.0,0.0,0.0,2.48,2.62,0.0
20231111:0710,101.07,135.54,7.1,2.95,2.41,0.0
20231111:0810,328.55,346.78,15.11,5.6,2.0,0.0
20231111:0910,513.87,530.57,21.44,8.61,1.59,0.0
20231111:1010,634.87,664.17,25.52,10.68,1.38,0.0
20231111:1110,692.83,733.78,26.89,12.19,1.38,0.0
20231111:1210,676.95,718.3,25.35,13.14,1.45,0.0
20231111:1310,596.43,628.46,21.13,13.48,1.59,0.0
20231111:1410,465.92,490.54,14.69,13.37,1.59,0.0
20231111:1510,208.89,232.95,6.59,12.45,1.38,0.0
20231111:1610,0.0,0.0,0.0,10.53,1.86,0.0
20231111:1710,0.0,0.0,0.0,8.42,2.14,0.0
20231111:1810,0.0,0.0,0.0,7.01,2.34,0.0
20231111:1910,0.0,0.0,0.0,6.41,2.21,0.0
20231111:2010,0.0,0.0,0.0,5.63,2.34,0.0
20231111:2110,0.0,0.0,0.0,5.24,2.55,0.0
20231111:2210,0.0,0.0,0.0,4.94,2.62,0.0
20231111:2310,0.0,0.0,0.0,4.8,2.76,0.0
20231112:0010,0.0,0.0,0.0,4.7,2.83,0.0
20231112:0110,0.0,0.0,0.0,4.79,2.9,0.0
20231112:0210,0.0,0.0,0.0,4.66,2.69,0.0
20231112:0310,0.0,0.0,0.0,4.9,2.48,0.0
20231112:0410,0.0,0.0,0.0,5.09,2.28,0.0
20231112:0510,0.0,0.0,0.0,5.26,1.93,0.0
20231112:0610,0.0,0.0,0.0,5.34,2.0,0.0
20231112:0710,59.05,82.05,6.86,6.08,2.07,0.0
20231112:0810,92.7,108.49,14.86,6.67,1.93,0.0
20231112:0910,110.28,125.73,21.17,7.41,2.14,0.0
20231112:1010,87.94,103.86,25.24,7.67,2.07,0.0
20231112:1110,334.52,343.64,26.61,7.96,2.0,0.0
20231112:1210,607.9,621.59,25.09,8.42,2.07,0.0
20231112:1310,595.48,610.2,20.89,8.88,2.0,0.0
20231112:1410,463.26,476.7,14.47,9.2,1.93,0.0
20231112:1510,166.1,185.73,6.39,8.93,1.59,0.0
20231112:1610,0.0,0.0,0.0,8.33,1.66,0.0
20231112:1710,0.0,0.0,0.0,7.23,1.79,0.0
20231112:1810,0.0,0.0,0.0,6.36,1.59,0.0
20231112:1910,0.0,0.0,0.0,5.78,1.17,0.0
20231112:2010,0.0,0.0,0.0,4.99,1.17,0.0
20231112:2110,0.0,0.0,0.0,4.33,1.31,0.0
20231112:2210,0.0,0.0,0.0,3.74,1.59,0.0
20231112:2310,0.0,0.0,0.0,3.43,1.86,0.0
20231113:0010,0.0,0.0,0.0,3.51,2.07,0.0
20231113:0110,0.0,0.0,0.0,3.77,2.14,0.0
20231113:0210,0.0,0.0,0.0,4.17,2.21,0.0
20231113:0310,0.0,0.0,0.0,4.33,2.14,0.0
20231113:0410,0.0,0.0,0.0,4.53,2.07,0.0
20231113:0510,0.0,0.0,0.0,4.91,1.93,0.0
20231113:0610,0.0,0.0,0.0,5.11,1.86,0.0
20231113:0710,83.61,115.74,6.62,4.67,1.72,0.0
20231113:0810,291.65,312.57,14.61,6.76,1.17,0.0
20231113:0910,463.2,486.27,20.91,10.14,0.55,0.0
20231113:1010,580.12,614.08,24.97,11.7,0.55,0.0
20231113:1110,557.41,589.01,26.34,12.5,0.76,0.0
20231113:1210,608.4,651.69,24.84,13.29,0.41,0.0
20231113:1310,400.45,426.25,20.65,13.8,0.07,0.0
20231113:1410,166.21,185.59,14.26,13.89,0.28,0.0
20231113:1510,91.76,112.66,6.2,13.5,0.14,0.0
20231113:1610,0.0,0.0,0.0,11.89,0.83,0.0
20231113:1710,0.0,0.0,0.0,11.52,0.21,0.0
20231113:1810,0.0,0.0,0.0,10.07,0.97,0.0
20231113:1910,0.0,0.0,0.0,7.11,1.66,0.0
20231113:2010,0.0,0.0,0.0,6.96,1.38,0.0
20231113:2110,0.0,0.0,0.0,6.26,1.45,0.0
20231113:2210,0.0,0.0,0.0,6.41,1.72,0.0
20231113:2310,0.0,0.0,0.0,6.54,1.79,0.0
20231114:0010,0.0,0.0,0.0,6.87,1.93,0.0
20231114:0110,0.0,0.0,0.0,7.24,2.0,0.0
20231114:0210,0.0,0.0,0.0,7.32,1.86,0.0
20231114:0310,0.0,0.0,0.0,7.11,1.72,0.0
20231114:0410,0.0,0.0,0.0,6.89,1.79,0.0
20231114:0510,0.0,0.0,0.0,6.94,1.72,0.0
20231114:0610,0.0,0.0,0.0,6.91,1.72,0.0
20231114:0710,33.05,49.77,6.39,7.1,1.38,0.0
20231114:0810,279.53,303.23,14.36,8.84,1.17,0.0
20231114:0910,456.74,479.07,20.64,10.77,0.9,0.0
20231114:1010,564.97,596.94,24.7,12.23,0.76,0.0
20231114:1110,305.02,325.36,26.08,13.51,0.55,0.0
20231114:1210,149.09,169.17,24.59,14.36,0.41,0.0
20231114:1310,56.89,74.74,20.42,14.62,1.03,0.0
20231114:1410,21.66,35.91,14.05,14.22,1.38,0.0
20231114:1510,4.37,13.59,6.02,13.37,1.03,0.0
20231114:1610,0.0,0.0,0.0,12.6,0.83,0.0
20231114:1710,0.0,0.0,0.0,11.63,1.52,0.0
20231114:1810,0.0,0.0,0.0,10.89,1.45,0.0
20231114:1910,0.0,0.0,0.0,9.78,1.38,0.0
20231114:2010,0.0,0.0,0.0,9.52,0.97,0.0
20231114:2110,0.0,0.0,0.0,9.16,0.76,0.0
20231114:2210,0.0,0.0,0.0,8.69,0.9,0.0
20231114:2310,0.0,0.0,0.0,7.07,1.45,0.0
20231115:0010,0.0,0.0,0.0,6.19,1.52,0.0
20231115:0110,0.0,0.0,0.0,6.93,2.0,0.0
20231115:0210,0.0,0.0,0.0,7.28,2.41,0.0
20231115:0310,0.0,0.0,0.0,7.48,2.69,0.0
20231115:0410,0.0,0.0,0.0,7.6,3.03,0.0
20231115:0510,0.0,0.0,0.0,7.78,3.17,0.0
20231115:0610,0.0,0.0,0.0,7.92,3.31,0.0
20231115:0710,69.81,99.92,6.15,7.62,3.31,0.0
20231115:0810,300.38,322.99,14.11,8.9,3.1,0.0
20231115:0910,483.4,500.47,20.39,11.14,2.83,0.0
20231115:1010,607.03,632.78,24.44,13.64,2.9,0.0
20231115:1110,659.68,694.98,25.82,15.56,2.97,0.0
20231115:1210,638.47,673.22,24.34,16.45,3.17,0.0
20231115:1310,556.48,584.4,20.2,16.51,3.31,0.0
20231115:1410,419.2,443.13,13.85,16.02,2.9,0.0
20231115:1510,139.01,162.25,5.84,14.73,2.9,0.0
20231115:1610,0.0,0.0,0.0,13.0,2.9,0.0
20231115:1710,0.0,0.0,0.0,11.6,2.69,0.0
20231115:1810,0.0,0.0,0.0,10.23,2.69,0.0
20231115:1910,0.0,0.0,0.0,10.16,2.9,0.0
20231115:2010,0.0,0.0,0.0,9.41,2.9,0.0
20231115:2110,0.0,0.0,0.0,8.88,3.03,0.0
20231115:2210,0.0,0.0,0.0,8.69,3.1,0.0
20231115:2310,0.0,0.0,0.0,8.44,3.1,0.0
20231116:0010,0.0,0.0,0.0,8.19,3.17,0.0
20231116:0110,0.0,0.0,0.0,8.14,3.17,0.0
20231116:0210,0.0,0.0,0.0,7.63,3.1,0.0
20231116:0310,0.0,0.0,0.0,7.08,2.97,0.0
20231116:0410,0.0,0.0,0.0,6.51,2.9,0.0
20231116:0510,0.0,0.0,0.0,6.1,2.83,0.0
20231116:0610,0.0,0.0,0.0,6.04,2.62,0.0
20231116:0710,78.22,112.41,5.92,6.28,2.62,0.0
20231116:0810,233.33,252.47,13.87,7.52,1.86,0.0
20231116:0910,167.72,183.87,20.13,9.74,1.1,0.0
20231116:1010,484.57,509.68,24.18,11.39,0.48,0.0
20231116:1110,492.36,517.9,25.56,12.27,0.76,0.0
20231116:1210,181.1,199.29,24.1,12.48,0.9,0.0
20231116:1310,327.7,344.79,19.98,12.46,1.1,0.0
20231116:1410,71.91,89.67,13.66,12.42,0.34,0.0
20231116:1510,64.01,82.84,5.67,11.78,0.41,0.0
20231116:1610,0.0,0.0,0.0,10.15,1.03,0.0
20231116:1710,0.0,0.0,0.0,8.41,1.38,0.0
20231116:1810,0.0,0.0,0.0,7.31,1.52,0.0
20231116:1910,0.0,0.0,0.0,7.55,1.31,0.0
20231116:2010,0.0,0.0,0.0,6.61,1.52,0.0
20231116:2110,0.0,0.0,0.0,5.88,1.66,0.0
20231116:2210,0.0,0.0,0.0,5.57,1.79,0.0
20231116:2310,0.0,0.0,0.0,5.23,2.0,0.0
20231117:0010,0.0,0.0,0.0,4.98,2.14,0.0
20231117:0110,0.0,0.0,0.0,4.64,2.21,0.0
20231117:0210,0.0,0.0,0.0,4.43,2.41,0.0
20231117:0310,0.0,0.0,0.0,4.47,2.55,0.0
20231117:0410,0.0,0.0,0.0,4.8,2.9,0.0
20231117:0510,0.0,0.0,0.0,5.55,3.24,0.0
20231117:0610,0.0,0.0,0.0,6.62,3.52,0.0
20231117:0710,68.43,103.41,5.69,7.59,3.59,0.0
20231117:0810,299.73,323.51,13.63,9.67,3.79,0.0
20231117:0910,485.76,501.54,19.88,11.93,4.14,0.0
20231117:1010,609.28,630.64,23.93,13.45,3.79,0.0
20231117:1110,669.84,694.19,25.32,14.28,4.34,0.0
20231117:1210,657.16,679.48,23.87,14.56,4.76,0.0
20231117:1310,569.88,589.29,19.77,14.34,4.21,0.0
20231117:1410,435.83,452.44,13.47,13.71,4.41,0.0
20231117:1510,141.21,163.19,5.5,12.62,4.55,0.0
20231117:1610,0.0,0.0,0.0,11.59,4.28,0.0
20231117:1710,0.0,0.0,0.0,11.03,4.07,0.0
20231117:1810,0.0,0.0,0.0,10.62,3.72,0.0
20231117:1910,0.0,0.0,0.0,9.99,3.72,0.0
20231117:2010,0.0,0.0,0.0,9.3,3.38,0.0
20231117:2110,0.0,0.0,0.0,8.6,3.17,0.0
20231117:2210,0.0,0.0,0.0,7.97,3.03,0.0
20231117:2310,0.0,0.0,0.0,7.45,3.17,0.0
20231118:0010,0.0,0.0,0.0,7.27,3.38,0.0
20231118:0110,0.0,0.0,0.0,7.23,3.38,0.0
20231118:0210,0.0,0.0,0.0,7.17,3.38,0.0
20231118:0310,0.0,0.0,0.0,7.11,3.45,0.0
20231118:0410,0.0,0.0,0.0,7.05,3.45,0.0
20231118:0510,0.0,0.0,0.0,7.03,3.45,0.0
20231118:0610,0.0,0.0,0.0,6.88,3.31,0.0
20231118:0710,59.97,91.6,5.47,5.98,3.24,0.0
20231118:0810,284.62,305.07,13.39,6.69,2.9,0.0
20231118:0910,472.2,483.93,19.64,8.37,2.55,0.0
20231118:1010,591.26,609.11,23.68,10.05,2.21,0.0
20231118:1110,601.32,626.29,25.07,11.22,1.66,0.0
20231118:1210,609.07,638.51,23.64,11.67,1.31,0.0
20231118:1310,541.86,569.29,19.56,12.31,1.03,0.0
20231118:1410,447.89,472.69,13.29,12.09,0.83,0.0
20231118:1510,98.15,118.88,5.34,11.36,0.9,0.0
20231118:1610,0.0,0.0,0.0,9.88,1.31,0.0
20231118:1710,0.0,0.0,0.0,8.21,1.45,0.0
20231118:1810,0.0,0.0,0.0,6.75,1.66,0.0
20231118:1910,0.0,0.0,0.0,5.74,1.72,0.0
20231118:2010,0.0,0.0,0.0,5.21,1.79,0.0
20231118:2110,0.0,0.0,0.0,5.17,1.72,0.0
20231118:2210,0.0,0.0,0.0,5.09,1.66,0.0
20231118:2310,0.0,0.0,0.0,4.79,1.72,0.0
20231119:0010,0.0,0.0,0.0,4.56,1.72,0.0
20231119:0110,0.0,0.0,0.0,4.54,1.66,0.0
20231119:0210,0.0,0.0,0.0,4.39,1.59,0.0
20231119:0310,0.0,0.0,0.0,3.73,1.72,0.0
20231119:0410,0.0,0.0,0.0,3.48,1.72,0.0
20231119:0510,0.0,0.0,0.0,3.09,1.79,0.0
20231119:0610,0.0,0.0,0.0,2.9,1.79,0.0
20231119:0710,18.85,31.24,5.24,2.84,1.66,0.0
20231119:0810,250.36,269.57,13.16,5.11,1.17,0.0
20231119:0910,445.31,463.35,19.4,8.42,0.76,0.0
20231119:1010,617.1,648.55,23.44,10.08,0.76,0.0
20231119:1110,632.98,668.06,24.84,10.98,0.76,0.0
20231119:1210,607.94,641.92,23.42,11.62,0.76,0.0
20231119:1310,504.65,529.64,19.37,11.89,0.76,0.0
20231119:1410,376.04,396.68,13.11,11.72,0.62,0.0
20231119:1510,140.03,162.76,5.19,10.89,0.28,0.0
20231119:1610,0.0,0.0,0.0,9.37,0.97,0.0
20231119:1710,0.0,0.0,0.0,7.31,1.52,0.0
20231119:1810,0.0,0.0,0.0,6.04,1.66,0.0
20231119:1910,0.0,0.0,0.0,5.7,1.52,0.0
20231119:2010,0.0,0.0,0.0,4.9,1.66,0.0
20231119:2110,0.0,0.0,0.0,4.38,1.66,0.0
20231119:2210,0.0,0.0,0.0,3.81,1.72,0.0
20231119:2310,0.0,0.0,0.0,3.43,1.66,0.0
20231120:0010,0.0,0.0,0.0,3.21,1.72,0.0
20231120:0110,0.0,0.0,0.0,3.0,1.72,0.0
20231120:0210,0.0,0.0,0.0,2.95,1.66,0.0
20231120:0310,0.0,0.0,0.0,2.69,1.72,0.0
20231120:0410,0.0,0.0,0.0,2.44,1.79,0.0
20231120:0510,0.0,0.0,0.0,2.38,1.79,0.0
20231120:0610,0.0,0.0,0.0,2.46,1.86,0.0
20231120:0710,17.22,29.35,5.03,2.62,1.93,0.0
20231120:0810,199.05,215.67,12.93,4.3,1.31,0.0
20231120:0910,276.5,288.42,19.16,6.87,0.83,0.0
20231120:1010,551.7,576.42,23.2,8.98,0.41,0.0
20231120:1110,568.55,602.57,24.61,10.67,0.07,0.0
20231120:1210,596.57,632.09,23.21,11.59,0.48,0.0
20231120:1310,287.96,304.21,19.17,11.88,0.9,0.0
20231120:1410,349.73,368.07,12.94,11.68,1.03,0.0
20231120:1510,11.55,23.29,5.04,10.91,0.9,0.0
20231120:1610,0.0,0.0,0.0,9.6,0.97,0.0
20231120:1710,0.0,0.0,0.0,7.98,1.1,0.0
20231120:1810,0.0,0.0,0.0,7.07,1.24,0.0
20231120:1910,0.0,0.0,0.0,6.89,1.1,0.0
20231120:2010,0.0,0.0,0.0,6.16,1.31,0.0
20231120:2110,0.0,0.0,0.0,5.73,1.17,0.0
20231120:2210,0.0,0.0,0.0,5.94,1.03,0.0
20231120:2310,0.0,0.0,0.0,6.04,1.1,0.0
20231121:0010,0.0,0.0,0.0,5.98,1.38,0.0
20231121:0110,0.0,0.0,0.0,6.14,1.38,0.0
20231121:0210,0.0,0.0,0.0,6.06,1.31,0.0
20231121:0310,0.0,0.0,0.0,5.98,1.31,0.0
20231121:0410,0.0,0.0,0.0,5.75,1.59,0.0
20231121:0510,0.0,0.0,0.0,5.58,1.72,0.0
20231121:0610,0.0,0.0,0.0,5.25,1.93,0.0
20231121:0710,15.26,27.45,4.81,6.49,1.45,0.0
20231121:0810,240.13,261.71,12.7,7.02,1.38,0.0
20231121:0910,455.51,472.07,18.93,8.58,1.38,0.0
20231121:1010,563.47,587.78,22.97,10.19,1.03,0.0
20231121:1110,626.36,660.4,24.38,11.45,0.97,0.0
20231121:1210,626.54,663.84,23.0,12.5,0.97,0.0
20231121:1310,528.49,559.3,18.99,13.2,0.76,0.0
20231121:1410,378.6,404.89,12.78,13.44,0.14,0.0
20231121:1510,100.05,121.77,4.9,12.56,1.1,0.0
20231121:1610,0.0,0.0,0.0,10.19,1.38,0.0
20231121:1710,0.0,0.0,0.0,8.97,1.17,0.0
20231121:1810,0.0,0.0,0.0,7.95,1.31,0.0
20231121:1910,0.0,0.0,0.0,8.63,0.97,0.0
20231121:2010,0.0,0.0,0.0,5.81,1.59,0.0
20231121:2110,0.0,0.0,0.0,4.89,1.79,0.0
20231121:2210,0.0,0.0,0.0,3.85,2.28,0.0
20231121:2310,0.0,0.0,0.0,3.22,2.28,0.0
20231122:0010,0.0,0.0,0.0,2.67,2.28,0.0
20231122:0110,0.0,0.0,0.0,2.36,2.28,0.0
20231122:0210,0.0,0.0,0.0,2.21,2.28,0.0
20231122:0310,0.0,0.0,0.0,2.24,2.28,0.0
20231122:0410,0.0,0.0,0.0,2.05,2.34,0.0
20231122:0510,0.0,0.0,0.0,1.97,2.41,0.0
20231122:0610,0.0,0.0,0.0,2.21,2.48,0.0
20231122:0710,14.73,26.51,4.6,3.36,2.55,0.0
20231122:0810,274.56,295.64,12.48,5.39,2.14,0.0
20231122:0910,460.29,478.84,18.7,9.5,1.52,0.0
20231122:1010,568.04,597.76,22.74,11.99,1.1,0.0
20231122:1110,622.88,660.7,24.16,13.23,1.17,0.0
20231122:1210,618.9,658.68,22.79,13.86,1.1,0.0
20231122:1310,531.73,564.85,18.81,14.02,0.83,0.0
20231122:1410,386.74,413.73,12.63,13.75,0.28,0.0
20231122:1510,90.85,112.36,4.77,12.65,0.55,0.0
20231122:1610,0.0,0.0,0.0,11.72,0.55,0.0
20231122:1710,0.0,0.0,0.0,8.42,1.52,0.0
20231122:1810,0.0,0.0,0.0,5.87,2.48,0.0
20231122:1910,0.0,0.0,0.0,5.05,2.55,0.0
20231122:2010,0.0,0.0,0.0,4.75,2.69,0.0
20231122:2110,0.0,0.0,0.0,4.21,2.55,0.0
20231122:2210,0.0,0.0,0.0,3.52,2.41,0.0
20231122:2310,0.0,0.0,0.0,3.01,2.41,0.0
20231123:0010,0.0,0.0,0.0,2.72,2.34,0.0
20231123:0110,0.0,0.0,0.0,2.2,2.28,0.0
20231123:0210,0.0,0.0,0.0,1.84,2.14,0.0
20231123:0310,0.0,0.0,0.0,1.79,2.0,0.0
20231123:0410,0.0,0.0,0.0,1.87,1.93,0.0
20231123:0510,0.0,0.0,0.0,1.96,1.93,0.0
20231123:0610,0.0,0.0,0.0,1.46,1.93,0.0
20231123:0710,14.05,25.56,4.39,1.92,2.41,0.0
20231123:0810,267.96,286.48,12.26,3.17,2.0,0.0
20231123:0910,461.37,472.78,18.48,6.24,1.52,0.0
20231123:1010,567.63,590.3,22.52,9.27,0.97,0.0
20231123:1110,611.3,647.42,23.95,10.81,0.41,0.0
20231123:1210,605.84,644.41,22.6,11.38,0.28,0.0
20231123:1310,523.92,553.22,18.63,11.58,0.34,0.0
20231123:1410,385.82,407.31,12.48,11.41,0.48,0.0
20231123:1510,83.53,103.75,4.64,10.67,0.69,0.0
20231123:1610,0.0,0.0,0.0,9.01,0.9,0.0
20231123:1710,0.0,0.0,0.0,7.46,1.24,0.0
20231123:1810,0.0,0.0,0.0,5.81,1.59,0.0
20231123:1910,0.0,0.0,0.0,4.62,1.72,0.0
20231123:2010,0.0,0.0,0.0,3.92,1.72,0.0
20231123:2110,0.0,0.0,0.0,3.54,1.66,0.0
20231123:2210,0.0,0.0,0.0,3.3,1.66,0.0
20231123:2310,0.0,0.0,0.0,3.33,1.59,0.0
20231124:0010,0.0,0.0,0.0,3.19,1.66,0.0
20231124:0110,0.0,0.0,0.0,2.57,1.86,0.0
20231124:0210,0.0,0.0,0.0,2.02,2.0,0.0
20231124:0310,0.0,0.0,0.0,1.57,2.0,0.0
20231124:0410,0.0,0.0,0.0,1.44,2.07,0.0
20231124:0510,0.0,0.0,0.0,1.54,2.21,0.0
20231124:0610,0.0,0.0,0.0,1.86,2.48,0.0
20231124:0710,11.69,22.72,4.18,1.91,2.48,0.0
20231124:0810,269.1,289.52,12.05,4.47,2.41,0.0
20231124:0910,453.04,467.49,18.26,8.44,2.0,0.0
20231124:1010,562.61,584.53,22.3,11.33,1.93,0.0
20231124:1110,615.93,647.03,23.74,13.02,1.79,0.0
20231124:1210,611.36,645.43,22.41,14.17,1.79,0.0
20231124:1310,524.1,552.6,18.47,14.52,1.66,0.0
20231124:1410,384.8,407.98,12.33,14.11,1.52,0.0
20231124:1510,170.68,196.2,4.52,12.67,1.72,0.0
20231124:1610,0.0,0.0,0.0,10.25,2.34,0.0
20231124:1710,0.0,0.0,0.0,8.63,2.76,0.0
20231124:1810,0.0,0.0,0.0,8.35,3.31,0.0
20231124:1910,0.0,0.0,0.0,9.52,3.66,0.0
20231124:2010,0.0,0.0,0.0,10.08,5.52,0.0
20231124:2110,0.0,0.0,0.0,10.0,7.24,0.0
20231124:2210,0.0,0.0,0.0,9.33,7.1,0.0
20231124:2310,0.0,0.0,0.0,8.59,5.52,0.0
20231125:0010,0.0,0.0,0.0,7.59,4.07,0.0
20231125:0110,0.0,0.0,0.0,6.6,2.97,0.0
20231125:0210,0.0,0.0,0.0,5.48,2.76,0.0
20231125:0310,0.0,0.0,0.0,4.41,2.55,0.0
20231125:0410,0.0,0.0,0.0,3.57,2.55,0.0
20231125:0510,0.0,0.0,0.0,3.01,2.76,0.0
20231125:0610,0.0,0.0,0.0,2.49,2.76,0.0
20231125:0710,11.65,22.72,3.98,2.46,2.55,0.0
20231125:0810,273.77,293.49,11.84,3.58,2.41,0.0
20231125:0910,471.12,480.12,18.05,6.82,2.83,0.0
20231125:1010,606.8,611.12,22.09,7.92,4.07,0.0
20231125:1110,674.55,677.87,23.54,8.18,4.62,0.0
20231125:1210,661.32,663.49,22.23,8.31,4.83,0.0
20231125:1310,574.17,576.75,18.31,8.24,4.34,0.0
20231125:1410,422.23,429.33,12.19,7.86,3.52,0.0
20231125:1510,97.05,115.95,4.4,6.95,2.69,0.0
20231125:1610,0.0,0.0,0.0,5.43,2.41,0.0
20231125:1710,0.0,0.0,0.0,4.11,2.41,0.0
20231125:1810,0.0,0.0,0.0,3.06,2.48,0.0
20231125:1910,0.0,0.0,0.0,2.34,2.48,0.0
20231125:2010,0.0,0.0,0.0,1.56,2.48,0.0
20231125:2110,0.0,0.0,0.0,0.97,2.62,0.0
20231125:2210,0.0,0.0,0.0,0.48,2.55,0.0
20231125:2310,0.0,0.0,0.0,-0.01,2.48,0.0
20231126:0010,0.0,0.0,0.0,-0.34,2.55,0.0
20231126:0110,0.0,0.0,0.0,-0.56,2.55,0.0
20231126:0210,0.0,0.0,0.0,-0.65,2.62,0.0
20231126:0310,0.0,0.0,0.0,-0.68,2.62,0.0
20231126:0410,0.0,0.0,0.0,-0.66,2.62,0.0
20231126:0510,0.0,0.0,0.0,-0.71,2.62,0.0
20231126:0610,0.0,0.0,0.0,-0.74,2.55,0.0
20231126:0710,10.26,20.83,3.78,0.21,2.69,0.0
20231126:0810,265.15,283.23,11.64,2.11,2.48,0.0
20231126:0910,459.44,468.35,17.84,5.73,2.07,0.0
20231126:1010,579.32,592.2,21.89,8.02,2.07,0.0
20231126:1110,638.52,656.86,23.35,9.22,2.14,0.0
20231126:1210,637.47,656.01,22.05,9.84,2.34,0.0
20231126:1310,547.96,563.95,18.15,9.97,2.0,0.0
20231126:1410,385.7,401.85,12.06,9.76,1.17,0.0
20231126:1510,100.69,121.01,4.29,8.64,1.1,0.0
20231126:1610,0.0,0.0,0.0,6.18,1.52,0.0
20231126:1710,0.0,0.0,0.0,4.24,1.66,0.0
20231126:1810,0.0,0.0,0.0,2.93,1.86,0.0
20231126:1910,0.0,0.0,0.0,1.81,2.28,0.0
20231126:2010,0.0,0.0,0.0,1.44,2.34,0.0
20231126:2110,0.0,0.0,0.0,1.17,2.48,0.0
20231126:2210,0.0,0.0,0.0,1.03,2.48,0.0
20231126:2310,0.0,0.0,0.0,0.85,2.48,0.0
20231127:0010,0.0,0.0,0.0,0.68,2.41,0.0
20231127:0110,0.0,0.0,0.0,0.63,2.34,0.0
20231127:0210,0.0,0.0,0.0,0.34,2.28,0.0
20231127:0310,0.0,0.0,0.0,0.43,2.21,0.0
20231127:0410,0.0,0.0,0.0,0.38,2.07,0.0
20231127:0510,0.0,0.0,0.0,0.46,1.93,0.0
20231127:0610,0.0,0.0,0.0,0.48,1.86,0.0
20231127:0710,8.72,18.93,3.58,0.75,1.93,0.0
20231127:0810,204.48,221.2,11.44,1.86,1.59,0.0
20231127:0910,381.49,390.09,17.64,4.54,1.03,0.0
20231127:1010,294.73,305.01,21.69,6.62,0.69,0.0
20231127:1110,198.53,212.32,23.16,7.61,0.55,0.0
20231127:1210,138.82,154.33,21.88,7.84,0.55,0.0
20231127:1310,131.63,147.0,18.01,7.83,0.55,0.0
20231127:1410,69.88,85.83,11.94,7.48,0.28,0.0
20231127:1510,8.03,18.44,4.19,7.06,0.28,0.0
20231127:1610,0.0,0.0,0.0,6.23,0.69,0.0
20231127:1710,0.0,0.0,0.0,5.04,1.03,0.0
20231127:1810,0.0,0.0,0.0,4.39,1.17,0.0
20231127:1910,0.0,0.0,0.0,3.53,0.97,0.0
20231127:2010,0.0,0.0,0.0,3.17,0.9,0.0
20231127:2110,0.0,0.0,0.0,2.88,0.97,0.0
20231127:2210,0.0,0.0,0.0,2.7,0.97,0.0
20231127:2310,0.0,0.0,0.0,2.42,1.1,0.0
20231128:0010,0.0,0.0,0.0,1.65,1.38,0.0
20231128:0110,0.0,0.0,0.0,1.05,1.45,0.0
20231128:0210,0.0,0.0,0.0,0.67,1.45,0.0
20231128:0310,0.0,0.0,0.0,0.39,1.45,0.0
20231128:0410,0.0,0.0,0.0,0.15,1.38,0.0
20231128:0510,0.0,0.0,0.0,-0.08,1.45,0.0
20231128:0610,0.0,0.0,0.0,-0.57,1.52,0.0
20231128:0710,9.57,19.88,3.39,-1.19,1.66,0.0
20231128:0810,246.04,263.97,11.24,0.58,1.24,0.0
20231128:0910,443.89,452.02,17.44,3.83,1.17,0.0
20231128:1010,570.58,580.89,21.49,5.48,1.24,0.0
20231128:1110,637.96,651.79,22.98,6.77,1.66,0.0
20231128:1210,624.28,639.35,21.72,7.89,1.79,0.0
20231128:1310,541.02,553.64,17.87,8.62,1.86,0.0
20231128:1410,390.07,402.69,11.82,8.83,1.86,0.0
20231128:1510,58.92,77.02,4.09,8.19,2.07,0.0
20231128:1610,0.0,0.0,0.0,6.86,2.76,0.0
20231128:1710,0.0,0.0,0.0,5.89,2.97,0.0
20231128:1810,0.0,0.0,0.0,5.6,3.17,0.0
20231128:1910,0.0,0.0,0.0,6.29,3.79,0.0
20231128:2010,0.0,0.0,0.0,6.11,4.0,0.0
20231128:2110,0.0,0.0,0.0,5.82,4.0,0.0
20231128:2210,0.0,0.0,0.0,5.46,3.79,0.0
20231128:2310,0.0,0.0,0.0,5.01,3.72,0.0
20231129:0010,0.0,0.0,0.0,4.48,3.66,0.0
20231129:0110,0.0,0.0,0.0,4.03,3.72,0.0
20231129:0210,0.0,0.0,0.0,3.59,3.66,0.0
20231129:0310,0.0,0.0,0.0,3.03,3.66,0.0
20231129:0410,0.0,0.0,0.0,2.42,3.45,0.0
20231129:0510,0.0,0.0,0.0,1.79,3.17,0.0
20231129:0610,0.0,0.0,0.0,1.07,2.9,0.0
20231129:0710,7.97,17.99,3.2,1.29,2.9,0.0
20231129:0810,247.76,266.31,11.05,1.96,2.62,0.0
20231129:0910,446.6,452.12,17.25,4.16,2.21,0.0
20231129:1010,572.16,580.61,21.31,6.24,1.93,0.0
20231129:1110,630.33,646.25,22.8,7.53,1.66,0.0
20231129:1210,624.54,640.81,21.56,8.04,1.72,0.0
20231129:1310,543.48,555.55,17.73,8.04,1.72,0.0
20231129:1410,446.37,459.7,11.71,7.67,1.45,0.0
20231129:1510,49.02,66.15,4.0,6.85,0.62,0.0
20231129:1610,0.0,0.0,0.0,5.99,0.55,0.0
20231129:1710,0.0,0.0,0.0,5.1,0.83,0.0
20231129:1810,0.0,0.0,0.0,3.55,1.24,0.0
20231129:1910,0.0,0.0,0.0,1.88,1.72,0.0
20231129:2010,0.0,0.0,0.0,1.38,1.72,0.0
20231129:2110,0.0,0.0,0.0,1.49,1.59,0.0
20231129:2210,0.0,0.0,0.0,2.0,1.38,0.0
20231129:2310,0.0,0.0,0.0,2.46,1.31,0.0
20231130:0010,0.0,0.0,0.0,2.59,1.52,0.0
20231130:0110,0.0,0.0,0.0,2.95,1.66,0.0
20231130:0210,0.0,0.0,0.0,2.93,1.66,0.0
20231130:0310,0.0,0.0,0.0,2.57,1.72,0.0
20231130:0410,0.0,0.0,0.0,1.93,1.79,0.0
20231130:0510,0.0,0.0,0.0,1.7,1.45,0.0
20231130:0610,0.0,0.0,0.0,1.65,1.24,0.0
20231130:0710,0.98,7.57,3.02,1.56,0.69,0.0
20231130:0810,27.62,40.77,10.86,1.41,1.1,0.0
20231130:0910,34.95,48.53,17.06,1.35,1.1,0.0
20231130:1010,136.15,147.58,21.13,1.65,1.31,0.0
20231130:1110,40.34,54.35,22.64,2.45,1.38,0.0
20231130:1210,174.75,184.98,21.41,3.13,1.24,0.0
20231130:1310,52.35,66.97,17.61,3.71,1.03,0.0
20231130:1410,16.05,28.15,11.61,4.02,0.97,0.0
20231130:1510,3.36,11.65,3.92,3.99,1.1,0.0
20231130:1610,0.0,0.0,0.0,3.54,1.1,0.0
20231130:1710,0.0,0.0,0.0,3.08,1.1,0.0
20231130:1810,0.0,0.0,0.0,2.87,0.9,0.0
20231130:1910,0.0,0.0,0.0,1.79,1.17,0.0
20231130:2010,0.0,0.0,0.0,1.72,1.52,0.0
20231130:2110,0.0,0.0,0.0,2.03,1.59,0.0
20231130:2210,0.0,0.0,0.0,2.59,1.59,0.0
20231130:2310,0.0,0.0,0.0,2.66,1.52,0.0
20231201:0010,0.0,0.0,0.0,2.71,1.1,0.0
20231201:0110,0.0,0.0,0.0,3.0,0.9,0.0
20231201:0210,0.0,0.0,0.0,3.14,0.9,0.0
20231201:0310,0.0,0.0,0.0,3.31,0.83,0.0
20231201:0410,0.0,0.0,0.0,3.27,1.03,0.0
20231201:0510,0.0,0.0,0.0,3.44,1.24,0.0
20231201:0610,0.0,0.0,0.0,3.72,1.03,0.0
20231201:0710,0.0,1.89,2.84,3.77,1.03,0.0
20231201:0810,4.64,13.59,10.68,4.54,0.55,0.0
20231201:0910,11.91,23.29,16.88,5.38,0.41,0.0
20231201:1010,180.9,194.11,20.95,6.15,0.28,0.0
20231201:1110,24.26,37.85,22.48,6.55,0.28,0.0
20231201:1210,23.4,36.88,21.27,6.53,0.28,0.0
20231201:1310,12.61,24.27,17.49,6.67,0.48,0.0
20231201:1410,11.05,22.32,11.51,6.71,0.34,0.0
20231201:1510,0.0,3.88,3.84,6.63,0.48,0.0
20231201:1610,0.0,0.0,0.0,6.42,0.83,0.0
20231201:1710,0.0,0.0,0.0,6.45,1.1,0.0
20231201:1810,0.0,0.0,0.0,6.5,1.24,0.0
20231201:1910,0.0,0.0,0.0,6.05,1.45,0.0
20231201:2010,0.0,0.0,0.0,6.13,1.93,0.0
20231201:2110,0.0,0.0,0.0,6.31,2.14,0.0
20231201:2210,0.0,0.0,0.0,6.42,2.07,0.0
20231201:2310,0.0,0.0,0.0,6.5,1.93,0.0
20231202:0010,0.0,0.0,0.0,6.55,1.79,0.0
20231202:0110,0.0,0.0,0.0,6.61,1.72,0.0
20231202:0210,0.0,0.0,0.0,6.63,1.52,0.0
20231202:0310,0.0,0.0,0.0,6.68,1.59,0.0
20231202:0410,0.0,0.0,0.0,6.67,1.79,0.0
20231202:0510,0.0,0.0,0.0,6.73,2.21,0.0
20231202:0610,0.0,0.0,0.0,6.76,2.69,0.0
20231202:0710,0.0,1.89,2.67,6.22,3.38,0.0
20231202:0810,4.59,13.59,10.51,6.06,4.0,0.0
20231202:0910,103.81,118.56,16.71,6.35,4.28,0.0
20231202:1010,19.97,33.0,20.78,7.09,4.28,0.0
20231202:1110,137.43,151.78,22.32,7.71,4.34,0.0
20231202:1210,191.51,203.58,21.14,8.31,4.62,0.0
20231202:1310,497.86,499.64,17.38,8.77,4.97,0.0
20231202:1410,227.69,238.68,11.42,8.6,4.97,0.0
20231202:1510,59.46,77.59,3.77,7.92,4.83,0.0
20231202:1610,0.0,0.0,0.0,7.06,4.83,0.0
20231202:1710,0.0,0.0,0.0,6.57,5.03,0.0
20231202:1810,0.0,0.0,0.0,6.17,5.03,0.0
20231202:1910,0.0,0.0,0.0,5.89,5.38,0.0
20231202:2010,0.0,0.0,0.0,5.45,5.31,0.0
20231202:2110,0.0,0.0,0.0,4.93,5.1,0.0
20231202:2210,0.0,0.0,0.0,4.46,4.83,0.0
20231202:2310,0.0,0.0,0.0,4.08,4.62,0.0
20231203:0010,0.0,0.0,0.0,3.78,4.41,0.0
20231203:0110,0.0,0.0,0.0,3.51,4.07,0.0
20231203:0210,0.0,0.0,0.0,3.13,3.79,0.0
20231203:0310,0.0,0.0,0.0,2.71,3.52,0.0
20231203:0410,0.0,0.0,0.0,2.33,3.31,0.0
20231203:0510,0.0,0.0,0.0,1.96,3.03,0.0
20231203:0610,0.0,0.0,0.0,1.74,2.9,0.0
20231203:0710,4.53,13.25,2.5,0.64,2.97,0.0
20231203:0810,230.02,248.7,10.33,0.92,2.76,0.0
20231203:0910,449.56,451.84,16.54,2.54,2.48,0.0
20231203:1010,587.51,589.61,20.62,4.24,2.21,0.0
20231203:1110,583.84,588.6,22.17,5.25,1.93,0.0
20231203:1210,636.93,648.73,21.01,5.87,1.52,0.0
20231203:1310,554.3,565.83,17.27,6.05,1.03,0.0
20231203:1410,400.65,411.68,11.34,6.01,0.83,0.0
20231203:1510,60.71,78.5,3.71,5.56,0.48,0.0
20231203:1610,0.0,0.0,0.0,4.49,0.69,0.0
20231203:1710,0.0,0.0,0.0,2.62,1.31,0.0
20231203:1810,0.0,0.0,0.0,1.57,1.52,0.0
20231203:1910,0.0,0.0,0.0,0.32,1.86,0.0
20231203:2010,0.0,0.0,0.0,-0.1,1.79,0.0
20231203:2110,0.0,0.0,0.0,-0.67,1.93,0.0
20231203:2210,0.0,0.0,0.0,-1.01,1.93,0.0
20231203:2310,0.0,0.0,0.0,-1.58,1.86,0.0
20231204:0010,0.0,0.0,0.0,-1.95,1.93,0.0
20231204:0110,0.0,0.0,0.0,-1.97,2.0,0.0
20231204:0210,0.0,0.0,0.0,-1.43,2.0,0.0
20231204:0310,0.0,0.0,0.0,-0.91,2.07,0.0
20231204:0410,0.0,0.0,0.0,-0.61,2.14,0.0
20231204:0510,0.0,0.0,0.0,-0.42,2.0,0.0
20231204:0610,0.0,0.0,0.0,-0.17,1.86,0.0
20231204:0710,2.65,10.41,2.33,0.3,1.79,0.0
20231204:0810,65.31,79.97,10.17,0.94,1.52,0.0
20231204:0910,92.33,105.9,16.38,1.99,1.1,0.0
20231204:1010,102.93,116.48,20.47,2.65,0.9,0.0
20231204:1110,131.45,143.94,22.03,2.76,0.9,0.0
20231204:1210,104.99,118.63,20.89,2.96,0.83,0.0
20231204:1310,28.34,41.74,17.17,2.6,0.69,0.0
20231204:1410,15.37,27.18,11.26,2.34,0.76,0.0
20231204:1510,80.12,97.41,3.65,1.89,0.83,0.0
20231204:1610,0.0,0.0,0.0,1.47,0.76,0.0
20231204:1710,0.0,0.0,0.0,1.24,0.9,0.0
20231204:1810,0.0,0.0,0.0,1.12,0.97,0.0
20231204:1910,0.0,0.0,0.0,0.8,0.97,0.0
20231204:2010,0.0,0.0,0.0,0.82,1.1,0.0
20231204:2110,0.0,0.0,0.0,0.91,0.9,0.0
20231204:2210,0.0,0.0,0.0,0.81,1.03,0.0
20231204:2310,0.0,0.0,0.0,0.73,1.17,0.0
20231205:0010,0.0,0.0,0.0,0.79,1.03,0.0
20231205:0110,0.0,0.0,0.0,0.46,1.1,0.0
20231205:0210,0.0,0.0,0.0,0.23,1.1,0.0
20231205:0310,0.0,0.0,0.0,0.15,1.03,0.0
20231205:0410,0.0,0.0,0.0,0.15,0.97,0.0
20231205:0510,0.0,0.0,0.0,0.32,0.9,0.0
20231205:0610,0.0,0.0,0.0,1.0,0.62,0.0
20231205:0710,0.0,1.89,2.17,-0.07,0.9,0.0
20231205:0810,64.46,79.12,10.01,0.55,0.76,0.0
20231205:0910,36.7,50.47,16.22,1.81,0.62,0.0
20231205:1010,166.61,177.76,20.32,2.76,0.28,0.0
20231205:1110,260.15,267.61,21.9,3.81,0.62,0.0
20231205:1210,128.08,141.75,20.78,4.58,0.76,0.0
20231205:1310,99.53,114.19,17.08,4.93,0.62,0.0
20231205:1410,35.21,49.5,11.2,4.93,0.41,0.0
20231205:1510,10.63,21.91,3.6,4.54,0.55,0.0
20231205:1610,0.0,0.0,0.0,2.93,0.97,0.0
20231205:1710,0.0,0.0,0.0,2.12,0.97,0.0
20231205:1810,0.0,0.0,0.0,1.8,0.97,0.0
20231205:1910,0.0,0.0,0.0,0.61,1.52,0.0
20231205:2010,0.0,0.0,0.0,0.52,1.45,0.0
20231205:2110,0.0,0.0,0.0,0.67,1.45,0.0
20231205:2210,0.0,0.0,0.0,-0.33,1.38,0.0
20231205:2310,0.0,0.0,0.0,-0.96,1.59,0.0
20231206:0010,0.0,0.0,0.0,-2.04,1.72,0.0
20231206:0110,0.0,0.0,0.0,-2.57,1.86,0.0
20231206:0210,0.0,0.0,0.0,-2.59,2.07,0.0
20231206:0310,0.0,0.0,0.0,-2.2,2.28,0.0
20231206:0410,0.0,0.0,0.0,-2.0,2.34,0.0
20231206:0510,0.0,0.0,0.0,-1.9,2.34,0.0
20231206:0610,0.0,0.0,0.0,-1.81,2.28,0.0
20231206:0710,1.55,8.52,2.01,-1.81,2.21,0.0
20231206:0810,229.37,248.98,9.85,-0.7,1.86,0.0
20231206:0910,453.84,461.27,16.07,2.71,1.31,0.0
20231206:1010,563.47,576.9,20.18,5.1,0.69,0.0
20231206:1110,647.08,675.93,21.77,6.51,0.21,0.0
20231206:1210,629.83,660.91,20.67,7.38,0.07,0.0
20231206:1310,539.48,562.2,17.0,7.92,0.14,0.0
20231206:1410,388.19,405.22,11.13,8.01,0.21,0.0
20231206:1510,48.94,66.47,3.56,7.26,0.41,0.0
20231206:1610,0.0,0.0,0.0,6.38,0.69,0.0
20231206:1710,0.0,0.0,0.0,5.06,1.17,0.0
20231206:1810,0.0,0.0,0.0,1.57,2.0,0.0
20231206:1910,0.0,0.0,0.0,0.04,2.28,0.0
20231206:2010,0.0,0.0,0.0,-0.85,2.28,0.0
20231206:2110,0.0,0.0,0.0,-1.19,2.34,0.0
20231206:2210,0.0,0.0,0.0,-1.29,2.34,0.0
20231206:2310,0.0,0.0,0.0,-1.4,2.41,0.0
20231207:0010,0.0,0.0,0.0,-1.33,2.48,0.0
20231207:0110,0.0,0.0,0.0,-1.22,2.55,0.0
20231207:0210,0.0,0.0,0.0,-1.14,2.55,0.0
20231207:0310,0.0,0.0,0.0,-1.16,2.48,0.0
20231207:0410,0.0,0.0,0.0,-1.21,2.48,0.0
20231207:0510,0.0,0.0,0.0,-1.12,2.55,0.0
20231207:0610,0.0,0.0,0.0,-1.06,2.62,0.0
20231207:0710,1.01,7.57,1.86,-1.21,2.62,0.0
20231207:0810,226.67,246.69,9.7,-0.24,2.34,0.0
20231207:0910,436.54,442.08,15.92,2.72,1.79,0.0
20231207:1010,562.37,571.74,20.04,5.22,1.31,0.0
20231207:1110,642.12,663.13,21.65,6.72,0.9,0.0
20231207:1210,625.82,650.44,20.57,7.58,0.62,0.0
20231207:1310,533.38,553.07,16.92,7.84,0.41,0.0
20231207:1410,443.9,460.45,11.08,7.48,0.69,0.0
20231207:1510,55.83,73.6,3.52,6.36,0.83,0.0
20231207:1610,0.0,0.0,0.0,6.1,0.21,0.0
20231207:1710,0.0,0.0,0.0,5.39,0.55,0.0
20231207:1810,0.0,0.0,0.0,3.88,1.31,0.0
20231207:1910,0.0,0.0,0.0,-0.11,2.07,0.0
20231207:2010,0.0,0.0,0.0,0.09,1.86,0.0
20231207:2110,0.0,0.0,0.0,-0.21,1.93,0.0
20231207:2210,0.0,0.0,0.0,-0.49,2.07,0.0
20231207:2310,0.0,0.0,0.0,-0.46,2.07,0.0
20231208:0010,0.0,0.0,0.0,0.03,1.86,0.0
20231208:0110,0.0,0.0,0.0,0.24,1.79,0.0
20231208:0210,0.0,0.0,0.0,0.75,1.79,0.0
20231208:0310,0.0,0.0,0.0,0.93,1.72,0.0
20231208:0410,0.0,0.0,0.0,1.56,1.38,0.0
20231208:0510,0.0,0.0,0.0,1.91,1.24,0.0
20231208:0610,0.0,0.0,0.0,1.86,1.31,0.0
20231208:0710,0.0,2.84,1.71,1.7,1.66,0.0
20231208:0810,14.61,26.21,9.56,1.61,1.59,0.0
20231208:0910,52.72,66.97,15.79,2.31,1.17,0.0
20231208:1010,135.52,148.07,19.92,3.27,0.9,0.0
20231208:1110,122.65,136.22,21.54,3.97,0.69,0.0
20231208:1210,157.02,169.28,20.48,4.27,0.62,0.0
20231208:1310,48.4,63.09,16.85,4.17,0.55,0.0
20231208:1410,201.56,212.22,11.03,4.12,0.41,0.0
20231208:1510,10.82,22.11,3.49,3.91,0.34,0.0
20231208:1610,0.0,0.0,0.0,3.2,0.9,0.0
20231208:1710,0.0,0.0,0.0,2.78,0.9,0.0
20231208:1810,0.0,0.0,0.0,2.81,0.55,0.0
20231208:1910,0.0,0.0,0.0,1.76,0.76,0.0
20231208:2010,0.0,0.0,0.0,1.65,0.83,0.0
20231208:2110,0.0,0.0,0.0,1.77,0.69,0.0
20231208:2210,0.0,0.0,0.0,2.09,0.34,0.0
20231208:2310,0.0,0.0,0.0,1.94,0.41,0.0
20231209:0010,0.0,0.0,0.0,1.56,0.69,0.0
20231209:0110,0.0,0.0,0.0,1.31,0.9,0.0
20231209:0210,0.0,0.0,0.0,1.82,0.76,0.0
20231209:0310,0.0,0.0,0.0,2.08,0.62,0.0
20231209:0410,0.0,0.0,0.0,1.87,0.62,0.0
20231209:0510,0.0,0.0,0.0,1.58,0.69,0.0
20231209:0610,0.0,0.0,0.0,1.96,0.41,0.0
20231209:0710,0.0,3.79,1.57,1.15,0.9,0.0
20231209:0810,142.07,161.53,9.42,1.96,0.48,0.0
20231209:0910,340.54,349.7,15.65,3.02,0.48,0.0
20231209:1010,325.57,332.18,19.79,3.93,0.41,0.0
20231209:1110,59.79,74.74,21.44,4.41,0.55,0.0
20231209:1210,156.75,169.35,20.4,4.67,0.55,0.0
20231209:1310,76.73,91.75,16.79,4.72,0.48,0.0
20231209:1410,20.14,33.0,10.99,5.09,0.55,0.0
20231209:1510,18.65,31.85,3.47,4.81,0.34,0.0
20231209:1610,0.0,0.0,0.0,3.95,0.62,0.0
20231209:1710,0.0,0.0,0.0,3.27,0.41,0.0
20231209:1810,0.0,0.0,0.0,2.44,1.03,0.0
20231209:1910,0.0,0.0,0.0,2.16,1.1,0.0
20231209:2010,0.0,0.0,0.0,2.57,1.31,0.0
20231209:2110,0.0,0.0,0.0,2.84,1.66,0.0
20231209:2210,0.0,0.0,0.0,2.79,1.72,0.0
20231209:2310,0.0,0.0,0.0,2.74,1.38,0.0
20231210:0010,0.0,0.0,0.0,2.6,1.17,0.0
20231210:0110,0.0,0.0,0.0,2.31,1.17,0.0
20231210:0210,0.0,0.0,0.0,1.33,1.38,0.0
20231210:0310,0.0,0.0,0.0,0.38,1.52,0.0
20231210:0410,0.0,0.0,0.0,-0.18,1.86,0.0
20231210:0510,0.0,0.0,0.0,-0.15,2.0,0.0
20231210:0610,0.0,0.0,0.0,-0.02,1.79,0.0
20231210:0710,0.0,4.73,1.44,0.0,1.72,0.0
20231210:0810,215.55,238.73,9.29,1.03,1.72,0.0
20231210:0910,432.14,442.0,15.53,4.39,1.72,0.0
20231210:1010,396.32,403.92,19.68,7.1,1.86,0.0
20231210:1110,645.81,667.28,21.34,9.24,1.79,0.0
20231210:1210,610.01,634.75,20.32,10.69,1.52,0.0
20231210:1310,524.84,548.36,16.74,11.38,1.1,0.0
20231210:1410,360.39,378.83,10.95,11.07,1.1,0.0
20231210:1510,119.78,142.08,3.45,9.36,1.38,0.0
20231210:1610,0.0,0.0,0.0,6.88,1.52,0.0
20231210:1710,0.0,0.0,0.0,5.49,1.45,0.0
20231210:1810,0.0,0.0,0.0,3.76,2.0,0.0
20231210:1910,0.0,0.0,0.0,2.85,2.28,0.0
20231210:2010,0.0,0.0,0.0,2.7,2.34,0.0
20231210:2110,0.0,0.0,0.0,2.87,2.14,0.0
20231210:2210,0.0,0.0,0.0,2.66,2.14,0.0
20231210:2310,0.0,0.0,0.0,2.65,1.93,0.0
20231211:0010,0.0,0.0,0.0,2.41,1.79,0.0
20231211:0110,0.0,0.0,0.0,2.35,1.52,0.0
20231211:0210,0.0,0.0,0.0,1.93,1.52,0.0
20231211:0310,0.0,0.0,0.0,2.07,1.31,0.0
20231211:0410,0.0,0.0,0.0,1.74,1.52,0.0
20231211:0510,0.0,0.0,0.0,1.65,1.52,0.0
20231211:0610,0.0,0.0,0.0,1.74,1.59,0.0
20231211:0710,0.0,0.0,0.0,2.0,1.72,0.0
20231211:0810,19.53,32.03,9.16,2.89,1.31,0.0
20231211:0910,243.39,255.0,15.41,4.95,0.83,0.0
20231211:1010,368.6,378.7,19.57,6.8,0.76,0.0
20231211:1110,567.16,585.59,21.25,8.07,0.9,0.0
20231211:1210,396.23,408.64,20.25,8.93,0.9,0.0
20231211:1310,506.13,523.33,16.69,9.18,0.97,0.0
20231211:1410,392.99,409.77,10.93,9.3,0.97,0.0
20231211:1510,49.15,66.99,3.44,8.36,0.83,0.0
20231211:1610,0.0,0.0,0.0,6.93,0.76,0.0
20231211:1710,0.0,0.0,0.0,5.1,1.31,0.0
20231211:1810,0.0,0.0,0.0,4.0,1.52,0.0
20231211:1910,0.0,0.0,0.0,3.56,1.38,0.0
20231211:2010,0.0,0.0,0.0,3.45,1.38,0.0
20231211:2110,0.0,0.0,0.0,2.58,1.59,0.0
20231211:2210,0.0,0.0,0.0,1.95,1.52,0.0
20231211:2310,0.0,0.0,0.0,1.38,1.66,0.0
20231212:0010,0.0,0.0,0.0,0.88,1.52,0.0
20231212:0110,0.0,0.0,0.0,0.7,1.59,0.0
20231212:0210,0.0,0.0,0.0,0.92,1.59,0.0
20231212:0310,0.0,0.0,0.0,0.95,1.52,0.0
20231212:0410,0.0,0.0,0.0,0.97,1.45,0.0
20231212:0510,0.0,0.0,0.0,0.89,1.45,0.0
20231212:0610,0.0,0.0,0.0,1.1,1.45,0.0
20231212:0710,0.0,0.0,0.0,1.88,1.38,0.0
20231212:0810,117.19,136.45,9.04,3.05,0.97,0.0
20231212:0910,220.45,232.82,15.29,4.8,0.41,0.0
20231212:1010,449.2,462.87,19.47,6.39,0.21,0.0
20231212:1110,464.84,479.27,21.17,7.45,0.34,0.0
20231212:1210,517.75,536.16,20.19,8.19,0.41,0.0
20231212:1310,441.92,457.9,16.65,8.47,0.28,0.0
20231212:1410,209.83,224.61,10.91,8.37,0.21,0.0
20231212:1510,17.61,30.98,3.44,7.79,0.28,0.0
20231212:1610,0.0,0.0,0.0,6.78,0.48,0.0
20231212:1710,0.0,0.0,0.0,6.29,0.48,0.0
20231212:1810,0.0,0.0,0.0,5.5,0.9,0.0
20231212:1910,0.0,0.0,0.0,4.25,1.17,0.0
20231212:2010,0.0,0.0,0.0,4.13,1.17,0.0
20231212:2110,0.0,0.0,0.0,4.3,1.03,0.0
20231212:2210,0.0,0.0,0.0,4.46,0.9,0.0
20231212:2310,0.0,0.0,0.0,4.42,0.97,0.0
20231213:0010,0.0,0.0,0.0,4.51,0.9,0.0
20231213:0110,0.0,0.0,0.0,4.39,1.1,0.0
20231213:0210,0.0,0.0,0.0,4.7,0.9,0.0
20231213:0310,0.0,0.0,0.0,4.27,1.24,0.0
20231213:0410,0.0,0.0,0.0,4.4,1.1,0.0
20231213:0510,0.0,0.0,0.0,4.57,0.97,0.0
20231213:0610,0.0,0.0,0.0,4.5,1.1,0.0
20231213:0710,0.0,0.0,0.0,4.24,1.1,0.0
20231213:0810,6.69,16.5,8.92,4.83,0.83,0.0
20231213:0910,42.48,57.27,15.19,5.54,0.76,0.0
20231213:1010,66.61,82.5,19.38,7.14,0.48,0.0
20231213:1110,27.57,41.74,21.09,7.82,0.07,0.0
20231213:1210,109.55,125.76,20.14,8.11,0.41,0.0
20231213:1310,141.03,156.4,16.62,8.32,0.41,0.0
20231213:1410,56.8,72.76,10.89,8.3,0.48,0.0
20231213:1510,2.08,9.71,3.44,7.78,0.76,0.0
20231213:1610,0.0,0.0,0.0,6.39,0.69,0.0
20231213:1710,0.0,0.0,0.0,6.12,0.41,0.0
20231213:1810,0.0,0.0,0.0,4.33,1.31,0.0
20231213:1910,0.0,0.0,0.0,3.08,1.1,0.0
20231213:2010,0.0,0.0,0.0,2.89,1.17,0.0
20231213:2110,0.0,0.0,0.0,2.91,1.45,0.0
20231213:2210,0.0,0.0,0.0,2.85,1.59,0.0
20231213:2310,0.0,0.0,0.0,2.7,1.66,0.0
20231214:0010,0.0,0.0,0.0,2.43,1.79,0.0
20231214:0110,0.0,0.0,0.0,2.3,1.86,0.0
20231214:0210,0.0,0.0,0.0,2.27,1.66,0.0
20231214:0310,0.0,0.0,0.0,2.43,1.66,0.0
20231214:0410,0.0,0.0,0.0,2.55,1.66,0.0
20231214:0510,0.0,0.0,0.0,2.58,1.59,0.0
20231214:0610,0.0,0.0,0.0,2.42,1.66,0.0
20231214:0710,0.0,0.0,0.0,2.33,1.52,0.0
20231214:0810,207.24,234.04,8.81,2.94,1.38,0.0
20231214:0910,401.32,414.89,15.09,5.64,1.31,0.0
20231214:1010,539.66,554.59,19.29,7.58,1.31,0.0
20231214:1110,618.55,642.68,21.03,9.35,1.24,0.0
20231214:1210,608.01,635.07,20.09,10.73,1.24,0.0
20231214:1310,488.23,509.65,16.59,11.82,1.24,0.0
20231214:1410,362.76,382.64,10.89,11.94,1.17,0.0
20231214:1510,54.9,73.85,3.45,10.95,1.86,0.0
20231214:1610,0.0,0.0,0.0,8.81,2.48,0.0
20231214:1710,0.0,0.0,0.0,6.86,2.69,0.0
20231214:1810,0.0,0.0,0.0,6.04,2.9,0.0
20231214:1910,0.0,0.0,0.0,5.41,2.97,0.0
20231214:2010,0.0,0.0,0.0,5.32,3.1,0.0
20231214:2110,0.0,0.0,0.0,5.3,3.31,0.0
20231214:2210,0.0,0.0,0.0,5.45,3.45,0.0
20231214:2310,0.0,0.0,0.0,5.49,3.45,0.0
20231215:0010,0.0,0.0,0.0,5.48,3.38,0.0
20231215:0110,0.0,0.0,0.0,5.45,3.38,0.0
20231215:0210,0.0,0.0,0.0,5.38,3.31,0.0
20231215:0310,0.0,0.0,0.0,5.23,3.31,0.0
20231215:0410,0.0,0.0,0.0,5.1,3.31,0.0
20231215:0510,0.0,0.0,0.0,4.97,3.24,0.0
20231215:0610,0.0,0.0,0.0,4.88,3.24,0.0
20231215:0710,0.0,0.0,0.0,5.6,3.59,0.0
20231215:0810,201.31,230.06,8.71,6.49,3.66,0.0
20231215:0910,402.02,415.73,15.0,8.56,3.66,0.0
20231215:1010,547.25,559.86,19.22,10.42,3.59,0.0
20231215:1110,632.92,648.88,20.97,11.38,3.72,0.0
20231215:1210,614.96,631.32,20.05,11.75,3.59,0.0
20231215:1310,552.65,569.34,16.57,11.81,3.03,0.0
20231215:1410,378.09,393.57,10.89,11.37,2.76,0.0
20231215:1510,61.35,80.48,3.46,10.1,2.69,0.0
20231215:1610,0.0,0.0,0.0,8.32,2.76,0.0
20231215:1710,0.0,0.0,0.0,7.04,2.83,0.0
20231215:1810,0.0,0.0,0.0,6.11,2.9,0.0
20231215:1910,0.0,0.0,0.0,6.24,2.97,0.0
20231215:2010,0.0,0.0,0.0,5.63,2.97,0.0
20231215:2110,0.0,0.0,0.0,5.11,2.97,0.0
20231215:2210,0.0,0.0,0.0,4.37,2.69,0.0
20231215:2310,0.0,0.0,0.0,3.45,2.34,0.0
20231216:0010,0.0,0.0,0.0,2.55,2.07,0.0
20231216:0110,0.0,0.0,0.0,1.78,2.0,0.0
20231216:0210,0.0,0.0,0.0,1.29,2.07,0.0
20231216:0310,0.0,0.0,0.0,0.81,2.0,0.0
20231216:0410,0.0,0.0,0.0,0.36,1.93,0.0
20231216:0510,0.0,0.0,0.0,-0.04,1.79,0.0
20231216:0610,0.0,0.0,0.0,-0.31,1.79,0.0
20231216:0710,0.0,0.0,0.0,-0.07,2.0,0.0
20231216:0810,193.47,217.34,8.61,0.82,1.66,0.0
20231216:0910,399.23,411.54,14.91,4.24,0.97,0.0
20231216:1010,522.74,541.93,19.15,7.24,0.41,0.0
20231216:1110,598.16,625.33,20.91,8.23,0.34,0.0
20231216:1210,594.54,617.09,20.02,8.55,0.83,0.0
20231216:1310,529.73,546.14,16.56,8.56,1.1,0.0
20231216:1410,369.02,382.75,10.9,8.2,1.03,0.0
20231216:1510,49.18,66.69,3.49,7.42,0.83,0.0
20231216:1610,0.0,0.0,0.0,5.62,1.24,0.0
20231216:1710,0.0,0.0,0.0,4.03,1.52,0.0
20231216:1810,0.0,0.0,0.0,3.06,1.52,0.0
20231216:1910,0.0,0.0,0.0,2.49,1.59,0.0
20231216:2010,0.0,0.0,0.0,1.83,1.72,0.0
20231216:2110,0.0,0.0,0.0,1.31,1.79,0.0
20231216:2210,0.0,0.0,0.0,0.95,1.79,0.0
20231216:2310,0.0,0.0,0.0,0.53,1.79,0.0
20231217:0010,0.0,0.0,0.0,-0.02,1.86,0.0
20231217:0110,0.0,0.0,0.0,-0.39,1.86,0.0
20231217:0210,0.0,0.0,0.0,-0.62,1.79,0.0
20231217:0310,0.0,0.0,0.0,-0.73,1.66,0.0
20231217:0410,0.0,0.0,0.0,-1.3,1.59,0.0
20231217:0510,0.0,0.0,0.0,-1.05,1.72,0.0
20231217:0610,0.0,0.0,0.0,-0.51,1.93,0.0
20231217:0710,0.0,0.0,0.0,0.18,1.72,0.0
20231217:0810,182.37,206.0,8.52,0.96,1.66,0.0
20231217:0910,390.73,399.71,14.83,3.21,1.38,0.0
20231217:1010,528.12,538.23,19.08,5.11,0.97,0.0
20231217:1110,603.65,621.44,20.87,6.8,0.9,0.0
20231217:1210,592.6,612.64,19.99,8.19,0.97,0.0
20231217:1310,530.37,548.58,16.56,8.91,0.97,0.0
20231217:1410,363.27,377.97,10.91,8.84,1.03,0.0
20231217:1510,42.71,59.69,3.52,7.8,1.17,0.0
20231217:1610,0.0,0.0,0.0,5.97,1.17,0.0
20231217:1710,0.0,0.0,0.0,5.25,0.97,0.0
20231217:1810,0.0,0.0,0.0,3.76,1.52,0.0
20231217:1910,0.0,0.0,0.0,2.28,1.93,0.0
20231217:2010,0.0,0.0,0.0,1.41,2.0,0.0
20231217:2110,0.0,0.0,0.0,0.85,2.0,0.0
20231217:2210,0.0,0.0,0.0,0.47,2.0,0.0
20231217:2310,0.0,0.0,0.0,0.19,2.07,0.0
20231218:0010,0.0,0.0,0.0,0.02,2.14,0.0
20231218:0110,0.0,0.0,0.0,-0.12,2.14,0.0
20231218:0210,0.0,0.0,0.0,-0.26,2.14,0.0
20231218:0310,0.0,0.0,0.0,-0.4,2.14,0.0
20231218:0410,0.0,0.0,0.0,-0.52,2.14,0.0
20231218:0510,0.0,0.0,0.0,-0.59,2.14,0.0
20231218:0610,0.0,0.0,0.0,-0.66,2.14,0.0
20231218:0710,0.0,0.0,0.0,0.37,2.28,0.0
20231218:0810,195.88,221.44,8.44,1.35,1.93,0.0
20231218:0910,391.81,404.1,14.76,4.65,1.24,0.0
20231218:1010,523.81,544.57,19.03,8.33,0.62,0.0
20231218:1110,591.12,624.26,20.83,10.1,0.28,0.0
20231218:1210,583.55,617.06,19.98,11.12,0.41,0.0
20231218:1310,530.86,561.72,16.56,11.55,0.28,0.0
20231218:1410,367.8,389.79,10.93,11.51,0.34,0.0
20231218:1510,102.74,124.58,3.55,10.46,0.83,0.0
20231218:1610,0.0,0.0,0.0,8.11,1.38,0.0
20231218:1710,0.0,0.0,0.0,5.93,1.79,0.0
20231218:1810,0.0,0.0,0.0,4.22,1.93,0.0
20231218:1910,0.0,0.0,0.0,2.65,2.14,0.0
20231218:2010,0.0,0.0,0.0,1.75,2.28,0.0
20231218:2110,0.0,0.0,0.0,1.31,2.34,0.0
20231218:2210,0.0,0.0,0.0,1.05,2.41,0.0
20231218:2310,0.0,0.0,0.0,0.66,2.28,0.0
20231219:0010,0.0,0.0,0.0,0.33,2.21,0.0
20231219:0110,0.0,0.0,0.0,0.08,2.21,0.0
20231219:0210,0.0,0.0,0.0,-0.06,2.21,0.0
20231219:0310,0.0,0.0,0.0,-0.2,2.14,0.0
20231219:0410,0.0,0.0,0.0,-0.41,2.14,0.0
20231219:0510,0.0,0.0,0.0,-0.55,2.14,0.0
20231219:0610,0.0,0.0,0.0,-0.63,2.21,0.0
20231219:0710,0.0,0.0,0.0,0.12,2.14,0.0
20231219:0810,193.27,218.29,8.36,0.99,2.0,0.0
20231219:0910,397.14,408.65,14.69,4.31,1.38,0.0
20231219:1010,528.93,549.32,18.98,8.37,0.76,0.0
20231219:1110,594.01,630.4,20.8,10.7,0.21,0.0
20231219:1210,589.79,624.02,19.97,11.74,0.62,0.0
20231219:1310,529.86,560.24,16.57,11.99,0.48,0.0
20231219:1410,368.27,390.92,10.96,11.72,0.28,0.0
20231219:1510,42.45,60.14,3.59,11.04,0.14,0.0
20231219:1610,0.0,0.0,0.0,10.04,0.48,0.0
20231219:1710,0.0,0.0,0.0,8.09,1.24,0.0
20231219:1810,0.0,0.0,0.0,4.74,2.0,0.0
20231219:1910,0.0,0.0,0.0,3.0,2.21,0.0
20231219:2010,0.0,0.0,0.0,1.83,2.21,0.0
20231219:2110,0.0,0.0,0.0,1.23,2.21,0.0
20231219:2210,0.0,0.0,0.0,0.72,2.21,0.0
20231219:2310,0.0,0.0,0.0,0.27,2.14,0.0
20231220:0010,0.0,0.0,0.0,-0.15,2.14,0.0
20231220:0110,0.0,0.0,0.0,-0.58,2.07,0.0
20231220:0210,0.0,0.0,0.0,-0.5,1.93,0.0
20231220:0310,0.0,0.0,0.0,-0.07,1.79,0.0
20231220:0410,0.0,0.0,0.0,0.27,1.79,0.0
20231220:0510,0.0,0.0,0.0,0.45,1.86,0.0
20231220:0610,0.0,0.0,0.0,0.8,1.79,0.0
20231220:0710,0.0,0.0,0.0,1.07,1.72,0.0
20231220:0810,31.43,45.04,8.29,1.38,1.59,0.0
20231220:0910,136.33,150.19,14.63,4.66,1.1,0.0
20231220:1010,282.15,293.54,18.93,7.63,1.03,0.0
20231220:1110,253.93,267.69,20.78,9.46,0.97,0.0
20231220:1210,595.88,622.97,19.97,10.71,1.1,0.0
20231220:1310,533.69,558.99,16.59,11.73,1.1,0.0
20231220:1410,366.61,387.04,11.0,11.92,0.97,0.0
20231220:1510,42.23,59.72,3.64,10.8,1.72,0.0
20231220:1610,0.0,0.0,0.0,8.3,2.55,0.0
20231220:1710,0.0,0.0,0.0,6.28,2.62,0.0
20231220:1810,0.0,0.0,0.0,5.05,2.69,0.0
20231220:1910,0.0,0.0,0.0,3.87,2.62,0.0
20231220:2010,0.0,0.0,0.0,3.36,2.83,0.0
20231220:2110,0.0,0.0,0.0,3.13,2.97,0.0
20231220:2210,0.0,0.0,0.0,2.97,2.9,0.0
20231220:2310,0.0,0.0,0.0,3.06,2.9,0.0
20231221:0010,0.0,0.0,0.0,2.82,2.83,0.0
20231221:0110,0.0,0.0,0.0,2.53,2.83,0.0
20231221:0210,0.0,0.0,0.0,2.39,2.76,0.0
20231221:0310,0.0,0.0,0.0,2.54,2.62,0.0
20231221:0410,0.0,0.0,0.0,2.36,2.48,0.0
20231221:0510,0.0,0.0,0.0,2.18,2.21,0.0
20231221:0610,0.0,0.0,0.0,1.68,2.14,0.0
20231221:0710,0.0,0.0,0.0,1.13,2.14,0.0
20231221:0810,119.93,140.03,8.23,1.62,1.72,0.0
20231221:0910,268.68,280.03,14.58,4.43,0.97,0.0
20231221:1010,357.47,369.05,18.9,7.29,0.62,0.0
20231221:1110,134.88,150.49,20.77,7.9,0.48,0.0
20231221:1210,315.57,327.98,19.98,8.63,0.55,0.0
20231221:1310,405.6,418.97,16.62,8.91,0.76,0.0
20231221:1410,286.95,300.63,11.04,8.52,0.76,0.0
20231221:1510,36.56,52.77,3.7,7.87,1.03,0.0
20231221:1610,0.0,0.0,0.0,6.44,1.31,0.0
20231221:1710,0.0,0.0,0.0,4.9,1.45,0.0
20231221:1810,0.0,0.0,0.0,3.77,1.59,0.0
20231221:1910,0.0,0.0,0.0,3.13,1.72,0.0
20231221:2010,0.0,0.0,0.0,2.73,1.72,0.0
20231221:2110,0.0,0.0,0.0,2.26,1.86,0.0
20231221:2210,0.0,0.0,0.0,2.09,2.0,0.0
20231221:2310,0.0,0.0,0.0,2.02,2.21,0.0
20231222:0010,0.0,0.0,0.0,2.31,2.28,0.0
20231222:0110,0.0,0.0,0.0,2.58,2.55,0.0
20231222:0210,0.0,0.0,0.0,3.19,2.62,0.0
20231222:0310,0.0,0.0,0.0,3.85,2.83,0.0
20231222:0410,0.0,0.0,0.0,4.97,3.03,0.0
20231222:0510,0.0,0.0,0.0,6.12,3.31,0.0
20231222:0610,0.0,0.0,0.0,6.82,3.45,0.0
20231222:0710,0.0,0.0,0.0,8.7,4.07,0.0
20231222:0810,170.76,201.68,8.17,9.04,3.31,0.0
20231222:0910,359.37,377.69,14.54,9.67,2.28,0.0
20231222:1010,517.73,538.76,18.87,11.22,1.79,0.0
20231222:1110,584.34,608.75,20.76,12.3,2.07,0.0
20231222:1210,573.41,598.06,19.99,12.55,1.93,0.0
20231222:1310,514.58,535.83,16.65,12.28,1.79,0.0
20231222:1410,360.18,379.07,11.09,11.83,1.31,0.0
20231222:1510,66.14,85.52,3.76,10.59,1.59,0.0
20231222:1610,0.0,0.0,0.0,8.91,2.0,0.0
20231222:1710,0.0,0.0,0.0,7.78,2.07,0.0
20231222:1810,0.0,0.0,0.0,6.99,2.0,0.0
20231222:1910,0.0,0.0,0.0,7.02,1.93,0.0
20231222:2010,0.0,0.0,0.0,6.56,1.93,0.0
20231222:2110,0.0,0.0,0.0,6.11,1.93,0.0
20231222:2210,0.0,0.0,0.0,5.73,2.0,0.0
20231222:2310,0.0,0.0,0.0,5.34,2.14,0.0
20231223:0010,0.0,0.0,0.0,5.25,2.34,0.0
20231223:0110,0.0,0.0,0.0,4.97,2.55,0.0
20231223:0210,0.0,0.0,0.0,5.14,2.69,0.0
20231223:0310,0.0,0.0,0.0,5.57,3.1,0.0
20231223:0410,0.0,0.0,0.0,6.28,3.31,0.0
20231223:0510,0.0,0.0,0.0,6.56,3.45,0.0
20231223:0610,0.0,0.0,0.0,6.63,3.31,0.0
20231223:0710,0.0,0.0,0.0,6.63,3.31,0.0
20231223:0810,175.49,205.34,8.12,6.79,2.9,0.0
20231223:0910,351.29,367.21,14.5,8.77,2.62,0.0
20231223:1010,530.53,550.6,18.85,11.42,2.28,0.0
20231223:1110,598.95,623.64,20.76,12.96,2.55,0.0
20231223:1210,605.31,631.46,20.01,13.83,2.76,0.0
20231223:1310,523.94,546.12,16.69,14.18,2.83,0.0
20231223:1410,405.95,427.09,11.14,13.84,2.55,0.0
20231223:1510,103.85,126.07,3.83,12.63,2.62,0.0
20231223:1610,0.0,0.0,0.0,10.98,2.83,0.0
20231223:1710,0.0,0.0,0.0,9.44,2.83,0.0
20231223:1810,0.0,0.0,0.0,8.2,2.83,0.0
20231223:1910,0.0,0.0,0.0,8.49,2.69,0.0
20231223:2010,0.0,0.0,0.0,7.29,2.62,0.0
20231223:2110,0.0,0.0,0.0,6.27,2.62,0.0
20231223:2210,0.0,0.0,0.0,5.42,2.62,0.0
20231223:2310,0.0,0.0,0.0,4.52,2.55,0.0
20231224:0010,0.0,0.0,0.0,4.09,2.76,0.0
20231224:0110,0.0,0.0,0.0,4.01,2.97,0.0
20231224:0210,0.0,0.0,0.0,4.24,3.1,0.0
20231224:0310,0.0,0.0,0.0,4.28,3.17,0.0
20231224:0410,0.0,0.0,0.0,4.16,3.03,0.0
20231224:0510,0.0,0.0,0.0,3.63,2.83,0.0
20231224:0610,0.0,0.0,0.0,3.23,2.76,0.0
20231224:0710,0.0,0.0,0.0,3.4,2.55,0.0
20231224:0810,155.45,180.15,8.07,3.38,2.34,0.0
20231224:0910,377.13,390.28,14.47,5.84,1.86,0.0
20231224:1010,484.06,499.72,18.84,9.32,1.59,0.0
20231224:1110,578.3,601.98,20.77,10.95,1.52,0.0
20231224:1210,580.04,608.14,20.04,12.23,1.38,0.0
20231224:1310,528.87,554.64,16.74,12.84,1.45,0.0
20231224:1410,372.63,393.21,11.21,12.66,1.38,0.0
20231224:1510,87.67,108.52,3.9,11.34,1.38,0.0
20231224:1610,0.0,0.0,0.0,9.3,1.52,0.0
20231224:1710,0.0,0.0,0.0,7.72,1.52,0.0
20231224:1810,0.0,0.0,0.0,7.63,1.38,0.0
20231224:1910,0.0,0.0,0.0,7.57,1.66,0.0
20231224:2010,0.0,0.0,0.0,8.34,1.24,0.0
20231224:2110,0.0,0.0,0.0,7.42,1.31,0.0
20231224:2210,0.0,0.0,0.0,7.18,1.24,0.0
20231224:2310,0.0,0.0,0.0,6.65,1.31,0.0
20231225:0010,0.0,0.0,0.0,6.07,1.45,0.0
20231225:0110,0.0,0.0,0.0,5.48,1.52,0.0
20231225:0210,0.0,0.0,0.0,5.14,1.52,0.0
20231225:0310,0.0,0.0,0.0,4.86,1.52,0.0
20231225:0410,0.0,0.0,0.0,4.74,1.38,0.0
20231225:0510,0.0,0.0,0.0,4.51,1.45,0.0
20231225:0610,0.0,0.0,0.0,4.47,1.45,0.0
20231225:0710,0.0,0.0,0.0,3.59,1.45,0.0
20231225:0810,166.49,194.18,8.03,3.72,1.38,0.0
20231225:0910,370.21,387.71,14.45,6.17,0.55,0.0
20231225:1010,494.95,515.9,18.84,8.45,0.34,0.0
20231225:1110,562.32,591.7,20.79,9.57,0.14,0.0
20231225:1210,563.03,593.24,20.08,10.24,0.21,0.0
20231225:1310,529.78,557.05,16.8,10.63,0.34,0.0
20231225:1410,389.33,411.11,11.28,10.53,0.14,0.0
20231225:1510,59.11,77.65,3.98,9.71,0.48,0.0
20231225:1610,0.0,0.0,0.0,7.99,1.52,0.0
20231225:1710,0.0,0.0,0.0,6.02,1.59,0.0
20231225:1810,0.0,0.0,0.0,4.8,1.66,0.0
20231225:1910,0.0,0.0,0.0,5.12,1.45,0.0
20231225:2010,0.0,0.0,0.0,4.01,1.59,0.0
20231225:2110,0.0,0.0,0.0,3.13,1.59,0.0
20231225:2210,0.0,0.0,0.0,2.51,1.59,0.0
20231225:2310,0.0,0.0,0.0,2.09,1.52,0.0
20231226:0010,0.0,0.0,0.0,1.84,1.31,0.0
20231226:0110,0.0,0.0,0.0,1.98,1.24,0.0
20231226:0210,0.0,0.0,0.0,2.69,1.38,0.0
20231226:0310,0.0,0.0,0.0,3.3,1.38,0.0
20231226:0410,0.0,0.0,0.0,3.93,1.38,0.0
20231226:0510,0.0,0.0,0.0,4.17,1.31,0.0
20231226:0610,0.0,0.0,0.0,4.34,1.17,0.0
20231226:0710,0.0,0.0,0.0,5.35,0.97,0.0
20231226:0810,49.47,65.97,8.0,5.6,0.83,0.0
20231226:0910,37.58,52.41,14.43,6.93,0.62,0.0
20231226:1010,55.12,70.86,18.84,7.47,0.69,0.0
20231226:1110,81.81,98.03,20.81,7.83,0.69,0.0
20231226:1210,169.33,183.86,20.12,8.07,0.69,0.0
20231226:1310,85.78,102.01,16.86,8.13,0.69,0.0
20231226:1410,265.52,278.48,11.35,8.1,0.76,0.0
20231226:1510,76.05,94.8,4.07,7.7,0.55,0.0
20231226:1610,0.0,0.0,0.0,6.83,0.69,0.0
20231226:1710,0.0,0.0,0.0,5.96,0.9,0.0
20231226:1810,0.0,0.0,0.0,5.39,0.97,0.0
20231226:1910,0.0,0.0,0.0,4.62,1.17,0.0
20231226:2010,0.0,0.0,0.0,3.83,1.31,0.0
20231226:2110,0.0,0.0,0.0,3.87,1.45,0.0
20231226:2210,0.0,0.0,0.0,3.92,1.38,0.0
20231226:2310,0.0,0.0,0.0,3.86,1.52,0.0
20231227:0010,0.0,0.0,0.0,3.79,1.59,0.0
20231227:0110,0.0,0.0,0.0,4.02,1.52,0.0
20231227:0210,0.0,0.0,0.0,3.99,1.38,0.0
20231227:0310,0.0,0.0,0.0,3.66,1.38,0.0
20231227:0410,0.0,0.0,0.0,3.36,1.31,0.0
20231227:0510,0.0,0.0,0.0,3.08,1.1,0.0
20231227:0610,0.0,0.0,0.0,2.96,1.1,0.0
20231227:0710,0.0,0.0,0.0,3.97,1.03,0.0
20231227:0810,45.9,61.55,7.98,3.47,0.97,0.0
20231227:0910,75.06,90.53,14.42,5.78,0.69,0.0
20231227:1010,76.16,92.21,18.85,7.32,0.41,0.0
20231227:1110,266.53,280.06,20.84,8.31,0.14,0.0
20231227:1210,139.56,155.78,20.18,8.98,0.28,0.0
20231227:1310,236.2,250.49,16.93,9.22,0.21,0.0
20231227:1410,366.55,383.79,11.44,9.25,0.34,0.0
20231227:1510,92.87,112.58,4.16,8.61,0.48,0.0
20231227:1610,0.0,0.0,0.0,7.4,0.55,0.0
20231227:1710,0.0,0.0,0.0,6.55,0.69,0.0
20231227:1810,0.0,0.0,0.0,4.89,1.31,0.0
20231227:1910,0.0,0.0,0.0,4.28,1.38,0.0
20231227:2010,0.0,0.0,0.0,3.91,1.52,0.0
20231227:2110,0.0,0.0,0.0,3.79,1.52,0.0
20231227:2210,0.0,0.0,0.0,3.48,1.45,0.0
20231227:2310,0.0,0.0,0.0,3.17,1.52,0.0
20231228:0010,0.0,0.0,0.0,3.14,1.59,0.0
20231228:0110,0.0,0.0,0.0,2.78,1.66,0.0
20231228:0210,0.0,0.0,0.0,3.06,1.52,0.0
20231228:0310,0.0,0.0,0.0,3.19,1.52,0.0
20231228:0410,0.0,0.0,0.0,3.18,1.66,0.0
20231228:0510,0.0,0.0,0.0,3.3,1.72,0.0
20231228:0610,0.0,0.0,0.0,3.71,1.79,0.0
20231228:0710,0.0,0.0,0.0,5.25,1.45,0.0
20231228:0810,2.12,9.71,7.96,5.63,1.38,0.0
20231228:0910,73.9,89.55,14.42,6.44,1.17,0.0
20231228:1010,32.05,46.59,18.87,7.64,0.83,0.0
20231228:1110,18.96,32.03,20.88,8.43,0.76,0.0
20231228:1210,62.33,78.62,20.24,8.78,0.83,0.0
20231228:1310,58.55,74.74,17.01,8.79,0.97,0.0
20231228:1410,24.86,38.82,11.53,8.72,1.03,0.0
20231228:1510,1.01,7.76,4.26,8.33,1.1,0.0
20231228:1610,0.0,0.0,0.0,7.57,1.24,0.0
20231228:1710,0.0,0.0,0.0,6.98,1.31,0.0
20231228:1810,0.0,0.0,0.0,6.41,1.38,0.0
20231228:1910,0.0,0.0,0.0,6.33,1.31,0.0
20231228:2010,0.0,0.0,0.0,5.95,1.45,0.0
20231228:2110,0.0,0.0,0.0,6.13,1.45,0.0
20231228:2210,0.0,0.0,0.0,6.3,1.38,0.0
20231228:2310,0.0,0.0,0.0,6.43,1.38,0.0
20231229:0010,0.0,0.0,0.0,6.5,1.45,0.0
20231229:0110,0.0,0.0,0.0,6.42,1.38,0.0
20231229:0210,0.0,0.0,0.0,6.24,1.31,0.0
20231229:0310,0.0,0.0,0.0,6.06,1.17,0.0
20231229:0410,0.0,0.0,0.0,5.89,1.1,0.0
20231229:0510,0.0,0.0,0.0,5.44,1.1,0.0
20231229:0610,0.0,0.0,0.0,5.27,1.03,0.0
20231229:0710,0.0,0.0,0.0,4.83,1.17,0.0
20231229:0810,11.16,22.32,7.95,5.12,1.1,0.0
20231229:0910,63.09,78.72,14.43,6.57,0.9,0.0
20231229:1010,26.63,40.77,18.9,8.44,0.69,0.0
20231229:1110,34.45,49.5,20.93,9.2,0.48,0.0
20231229:1210,31.73,46.59,20.3,9.45,0.34,0.0
20231229:1310,23.02,36.88,17.09,9.61,0.34,0.0
20231229:1410,35.27,50.47,11.62,9.65,0.48,0.0
20231229:1510,2.63,10.68,4.36,9.36,0.76,0.0
20231229:1610,0.0,0.0,0.0,8.67,1.17,0.0
20231229:1710,0.0,0.0,0.0,7.62,1.45,0.0
20231229:1810,0.0,0.0,0.0,7.04,1.38,0.0
20231229:1910,0.0,0.0,0.0,7.24,1.17,0.0
20231229:2010,0.0,0.0,0.0,7.18,1.03,0.0
20231229:2110,0.0,0.0,0.0,6.93,1.17,0.0
20231229:2210,0.0,0.0,0.0,6.65,1.24,0.0
20231229:2310,0.0,0.0,0.0,6.4,1.24,0.0
20231230:0010,0.0,0.0,0.0,6.3,1.17,0.0
20231230:0110,0.0,0.0,0.0,6.14,1.31,0.0
20231230:0210,0.0,0.0,0.0,5.67,1.38,0.0
20231230:0310,0.0,0.0,0.0,5.24,1.38,0.0
20231230:0410,0.0,0.0,0.0,4.92,1.38,0.0
20231230:0510,0.0,0.0,0.0,4.72,1.31,0.0
20231230:0610,0.0,0.0,0.0,3.88,1.52,0.0
20231230:0710,0.0,0.0,0.0,3.63,1.31,0.0
20231230:0810,181.43,212.64,7.94,4.09,1.1,0.0
20231230:0910,360.08,378.65,14.44,6.73,0.48,0.0
20231230:1010,502.05,525.65,18.93,8.82,0.21,0.0
20231230:1110,575.13,605.02,20.99,9.72,0.28,0.0
20231230:1210,595.47,625.59,20.38,9.95,0.48,0.0
20231230:1310,423.57,440.22,17.18,10.16,0.69,0.0
20231230:1410,67.57,84.24,11.73,10.0,0.97,0.0
20231230:1510,9.38,20.38,4.47,9.42,0.76,0.0
20231230:1610,0.0,0.0,0.0,8.08,0.83,0.0
20231230:1710,0.0,0.0,0.0,7.89,0.48,0.0
20231230:1810,0.0,0.0,0.0,6.93,0.9,0.0
20231230:1910,0.0,0.0,0.0,7.49,0.69,0.0
20231230:2010,0.0,0.0,0.0,6.56,0.97,0.0
20231230:2110,0.0,0.0,0.0,5.63,1.24,0.0
20231230:2210,0.0,0.0,0.0,5.46,1.17,0.0
20231230:2310,0.0,0.0,0.0,5.32,1.17,0.0
20231231:0010,0.0,0.0,0.0,5.15,1.24,0.0
20231231:0110,0.0,0.0,0.0,5.52,1.1,0.0
20231231:0210,0.0,0.0,0.0,5.82,1.1,0.0
20231231:0310,0.0,0.0,0.0,5.88,1.1,0.0
20231231:0410,0.0,0.0,0.0,6.09,0.97,0.0
20231231:0510,0.0,0.0,0.0,6.17,0.9,0.0
20231231:0610,0.0,0.0,0.0,6.24,0.83,0.0
20231231:0710,0.0,0.0,0.0,5.79,0.83,0.0
20231231:0810,25.24,38.82,7.94,5.83,0.76,0.0
20231231:0910,11.86,23.29,14.46,6.23,0.69,0.0
20231231:1010,39.44,54.35,18.97,6.78,0.62,0.0
20231231:1110,29.48,43.68,21.05,6.9,0.55,0.0
20231231:1210,24.23,37.85,20.46,6.81,0.34,0.0
20231231:1310,25.1,38.82,17.28,6.76,0.14,0.0
20231231:1410,78.68,94.32,11.84,6.87,0.62,0.0
20231231:1510,3.29,11.65,4.59,6.86,0.9,0.0
20231231:1610,0.0,0.0,0.0,6.66,1.24,0.0
20231231:1710,0.0,0.0,0.0,6.55,1.38,0.0
20231231:1810,0.0,0.0,0.0,6.5,1.1,0.0
20231231:1910,0.0,0.0,0.0,6.17,1.79,0.0
20231231:2010,0.0,0.0,0.0,6.15,1.45,0.0
20231231:2110,0.0,0.0,0.0,5.83,1.1,0.0
20231231:2210,0.0,0.0,0.0,5.06,1.31,0.0
20231231:2310,0.0,0.0,0.0,4.34,1.24,0.0

P: PV system power (W)
G(i): Global irradiance on the inclined plane (plane of the array) (W/m2)
H_sun: Sun height (degree)
T2m: 2-m air temperature (degree Celsius)
WS10m: 10-m total wind speed (m/s)
Int: 1 means solar radiation values are reconstructed



PVGIS (c) European Union, 2001-2025