Latitude (decimal degrees):	45.798
Longitude (decimal degrees):	8.733
Elevation (m):	254
Radiation database:	PVGIS-SARAH3


Slope: 22 deg. 
Azimuth: 30 deg. 
Nominal power of the PV system (c-Si) (kWp):	1.0
System losses (%):	0.0
time,P,G(i),H_sun,T2m,WS10m,Int
20230101:0010,0.0,0.0,0.0,8.05,1.38,0.0
20230101:0110,0.0,0.0,0.0,8.01,1.31,0.0
20230101:0210,0.0,0.0,0.0,7.98,1.17,0.0
20230101:0310,0.0,0.0,0.0,7.95,1.17,0.0
20230101:0410,0.0,0.0,0.0,7.95,1.24,0.0
20230101:0510,0.0,0.0,0.0,8.08,1.31,0.0
20230101:0610,0.0,0.0,0.0,8.11,1.45,0.0
20230101:0710,0.0,0.0,0.0,7.77,1.03,0.0
20230101:0810,43.18,60.51,7.87,7.88,0.97,0.0
20230101:0910,67.7,84.11,14.41,8.47,0.9,0.0
20230101:1010,97.63,114.33,18.96,9.13,0.97,0.0
20230101:1110,85.93,102.89,21.07,9.71,0.97,0.0
20230101:1210,115.59,132.58,20.53,10.03,0.97,0.0
20230101:1310,96.93,114.1,17.39,10.42,0.97,0.0
20230101:1410,59.53,76.13,11.98,10.37,0.97,0.0
20230101:1510,28.62,43.57,4.76,10.19,0.97,0.0
20230101:1610,0.0,0.0,0.0,9.77,1.1,0.0
20230101:1710,0.0,0.0,0.0,9.19,1.03,0.0
20230101:1810,0.0,0.0,0.0,8.89,0.76,0.0
20230101:1910,0.0,0.0,0.0,8.53,0.83,0.0
20230101:2010,0.0,0.0,0.0,8.7,0.76,0.0
20230101:2110,0.0,0.0,0.0,8.66,0.76,0.0
20230101:2210,0.0,0.0,0.0,8.55,0.83,0.0
20230101:2310,0.0,0.0,0.0,8.36,0.97,0.0
20230102:0010,0.0,0.0,0.0,8.41,1.03,0.0
20230102:0110,0.0,0.0,0.0,8.45,0.97,0.0
20230102:0210,0.0,0.0,0.0,8.51,0.83,0.0
20230102:0310,0.0,0.0,0.0,8.63,0.76,0.0
20230102:0410,0.0,0.0,0.0,8.36,0.83,0.0
20230102:0510,0.0,0.0,0.0,8.44,0.83,0.0
20230102:0610,0.0,0.0,0.0,8.66,0.62,0.0
20230102:0710,0.0,0.0,0.0,7.98,0.76,0.0
20230102:0810,1.53,8.74,7.88,8.33,0.55,0.0
20230102:0910,8.67,19.41,14.45,8.85,0.34,0.0
20230102:1010,43.45,59.21,19.01,9.46,0.34,0.0
20230102:1110,79.08,96.09,21.15,9.8,0.48,0.0
20230102:1210,109.34,126.53,20.63,10.12,0.69,0.0
20230102:1310,60.92,77.65,17.5,10.25,0.69,0.0
20230102:1410,56.56,73.13,12.1,10.4,0.34,0.0
20230102:1510,8.6,19.41,4.89,10.21,0.28,0.0
20230102:1610,0.0,0.0,0.0,9.76,0.62,0.0
20230102:1710,0.0,0.0,0.0,9.4,0.97,0.0
20230102:1810,0.0,0.0,0.0,9.31,1.1,0.0
20230102:1910,0.0,0.0,0.0,9.12,0.69,0.0
20230102:2010,0.0,0.0,0.0,9.33,0.62,0.0
20230102:2110,0.0,0.0,0.0,9.2,0.69,0.0
20230102:2210,0.0,0.0,0.0,8.96,0.76,0.0
20230102:2310,0.0,0.0,0.0,8.72,0.9,0.0
20230103:0010,0.0,0.0,0.0,8.68,1.03,0.0
20230103:0110,0.0,0.0,0.0,8.59,1.1,0.0
20230103:0210,0.0,0.0,0.0,8.55,0.97,0.0
20230103:0310,0.0,0.0,0.0,8.51,0.9,0.0
20230103:0410,0.0,0.0,0.0,8.36,0.76,0.0
20230103:0510,0.0,0.0,0.0,8.38,0.62,0.0
20230103:0610,0.0,0.0,0.0,8.34,0.69,0.0
20230103:0710,0.0,0.0,0.0,8.27,0.62,0.0
20230103:0810,42.94,60.38,7.91,8.36,0.62,0.0
20230103:0910,87.79,104.88,14.49,8.9,0.41,0.0
20230103:1010,103.01,120.03,19.08,9.47,0.34,0.0
20230103:1110,61.99,78.62,21.24,9.62,0.21,0.0
20230103:1210,99.32,116.63,20.74,9.96,0.14,0.0
20230103:1310,68.46,85.41,17.62,10.01,0.07,0.0
20230103:1410,140.57,157.15,12.23,10.22,0.21,0.0
20230103:1510,0.0,4.85,5.02,10.3,0.21,0.0
20230103:1610,0.0,0.0,0.0,9.9,0.41,0.0
20230103:1710,0.0,0.0,0.0,9.1,0.69,0.0
20230103:1810,0.0,0.0,0.0,7.31,1.17,0.0
20230103:1910,0.0,0.0,0.0,6.98,1.31,0.0
20230103:2010,0.0,0.0,0.0,6.24,1.45,0.0
20230103:2110,0.0,0.0,0.0,5.69,1.52,0.0
20230103:2210,0.0,0.0,0.0,5.38,1.45,0.0
20230103:2310,0.0,0.0,0.0,4.73,1.45,0.0
20230104:0010,0.0,0.0,0.0,4.09,1.52,0.0
20230104:0110,0.0,0.0,0.0,3.65,1.66,0.0
20230104:0210,0.0,0.0,0.0,3.73,1.72,0.0
20230104:0310,0.0,0.0,0.0,3.63,1.72,0.0
20230104:0410,0.0,0.0,0.0,3.81,1.79,0.0
20230104:0510,0.0,0.0,0.0,3.33,1.79,0.0
20230104:0610,0.0,0.0,0.0,2.95,1.86,0.0
20230104:0710,0.0,0.0,0.0,3.74,1.86,0.0
20230104:0810,123.82,161.52,7.94,3.9,1.79,0.0
20230104:0910,286.61,303.75,14.54,5.07,1.52,0.0
20230104:1010,466.0,479.69,19.15,6.79,1.1,0.0
20230104:1110,367.14,380.64,21.34,8.82,0.69,0.0
20230104:1210,434.39,453.2,20.85,10.1,0.34,0.0
20230104:1310,252.7,268.85,17.75,10.61,0.0,0.0
20230104:1410,169.81,186.17,12.37,10.6,0.41,0.0
20230104:1510,40.38,56.47,5.16,10.1,0.83,0.0
20230104:1610,0.0,0.0,0.0,8.65,0.97,0.0
20230104:1710,0.0,0.0,0.0,7.71,0.97,0.0
20230104:1810,0.0,0.0,0.0,6.9,1.1,0.0
20230104:1910,0.0,0.0,0.0,5.74,1.45,0.0
20230104:2010,0.0,0.0,0.0,4.49,1.59,0.0
20230104:2110,0.0,0.0,0.0,3.37,1.72,0.0
20230104:2210,0.0,0.0,0.0,2.65,1.72,0.0
20230104:2310,0.0,0.0,0.0,2.34,1.52,0.0
20230105:0010,0.0,0.0,0.0,2.34,1.45,0.0
20230105:0110,0.0,0.0,0.0,2.33,1.38,0.0
20230105:0210,0.0,0.0,0.0,2.49,1.45,0.0
20230105:0310,0.0,0.0,0.0,2.7,1.45,0.0
20230105:0410,0.0,0.0,0.0,2.8,1.45,0.0
20230105:0510,0.0,0.0,0.0,2.35,1.59,0.0
20230105:0610,0.0,0.0,0.0,2.33,1.52,0.0
20230105:0710,0.0,0.0,0.0,3.22,1.31,0.0
20230105:0810,37.67,52.9,7.98,4.09,1.03,0.0
20230105:0910,285.88,306.2,14.6,6.44,0.76,0.0
20230105:1010,433.27,451.27,19.23,8.56,0.69,0.0
20230105:1110,555.52,579.07,21.44,9.8,0.9,0.0
20230105:1210,602.19,631.4,20.97,10.83,0.97,0.0
20230105:1310,539.58,565.0,17.88,11.7,1.03,0.0
20230105:1410,432.47,454.03,12.51,12.11,1.03,0.0
20230105:1510,228.71,250.78,5.31,11.62,0.97,0.0
20230105:1610,0.0,0.0,0.0,9.85,1.52,0.0
20230105:1710,0.0,0.0,0.0,7.67,1.86,0.0
20230105:1810,0.0,0.0,0.0,6.19,2.14,0.0
20230105:1910,0.0,0.0,0.0,5.48,1.93,0.0
20230105:2010,0.0,0.0,0.0,4.56,1.93,0.0
20230105:2110,0.0,0.0,0.0,3.8,1.86,0.0
20230105:2210,0.0,0.0,0.0,3.25,1.86,0.0
20230105:2310,0.0,0.0,0.0,2.65,1.93,0.0
20230106:0010,0.0,0.0,0.0,2.14,1.93,0.0
20230106:0110,0.0,0.0,0.0,2.04,1.79,0.0
20230106:0210,0.0,0.0,0.0,2.05,1.66,0.0
20230106:0310,0.0,0.0,0.0,2.01,1.59,0.0
20230106:0410,0.0,0.0,0.0,2.17,1.52,0.0
20230106:0510,0.0,0.0,0.0,2.41,1.52,0.0
20230106:0610,0.0,0.0,0.0,2.63,1.52,0.0
20230106:0710,0.0,0.0,0.0,2.54,1.66,0.0
20230106:0810,43.52,59.36,8.02,2.92,1.52,0.0
20230106:0910,78.46,93.58,14.67,4.73,1.17,0.0
20230106:1010,64.76,80.56,19.32,7.03,0.69,0.0
20230106:1110,59.37,75.71,21.55,8.94,0.21,0.0
20230106:1210,51.64,67.94,21.1,9.88,0.28,0.0
20230106:1310,49.73,66.0,18.02,10.17,0.48,0.0
20230106:1410,31.63,46.59,12.66,10.14,0.55,0.0
20230106:1510,19.06,32.36,5.46,9.58,0.62,0.0
20230106:1610,0.0,0.0,0.0,8.27,0.69,0.0
20230106:1710,0.0,0.0,0.0,8.04,0.21,0.0
20230106:1810,0.0,0.0,0.0,7.61,0.34,0.0
20230106:1910,0.0,0.0,0.0,5.34,1.1,0.0
20230106:2010,0.0,0.0,0.0,4.05,1.31,0.0
20230106:2110,0.0,0.0,0.0,3.86,1.24,0.0
20230106:2210,0.0,0.0,0.0,3.57,1.17,0.0
20230106:2310,0.0,0.0,0.0,2.38,1.31,0.0
20230107:0010,0.0,0.0,0.0,1.51,1.17,0.0
20230107:0110,0.0,0.0,0.0,1.79,1.17,0.0
20230107:0210,0.0,0.0,0.0,1.93,1.24,0.0
20230107:0310,0.0,0.0,0.0,1.82,1.31,0.0
20230107:0410,0.0,0.0,0.0,1.72,1.38,0.0
20230107:0510,0.0,0.0,0.0,1.88,1.45,0.0
20230107:0610,0.0,0.0,0.0,1.78,1.52,0.0
20230107:0710,0.0,0.0,0.0,2.39,1.52,0.0
20230107:0810,50.56,67.56,8.07,3.06,1.38,0.0
20230107:0910,97.51,112.33,14.74,4.24,1.1,0.0
20230107:1010,79.48,95.12,19.41,6.31,0.62,0.0
20230107:1110,73.3,89.3,21.66,7.2,0.34,0.0
20230107:1210,75.94,92.21,21.23,7.89,0.34,0.0
20230107:1310,106.86,123.08,18.17,8.19,0.21,0.0
20230107:1410,64.5,80.69,12.81,8.33,0.14,0.0
20230107:1510,48.01,64.09,5.62,8.08,0.21,0.0
20230107:1610,0.0,0.0,0.0,7.66,0.14,0.0
20230107:1710,0.0,0.0,0.0,7.36,0.34,0.0
20230107:1810,0.0,0.0,0.0,6.92,0.69,0.0
20230107:1910,0.0,0.0,0.0,6.52,1.17,0.0
20230107:2010,0.0,0.0,0.0,6.6,1.24,0.0
20230107:2110,0.0,0.0,0.0,6.58,1.24,0.0
20230107:2210,0.0,0.0,0.0,6.35,1.38,0.0
20230107:2310,0.0,0.0,0.0,6.28,1.38,0.0
20230108:0010,0.0,0.0,0.0,6.2,1.24,0.0
20230108:0110,0.0,0.0,0.0,6.11,1.24,0.0
20230108:0210,0.0,0.0,0.0,5.96,1.17,0.0
20230108:0310,0.0,0.0,0.0,5.99,1.03,0.0
20230108:0410,0.0,0.0,0.0,6.03,1.1,0.0
20230108:0510,0.0,0.0,0.0,6.01,1.17,0.0
20230108:0610,0.0,0.0,0.0,5.8,1.17,0.0
20230108:0710,0.0,0.0,0.0,5.56,0.9,0.0
20230108:0810,33.16,48.1,8.13,5.74,0.69,0.0
20230108:0910,78.74,94.5,14.82,6.21,0.62,0.0
20230108:1010,113.28,128.55,19.52,6.46,0.62,0.0
20230108:1110,45.0,60.18,21.79,6.74,0.69,0.0
20230108:1210,121.08,136.29,21.37,6.79,0.69,0.0
20230108:1310,50.61,66.0,18.33,6.79,0.97,0.0
20230108:1410,8.77,19.41,12.97,7.0,1.24,0.0
20230108:1510,44.95,60.43,5.78,6.89,1.31,0.0
20230108:1610,0.0,0.0,0.0,6.72,1.31,0.0
20230108:1710,0.0,0.0,0.0,6.61,1.17,0.0
20230108:1810,0.0,0.0,0.0,6.55,1.24,0.0
20230108:1910,0.0,0.0,0.0,5.9,1.24,0.0
20230108:2010,0.0,0.0,0.0,5.91,1.59,0.0
20230108:2110,0.0,0.0,0.0,5.85,2.21,0.0
20230108:2210,0.0,0.0,0.0,5.64,2.55,0.0
20230108:2310,0.0,0.0,0.0,5.52,2.48,0.0
20230109:0010,0.0,0.0,0.0,5.53,2.28,0.0
20230109:0110,0.0,0.0,0.0,5.63,1.86,0.0
20230109:0210,0.0,0.0,0.0,5.78,1.45,0.0
20230109:0310,0.0,0.0,0.0,5.92,0.97,0.0
20230109:0410,0.0,0.0,0.0,5.43,1.1,0.0
20230109:0510,0.0,0.0,0.0,4.36,1.45,0.0
20230109:0610,0.0,0.0,0.0,3.45,1.45,0.0
20230109:0710,0.0,0.0,0.0,3.96,1.17,0.0
20230109:0810,136.39,178.52,8.2,3.71,1.03,0.0
20230109:0910,330.12,350.7,14.9,5.65,1.24,0.0
20230109:1010,496.51,510.27,19.63,7.41,1.66,0.0
20230109:1110,607.0,625.74,21.92,9.02,1.79,0.0
20230109:1210,647.68,671.64,21.52,10.18,1.86,0.0
20230109:1310,601.25,623.09,18.49,10.86,1.93,0.0
20230109:1410,481.56,498.65,13.14,10.97,2.0,0.0
20230109:1510,275.75,294.9,5.95,10.2,1.93,0.0
20230109:1610,0.0,0.0,0.0,8.54,2.48,0.0
20230109:1710,0.0,0.0,0.0,7.18,2.76,0.0
20230109:1810,0.0,0.0,0.0,6.35,2.9,0.0
20230109:1910,0.0,0.0,0.0,5.18,2.34,0.0
20230109:2010,0.0,0.0,0.0,3.96,2.41,0.0
20230109:2110,0.0,0.0,0.0,3.35,2.55,0.0
20230109:2210,0.0,0.0,0.0,2.93,2.55,0.0
20230109:2310,0.0,0.0,0.0,2.41,2.48,0.0
20230110:0010,0.0,0.0,0.0,1.82,2.62,0.0
20230110:0110,0.0,0.0,0.0,1.69,2.76,0.0
20230110:0210,0.0,0.0,0.0,1.72,2.83,0.0
20230110:0310,0.0,0.0,0.0,1.68,2.9,0.0
20230110:0410,0.0,0.0,0.0,1.66,2.97,0.0
20230110:0510,0.0,0.0,0.0,1.61,3.03,0.0
20230110:0610,0.0,0.0,0.0,1.57,3.03,0.0
20230110:0710,0.0,0.0,0.0,2.36,2.83,0.0
20230110:0810,140.76,182.06,8.27,2.48,2.76,0.0
20230110:0910,364.45,382.77,15.0,4.98,2.62,0.0
20230110:1010,537.7,549.51,19.74,7.45,2.55,0.0
20230110:1110,620.77,631.93,22.06,8.87,3.17,0.0
20230110:1210,659.77,673.74,21.68,9.53,3.17,0.0
20230110:1310,612.59,627.22,18.65,9.84,2.76,0.0
20230110:1410,499.8,514.06,13.31,9.68,2.14,0.0
20230110:1510,287.28,304.24,6.12,8.79,2.07,0.0
20230110:1610,0.0,0.0,0.0,7.06,2.28,0.0
20230110:1710,0.0,0.0,0.0,5.66,2.28,0.0
20230110:1810,0.0,0.0,0.0,4.6,2.34,0.0
20230110:1910,0.0,0.0,0.0,3.96,2.21,0.0
20230110:2010,0.0,0.0,0.0,2.9,2.28,0.0
20230110:2110,0.0,0.0,0.0,2.11,2.21,0.0
20230110:2210,0.0,0.0,0.0,1.81,2.14,0.0
20230110:2310,0.0,0.0,0.0,1.13,2.28,0.0
20230111:0010,0.0,0.0,0.0,0.57,2.28,0.0
20230111:0110,0.0,0.0,0.0,0.25,2.28,0.0
20230111:0210,0.0,0.0,0.0,-0.02,2.21,0.0
20230111:0310,0.0,0.0,0.0,-0.2,2.21,0.0
20230111:0410,0.0,0.0,0.0,-0.15,2.21,0.0
20230111:0510,0.0,0.0,0.0,-0.05,2.28,0.0
20230111:0610,0.0,0.0,0.0,-0.12,2.14,0.0
20230111:0710,0.0,0.0,0.0,0.09,1.93,0.0
20230111:0810,66.05,84.73,8.35,0.63,1.66,0.0
20230111:0910,117.49,131.32,15.1,2.99,1.38,0.0
20230111:1010,183.61,196.18,19.87,5.79,1.1,0.0
20230111:1110,463.8,478.04,22.2,8.14,0.83,0.0
20230111:1210,393.81,409.29,21.84,9.51,0.48,0.0
20230111:1310,354.78,370.69,18.82,9.98,0.21,0.0
20230111:1410,292.51,308.36,13.48,9.92,0.0,0.0
20230111:1510,29.95,44.72,6.29,9.4,0.14,0.0
20230111:1610,0.0,0.0,0.0,8.69,0.48,0.0
20230111:1710,0.0,0.0,0.0,6.49,1.17,0.0
20230111:1810,0.0,0.0,0.0,5.34,1.45,0.0
20230111:1910,0.0,0.0,0.0,6.63,0.83,0.0
20230111:2010,0.0,0.0,0.0,5.22,1.17,0.0
20230111:2110,0.0,0.0,0.0,4.45,1.24,0.0
20230111:2210,0.0,0.0,0.0,4.21,1.17,0.0
20230111:2310,0.0,0.0,0.0,3.72,1.31,0.0
20230112:0010,0.0,0.0,0.0,1.59,1.93,0.0
20230112:0110,0.0,0.0,0.0,0.31,2.0,0.0
20230112:0210,0.0,0.0,0.0,-0.48,1.93,0.0
20230112:0310,0.0,0.0,0.0,-1.03,1.86,0.0
20230112:0410,0.0,0.0,0.0,-1.24,1.93,0.0
20230112:0510,0.0,0.0,0.0,-1.44,2.0,0.0
20230112:0610,0.0,0.0,0.0,-1.44,2.0,0.0
20230112:0710,0.0,0.0,0.0,-0.89,2.21,0.0
20230112:0810,92.18,115.59,8.43,-0.07,2.07,0.0
20230112:0910,273.7,286.84,15.2,3.17,1.79,0.0
20230112:1010,483.03,493.33,20.0,5.88,1.45,0.0
20230112:1110,564.01,579.97,22.36,7.44,1.1,0.0
20230112:1210,614.38,640.98,22.01,8.79,0.69,0.0
20230112:1310,559.07,582.66,19.0,9.56,0.69,0.0
20230112:1410,367.52,382.42,13.67,9.71,0.69,0.0
20230112:1510,172.65,190.31,6.48,9.05,0.48,0.0
20230112:1610,0.0,0.0,0.0,8.42,0.76,0.0
20230112:1710,0.0,0.0,0.0,6.94,1.03,0.0
20230112:1810,0.0,0.0,0.0,5.5,1.24,0.0
20230112:1910,0.0,0.0,0.0,3.17,1.72,0.0
20230112:2010,0.0,0.0,0.0,2.74,1.66,0.0
20230112:2110,0.0,0.0,0.0,2.63,1.59,0.0
20230112:2210,0.0,0.0,0.0,2.13,1.66,0.0
20230112:2310,0.0,0.0,0.0,1.76,1.66,0.0
20230113:0010,0.0,0.0,0.0,1.05,1.79,0.0
20230113:0110,0.0,0.0,0.0,0.4,1.93,0.0
20230113:0210,0.0,0.0,0.0,0.21,1.93,0.0
20230113:0310,0.0,0.0,0.0,0.18,1.93,0.0
20230113:0410,0.0,0.0,0.0,0.27,1.86,0.0
20230113:0510,0.0,0.0,0.0,0.02,1.86,0.0
20230113:0610,0.0,0.0,0.0,-0.27,1.86,0.0
20230113:0710,0.0,0.0,0.0,0.2,1.72,0.0
20230113:0810,52.0,68.03,8.53,0.99,1.59,0.0
20230113:0910,188.55,201.2,15.32,2.77,1.38,0.0
20230113:1010,320.77,329.39,20.14,5.26,1.03,0.0
20230113:1110,600.29,624.6,22.51,7.74,0.55,0.0
20230113:1210,625.92,658.93,22.19,8.92,0.28,0.0
20230113:1310,590.01,622.27,19.19,9.33,0.07,0.0
20230113:1410,476.68,499.14,13.85,9.41,0.14,0.0
20230113:1510,274.34,293.75,6.66,8.92,0.14,0.0
20230113:1610,0.0,0.0,0.0,7.6,0.83,0.0
20230113:1710,0.0,0.0,0.0,4.99,1.45,0.0
20230113:1810,0.0,0.0,0.0,2.92,1.79,0.0
20230113:1910,0.0,0.0,0.0,3.52,1.52,0.0
20230113:2010,0.0,0.0,0.0,1.87,1.79,0.0
20230113:2110,0.0,0.0,0.0,0.22,2.0,0.0
20230113:2210,0.0,0.0,0.0,-0.3,2.14,0.0
20230113:2310,0.0,0.0,0.0,-0.31,2.34,0.0
20230114:0010,0.0,0.0,0.0,-0.15,2.41,0.0
20230114:0110,0.0,0.0,0.0,0.08,2.48,0.0
20230114:0210,0.0,0.0,0.0,0.32,2.62,0.0
20230114:0310,0.0,0.0,0.0,0.5,2.69,0.0
20230114:0410,0.0,0.0,0.0,0.76,2.83,0.0
20230114:0510,0.0,0.0,0.0,0.91,2.76,0.0
20230114:0610,0.0,0.0,0.0,0.83,2.69,0.0
20230114:0710,0.0,0.0,0.0,0.31,2.34,0.0
20230114:0810,126.45,160.33,8.62,0.43,2.0,0.0
20230114:0910,309.24,323.79,15.44,3.32,1.52,0.0
20230114:1010,464.72,476.34,20.28,6.78,1.45,0.0
20230114:1110,579.17,591.9,22.68,7.94,1.93,0.0
20230114:1210,582.76,595.0,22.37,8.35,2.07,0.0
20230114:1310,525.0,537.45,19.38,8.38,1.52,0.0
20230114:1410,397.75,409.96,14.05,8.34,0.9,0.0
20230114:1510,249.49,266.08,6.85,7.99,0.62,0.0
20230114:1610,0.0,0.0,0.0,6.58,1.17,0.0
20230114:1710,0.0,0.0,0.0,4.91,1.52,0.0
20230114:1810,0.0,0.0,0.0,4.05,1.52,0.0
20230114:1910,0.0,0.0,0.0,3.25,1.52,0.0
20230114:2010,0.0,0.0,0.0,2.81,1.52,0.0
20230114:2110,0.0,0.0,0.0,2.46,1.52,0.0
20230114:2210,0.0,0.0,0.0,1.98,1.52,0.0
20230114:2310,0.0,0.0,0.0,1.57,1.59,0.0
20230115:0010,0.0,0.0,0.0,1.81,1.45,0.0
20230115:0110,0.0,0.0,0.0,1.99,1.45,0.0
20230115:0210,0.0,0.0,0.0,2.63,1.31,0.0
20230115:0310,0.0,0.0,0.0,3.14,1.38,0.0
20230115:0410,0.0,0.0,0.0,3.27,1.38,0.0
20230115:0510,0.0,0.0,0.0,3.55,1.31,0.0
20230115:0610,0.0,0.0,0.0,3.63,1.31,0.0
20230115:0710,0.0,0.0,0.0,2.89,1.38,0.0
20230115:0810,34.01,48.2,8.73,3.35,1.24,0.0
20230115:0910,33.47,47.56,15.57,4.6,1.24,0.0
20230115:1010,41.45,56.3,20.43,6.13,1.24,0.0
20230115:1110,61.88,77.65,22.85,7.23,1.17,0.0
20230115:1210,62.61,78.62,22.56,7.87,0.9,0.0
20230115:1310,93.66,109.97,19.58,8.26,0.83,0.0
20230115:1410,30.19,44.65,14.25,8.11,0.76,0.0
20230115:1510,14.93,27.18,7.05,7.71,0.76,0.0
20230115:1610,0.0,0.0,0.0,7.0,1.1,0.0
20230115:1710,0.0,0.0,0.0,6.12,1.31,0.0
20230115:1810,0.0,0.0,0.0,5.17,1.24,0.0
20230115:1910,0.0,0.0,0.0,3.11,1.66,0.0
20230115:2010,0.0,0.0,0.0,1.96,1.72,0.0
20230115:2110,0.0,0.0,0.0,0.83,1.72,0.0
20230115:2210,0.0,0.0,0.0,0.32,1.59,0.0
20230115:2310,0.0,0.0,0.0,-0.18,1.66,0.0
20230116:0010,0.0,0.0,0.0,-0.55,1.66,0.0
20230116:0110,0.0,0.0,0.0,-0.96,1.72,0.0
20230116:0210,0.0,0.0,0.0,-1.4,1.79,0.0
20230116:0310,0.0,0.0,0.0,-1.75,1.79,0.0
20230116:0410,0.0,0.0,0.0,-2.13,1.86,0.0
20230116:0510,0.0,0.0,0.0,-2.01,1.66,0.0
20230116:0610,0.0,0.0,0.0,-1.17,1.66,0.0
20230116:0710,0.0,0.0,0.0,-1.26,1.66,0.0
20230116:0810,40.66,54.65,8.84,-0.54,1.45,0.0
20230116:0910,79.72,93.57,15.7,1.68,1.45,0.0
20230116:1010,90.53,104.83,20.59,3.57,1.1,0.0
20230116:1110,45.54,60.18,23.04,4.31,0.69,0.0
20230116:1210,28.08,41.74,22.75,4.44,0.76,0.0
20230116:1310,24.59,37.85,19.78,4.13,1.17,0.0
20230116:1410,199.6,208.27,14.45,3.92,1.72,0.0
20230116:1510,2.16,9.71,7.25,3.6,1.52,0.0
20230116:1610,0.0,0.0,0.0,3.28,1.45,0.0
20230116:1710,0.0,0.0,0.0,2.91,1.38,0.0
20230116:1810,0.0,0.0,0.0,2.67,1.03,0.0
20230116:1910,0.0,0.0,0.0,2.65,0.83,0.0
20230116:2010,0.0,0.0,0.0,2.41,0.76,0.0
20230116:2110,0.0,0.0,0.0,1.59,0.97,0.0
20230116:2210,0.0,0.0,0.0,1.25,0.97,0.0
20230116:2310,0.0,0.0,0.0,0.85,0.97,0.0
20230117:0010,0.0,0.0,0.0,-0.2,1.17,0.0
20230117:0110,0.0,0.0,0.0,-0.13,0.97,0.0
20230117:0210,0.0,0.0,0.0,-0.85,1.17,0.0
20230117:0310,0.0,0.0,0.0,-1.0,1.17,0.0
20230117:0410,0.0,0.0,0.0,-0.38,1.31,0.0
20230117:0510,0.0,0.0,0.0,-0.17,1.45,0.0
20230117:0610,0.0,0.0,0.0,-0.1,2.0,0.0
20230117:0710,0.0,0.0,0.0,0.97,1.72,0.0
20230117:0810,55.79,72.04,8.96,1.21,1.66,0.0
20230117:0910,80.6,94.52,15.85,2.01,1.66,0.0
20230117:1010,52.65,66.97,20.76,2.65,1.45,0.0
20230117:1110,36.56,50.47,23.22,2.69,1.17,0.0
20230117:1210,49.8,64.06,22.96,2.59,1.52,0.0
20230117:1310,109.85,122.87,19.99,2.53,1.59,0.0
20230117:1410,8.99,19.41,14.66,2.7,0.97,0.0
20230117:1510,1.61,8.74,7.45,2.74,0.69,0.0
20230117:1610,0.0,0.0,0.0,2.53,0.55,0.0
20230117:1710,0.0,0.0,0.0,2.51,0.28,0.0
20230117:1810,0.0,0.0,0.0,2.49,0.28,0.0
20230117:1910,0.0,0.0,0.0,2.54,1.1,0.0
20230117:2010,0.0,0.0,0.0,2.7,0.62,0.0
20230117:2110,0.0,0.0,0.0,2.78,0.34,0.0
20230117:2210,0.0,0.0,0.0,2.32,0.62,0.0
20230117:2310,0.0,0.0,0.0,2.06,0.69,0.0
20230118:0010,0.0,0.0,0.0,1.6,0.76,0.0
20230118:0110,0.0,0.0,0.0,0.62,0.97,0.0
20230118:0210,0.0,0.0,0.0,-0.05,0.76,0.0
20230118:0310,0.0,0.0,0.0,-0.69,1.03,0.0
20230118:0410,0.0,0.0,0.0,-0.45,1.1,0.0
20230118:0510,0.0,0.0,0.0,-0.31,1.31,0.0
20230118:0610,0.0,0.0,0.0,-0.45,1.59,0.0
20230118:0710,0.0,0.0,0.0,-1.27,1.38,0.0
20230118:0810,149.28,188.64,9.09,-0.64,1.45,0.0
20230118:0910,376.73,389.41,15.99,0.95,1.52,0.0
20230118:1010,561.46,566.6,20.93,2.39,1.24,0.0
20230118:1110,624.79,635.86,23.42,3.76,0.83,0.0
20230118:1210,613.67,627.31,23.16,4.93,0.76,0.0
20230118:1310,410.09,417.38,20.2,5.59,0.62,0.0
20230118:1410,427.47,436.52,14.87,5.83,0.55,0.0
20230118:1510,245.6,258.84,7.66,5.59,0.41,0.0
20230118:1610,0.0,0.0,0.0,4.58,1.1,0.0
20230118:1710,0.0,0.0,0.0,4.02,0.76,0.0
20230118:1810,0.0,0.0,0.0,3.94,0.14,0.0
20230118:1910,0.0,0.0,0.0,1.56,1.1,0.0
20230118:2010,0.0,0.0,0.0,0.8,1.45,0.0
20230118:2110,0.0,0.0,0.0,0.06,1.52,0.0
20230118:2210,0.0,0.0,0.0,-0.66,1.72,0.0
20230118:2310,0.0,0.0,0.0,-1.21,2.0,0.0
20230119:0010,0.0,0.0,0.0,-0.88,2.28,0.0
20230119:0110,0.0,0.0,0.0,-0.18,2.62,0.0
20230119:0210,0.0,0.0,0.0,0.49,3.03,0.0
20230119:0310,0.0,0.0,0.0,0.97,3.45,0.0
20230119:0410,0.0,0.0,0.0,1.25,3.66,0.0
20230119:0510,0.0,0.0,0.0,1.53,3.66,0.0
20230119:0610,0.0,0.0,0.0,1.47,3.66,0.0
20230119:0710,0.0,0.0,0.0,1.25,3.66,0.0
20230119:0810,27.69,40.77,9.22,1.2,3.38,0.0
20230119:0910,33.99,47.56,16.15,1.84,3.24,0.0
20230119:1010,109.1,122.05,21.11,2.66,2.9,0.0
20230119:1110,132.99,145.33,23.62,3.41,2.69,0.0
20230119:1210,128.93,141.74,23.38,3.86,2.48,0.0
20230119:1310,379.05,379.94,20.42,4.05,1.93,0.0
20230119:1410,55.14,69.88,15.09,4.05,1.1,0.0
20230119:1510,60.66,75.54,7.87,3.85,0.34,0.0
20230119:1610,0.0,0.0,0.0,3.26,0.76,0.0
20230119:1710,0.0,0.0,0.0,1.81,1.1,0.0
20230119:1810,0.0,0.0,0.0,1.08,1.17,0.0
20230119:1910,0.0,0.0,0.0,1.92,0.97,0.0
20230119:2010,0.0,0.0,0.0,1.56,0.9,0.0
20230119:2110,0.0,0.0,0.0,0.46,1.1,0.0
20230119:2210,0.0,0.0,0.0,-1.37,1.52,0.0
20230119:2310,0.0,0.0,0.0,-2.58,1.52,0.0
20230120:0010,0.0,0.0,0.0,-2.34,1.45,0.0
20230120:0110,0.0,0.0,0.0,-2.66,1.72,0.0
20230120:0210,0.0,0.0,0.0,-2.33,2.0,0.0
20230120:0310,0.0,0.0,0.0,-2.21,2.28,0.0
20230120:0410,0.0,0.0,0.0,-2.51,2.48,0.0
20230120:0510,0.0,0.0,0.0,-2.85,2.55,0.0
20230120:0610,0.0,0.0,0.0,-2.89,2.41,0.0
20230120:0710,0.0,0.0,0.0,-2.58,2.55,0.0
20230120:0810,156.75,195.05,9.36,-1.88,2.41,0.0
20230120:0910,392.2,401.25,16.31,-0.01,2.21,0.0
20230120:1010,574.84,573.88,21.29,2.05,2.21,0.0
20230120:1110,680.39,681.12,23.82,3.6,2.48,0.0
20230120:1210,716.47,716.25,23.6,4.29,3.03,0.0
20230120:1310,661.58,657.4,20.65,4.48,3.45,0.0
20230120:1410,294.94,297.44,15.31,4.33,3.59,0.0
20230120:1510,325.48,330.74,8.09,3.73,3.31,0.0
20230120:1610,0.0,0.0,0.0,2.53,3.38,0.0
20230120:1710,0.0,0.0,0.0,1.38,3.38,0.0
20230120:1810,0.0,0.0,0.0,0.7,3.38,0.0
20230120:1910,0.0,0.0,0.0,0.89,3.86,0.0
20230120:2010,0.0,0.0,0.0,0.54,3.66,0.0
20230120:2110,0.0,0.0,0.0,0.16,3.59,0.0
20230120:2210,0.0,0.0,0.0,-0.13,3.52,0.0
20230120:2310,0.0,0.0,0.0,-0.36,3.45,0.0
20230121:0010,0.0,0.0,0.0,-0.71,3.38,0.0
20230121:0110,0.0,0.0,0.0,-1.01,3.31,0.0
20230121:0210,0.0,0.0,0.0,-1.37,3.31,0.0
20230121:0310,0.0,0.0,0.0,-1.69,3.24,0.0
20230121:0410,0.0,0.0,0.0,-1.95,3.17,0.0
20230121:0510,0.0,0.0,0.0,-2.1,3.1,0.0
20230121:0610,0.0,0.0,0.0,-2.19,3.1,0.0
20230121:0710,0.0,0.0,0.0,-1.2,3.66,0.0
20230121:0810,157.35,195.8,9.5,-0.59,3.72,0.0
20230121:0910,409.07,417.31,16.48,0.92,3.59,0.0
20230121:1010,549.72,543.43,21.49,2.62,3.86,0.0
20230121:1110,535.47,528.34,24.04,3.77,4.0,0.0
20230121:1210,708.86,702.99,23.82,4.49,4.07,0.0
20230121:1310,664.86,659.29,20.88,4.84,4.0,0.0
20230121:1410,496.67,493.25,15.54,4.78,3.59,0.0
20230121:1510,383.36,388.59,8.31,4.24,3.1,0.0
20230121:1610,0.0,0.0,0.0,3.15,2.97,0.0
20230121:1710,0.0,0.0,0.0,2.12,3.03,0.0
20230121:1810,0.0,0.0,0.0,1.58,3.17,0.0
20230121:1910,0.0,0.0,0.0,2.17,3.86,0.0
20230121:2010,0.0,0.0,0.0,1.8,3.86,0.0
20230121:2110,0.0,0.0,0.0,1.35,3.66,0.0
20230121:2210,0.0,0.0,0.0,0.79,3.45,0.0
20230121:2310,0.0,0.0,0.0,0.27,3.24,0.0
20230122:0010,0.0,0.0,0.0,-0.13,3.1,0.0
20230122:0110,0.0,0.0,0.0,-0.47,3.03,0.0
20230122:0210,0.0,0.0,0.0,-0.58,3.03,0.0
20230122:0310,0.0,0.0,0.0,-0.66,2.97,0.0
20230122:0410,0.0,0.0,0.0,-0.91,2.83,0.0
20230122:0510,0.0,0.0,0.0,-1.07,2.83,0.0
20230122:0610,0.0,0.0,0.0,-1.23,2.76,0.0
20230122:0710,0.0,0.0,0.0,-0.07,2.76,0.0
20230122:0810,88.86,108.53,9.65,0.41,2.69,0.0
20230122:0910,239.25,248.58,16.65,1.76,2.41,0.0
20230122:1010,406.84,406.94,21.69,3.15,2.55,0.0
20230122:1110,475.32,474.79,24.25,4.4,2.48,0.0
20230122:1210,552.69,554.77,24.06,5.19,2.21,0.0
20230122:1310,668.82,678.62,21.11,5.75,1.93,0.0
20230122:1410,556.02,564.13,15.77,5.94,1.59,0.0
20230122:1510,342.61,353.53,8.53,5.57,1.24,0.0
20230122:1610,0.0,0.0,0.0,3.77,1.31,0.0
20230122:1710,0.0,0.0,0.0,1.62,1.59,0.0
20230122:1810,0.0,0.0,0.0,-0.17,1.86,0.0
20230122:1910,0.0,0.0,0.0,3.46,0.28,0.0
20230122:2010,0.0,0.0,0.0,3.23,0.62,0.0
20230122:2110,0.0,0.0,0.0,2.06,1.1,0.0
20230122:2210,0.0,0.0,0.0,-0.3,1.72,0.0
20230122:2310,0.0,0.0,0.0,-0.96,2.07,0.0
20230123:0010,0.0,0.0,0.0,-1.36,2.55,0.0
20230123:0110,0.0,0.0,0.0,-1.47,2.62,0.0
20230123:0210,0.0,0.0,0.0,-1.47,2.62,0.0
20230123:0310,0.0,0.0,0.0,-1.31,2.69,0.0
20230123:0410,0.0,0.0,0.0,-1.36,2.69,0.0
20230123:0510,0.0,0.0,0.0,-1.26,2.48,0.0
20230123:0610,0.0,0.0,0.0,-1.17,2.48,0.0
20230123:0710,0.0,0.0,0.0,0.34,2.48,0.0
20230123:0810,80.19,98.48,9.81,0.9,1.93,0.0
20230123:0910,116.34,129.26,16.84,1.74,1.1,0.0
20230123:1010,98.72,112.59,21.89,3.05,1.03,0.0
20230123:1110,149.05,161.46,24.48,3.79,1.1,0.0
20230123:1210,94.12,108.71,24.29,4.13,0.55,0.0
20230123:1310,118.58,132.4,21.35,3.99,0.48,0.0
20230123:1410,52.15,66.97,16.01,4.37,0.62,0.0
20230123:1510,49.09,63.81,8.76,4.24,0.48,0.0
20230123:1610,0.0,0.0,0.0,3.45,1.03,0.0
20230123:1710,0.0,0.0,0.0,1.88,1.72,0.0
20230123:1810,0.0,0.0,0.0,0.95,2.14,0.0
20230123:1910,0.0,0.0,0.0,1.61,1.93,0.0
20230123:2010,0.0,0.0,0.0,1.46,1.86,0.0
20230123:2110,0.0,0.0,0.0,1.73,1.72,0.0
20230123:2210,0.0,0.0,0.0,1.4,1.59,0.0
20230123:2310,0.0,0.0,0.0,0.93,1.52,0.0
20230124:0010,0.0,0.0,0.0,0.62,1.59,0.0
20230124:0110,0.0,0.0,0.0,0.38,1.72,0.0
20230124:0210,0.0,0.0,0.0,0.5,1.72,0.0
20230124:0310,0.0,0.0,0.0,0.51,1.86,0.0
20230124:0410,0.0,0.0,0.0,0.06,2.14,0.0
20230124:0510,0.0,0.0,0.0,-0.17,2.21,0.0
20230124:0610,0.0,0.0,0.0,-0.04,2.21,0.0
20230124:0710,0.0,0.0,0.0,0.59,2.0,0.0
20230124:0810,121.15,147.72,9.97,0.72,1.86,0.0
20230124:0910,272.89,285.75,17.02,3.81,1.24,0.0
20230124:1010,521.68,539.63,22.1,6.95,0.69,0.0
20230124:1110,574.13,598.07,24.71,8.5,0.55,0.0
20230124:1210,595.81,619.28,24.54,9.0,0.9,0.0
20230124:1310,648.05,676.09,21.6,9.36,1.03,0.0
20230124:1410,541.63,562.09,16.25,9.43,0.97,0.0
20230124:1510,325.24,341.62,8.99,8.98,0.9,0.0
20230124:1610,0.0,0.0,0.0,7.45,1.1,0.0
20230124:1710,0.0,0.0,0.0,6.95,0.83,0.0
20230124:1810,0.0,0.0,0.0,6.72,0.62,0.0
20230124:1910,0.0,0.0,0.0,3.12,1.59,0.0
20230124:2010,0.0,0.0,0.0,2.05,1.52,0.0
20230124:2110,0.0,0.0,0.0,1.03,1.66,0.0
20230124:2210,0.0,0.0,0.0,0.54,1.72,0.0
20230124:2310,0.0,0.0,0.0,0.17,1.52,0.0
20230125:0010,0.0,0.0,0.0,0.05,1.31,0.0
20230125:0110,0.0,0.0,0.0,0.03,1.31,0.0
20230125:0210,0.0,0.0,0.0,-0.02,1.24,0.0
20230125:0310,0.0,0.0,0.0,-0.19,1.24,0.0
20230125:0410,0.0,0.0,0.0,-0.36,1.24,0.0
20230125:0510,0.0,0.0,0.0,-0.33,1.31,0.0
20230125:0610,0.0,0.0,0.0,-0.83,1.38,0.0
20230125:0710,0.0,0.95,1.63,0.26,1.66,0.0
20230125:0810,47.85,62.1,10.14,0.51,1.31,0.0
20230125:0910,305.53,319.83,17.22,3.69,0.69,0.0
20230125:1010,399.46,412.61,22.32,6.45,0.28,0.0
20230125:1110,528.96,541.53,24.95,7.48,1.31,0.0
20230125:1210,251.39,262.62,24.79,7.99,2.0,0.0
20230125:1310,147.81,162.53,21.85,8.05,2.07,0.0
20230125:1410,63.71,79.59,16.49,7.67,1.72,0.0
20230125:1510,325.56,338.5,9.23,7.24,1.1,0.0
20230125:1610,0.0,0.0,0.0,6.45,0.62,0.0
20230125:1710,0.0,0.0,0.0,6.24,0.0,0.0
20230125:1810,0.0,0.0,0.0,5.85,0.55,0.0
20230125:1910,0.0,0.0,0.0,5.98,0.28,0.0
20230125:2010,0.0,0.0,0.0,5.61,0.21,0.0
20230125:2110,0.0,0.0,0.0,5.28,0.21,0.0
20230125:2210,0.0,0.0,0.0,4.93,0.55,0.0
20230125:2310,0.0,0.0,0.0,3.54,0.83,0.0
20230126:0010,0.0,0.0,0.0,2.83,1.03,0.0
20230126:0110,0.0,0.0,0.0,2.9,1.17,0.0
20230126:0210,0.0,0.0,0.0,2.99,1.1,0.0
20230126:0310,0.0,0.0,0.0,3.33,0.9,0.0
20230126:0410,0.0,0.0,0.0,3.6,0.69,0.0
20230126:0510,0.0,0.0,0.0,3.76,0.48,0.0
20230126:0610,0.0,0.0,0.0,3.87,0.28,0.0
20230126:0710,0.0,0.95,1.78,2.73,0.83,0.0
20230126:0810,63.03,79.48,10.32,3.01,0.83,0.0
20230126:0910,140.11,153.28,17.42,3.47,1.31,0.0
20230126:1010,176.46,187.41,22.54,3.56,1.31,0.0
20230126:1110,175.46,186.92,25.19,3.9,0.97,0.0
20230126:1210,242.46,251.47,25.04,4.19,0.62,0.0
20230126:1310,96.81,111.62,22.1,4.62,0.34,0.0
20230126:1410,467.86,477.35,16.74,4.84,0.21,0.0
20230126:1510,379.6,392.55,9.47,4.95,0.14,0.0
20230126:1610,0.0,0.0,0.0,4.62,0.41,0.0
20230126:1710,0.0,0.0,0.0,3.38,0.76,0.0
20230126:1810,0.0,0.0,0.0,3.25,0.76,0.0
20230126:1910,0.0,0.0,0.0,1.33,1.38,0.0
20230126:2010,0.0,0.0,0.0,-0.14,1.31,0.0
20230126:2110,0.0,0.0,0.0,-0.14,1.31,0.0
20230126:2210,0.0,0.0,0.0,0.72,1.45,0.0
20230126:2310,0.0,0.0,0.0,1.38,1.38,0.0
20230127:0010,0.0,0.0,0.0,1.58,1.52,0.0
20230127:0110,0.0,0.0,0.0,1.47,1.31,0.0
20230127:0210,0.0,0.0,0.0,1.73,1.24,0.0
20230127:0310,0.0,0.0,0.0,1.52,1.03,0.0
20230127:0410,0.0,0.0,0.0,1.51,0.76,0.0
20230127:0510,0.0,0.0,0.0,1.23,0.9,0.0
20230127:0610,0.0,0.0,0.0,1.26,0.69,0.0
20230127:0710,0.0,1.89,1.94,1.33,1.52,0.0
20230127:0810,46.63,61.05,10.5,1.49,1.52,0.0
20230127:0910,55.75,69.88,17.62,1.84,1.31,0.0
20230127:1010,85.17,99.0,22.77,2.08,1.03,0.0
20230127:1110,88.97,102.89,25.44,2.44,0.83,0.0
20230127:1210,53.54,67.94,25.3,2.73,0.69,0.0
20230127:1310,50.59,65.03,22.36,2.97,0.55,0.0
20230127:1410,44.87,59.21,16.99,3.12,0.76,0.0
20230127:1510,29.18,42.71,9.71,3.06,1.03,0.0
20230127:1610,0.0,0.0,0.0,2.63,0.83,0.0
20230127:1710,0.0,0.0,0.0,1.52,0.83,0.0
20230127:1810,0.0,0.0,0.0,1.25,0.83,0.0
20230127:1910,0.0,0.0,0.0,0.78,1.24,0.0
20230127:2010,0.0,0.0,0.0,0.49,1.17,0.0
20230127:2110,0.0,0.0,0.0,0.38,1.17,0.0
20230127:2210,0.0,0.0,0.0,0.48,0.97,0.0
20230127:2310,0.0,0.0,0.0,0.48,0.97,0.0
20230128:0010,0.0,0.0,0.0,0.74,0.76,0.0
20230128:0110,0.0,0.0,0.0,1.36,0.48,0.0
20230128:0210,0.0,0.0,0.0,1.35,0.48,0.0
20230128:0310,0.0,0.0,0.0,1.27,0.55,0.0
20230128:0410,0.0,0.0,0.0,0.97,0.69,0.0
20230128:0510,0.0,0.0,0.0,1.06,0.69,0.0
20230128:0610,0.0,0.0,0.0,1.23,0.62,0.0
20230128:0710,1.01,7.57,2.11,-0.56,1.17,0.0
20230128:0810,161.63,198.45,10.69,0.66,0.76,0.0
20230128:0910,381.54,396.58,17.84,2.56,0.69,0.0
20230128:1010,568.89,579.08,23.01,3.91,0.97,0.0
20230128:1110,675.92,691.7,25.7,4.45,0.97,0.0
20230128:1210,706.46,727.79,25.56,5.39,0.97,0.0
20230128:1310,683.68,704.0,22.63,5.84,0.97,0.0
20230128:1410,572.6,587.38,17.25,6.19,0.76,0.0
20230128:1510,352.34,364.25,9.95,6.02,0.62,0.0
20230128:1610,0.0,0.0,0.0,5.17,0.97,0.0
20230128:1710,0.0,0.0,0.0,3.44,1.03,0.0
20230128:1810,0.0,0.0,0.0,3.78,0.76,0.0
20230128:1910,0.0,0.0,0.0,3.4,0.48,0.0
20230128:2010,0.0,0.0,0.0,3.22,0.34,0.0
20230128:2110,0.0,0.0,0.0,2.95,0.69,0.0
20230128:2210,0.0,0.0,0.0,2.48,1.03,0.0
20230128:2310,0.0,0.0,0.0,1.91,1.17,0.0
20230129:0010,0.0,0.0,0.0,1.37,1.17,0.0
20230129:0110,0.0,0.0,0.0,1.53,1.17,0.0
20230129:0210,0.0,0.0,0.0,0.49,1.31,0.0
20230129:0310,0.0,0.0,0.0,0.02,1.45,0.0
20230129:0410,0.0,0.0,0.0,-0.61,1.66,0.0
20230129:0510,0.0,0.0,0.0,-0.6,1.59,0.0
20230129:0610,0.0,0.0,0.0,-0.68,1.59,0.0
20230129:0710,1.54,8.52,2.29,-1.4,1.72,0.0
20230129:0810,167.78,203.27,10.89,-0.86,1.45,0.0
20230129:0910,384.37,398.6,18.05,2.35,0.76,0.0
20230129:1010,563.59,582.0,23.25,4.29,0.07,0.0
20230129:1110,668.98,690.63,25.96,5.2,0.62,0.0
20230129:1210,702.83,727.76,25.83,5.75,0.76,0.0
20230129:1310,676.52,699.32,22.9,6.08,0.76,0.0
20230129:1410,563.98,578.74,17.51,6.06,0.62,0.0
20230129:1510,329.6,340.33,10.2,5.83,0.76,0.0
20230129:1610,0.0,0.0,0.0,4.88,0.76,0.0
20230129:1710,0.0,0.0,0.0,4.33,0.62,0.0
20230129:1810,0.0,0.0,0.0,3.84,0.69,0.0
20230129:1910,0.0,0.0,0.0,3.6,0.48,0.0
20230129:2010,0.0,0.0,0.0,3.21,0.76,0.0
20230129:2110,0.0,0.0,0.0,2.95,0.83,0.0
20230129:2210,0.0,0.0,0.0,2.73,0.83,0.0
20230129:2310,0.0,0.0,0.0,2.13,1.1,0.0
20230130:0010,0.0,0.0,0.0,-0.79,1.38,0.0
20230130:0110,0.0,0.0,0.0,-1.43,1.59,0.0
20230130:0210,0.0,0.0,0.0,-0.99,1.66,0.0
20230130:0310,0.0,0.0,0.0,-0.82,1.72,0.0
20230130:0410,0.0,0.0,0.0,-0.58,1.72,0.0
20230130:0510,0.0,0.0,0.0,-0.73,1.79,0.0
20230130:0610,0.0,0.0,0.0,-0.98,1.79,0.0
20230130:0710,2.7,10.41,2.46,-2.04,1.52,0.0
20230130:0810,104.92,123.5,11.09,-0.92,1.1,0.0
20230130:0910,363.29,376.43,18.28,2.52,0.69,0.0
20230130:1010,565.96,583.82,23.5,4.96,0.34,0.0
20230130:1110,672.79,701.42,26.23,6.5,0.48,0.0
20230130:1210,701.77,733.47,26.11,7.54,0.76,0.0
20230130:1310,672.2,700.71,23.17,8.24,0.9,0.0
20230130:1410,560.13,579.1,17.77,8.57,0.97,0.0
20230130:1510,417.56,434.86,10.45,8.39,0.83,0.0
20230130:1610,0.0,2.84,1.73,6.96,0.9,0.0
20230130:1710,0.0,0.0,0.0,4.89,1.24,0.0
20230130:1810,0.0,0.0,0.0,2.49,1.86,0.0
20230130:1910,0.0,0.0,0.0,1.64,2.07,0.0
20230130:2010,0.0,0.0,0.0,0.54,2.21,0.0
20230130:2110,0.0,0.0,0.0,-0.53,2.28,0.0
20230130:2210,0.0,0.0,0.0,-1.0,2.41,0.0
20230130:2310,0.0,0.0,0.0,-0.93,2.69,0.0
20230131:0010,0.0,0.0,0.0,-0.17,2.97,0.0
20230131:0110,0.0,0.0,0.0,0.88,3.17,0.0
20230131:0210,0.0,0.0,0.0,1.52,3.03,0.0
20230131:0310,0.0,0.0,0.0,1.18,2.62,0.0
20230131:0410,0.0,0.0,0.0,0.04,2.41,0.0
20230131:0510,0.0,0.0,0.0,-0.81,2.34,0.0
20230131:0610,0.0,0.0,0.0,-1.23,2.41,0.0
20230131:0710,3.3,11.36,2.65,-1.45,2.21,0.0
20230131:0810,176.56,212.75,11.29,-0.29,1.86,0.0
20230131:0910,398.73,413.84,18.51,3.81,1.31,0.0
20230131:1010,579.63,596.43,23.75,6.25,1.03,0.0
20230131:1110,673.67,701.85,26.5,7.78,0.9,0.0
20230131:1210,702.02,739.39,26.39,8.74,0.69,0.0
20230131:1310,698.61,741.52,23.45,9.31,0.41,0.0
20230131:1410,572.94,601.82,18.04,9.48,0.28,0.0
20230131:1510,422.42,441.13,10.7,9.08,0.83,0.0
20230131:1610,0.0,3.88,1.97,7.37,1.45,0.0
20230131:1710,0.0,0.0,0.0,5.07,1.31,0.0
20230131:1810,0.0,0.0,0.0,5.07,1.24,0.0
20230131:1910,0.0,0.0,0.0,5.69,1.38,0.0
20230131:2010,0.0,0.0,0.0,3.65,1.59,0.0
20230131:2110,0.0,0.0,0.0,1.82,1.79,0.0
20230131:2210,0.0,0.0,0.0,0.51,1.93,0.0
20230131:2310,0.0,0.0,0.0,-0.39,2.0,0.0
20230201:0010,0.0,0.0,0.0,-1.04,2.14,0.0
20230201:0110,0.0,0.0,0.0,-1.55,2.14,0.0
20230201:0210,0.0,0.0,0.0,-1.7,2.21,0.0
20230201:0310,0.0,0.0,0.0,-1.75,2.28,0.0
20230201:0410,0.0,0.0,0.0,-1.81,2.28,0.0
20230201:0510,0.0,0.0,0.0,-1.8,2.28,0.0
20230201:0610,0.0,0.0,0.0,-1.87,2.21,0.0
20230201:0710,4.11,13.65,2.84,-1.96,2.07,0.0
20230201:0810,178.97,213.47,11.5,-0.36,1.72,0.0
20230201:0910,392.1,407.46,18.74,4.26,1.24,0.0
20230201:1010,573.22,593.73,24.01,7.67,1.03,0.0
20230201:1110,661.33,693.17,26.77,9.6,1.03,0.0
20230201:1210,694.0,730.99,26.67,10.71,1.24,0.0
20230201:1310,667.5,701.68,23.73,11.36,1.38,0.0
20230201:1410,571.46,597.46,18.31,11.51,1.31,0.0
20230201:1510,401.66,422.23,10.95,10.9,0.97,0.0
20230201:1610,0.0,4.85,2.21,8.71,1.17,0.0
20230201:1710,0.0,0.0,0.0,5.96,1.66,0.0
20230201:1810,0.0,0.0,0.0,3.35,2.07,0.0
20230201:1910,0.0,0.0,0.0,2.46,2.14,0.0
20230201:2010,0.0,0.0,0.0,1.18,2.21,0.0
20230201:2110,0.0,0.0,0.0,-0.02,2.34,0.0
20230201:2210,0.0,0.0,0.0,-0.2,2.48,0.0
20230201:2310,0.0,0.0,0.0,-0.08,2.62,0.0
20230202:0010,0.0,0.0,0.0,0.21,2.76,0.0
20230202:0110,0.0,0.0,0.0,0.75,2.83,0.0
20230202:0210,0.0,0.0,0.0,1.34,2.97,0.0
20230202:0310,0.0,0.0,0.0,1.75,3.1,0.0
20230202:0410,0.0,0.0,0.0,2.02,3.17,0.0
20230202:0510,0.0,0.0,0.0,2.11,3.17,0.0
20230202:0610,0.0,0.0,0.0,2.09,3.17,0.0
20230202:0710,5.33,15.54,3.04,1.97,2.62,0.0
20230202:0810,179.98,217.01,11.72,2.74,2.48,0.0
20230202:0910,396.71,411.93,18.98,5.68,2.21,0.0
20230202:1010,579.81,593.48,24.28,8.13,2.34,0.0
20230202:1110,673.42,694.07,27.06,9.79,2.48,0.0
20230202:1210,704.94,731.75,26.96,11.08,2.55,0.0
20230202:1310,680.7,706.87,24.01,11.77,2.62,0.0
20230202:1410,583.12,603.53,18.58,11.98,2.55,0.0
20230202:1510,406.66,423.92,11.21,11.44,2.34,0.0
20230202:1610,1.5,8.74,2.45,9.91,2.41,0.0
20230202:1710,0.0,0.0,0.0,7.78,2.55,0.0
20230202:1810,0.0,0.0,0.0,5.95,2.55,0.0
20230202:1910,0.0,0.0,0.0,6.38,3.1,0.0
20230202:2010,0.0,0.0,0.0,5.38,2.83,0.0
20230202:2110,0.0,0.0,0.0,4.15,2.69,0.0
20230202:2210,0.0,0.0,0.0,3.22,2.69,0.0
20230202:2310,0.0,0.0,0.0,2.66,2.83,0.0
20230203:0010,0.0,0.0,0.0,2.46,2.97,0.0
20230203:0110,0.0,0.0,0.0,2.39,3.03,0.0
20230203:0210,0.0,0.0,0.0,2.45,3.03,0.0
20230203:0310,0.0,0.0,0.0,2.24,2.97,0.0
20230203:0410,0.0,0.0,0.0,1.93,2.9,0.0
20230203:0510,0.0,0.0,0.0,1.51,2.69,0.0
20230203:0610,0.0,0.0,0.0,0.89,2.55,0.0
20230203:0710,4.73,13.59,3.24,1.54,2.48,0.0
20230203:0810,181.47,216.98,11.94,2.12,2.07,0.0
20230203:0910,402.13,419.12,19.23,5.79,1.59,0.0
20230203:1010,554.89,574.08,24.55,8.63,1.38,0.0
20230203:1110,663.52,699.17,27.34,10.59,1.03,0.0
20230203:1210,691.57,736.95,27.26,11.86,0.9,0.0
20230203:1310,591.58,624.27,24.3,12.66,1.1,0.0
20230203:1410,500.88,525.48,18.85,12.92,1.24,0.0
20230203:1510,165.67,183.62,11.47,12.55,1.1,0.0
20230203:1610,1.49,8.74,2.7,10.89,1.38,0.0
20230203:1710,0.0,0.0,0.0,7.86,1.86,0.0
20230203:1810,0.0,0.0,0.0,5.76,2.0,0.0
20230203:1910,0.0,0.0,0.0,4.61,2.28,0.0
20230203:2010,0.0,0.0,0.0,3.11,2.34,0.0
20230203:2110,0.0,0.0,0.0,2.05,2.34,0.0
20230203:2210,0.0,0.0,0.0,1.65,2.41,0.0
20230203:2310,0.0,0.0,0.0,1.35,2.55,0.0
20230204:0010,0.0,0.0,0.0,1.49,2.69,0.0
20230204:0110,0.0,0.0,0.0,2.02,2.76,0.0
20230204:0210,0.0,0.0,0.0,2.44,2.76,0.0
20230204:0310,0.0,0.0,0.0,3.05,2.62,0.0
20230204:0410,0.0,0.0,0.0,3.47,2.62,0.0
20230204:0510,0.0,0.0,0.0,3.54,2.69,0.0
20230204:0610,0.0,0.0,0.0,4.15,2.83,0.0
20230204:0710,5.57,24.11,3.45,4.15,3.03,0.0
20230204:0810,174.38,210.68,12.17,5.82,2.97,0.0
20230204:0910,385.86,405.07,19.48,9.06,2.76,0.0
20230204:1010,559.1,580.06,24.82,12.27,2.97,0.0
20230204:1110,658.62,685.1,27.64,14.06,3.66,0.0
20230204:1210,691.53,721.15,27.56,14.82,3.93,0.0
20230204:1310,669.42,697.49,24.6,14.92,3.86,0.0
20230204:1410,577.57,601.05,19.13,14.69,3.45,0.0
20230204:1510,393.33,411.78,11.73,13.9,3.59,0.0
20230204:1610,8.7,20.07,2.94,12.42,3.59,0.0
20230204:1710,0.0,0.0,0.0,11.12,3.72,0.0
20230204:1810,0.0,0.0,0.0,10.24,3.52,0.0
20230204:1910,0.0,0.0,0.0,10.56,4.48,0.0
20230204:2010,0.0,0.0,0.0,9.82,3.93,0.0
20230204:2110,0.0,0.0,0.0,8.62,2.97,0.0
20230204:2210,0.0,0.0,0.0,7.05,2.34,0.0
20230204:2310,0.0,0.0,0.0,5.48,2.21,0.0
20230205:0010,0.0,0.0,0.0,4.34,2.14,0.0
20230205:0110,0.0,0.0,0.0,3.63,1.86,0.0
20230205:0210,0.0,0.0,0.0,3.87,1.38,0.0
20230205:0310,0.0,0.0,0.0,5.2,0.69,0.0
20230205:0410,0.0,0.0,0.0,4.9,0.76,0.0
20230205:0510,0.0,0.0,0.0,4.49,0.55,0.0
20230205:0610,0.0,0.0,0.0,4.21,0.55,0.0
20230205:0710,5.75,26.06,3.66,2.68,1.45,0.0
20230205:0810,185.25,221.83,12.41,3.21,0.97,0.0
20230205:0910,403.7,421.76,19.74,4.96,0.62,0.0
20230205:1010,577.69,590.18,25.1,6.05,1.45,0.0
20230205:1110,520.5,528.97,27.93,6.87,1.79,0.0
20230205:1210,708.76,727.67,27.86,7.19,1.86,0.0
20230205:1310,689.38,706.09,24.89,7.17,1.86,0.0
20230205:1410,591.4,599.72,19.41,7.17,2.21,0.0
20230205:1510,405.42,413.11,12.0,6.73,2.21,0.0
20230205:1610,16.51,29.57,3.19,5.81,1.79,0.0
20230205:1710,0.0,0.0,0.0,4.97,1.86,0.0
20230205:1810,0.0,0.0,0.0,4.23,1.79,0.0
20230205:1910,0.0,0.0,0.0,4.05,1.93,0.0
20230205:2010,0.0,0.0,0.0,3.7,1.72,0.0
20230205:2110,0.0,0.0,0.0,3.41,1.59,0.0
20230205:2210,0.0,0.0,0.0,3.21,1.38,0.0
20230205:2310,0.0,0.0,0.0,2.79,1.24,0.0
20230206:0010,0.0,0.0,0.0,2.32,1.03,0.0
20230206:0110,0.0,0.0,0.0,2.05,0.9,0.0
20230206:0210,0.0,0.0,0.0,1.56,0.97,0.0
20230206:0310,0.0,0.0,0.0,1.48,0.97,0.0
20230206:0410,0.0,0.0,0.0,1.56,1.03,0.0
20230206:0510,0.0,0.0,0.0,1.59,1.17,0.0
20230206:0610,0.0,0.0,0.0,1.46,1.17,0.0
20230206:0710,0.0,0.0,0.0,1.3,1.17,0.0
20230206:0810,99.77,116.5,12.64,2.09,1.52,0.0
20230206:0910,120.13,132.87,20.0,2.41,1.66,0.0
20230206:1010,170.33,180.69,25.39,2.39,1.45,0.0
20230206:1110,227.58,235.17,28.24,2.59,1.45,0.0
20230206:1210,266.44,271.91,28.17,2.56,1.38,0.0
20230206:1310,133.17,145.58,25.19,2.84,1.38,0.0
20230206:1410,60.38,74.74,19.7,2.69,1.45,0.0
20230206:1510,18.69,31.06,12.26,2.81,1.72,0.0
20230206:1610,0.0,2.91,3.44,2.49,1.93,0.0
20230206:1710,0.0,0.0,0.0,2.11,2.07,0.0
20230206:1810,0.0,0.0,0.0,1.73,2.0,0.0
20230206:1910,0.0,0.0,0.0,2.02,2.48,0.0
20230206:2010,0.0,0.0,0.0,1.52,2.41,0.0
20230206:2110,0.0,0.0,0.0,1.1,2.21,0.0
20230206:2210,0.0,0.0,0.0,0.79,2.07,0.0
20230206:2310,0.0,0.0,0.0,0.61,1.86,0.0
20230207:0010,0.0,0.0,0.0,0.56,1.24,0.0
20230207:0110,0.0,0.0,0.0,0.22,1.93,0.0
20230207:0210,0.0,0.0,0.0,0.04,2.14,0.0
20230207:0310,0.0,0.0,0.0,-0.27,2.07,0.0
20230207:0410,0.0,0.0,0.0,-0.92,1.79,0.0
20230207:0510,0.0,0.0,0.0,-1.43,1.59,0.0
20230207:0610,0.0,0.0,0.0,-2.09,1.38,0.0
20230207:0710,7.95,30.17,4.1,-2.04,1.31,0.0
20230207:0810,198.43,232.53,12.89,0.24,0.55,0.0
20230207:0910,418.63,428.87,20.27,2.32,1.24,0.0
20230207:1010,601.14,604.02,25.68,3.18,1.79,0.0
20230207:1110,708.66,717.89,28.54,3.96,1.72,0.0
20230207:1210,740.58,755.99,28.48,4.63,1.59,0.0
20230207:1310,711.68,728.41,25.49,5.04,1.31,0.0
20230207:1410,614.04,624.36,19.98,5.2,1.24,0.0
20230207:1510,431.34,438.0,12.53,4.99,1.38,0.0
20230207:1610,17.93,30.93,3.69,4.3,1.31,0.0
20230207:1710,0.0,0.0,0.0,2.71,1.52,0.0
20230207:1810,0.0,0.0,0.0,0.69,1.45,0.0
20230207:1910,0.0,0.0,0.0,-0.57,1.66,0.0
20230207:2010,0.0,0.0,0.0,-1.24,1.59,0.0
20230207:2110,0.0,0.0,0.0,-1.55,1.52,0.0
20230207:2210,0.0,0.0,0.0,-1.71,1.45,0.0
20230207:2310,0.0,0.0,0.0,-1.52,1.31,0.0
20230208:0010,0.0,0.0,0.0,-1.63,1.38,0.0
20230208:0110,0.0,0.0,0.0,-1.85,1.45,0.0
20230208:0210,0.0,0.0,0.0,-2.03,1.38,0.0
20230208:0310,0.0,0.0,0.0,-2.28,1.45,0.0
20230208:0410,0.0,0.0,0.0,-2.14,1.38,0.0
20230208:0510,0.0,0.0,0.0,-1.81,1.31,0.0
20230208:0610,0.0,0.0,0.0,-1.11,1.1,0.0
20230208:0710,9.24,31.68,4.33,0.0,0.34,0.0
20230208:0810,200.5,234.03,13.14,0.39,0.55,0.0
20230208:0910,425.18,432.84,20.55,1.49,1.45,0.0
20230208:1010,600.2,600.6,25.98,2.06,1.66,0.0
20230208:1110,650.4,652.71,28.86,2.67,1.66,0.0
20230208:1210,751.06,761.81,28.79,2.96,1.52,0.0
20230208:1310,723.56,734.61,25.8,3.21,1.31,0.0
20230208:1410,622.17,625.61,20.27,3.18,1.38,0.0
20230208:1510,429.98,431.5,12.8,2.79,1.52,0.0
20230208:1610,19.37,32.27,3.94,2.06,1.38,0.0
20230208:1710,0.0,0.0,0.0,0.89,1.52,0.0
20230208:1810,0.0,0.0,0.0,-0.33,1.52,0.0
20230208:1910,0.0,0.0,0.0,-0.83,1.24,0.0
20230208:2010,0.0,0.0,0.0,-0.8,1.1,0.0
20230208:2110,0.0,0.0,0.0,-0.71,0.97,0.0
20230208:2210,0.0,0.0,0.0,-1.73,1.31,0.0
20230208:2310,0.0,0.0,0.0,-1.72,1.31,0.0
20230209:0010,0.0,0.0,0.0,-1.8,1.24,0.0
20230209:0110,0.0,0.0,0.0,-1.72,1.17,0.0
20230209:0210,0.0,0.0,0.0,-1.78,1.03,0.0
20230209:0310,0.0,0.0,0.0,-1.82,0.69,0.0
20230209:0410,0.0,0.0,0.0,-1.98,0.69,0.0
20230209:0510,0.0,0.0,0.0,-2.39,0.9,0.0
20230209:0610,0.0,0.0,0.0,-2.46,0.9,0.0
20230209:0710,13.74,27.19,4.57,-1.57,0.48,0.0
20230209:0810,94.55,108.72,13.39,-1.13,0.21,0.0
20230209:0910,394.92,400.43,20.82,-0.43,0.62,0.0
20230209:1010,615.09,615.92,26.28,0.12,0.9,0.0
20230209:1110,726.33,735.46,29.17,0.55,0.76,0.0
20230209:1210,762.07,779.32,29.11,0.68,0.48,0.0
20230209:1310,728.22,746.82,26.11,1.36,0.28,0.0
20230209:1410,630.14,637.85,20.56,1.56,0.41,0.0
20230209:1510,443.17,447.08,13.07,1.48,0.28,0.0
20230209:1610,25.66,39.34,4.2,1.15,0.14,0.0
20230209:1710,0.0,0.0,0.0,0.55,0.28,0.0
20230209:1810,0.0,0.0,0.0,-0.03,0.69,0.0
20230209:1910,0.0,0.0,0.0,0.36,0.62,0.0
20230209:2010,0.0,0.0,0.0,0.0,0.76,0.0
20230209:2110,0.0,0.0,0.0,-0.29,0.76,0.0
20230209:2210,0.0,0.0,0.0,-0.65,0.9,0.0
20230209:2310,0.0,0.0,0.0,-0.77,0.83,0.0
20230210:0010,0.0,0.0,0.0,-0.9,0.76,0.0
20230210:0110,0.0,0.0,0.0,-0.89,0.83,0.0
20230210:0210,0.0,0.0,0.0,-1.05,0.9,0.0
20230210:0310,0.0,0.0,0.0,-1.11,0.9,0.0
20230210:0410,0.0,0.0,0.0,-3.08,1.1,0.0
20230210:0510,0.0,0.0,0.0,-3.23,1.38,0.0
20230210:0610,0.0,0.0,0.0,-2.73,1.52,0.0
20230210:0710,10.0,37.7,4.81,-3.25,1.59,0.0
20230210:0810,217.47,249.6,13.65,-1.23,1.17,0.0
20230210:0910,441.8,452.51,21.11,1.45,0.62,0.0
20230210:1010,613.81,632.49,26.58,3.48,0.14,0.0
20230210:1110,718.84,750.55,29.49,4.75,0.28,0.0
20230210:1210,738.04,773.16,29.43,5.53,0.41,0.0
20230210:1310,724.84,758.13,26.42,6.0,0.48,0.0
20230210:1410,631.03,653.87,20.86,6.14,0.41,0.0
20230210:1510,458.3,471.47,13.34,5.85,0.41,0.0
20230210:1610,32.1,47.04,4.45,4.93,0.48,0.0
20230210:1710,0.0,0.0,0.0,4.26,0.14,0.0
20230210:1810,0.0,0.0,0.0,3.47,0.55,0.0
20230210:1910,0.0,0.0,0.0,3.38,0.28,0.0
20230210:2010,0.0,0.0,0.0,2.39,1.1,0.0
20230210:2110,0.0,0.0,0.0,0.29,1.45,0.0
20230210:2210,0.0,0.0,0.0,-0.92,1.52,0.0
20230210:2310,0.0,0.0,0.0,-1.45,1.52,0.0
20230211:0010,0.0,0.0,0.0,-3.09,1.66,0.0
20230211:0110,0.0,0.0,0.0,-2.88,1.72,0.0
20230211:0210,0.0,0.0,0.0,-2.18,2.0,0.0
20230211:0310,0.0,0.0,0.0,-2.32,2.0,0.0
20230211:0410,0.0,0.0,0.0,-2.44,1.93,0.0
20230211:0510,0.0,0.0,0.0,-2.61,1.86,0.0
20230211:0610,0.0,0.0,0.0,-2.7,1.79,0.0
20230211:0710,11.41,39.11,5.05,-2.52,1.66,0.0
20230211:0810,197.76,224.11,13.92,-0.91,1.31,0.0
20230211:0910,390.66,400.22,21.39,2.64,0.9,0.0
20230211:1010,551.43,567.93,26.89,5.47,0.41,0.0
20230211:1110,694.29,735.39,29.82,7.02,0.0,0.0
20230211:1210,719.43,763.59,29.76,7.98,0.28,0.0
20230211:1310,701.95,742.82,26.73,8.6,0.41,0.0
20230211:1410,610.35,638.8,21.15,8.88,0.48,0.0
20230211:1510,441.76,459.37,13.61,8.67,0.55,0.0
20230211:1610,31.82,47.06,4.71,7.31,0.9,0.0
20230211:1710,0.0,0.0,0.0,6.58,0.62,0.0
20230211:1810,0.0,0.0,0.0,5.55,0.76,0.0
20230211:1910,0.0,0.0,0.0,5.14,0.97,0.0
20230211:2010,0.0,0.0,0.0,2.74,1.31,0.0
20230211:2110,0.0,0.0,0.0,0.56,1.52,0.0
20230211:2210,0.0,0.0,0.0,-0.58,1.66,0.0
20230211:2310,0.0,0.0,0.0,-1.39,1.86,0.0
20230212:0010,0.0,0.0,0.0,-1.7,1.93,0.0
20230212:0110,0.0,0.0,0.0,-1.9,1.86,0.0
20230212:0210,0.0,0.0,0.0,-2.05,1.79,0.0
20230212:0310,0.0,0.0,0.0,-2.18,1.79,0.0
20230212:0410,0.0,0.0,0.0,-2.25,1.79,0.0
20230212:0510,0.0,0.0,0.0,-2.29,1.79,0.0
20230212:0610,0.0,0.0,0.0,-2.3,1.86,0.0
20230212:0710,12.92,39.74,5.3,-2.22,1.72,0.0
20230212:0810,214.25,246.72,14.19,1.0,1.1,0.0
20230212:0910,428.13,447.02,21.69,6.25,0.76,0.0
20230212:1010,587.33,621.01,27.21,9.53,0.21,0.0
20230212:1110,671.52,724.85,30.15,11.25,0.0,0.0
20230212:1210,704.63,762.63,30.09,12.39,0.34,0.0
20230212:1310,690.96,742.11,27.05,13.02,0.76,0.0
20230212:1410,604.11,637.54,21.45,13.13,1.31,0.0
20230212:1510,445.62,466.68,13.89,12.54,1.72,0.0
20230212:1610,36.83,53.24,4.96,10.9,2.21,0.0
20230212:1710,0.0,0.0,0.0,8.51,2.21,0.0
20230212:1810,0.0,0.0,0.0,6.39,1.79,0.0
20230212:1910,0.0,0.0,0.0,7.79,1.1,0.0
20230212:2010,0.0,0.0,0.0,8.01,0.83,0.0
20230212:2110,0.0,0.0,0.0,7.48,0.83,0.0
20230212:2210,0.0,0.0,0.0,6.5,1.17,0.0
20230212:2310,0.0,0.0,0.0,3.01,1.86,0.0
20230213:0010,0.0,0.0,0.0,1.06,2.07,0.0
20230213:0110,0.0,0.0,0.0,-0.1,2.07,0.0
20230213:0210,0.0,0.0,0.0,-0.75,2.0,0.0
20230213:0310,0.0,0.0,0.0,-1.19,2.0,0.0
20230213:0410,0.0,0.0,0.0,-1.47,1.93,0.0
20230213:0510,0.0,0.0,0.0,-1.69,1.93,0.0
20230213:0610,0.0,0.0,0.0,-1.83,1.93,0.0
20230213:0710,14.4,42.08,5.55,-1.24,1.86,0.0
20230213:0810,218.81,250.59,14.46,1.11,1.52,0.0
20230213:0910,439.06,453.56,21.98,4.53,0.97,0.0
20230213:1010,598.17,627.62,27.53,8.07,0.28,0.0
20230213:1110,690.24,733.0,30.48,9.66,0.48,0.0
20230213:1210,734.33,782.68,30.42,10.36,0.76,0.0
20230213:1310,705.4,750.15,27.37,10.79,0.76,0.0
20230213:1410,613.16,646.26,21.75,10.92,0.69,0.0
20230213:1510,438.08,459.23,14.17,10.7,0.62,0.0
20230213:1610,43.39,60.21,5.22,9.92,0.76,0.0
20230213:1710,0.0,0.0,0.0,8.89,0.62,0.0
20230213:1810,0.0,0.0,0.0,8.25,0.07,0.0
20230213:1910,0.0,0.0,0.0,7.93,0.21,0.0
20230213:2010,0.0,0.0,0.0,7.14,1.03,0.0
20230213:2110,0.0,0.0,0.0,3.54,1.66,0.0
20230213:2210,0.0,0.0,0.0,1.82,1.72,0.0
20230213:2310,0.0,0.0,0.0,0.8,1.66,0.0
20230214:0010,0.0,0.0,0.0,0.25,1.59,0.0
20230214:0110,0.0,0.0,0.0,-0.92,1.66,0.0
20230214:0210,0.0,0.0,0.0,-1.29,1.72,0.0
20230214:0310,0.0,0.0,0.0,-1.31,1.66,0.0
20230214:0410,0.0,0.0,0.0,-1.49,1.66,0.0
20230214:0510,0.0,0.0,0.0,-1.61,1.66,0.0
20230214:0610,0.0,0.0,0.0,-1.72,1.59,0.0
20230214:0710,21.54,53.11,5.81,-1.27,1.52,0.0
20230214:0810,225.18,256.71,14.74,1.01,1.38,0.0
20230214:0910,444.63,458.44,22.29,4.55,1.1,0.0
20230214:1010,608.59,636.95,27.85,8.3,0.55,0.0
20230214:1110,690.56,742.77,30.82,10.91,0.21,0.0
20230214:1210,718.07,775.4,30.76,12.36,0.55,0.0
20230214:1310,707.32,761.2,27.69,13.19,0.83,0.0
20230214:1410,611.59,651.91,22.05,13.56,0.83,0.0
20230214:1510,454.42,481.43,14.44,13.44,0.9,0.0
20230214:1610,174.26,198.64,5.48,12.37,1.24,0.0
20230214:1710,0.0,0.0,0.0,10.03,1.1,0.0
20230214:1810,0.0,0.0,0.0,10.21,0.41,0.0
20230214:1910,0.0,0.0,0.0,6.34,1.72,0.0
20230214:2010,0.0,0.0,0.0,3.66,2.14,0.0
20230214:2110,0.0,0.0,0.0,1.91,2.28,0.0
20230214:2210,0.0,0.0,0.0,0.73,2.14,0.0
20230214:2310,0.0,0.0,0.0,-0.09,2.0,0.0
20230215:0010,0.0,0.0,0.0,-0.66,2.0,0.0
20230215:0110,0.0,0.0,0.0,-1.07,2.0,0.0
20230215:0210,0.0,0.0,0.0,-1.36,2.0,0.0
20230215:0310,0.0,0.0,0.0,-1.52,2.0,0.0
20230215:0410,0.0,0.0,0.0,-1.65,2.0,0.0
20230215:0510,0.0,0.0,0.0,-1.78,2.0,0.0
20230215:0610,0.0,0.0,0.0,-1.86,2.0,0.0
20230215:0710,23.67,57.01,6.08,-1.6,1.93,0.0
20230215:0810,232.63,265.22,15.02,1.72,1.38,0.0
20230215:0910,448.45,470.54,22.59,7.76,0.83,0.0
20230215:1010,601.78,644.81,28.18,11.33,0.07,0.0
20230215:1110,699.86,757.47,31.16,13.19,0.55,0.0
20230215:1210,722.82,784.12,31.1,14.12,0.83,0.0
20230215:1310,705.86,765.65,28.02,14.66,0.83,0.0
20230215:1410,624.05,671.99,22.35,14.79,0.69,0.0
20230215:1510,456.87,488.14,14.72,14.56,0.62,0.0
20230215:1610,206.4,232.75,5.73,13.1,0.83,0.0
20230215:1710,0.0,0.0,0.0,12.61,0.41,0.0
20230215:1810,0.0,0.0,0.0,11.67,0.55,0.0
20230215:1910,0.0,0.0,0.0,8.14,1.72,0.0
20230215:2010,0.0,0.0,0.0,5.58,2.0,0.0
20230215:2110,0.0,0.0,0.0,3.88,2.0,0.0
20230215:2210,0.0,0.0,0.0,2.45,1.93,0.0
20230215:2310,0.0,0.0,0.0,1.49,1.93,0.0
20230216:0010,0.0,0.0,0.0,0.73,1.93,0.0
20230216:0110,0.0,0.0,0.0,0.07,2.0,0.0
20230216:0210,0.0,0.0,0.0,-0.35,1.93,0.0
20230216:0310,0.0,0.0,0.0,-0.6,1.86,0.0
20230216:0410,0.0,0.0,0.0,-0.84,1.86,0.0
20230216:0510,0.0,0.0,0.0,-1.06,1.72,0.0
20230216:0610,0.0,0.0,0.0,-1.1,1.59,0.0
20230216:0710,26.45,57.7,6.34,-0.99,1.31,0.0
20230216:0810,207.55,233.75,15.31,2.22,0.9,0.0
20230216:0910,318.49,331.69,22.9,5.75,0.48,0.0
20230216:1010,596.97,627.83,28.51,8.61,0.28,0.0
20230216:1110,691.9,733.81,31.5,10.34,0.76,0.0
20230216:1210,743.57,794.8,31.44,11.39,0.97,0.0
20230216:1310,719.27,768.59,28.35,12.05,0.97,0.0
20230216:1410,625.56,660.57,22.65,12.31,1.1,0.0
20230216:1510,459.96,482.67,15.0,12.18,1.17,0.0
20230216:1610,188.35,211.35,5.99,11.29,1.17,0.0
20230216:1710,0.0,0.0,0.0,9.38,1.17,0.0
20230216:1810,0.0,0.0,0.0,9.35,0.69,0.0
20230216:1910,0.0,0.0,0.0,5.77,1.79,0.0
20230216:2010,0.0,0.0,0.0,6.88,1.17,0.0
20230216:2110,0.0,0.0,0.0,6.98,0.55,0.0
20230216:2210,0.0,0.0,0.0,6.36,0.48,0.0
20230216:2310,0.0,0.0,0.0,5.76,0.83,0.0
20230217:0010,0.0,0.0,0.0,2.55,1.31,0.0
20230217:0110,0.0,0.0,0.0,1.33,1.52,0.0
20230217:0210,0.0,0.0,0.0,1.23,1.45,0.0
20230217:0310,0.0,0.0,0.0,1.5,1.38,0.0
20230217:0410,0.0,0.0,0.0,1.5,1.38,0.0
20230217:0510,0.0,0.0,0.0,1.41,1.38,0.0
20230217:0610,0.0,0.0,0.0,1.73,1.17,0.0
20230217:0710,29.0,58.46,6.62,1.26,1.17,0.0
20230217:0810,217.32,246.92,15.6,3.71,1.03,0.0
20230217:0910,431.38,448.55,23.22,6.12,0.69,0.0
20230217:1010,592.63,621.82,28.85,7.85,0.14,0.0
20230217:1110,687.58,732.44,31.85,9.52,0.28,0.0
20230217:1210,705.8,750.6,31.79,10.84,0.83,0.0
20230217:1310,640.0,676.29,28.68,11.82,1.03,0.0
20230217:1410,611.3,642.49,22.96,12.1,1.24,0.0
20230217:1510,452.34,473.34,15.28,12.0,1.31,0.0
20230217:1610,149.1,170.6,6.25,11.38,1.17,0.0
20230217:1710,0.0,0.0,0.0,9.89,1.24,0.0
20230217:1810,0.0,0.0,0.0,8.91,0.83,0.0
20230217:1910,0.0,0.0,0.0,8.56,1.17,0.0
20230217:2010,0.0,0.0,0.0,9.01,0.69,0.0
20230217:2110,0.0,0.0,0.0,8.29,0.21,0.0
20230217:2210,0.0,0.0,0.0,7.62,0.69,0.0
20230217:2310,0.0,0.0,0.0,6.54,1.17,0.0
20230218:0010,0.0,0.0,0.0,4.8,1.31,0.0
20230218:0110,0.0,0.0,0.0,3.75,1.38,0.0
20230218:0210,0.0,0.0,0.0,2.56,1.45,0.0
20230218:0310,0.0,0.0,0.0,1.99,1.45,0.0
20230218:0410,0.0,0.0,0.0,1.25,1.59,0.0
20230218:0510,0.0,0.0,0.0,0.71,1.66,0.0
20230218:0610,0.0,0.0,0.0,0.25,1.66,0.0
20230218:0710,31.56,60.12,6.89,1.44,1.31,0.0
20230218:0810,216.67,247.37,15.9,5.31,0.62,0.0
20230218:0910,387.13,408.32,23.54,8.17,0.07,0.0
20230218:1010,597.84,629.26,29.19,9.83,0.55,0.0
20230218:1110,688.62,730.59,32.2,11.02,0.9,0.0
20230218:1210,725.0,772.99,32.14,12.09,1.17,0.0
20230218:1310,680.62,721.75,29.01,12.78,1.38,0.0
20230218:1410,487.85,510.38,23.26,13.14,1.52,0.0
20230218:1510,303.37,320.64,15.56,13.0,1.59,0.0
20230218:1610,37.53,53.84,6.51,12.21,1.31,0.0
20230218:1710,0.0,0.0,0.0,10.69,1.38,0.0
20230218:1810,0.0,0.0,0.0,8.74,1.17,0.0
20230218:1910,0.0,0.0,0.0,7.48,1.1,0.0
20230218:2010,0.0,0.0,0.0,8.14,0.28,0.0
20230218:2110,0.0,0.0,0.0,7.5,0.62,0.0
20230218:2210,0.0,0.0,0.0,5.59,1.24,0.0
20230218:2310,0.0,0.0,0.0,4.83,1.31,0.0
20230219:0010,0.0,0.0,0.0,4.54,1.31,0.0
20230219:0110,0.0,0.0,0.0,4.59,1.24,0.0
20230219:0210,0.0,0.0,0.0,4.39,1.31,0.0
20230219:0310,0.0,0.0,0.0,4.25,1.38,0.0
20230219:0410,0.0,0.0,0.0,4.02,1.38,0.0
20230219:0510,0.0,0.0,0.0,3.96,1.38,0.0
20230219:0610,0.0,0.0,0.0,4.22,1.31,0.0
20230219:0710,22.94,36.5,7.17,4.85,0.9,0.0
20230219:0810,90.39,106.54,16.2,6.24,0.48,0.0
20230219:0910,202.71,217.57,23.86,7.48,0.41,0.0
20230219:1010,361.97,376.9,29.53,8.51,0.48,0.0
20230219:1110,549.99,575.69,32.56,9.59,0.55,0.0
20230219:1210,680.58,724.91,32.49,10.91,0.62,0.0
20230219:1310,709.72,760.78,29.34,12.42,0.83,0.0
20230219:1410,634.5,674.34,23.57,13.45,1.1,0.0
20230219:1510,478.47,505.28,15.84,13.68,1.24,0.0
20230219:1610,225.08,250.35,6.77,12.98,1.24,0.0
20230219:1710,0.0,0.0,0.0,11.32,1.52,0.0
20230219:1810,0.0,0.0,0.0,9.23,1.52,0.0
20230219:1910,0.0,0.0,0.0,10.25,1.03,0.0
20230219:2010,0.0,0.0,0.0,10.25,0.76,0.0
20230219:2110,0.0,0.0,0.0,9.6,0.69,0.0
20230219:2210,0.0,0.0,0.0,8.94,0.83,0.0
20230219:2310,0.0,0.0,0.0,8.33,0.97,0.0
20230220:0010,0.0,0.0,0.0,6.13,1.38,0.0
20230220:0110,0.0,0.0,0.0,4.07,1.72,0.0
20230220:0210,0.0,0.0,0.0,3.86,1.59,0.0
20230220:0310,0.0,0.0,0.0,3.5,1.52,0.0
20230220:0410,0.0,0.0,0.0,3.45,1.52,0.0
20230220:0510,0.0,0.0,0.0,4.12,1.31,0.0
20230220:0610,0.0,0.0,0.0,4.15,1.31,0.0
20230220:0710,31.91,47.53,7.46,3.56,1.17,0.0
20230220:0810,156.24,175.88,16.5,6.3,0.69,0.0
20230220:0910,129.4,145.58,24.18,8.41,0.76,0.0
20230220:1010,128.55,145.59,29.88,9.83,0.83,0.0
20230220:1110,256.56,273.76,32.91,10.86,0.76,0.0
20230220:1210,341.28,359.89,32.84,11.77,0.9,0.0
20230220:1310,697.7,746.02,29.67,12.48,0.9,0.0
20230220:1410,614.02,651.72,23.88,12.83,0.83,0.0
20230220:1510,287.54,305.58,16.12,12.76,0.83,0.0
20230220:1610,183.14,205.82,7.03,12.2,0.97,0.0
20230220:1710,0.0,0.0,0.0,10.94,1.03,0.0
20230220:1810,0.0,0.0,0.0,10.32,0.48,0.0
20230220:1910,0.0,0.0,0.0,8.9,0.9,0.0
20230220:2010,0.0,0.0,0.0,6.48,1.52,0.0
20230220:2110,0.0,0.0,0.0,5.31,1.59,0.0
20230220:2210,0.0,0.0,0.0,4.5,1.52,0.0
20230220:2310,0.0,0.0,0.0,3.96,1.45,0.0
20230221:0010,0.0,0.0,0.0,3.53,1.38,0.0
20230221:0110,0.0,0.0,0.0,3.13,1.24,0.0
20230221:0210,0.0,0.0,0.0,2.65,1.24,0.0
20230221:0310,0.0,0.0,0.0,2.26,1.31,0.0
20230221:0410,0.0,0.0,0.0,2.28,1.38,0.0
20230221:0510,0.0,0.0,0.0,1.89,1.31,0.0
20230221:0610,0.0,0.0,0.0,1.74,1.17,0.0
20230221:0710,40.47,65.71,7.75,4.94,0.55,0.0
20230221:0810,222.17,251.15,16.81,5.92,0.41,0.0
20230221:0910,466.76,490.07,24.52,6.99,0.14,0.0
20230221:1010,422.99,438.18,30.23,7.74,0.41,0.0
20230221:1110,712.33,754.01,33.27,8.81,0.55,0.0
20230221:1210,386.49,402.72,33.2,9.39,0.62,0.0
20230221:1310,206.98,223.47,30.01,10.02,0.55,0.0
20230221:1410,257.16,272.94,24.19,10.49,0.48,0.0
20230221:1510,321.15,336.79,16.4,10.39,0.55,0.0
20230221:1610,229.27,251.84,7.29,10.16,0.48,0.0
20230221:1710,0.0,0.0,0.0,9.34,0.07,0.0
20230221:1810,0.0,0.0,0.0,8.53,0.76,0.0
20230221:1910,0.0,0.0,0.0,8.56,1.24,0.0
20230221:2010,0.0,0.0,0.0,8.15,1.31,0.0
20230221:2110,0.0,0.0,0.0,7.77,1.31,0.0
20230221:2210,0.0,0.0,0.0,7.37,1.17,0.0
20230221:2310,0.0,0.0,0.0,7.7,0.9,0.0
20230222:0010,0.0,0.0,0.0,8.5,0.69,0.0
20230222:0110,0.0,0.0,0.0,8.14,0.69,0.0
20230222:0210,0.0,0.0,0.0,7.44,0.9,0.0
20230222:0310,0.0,0.0,0.0,7.18,0.9,0.0
20230222:0410,0.0,0.0,0.0,7.05,0.97,0.0
20230222:0510,0.0,0.0,0.0,6.53,1.03,0.0
20230222:0610,0.0,0.0,0.0,6.22,1.03,0.0
20230222:0710,11.03,22.32,8.04,7.04,0.76,0.0
20230222:0810,118.07,135.75,17.12,8.17,0.62,0.0
20230222:0910,78.36,95.12,24.85,9.17,0.48,0.0
20230222:1010,118.63,135.89,30.58,9.76,0.28,0.0
20230222:1110,539.94,569.61,33.64,10.45,0.28,0.0
20230222:1210,220.02,237.59,33.56,10.8,0.48,0.0
20230222:1310,111.34,129.09,30.35,10.96,0.69,0.0
20230222:1410,82.5,99.97,24.5,10.85,0.55,0.0
20230222:1510,188.25,204.71,16.69,10.8,0.41,0.0
20230222:1610,42.45,58.7,7.55,10.59,0.55,0.0
20230222:1710,0.0,0.0,0.0,10.02,0.69,0.0
20230222:1810,0.0,0.0,0.0,9.37,0.76,0.0
20230222:1910,0.0,0.0,0.0,8.88,0.76,0.0
20230222:2010,0.0,0.0,0.0,8.7,0.76,0.0
20230222:2110,0.0,0.0,0.0,8.66,0.83,0.0
20230222:2210,0.0,0.0,0.0,8.45,0.83,0.0
20230222:2310,0.0,0.0,0.0,8.6,0.69,0.0
20230223:0010,0.0,0.0,0.0,8.92,0.48,0.0
20230223:0110,0.0,0.0,0.0,8.78,0.34,0.0
20230223:0210,0.0,0.0,0.0,8.63,0.41,0.0
20230223:0310,0.0,0.0,0.0,8.31,0.62,0.0
20230223:0410,0.0,0.0,0.0,6.96,1.1,0.0
20230223:0510,0.0,0.0,0.0,6.44,1.17,0.0
20230223:0610,0.0,0.0,0.0,6.39,1.1,0.0
20230223:0710,38.45,55.47,8.34,5.85,0.97,0.0
20230223:0810,226.74,257.15,17.44,8.13,0.62,0.0
20230223:0910,403.24,426.59,25.19,10.16,0.41,0.0
20230223:1010,345.59,364.08,30.94,10.97,0.62,0.0
20230223:1110,366.81,385.5,34.01,11.44,0.97,0.0
20230223:1210,62.38,79.59,33.92,11.74,1.03,0.0
20230223:1310,157.04,175.26,30.69,11.88,0.97,0.0
20230223:1410,47.52,64.06,24.81,11.77,0.76,0.0
20230223:1510,172.69,190.18,16.97,11.87,0.48,0.0
20230223:1610,87.25,106.21,7.81,11.63,0.55,0.0
20230223:1710,0.0,0.0,0.0,10.95,0.62,0.0
20230223:1810,0.0,0.0,0.0,10.66,0.55,0.0
20230223:1910,0.0,0.0,0.0,8.48,1.24,0.0
20230223:2010,0.0,0.0,0.0,7.9,1.24,0.0
20230223:2110,0.0,0.0,0.0,7.82,1.1,0.0
20230223:2210,0.0,0.0,0.0,7.7,1.1,0.0
20230223:2310,0.0,0.0,0.0,7.72,1.1,0.0
20230224:0010,0.0,0.0,0.0,7.82,1.1,0.0
20230224:0110,0.0,0.0,0.0,7.69,1.03,0.0
20230224:0210,0.0,0.0,0.0,7.43,1.1,0.0
20230224:0310,0.0,0.0,0.0,7.23,1.1,0.0
20230224:0410,0.0,0.0,0.0,7.28,0.97,0.0
20230224:0510,0.0,0.0,0.0,7.48,0.76,0.0
20230224:0610,0.0,0.0,0.0,7.52,0.62,0.0
20230224:0710,42.25,60.5,8.64,7.57,0.41,0.0
20230224:0810,55.71,71.83,17.76,8.61,0.28,0.0
20230224:0910,79.4,96.09,25.53,9.02,0.62,0.0
20230224:1010,78.33,95.12,31.3,9.51,1.03,0.0
20230224:1110,47.09,63.09,34.38,9.75,0.83,0.0
20230224:1210,63.73,80.56,34.28,10.19,0.41,0.0
20230224:1310,103.52,121.33,31.03,10.8,0.14,0.0
20230224:1410,92.74,110.65,25.12,11.21,0.07,0.0
20230224:1510,111.39,128.95,17.25,11.03,0.41,0.0
20230224:1610,98.78,117.56,8.07,10.69,0.55,0.0
20230224:1710,0.0,0.0,0.0,9.76,0.41,0.0
20230224:1810,0.0,0.0,0.0,9.19,0.55,0.0
20230224:1910,0.0,0.0,0.0,8.7,0.69,0.0
20230224:2010,0.0,0.0,0.0,8.5,0.83,0.0
20230224:2110,0.0,0.0,0.0,8.37,0.76,0.0
20230224:2210,0.0,0.0,0.0,8.06,1.17,0.0
20230224:2310,0.0,0.0,0.0,8.01,1.03,0.0
20230225:0010,0.0,0.0,0.0,7.6,1.1,0.0
20230225:0110,0.0,0.0,0.0,7.54,1.24,0.0
20230225:0210,0.0,0.0,0.0,7.37,1.38,0.0
20230225:0310,0.0,0.0,0.0,7.24,1.31,0.0
20230225:0410,0.0,0.0,0.0,6.73,1.38,0.0
20230225:0510,0.0,0.0,0.0,5.9,1.52,0.0
20230225:0610,0.0,0.0,0.0,5.05,1.52,0.0
20230225:0710,52.04,81.87,8.94,4.84,1.24,0.0
20230225:0810,207.83,231.42,18.08,7.54,0.69,0.0
20230225:0910,434.66,456.13,25.87,9.87,1.03,0.0
20230225:1010,606.18,635.97,31.66,11.24,1.31,0.0
20230225:1110,715.57,763.75,34.75,12.38,1.17,0.0
20230225:1210,758.95,824.69,34.64,13.46,0.83,0.0
20230225:1310,723.14,785.87,31.37,14.3,0.76,0.0
20230225:1410,685.84,734.71,25.43,14.54,1.31,0.0
20230225:1510,521.61,550.08,17.53,14.29,1.72,0.0
20230225:1610,252.86,277.65,8.33,13.51,1.59,0.0
20230225:1710,0.0,0.0,0.0,12.0,1.66,0.0
20230225:1810,0.0,0.0,0.0,9.94,1.38,0.0
20230225:1910,0.0,0.0,0.0,8.71,1.72,0.0
20230225:2010,0.0,0.0,0.0,7.0,1.93,0.0
20230225:2110,0.0,0.0,0.0,5.74,2.14,0.0
20230225:2210,0.0,0.0,0.0,4.99,2.48,0.0
20230225:2310,0.0,0.0,0.0,5.18,2.9,0.0
20230226:0010,0.0,0.0,0.0,5.57,3.31,0.0
20230226:0110,0.0,0.0,0.0,5.53,3.38,0.0
20230226:0210,0.0,0.0,0.0,5.32,3.38,0.0
20230226:0310,0.0,0.0,0.0,4.74,3.38,0.0
20230226:0410,0.0,0.0,0.0,4.28,3.24,0.0
20230226:0510,0.0,0.0,0.0,3.77,2.55,0.0
20230226:0610,0.0,0.0,0.0,2.6,1.79,0.0
20230226:0710,24.73,37.85,9.25,3.1,1.52,0.0
20230226:0810,64.86,79.59,18.4,3.66,0.69,0.0
20230226:0910,47.7,62.12,26.22,3.24,1.03,0.0
20230226:1010,59.37,73.77,32.03,2.67,1.03,0.0
20230226:1110,47.9,62.12,35.12,2.39,0.9,0.0
20230226:1210,52.49,66.97,35.01,3.07,0.76,0.0
20230226:1310,98.52,112.59,31.71,3.68,1.52,0.0
20230226:1410,145.49,158.08,25.74,4.44,2.07,0.0
20230226:1510,154.16,166.19,17.82,4.8,1.86,0.0
20230226:1610,40.64,55.26,8.59,4.72,1.24,0.0
20230226:1710,0.0,0.0,0.0,4.31,0.21,0.0
20230226:1810,0.0,0.0,0.0,3.21,0.83,0.0
20230226:1910,0.0,0.0,0.0,1.96,0.34,0.0
20230226:2010,0.0,0.0,0.0,1.46,0.28,0.0
20230226:2110,0.0,0.0,0.0,1.02,0.69,0.0
20230226:2210,0.0,0.0,0.0,0.75,0.9,0.0
20230226:2310,0.0,0.0,0.0,0.47,0.97,0.0
20230227:0010,0.0,0.0,0.0,0.3,0.76,0.0
20230227:0110,0.0,0.0,0.0,0.15,0.62,0.0
20230227:0210,0.0,0.0,0.0,0.16,0.69,0.0
20230227:0310,0.0,0.0,0.0,0.12,0.69,0.0
20230227:0410,0.0,0.0,0.0,0.09,0.62,0.0
20230227:0510,0.0,0.0,0.0,0.1,0.69,0.0
20230227:0610,0.0,0.0,0.0,0.12,0.69,0.0
20230227:0710,46.67,62.11,9.56,1.03,0.76,0.0
20230227:0810,91.06,104.91,18.73,2.07,0.55,0.0
20230227:0910,183.93,194.98,26.57,2.67,0.21,0.0
20230227:1010,315.5,322.5,32.4,3.31,0.55,0.0
20230227:1110,201.81,213.07,35.5,4.23,0.83,0.0
20230227:1210,139.8,153.36,35.38,4.75,1.03,0.0
20230227:1310,198.56,210.43,32.05,5.27,1.17,0.0
20230227:1410,116.61,131.03,26.05,5.43,1.66,0.0
20230227:1510,93.48,108.3,18.1,5.43,1.79,0.0
20230227:1610,46.42,61.34,8.85,5.04,1.79,0.0
20230227:1710,0.0,0.0,0.0,4.44,1.31,0.0
20230227:1810,0.0,0.0,0.0,3.83,1.31,0.0
20230227:1910,0.0,0.0,0.0,3.21,0.83,0.0
20230227:2010,0.0,0.0,0.0,3.43,0.28,0.0
20230227:2110,0.0,0.0,0.0,3.15,0.14,0.0
20230227:2210,0.0,0.0,0.0,2.75,0.48,0.0
20230227:2310,0.0,0.0,0.0,2.09,0.69,0.0
20230228:0010,0.0,0.0,0.0,1.8,0.76,0.0
20230228:0110,0.0,0.0,0.0,1.49,0.83,0.0
20230228:0210,0.0,0.0,0.0,1.16,0.97,0.0
20230228:0310,0.0,0.0,0.0,0.94,0.97,0.0
20230228:0410,0.0,0.0,0.0,0.49,0.9,0.0
20230228:0510,0.0,0.0,0.0,0.41,0.76,0.0
20230228:0610,0.0,0.0,0.0,0.84,0.55,0.0
20230228:0710,58.11,77.13,9.87,1.79,0.55,0.0
20230228:0810,168.47,182.57,19.06,2.49,0.55,0.0
20230228:0910,212.45,222.99,26.92,3.53,0.55,0.0
20230228:1010,356.96,365.07,32.77,4.56,0.62,0.0
20230228:1110,372.41,382.69,35.88,5.78,0.62,0.0
20230228:1210,351.53,364.12,35.75,6.74,0.34,0.0
20230228:1310,639.88,671.8,32.4,7.2,0.14,0.0
20230228:1410,589.15,612.05,26.36,7.78,0.48,0.0
20230228:1510,527.31,546.82,18.38,7.98,0.48,0.0
20230228:1610,274.51,293.09,9.11,7.77,0.69,0.0
20230228:1710,0.0,0.0,0.0,6.65,1.52,0.0
20230228:1810,0.0,0.0,0.0,4.67,1.45,0.0
20230228:1910,0.0,0.0,0.0,5.45,0.28,0.0
20230228:2010,0.0,0.0,0.0,4.72,0.83,0.0
20230228:2110,0.0,0.0,0.0,4.11,0.83,0.0
20230228:2210,0.0,0.0,0.0,3.47,0.97,0.0
20230228:2310,0.0,0.0,0.0,2.92,1.1,0.0
20230301:0010,0.0,0.0,0.0,1.0,1.03,0.0
20230301:0110,0.0,0.0,0.0,-1.02,1.17,0.0
20230301:0210,0.0,0.0,0.0,-0.62,1.45,0.0
20230301:0310,0.0,0.0,0.0,-0.47,1.86,0.0
20230301:0410,0.0,0.0,0.0,-0.31,1.66,0.0
20230301:0510,0.0,0.0,0.0,-0.08,1.45,0.0
20230301:0610,0.0,0.0,0.0,-0.26,1.1,0.0
20230301:0710,62.88,101.34,10.19,0.25,1.1,0.0
20230301:0810,193.28,207.28,19.4,1.93,0.83,0.0
20230301:0910,497.21,507.46,27.27,3.29,0.69,0.0
20230301:1010,298.45,306.93,33.14,4.57,0.9,0.0
20230301:1110,711.46,735.15,36.26,5.98,1.17,0.0
20230301:1210,312.21,323.33,36.12,7.26,1.38,0.0
20230301:1310,328.57,338.35,32.74,7.64,1.93,0.0
20230301:1410,232.17,243.79,26.68,7.36,1.72,0.0
20230301:1510,98.8,114.28,18.66,7.15,1.79,0.0
20230301:1610,31.45,45.76,9.37,6.54,1.72,0.0
20230301:1710,0.0,0.0,0.0,5.68,1.59,0.0
20230301:1810,0.0,0.0,0.0,4.76,1.45,0.0
20230301:1910,0.0,0.0,0.0,4.53,1.31,0.0
20230301:2010,0.0,0.0,0.0,4.23,0.9,0.0
20230301:2110,0.0,0.0,0.0,4.06,0.83,0.0
20230301:2210,0.0,0.0,0.0,4.02,0.9,0.0
20230301:2310,0.0,0.0,0.0,3.68,0.83,0.0
20230302:0010,0.0,0.0,0.0,3.27,0.62,0.0
20230302:0110,0.0,0.0,0.0,3.21,0.76,0.0
20230302:0210,0.0,0.0,0.0,3.25,1.38,0.0
20230302:0310,0.0,0.0,0.0,3.44,1.72,0.0
20230302:0410,0.0,0.0,0.0,3.53,1.66,0.0
20230302:0510,0.0,0.0,0.0,3.42,1.66,0.0
20230302:0610,0.0,0.0,0.0,3.4,1.66,0.0
20230302:0710,44.62,60.01,10.51,4.15,1.31,0.0
20230302:0810,74.95,90.27,19.73,5.72,1.38,0.0
20230302:0910,106.71,122.3,27.63,7.13,1.38,0.0
20230302:1010,116.77,132.98,33.52,8.4,1.1,0.0
20230302:1110,315.86,331.21,36.65,9.37,0.9,0.0
20230302:1210,353.23,370.27,36.49,10.21,0.83,0.0
20230302:1310,759.37,811.77,33.09,10.66,0.9,0.0
20230302:1410,374.16,390.61,26.99,10.89,0.9,0.0
20230302:1510,207.19,223.05,18.94,10.9,0.97,0.0
20230302:1610,53.05,69.63,9.62,10.44,1.38,0.0
20230302:1710,0.0,0.0,0.0,9.3,1.66,0.0
20230302:1810,0.0,0.0,0.0,7.95,1.45,0.0
20230302:1910,0.0,0.0,0.0,6.31,0.97,0.0
20230302:2010,0.0,0.0,0.0,6.66,0.41,0.0
20230302:2110,0.0,0.0,0.0,6.2,0.62,0.0
20230302:2210,0.0,0.0,0.0,5.14,0.97,0.0
20230302:2310,0.0,0.0,0.0,3.93,1.1,0.0
20230303:0010,0.0,0.0,0.0,3.03,1.31,0.0
20230303:0110,0.0,0.0,0.0,1.67,1.52,0.0
20230303:0210,0.0,0.0,0.0,2.18,1.79,0.0
20230303:0310,0.0,0.0,0.0,1.76,1.86,0.0
20230303:0410,0.0,0.0,0.0,1.79,2.07,0.0
20230303:0510,0.0,0.0,0.0,1.6,2.28,0.0
20230303:0610,0.0,0.0,0.0,1.15,2.28,0.0
20230303:0710,69.04,107.8,10.83,1.84,1.45,0.0
20230303:0810,293.98,319.79,20.07,4.24,1.03,0.0
20230303:0910,494.98,516.03,27.99,7.21,0.41,0.0
20230303:1010,672.97,713.38,33.9,9.21,0.41,0.0
20230303:1110,779.17,835.76,37.03,10.66,0.9,0.0
20230303:1210,763.5,817.35,36.87,11.58,1.17,0.0
20230303:1310,781.94,840.79,33.43,12.14,1.17,0.0
20230303:1410,684.54,728.06,27.3,12.42,1.1,0.0
20230303:1510,437.58,457.58,19.22,12.38,1.31,0.0
20230303:1610,113.0,131.78,9.88,11.85,1.45,0.0
20230303:1710,0.0,0.0,0.0,10.47,1.72,0.0
20230303:1810,0.0,0.0,0.0,8.7,1.66,0.0
20230303:1910,0.0,0.0,0.0,7.3,1.45,0.0
20230303:2010,0.0,0.0,0.0,6.96,1.24,0.0
20230303:2110,0.0,0.0,0.0,7.47,1.03,0.0
20230303:2210,0.0,0.0,0.0,6.34,1.24,0.0
20230303:2310,0.0,0.0,0.0,5.05,1.45,0.0
20230304:0010,0.0,0.0,0.0,4.33,1.38,0.0
20230304:0110,0.0,0.0,0.0,3.89,1.45,0.0
20230304:0210,0.0,0.0,0.0,3.15,1.59,0.0
20230304:0310,0.0,0.0,0.0,2.36,1.86,0.0
20230304:0410,0.0,0.0,0.0,1.64,1.93,0.0
20230304:0510,0.0,0.0,0.0,1.39,1.93,0.0
20230304:0610,0.0,0.0,0.0,1.05,2.0,0.0
20230304:0710,72.49,115.93,11.15,2.3,1.59,0.0
20230304:0810,301.84,331.55,20.41,6.75,1.03,0.0
20230304:0910,514.31,542.05,28.36,9.42,0.48,0.0
20230304:1010,680.48,727.21,34.28,10.8,0.48,0.0
20230304:1110,760.77,820.0,37.42,11.73,0.83,0.0
20230304:1210,745.53,801.26,37.24,12.43,1.1,0.0
20230304:1310,736.29,791.29,33.78,12.87,1.1,0.0
20230304:1410,669.16,712.1,27.61,13.06,1.17,0.0
20230304:1510,517.31,544.56,19.5,12.97,1.17,0.0
20230304:1610,288.63,311.97,10.14,12.48,1.31,0.0
20230304:1710,0.0,0.0,0.0,11.22,1.38,0.0
20230304:1810,0.0,0.0,0.0,9.05,1.31,0.0
20230304:1910,0.0,0.0,0.0,9.56,0.9,0.0
20230304:2010,0.0,0.0,0.0,9.33,0.55,0.0
20230304:2110,0.0,0.0,0.0,7.38,1.24,0.0
20230304:2210,0.0,0.0,0.0,4.35,1.79,0.0
20230304:2310,0.0,0.0,0.0,3.03,2.0,0.0
20230305:0010,0.0,0.0,0.0,2.04,2.0,0.0
20230305:0110,0.0,0.0,0.0,1.31,2.07,0.0
20230305:0210,0.0,0.0,0.0,0.89,2.21,0.0
20230305:0310,0.0,0.0,0.0,0.61,2.28,0.0
20230305:0410,0.0,0.0,0.0,0.26,2.28,0.0
20230305:0510,0.0,0.0,0.0,-0.01,2.28,0.0
20230305:0610,0.0,0.0,0.0,-0.27,2.28,0.0
20230305:0710,76.49,120.47,11.48,0.97,1.93,0.0
20230305:0810,313.92,341.2,20.76,5.63,1.52,0.0
20230305:0910,529.61,552.59,28.72,8.68,1.03,0.0
20230305:1010,685.65,729.98,34.66,10.7,0.69,0.0
20230305:1110,787.06,852.78,37.81,11.93,0.83,0.0
20230305:1210,809.87,880.28,37.62,12.63,1.03,0.0
20230305:1310,795.09,862.47,34.13,13.08,1.1,0.0
20230305:1410,698.5,748.46,27.92,13.24,1.03,0.0
20230305:1510,542.19,573.03,19.78,13.1,1.03,0.0
20230305:1610,298.58,322.88,10.39,12.54,0.97,0.0
20230305:1710,0.0,0.0,0.0,11.2,0.83,0.0
20230305:1810,0.0,0.0,0.0,10.68,0.41,0.0
20230305:1910,0.0,0.0,0.0,6.85,1.72,0.0
20230305:2010,0.0,0.0,0.0,6.65,1.38,0.0
20230305:2110,0.0,0.0,0.0,7.3,0.97,0.0
20230305:2210,0.0,0.0,0.0,7.08,0.62,0.0
20230305:2310,0.0,0.0,0.0,6.56,0.48,0.0
20230306:0010,0.0,0.0,0.0,6.18,0.55,0.0
20230306:0110,0.0,0.0,0.0,6.09,0.69,0.0
20230306:0210,0.0,0.0,0.0,5.73,0.76,0.0
20230306:0310,0.0,0.0,0.0,5.06,0.97,0.0
20230306:0410,0.0,0.0,0.0,4.98,0.97,0.0
20230306:0510,0.0,0.0,0.0,5.1,0.83,0.0
20230306:0610,0.0,0.95,1.75,4.99,0.97,0.0
20230306:0710,74.66,95.91,11.81,5.41,0.97,0.0
20230306:0810,171.96,187.74,21.1,6.59,1.1,0.0
20230306:0910,278.86,291.46,29.09,7.57,1.31,0.0
20230306:1010,195.74,210.69,35.05,8.45,1.24,0.0
20230306:1110,615.27,641.44,38.2,8.99,1.1,0.0
20230306:1210,631.45,659.86,38.0,9.4,1.17,0.0
20230306:1310,706.93,746.1,34.47,9.58,0.97,0.0
20230306:1410,583.77,611.69,28.23,9.72,0.55,0.0
20230306:1510,506.77,532.6,20.06,9.9,0.07,0.0
20230306:1610,285.98,306.54,10.65,9.69,0.41,0.0
20230306:1710,0.0,0.0,0.0,8.92,0.97,0.0
20230306:1810,0.0,0.0,0.0,7.25,1.45,0.0
20230306:1910,0.0,0.0,0.0,6.35,1.79,0.0
20230306:2010,0.0,0.0,0.0,5.52,1.66,0.0
20230306:2110,0.0,0.0,0.0,5.28,1.52,0.0
20230306:2210,0.0,0.0,0.0,5.12,1.59,0.0
20230306:2310,0.0,0.0,0.0,4.71,1.59,0.0
20230307:0010,0.0,0.0,0.0,4.34,1.66,0.0
20230307:0110,0.0,0.0,0.0,4.36,1.59,0.0
20230307:0210,0.0,0.0,0.0,4.22,1.52,0.0
20230307:0310,0.0,0.0,0.0,3.54,1.66,0.0
20230307:0410,0.0,0.0,0.0,3.08,1.66,0.0
20230307:0510,0.0,0.0,0.0,3.18,1.66,0.0
20230307:0610,0.0,3.79,2.07,3.68,1.72,0.0
20230307:0710,85.61,116.06,12.14,4.36,1.1,0.0
20230307:0810,217.51,234.93,21.45,6.6,0.9,0.0
20230307:0910,336.8,350.76,29.46,7.67,0.69,0.0
20230307:1010,232.66,248.09,35.44,8.69,0.55,0.0
20230307:1110,260.02,275.74,38.59,9.36,0.83,0.0
20230307:1210,408.89,425.61,38.38,9.87,1.17,0.0
20230307:1310,345.19,360.51,34.82,10.0,1.17,0.0
20230307:1410,517.85,539.07,28.54,10.05,0.83,0.0
20230307:1510,263.37,277.6,20.34,9.95,0.9,0.0
20230307:1610,135.43,152.91,10.9,9.76,1.17,0.0
20230307:1710,0.0,0.0,0.0,8.94,1.31,0.0
20230307:1810,0.0,0.0,0.0,8.19,1.45,0.0
20230307:1910,0.0,0.0,0.0,7.91,1.79,0.0
20230307:2010,0.0,0.0,0.0,7.37,2.0,0.0
20230307:2110,0.0,0.0,0.0,7.11,1.86,0.0
20230307:2210,0.0,0.0,0.0,6.73,1.66,0.0
20230307:2310,0.0,0.0,0.0,5.03,1.59,0.0
20230308:0010,0.0,0.0,0.0,3.8,1.59,0.0
20230308:0110,0.0,0.0,0.0,2.91,1.59,0.0
20230308:0210,0.0,0.0,0.0,2.03,1.66,0.0
20230308:0310,0.0,0.0,0.0,1.22,1.66,0.0
20230308:0410,0.0,0.0,0.0,0.57,1.86,0.0
20230308:0510,0.0,0.0,0.0,1.06,1.66,0.0
20230308:0610,0.0,2.84,2.39,1.9,1.79,0.0
20230308:0710,84.81,106.24,12.47,3.23,1.24,0.0
20230308:0810,302.55,328.73,21.8,6.78,0.76,0.0
20230308:0910,507.28,530.16,29.83,8.93,0.76,0.0
20230308:1010,464.38,486.0,35.82,9.88,0.55,0.0
20230308:1110,475.48,501.67,38.99,11.04,0.41,0.0
20230308:1210,357.8,378.19,38.75,11.38,0.55,0.0
20230308:1310,486.21,511.88,35.17,11.52,0.62,0.0
20230308:1410,261.23,278.52,28.85,11.44,0.69,0.0
20230308:1510,296.1,312.96,20.62,11.26,0.41,0.0
20230308:1610,178.8,197.52,11.16,10.92,0.76,0.0
20230308:1710,0.0,0.0,0.0,10.01,1.45,0.0
20230308:1810,0.0,0.0,0.0,8.94,2.0,0.0
20230308:1910,0.0,0.0,0.0,8.81,2.07,0.0
20230308:2010,0.0,0.0,0.0,8.54,2.0,0.0
20230308:2110,0.0,0.0,0.0,8.31,1.93,0.0
20230308:2210,0.0,0.0,0.0,8.14,1.86,0.0
20230308:2310,0.0,0.0,0.0,7.84,1.66,0.0
20230309:0010,0.0,0.0,0.0,7.51,1.59,0.0
20230309:0110,0.0,0.0,0.0,7.55,1.72,0.0
20230309:0210,0.0,0.0,0.0,7.54,1.93,0.0
20230309:0310,0.0,0.0,0.0,7.39,2.0,0.0
20230309:0410,0.0,0.0,0.0,7.1,1.66,0.0
20230309:0510,0.0,0.0,0.0,6.08,1.66,0.0
20230309:0610,1.99,9.47,2.71,5.21,1.52,0.0
20230309:0710,89.63,132.65,12.81,5.49,1.1,0.0
20230309:0810,322.01,353.81,22.16,8.66,0.55,0.0
20230309:0910,534.1,565.49,30.2,10.32,0.41,0.0
20230309:1010,685.86,735.88,36.21,11.5,0.48,0.0
20230309:1110,647.42,703.08,39.38,12.74,0.07,0.0
20230309:1210,793.21,882.28,39.13,13.93,0.28,0.0
20230309:1310,724.86,798.06,35.52,14.94,0.41,0.0
20230309:1410,570.21,613.72,29.16,15.62,0.69,0.0
20230309:1510,540.17,578.6,20.89,15.94,1.03,0.0
20230309:1610,130.04,151.29,11.41,15.66,0.83,0.0
20230309:1710,0.0,0.0,0.0,14.1,0.83,0.0
20230309:1810,0.0,0.0,0.0,12.07,1.24,0.0
20230309:1910,0.0,0.0,0.0,13.23,1.03,0.0
20230309:2010,0.0,0.0,0.0,12.92,0.97,0.0
20230309:2110,0.0,0.0,0.0,12.04,0.55,0.0
20230309:2210,0.0,0.0,0.0,11.26,0.14,0.0
20230309:2310,0.0,0.0,0.0,10.37,0.62,0.0
20230310:0010,0.0,0.0,0.0,9.47,0.48,0.0
20230310:0110,0.0,0.0,0.0,8.91,0.83,0.0
20230310:0210,0.0,0.0,0.0,6.69,1.38,0.0
20230310:0310,0.0,0.0,0.0,6.58,1.38,0.0
20230310:0410,0.0,0.0,0.0,6.51,1.31,0.0
20230310:0510,0.0,0.0,0.0,6.48,1.31,0.0
20230310:0610,1.97,9.47,3.04,6.64,1.45,0.0
20230310:0710,33.85,48.53,13.15,7.58,0.9,0.0
20230310:0810,210.45,229.62,22.51,9.22,0.62,0.0
20230310:0910,222.35,238.93,30.57,10.12,0.9,0.0
20230310:1010,478.44,498.58,36.61,10.75,1.38,0.0
20230310:1110,416.09,437.13,39.78,11.86,1.24,0.0
20230310:1210,656.4,696.54,39.51,12.9,1.52,0.0
20230310:1310,707.88,750.01,35.86,13.66,2.14,0.0
20230310:1410,662.88,698.95,29.47,14.4,2.34,0.0
20230310:1510,552.86,581.37,21.17,14.7,2.21,0.0
20230310:1610,121.16,141.16,11.66,14.59,1.66,0.0
20230310:1710,0.0,0.0,0.0,13.3,0.97,0.0
20230310:1810,0.0,0.0,0.0,11.49,2.28,0.0
20230310:1910,0.0,0.0,0.0,10.31,2.0,0.0
20230310:2010,0.0,0.0,0.0,9.53,2.14,0.0
20230310:2110,0.0,0.0,0.0,9.02,2.21,0.0
20230310:2210,0.0,0.0,0.0,8.41,1.86,0.0
20230310:2310,0.0,0.0,0.0,7.46,1.86,0.0
20230311:0010,0.0,0.0,0.0,6.48,2.0,0.0
20230311:0110,0.0,0.0,0.0,5.48,2.14,0.0
20230311:0210,0.0,0.0,0.0,4.77,2.14,0.0
20230311:0310,0.0,0.0,0.0,4.47,2.28,0.0
20230311:0410,0.0,0.0,0.0,4.51,2.48,0.0
20230311:0510,0.0,0.0,0.0,4.68,2.34,0.0
20230311:0610,0.05,5.68,3.37,4.18,2.48,0.0
20230311:0710,98.49,139.46,13.48,6.44,2.07,0.0
20230311:0810,332.7,362.15,22.86,9.88,2.14,0.0
20230311:0910,541.34,562.86,30.95,11.93,2.83,0.0
20230311:1010,718.14,750.47,37.0,13.57,3.38,0.0
20230311:1110,820.16,865.84,40.18,14.74,3.79,0.0
20230311:1210,845.81,896.9,39.89,15.61,4.07,0.0
20230311:1310,832.78,882.63,36.21,16.16,4.21,0.0
20230311:1410,730.68,768.99,29.78,16.38,4.07,0.0
20230311:1510,561.14,587.43,21.44,16.15,3.72,0.0
20230311:1610,307.99,332.07,11.91,15.37,3.1,0.0
20230311:1710,0.0,3.79,1.72,13.76,3.03,0.0
20230311:1810,0.0,0.0,0.0,12.28,3.17,0.0
20230311:1910,0.0,0.0,0.0,12.35,3.72,0.0
20230311:2010,0.0,0.0,0.0,11.52,3.66,0.0
20230311:2110,0.0,0.0,0.0,10.6,3.38,0.0
20230311:2210,0.0,0.0,0.0,9.67,3.1,0.0
20230311:2310,0.0,0.0,0.0,8.72,2.76,0.0
20230312:0010,0.0,0.0,0.0,7.68,2.28,0.0
20230312:0110,0.0,0.0,0.0,6.65,1.86,0.0
20230312:0210,0.0,0.0,0.0,6.68,1.45,0.0
20230312:0310,0.0,0.0,0.0,7.6,0.97,0.0
20230312:0410,0.0,0.0,0.0,7.84,0.76,0.0
20230312:0510,0.0,0.0,0.0,6.49,1.1,0.0
20230312:0610,7.08,17.04,3.7,5.0,1.45,0.0
20230312:0710,101.45,148.72,13.83,7.25,0.9,0.0
20230312:0810,340.1,370.64,23.22,9.75,1.45,0.0
20230312:0910,560.91,585.11,31.33,10.62,1.79,0.0
20230312:1010,719.22,757.32,37.39,11.41,1.79,0.0
20230312:1110,810.4,872.68,40.57,12.47,1.45,0.0
20230312:1210,835.2,915.18,40.27,13.6,1.1,0.0
20230312:1310,813.91,890.01,36.55,14.24,1.17,0.0
20230312:1410,711.55,765.28,30.09,14.53,1.31,0.0
20230312:1510,553.86,586.42,21.72,14.49,1.45,0.0
20230312:1610,310.68,334.89,12.16,13.95,1.59,0.0
20230312:1710,0.06,5.82,1.96,12.8,1.38,0.0
20230312:1810,0.0,0.0,0.0,11.05,1.52,0.0
20230312:1910,0.0,0.0,0.0,10.01,1.59,0.0
20230312:2010,0.0,0.0,0.0,8.74,1.66,0.0
20230312:2110,0.0,0.0,0.0,8.18,1.59,0.0
20230312:2210,0.0,0.0,0.0,7.2,1.72,0.0
20230312:2310,0.0,0.0,0.0,6.74,1.59,0.0
20230313:0010,0.0,0.0,0.0,6.97,1.38,0.0
20230313:0110,0.0,0.0,0.0,6.4,1.31,0.0
20230313:0210,0.0,0.0,0.0,6.1,1.24,0.0
20230313:0310,0.0,0.0,0.0,5.33,1.31,0.0
20230313:0410,0.0,0.0,0.0,4.22,1.66,0.0
20230313:0510,0.0,0.0,0.0,3.98,1.66,0.0
20230313:0610,7.84,17.99,4.03,4.05,1.52,0.0
20230313:0710,90.54,110.3,14.17,6.65,0.9,0.0
20230313:0810,120.02,136.87,23.58,9.28,0.83,0.0
20230313:0910,240.25,257.1,31.7,10.56,1.03,0.0
20230313:1010,380.74,400.8,37.79,11.64,1.03,0.0
20230313:1110,563.08,596.97,40.97,12.55,0.97,0.0
20230313:1210,521.65,554.26,40.66,13.3,0.9,0.0
20230313:1310,368.8,391.34,36.9,13.31,0.9,0.0
20230313:1410,251.46,270.72,30.39,13.33,1.03,0.0
20230313:1510,299.32,317.55,21.99,13.09,1.03,0.0
20230313:1610,27.76,42.71,12.41,12.77,1.03,0.0
20230313:1710,0.0,0.97,2.2,12.11,0.83,0.0
20230313:1810,0.0,0.0,0.0,11.37,0.83,0.0
20230313:1910,0.0,0.0,0.0,10.42,1.03,0.0
20230313:2010,0.0,0.0,0.0,10.14,1.1,0.0
20230313:2110,0.0,0.0,0.0,9.78,1.52,0.0
20230313:2210,0.0,0.0,0.0,9.57,1.72,0.0
20230313:2310,0.0,0.0,0.0,9.34,2.07,0.0
20230314:0010,0.0,0.0,0.0,9.16,2.62,0.0
20230314:0110,0.0,0.0,0.0,8.93,2.9,0.0
20230314:0210,0.0,0.0,0.0,8.79,2.28,0.0
20230314:0310,0.0,0.0,0.0,8.64,1.93,0.0
20230314:0410,0.0,0.0,0.0,8.52,1.72,0.0
20230314:0510,0.0,0.0,0.0,8.31,1.72,0.0
20230314:0610,5.6,15.15,4.36,8.1,1.79,0.0
20230314:0710,53.23,68.91,14.51,7.75,1.52,0.0
20230314:0810,48.43,64.06,23.94,8.27,1.72,0.0
20230314:0910,95.11,111.62,32.08,8.96,1.66,0.0
20230314:1010,378.9,392.89,38.18,9.76,2.0,0.0
20230314:1110,356.49,373.88,41.37,11.19,1.66,0.0
20230314:1210,641.87,684.63,41.04,12.47,0.97,0.0
20230314:1310,605.69,647.83,37.24,13.13,0.69,0.0
20230314:1410,555.02,594.43,30.7,13.98,0.41,0.0
20230314:1510,219.31,239.61,22.26,14.24,0.28,0.0
20230314:1610,113.24,132.91,12.66,14.22,0.97,0.0
20230314:1710,0.0,1.94,2.43,13.25,1.72,0.0
20230314:1810,0.0,0.0,0.0,11.59,2.48,0.0
20230314:1910,0.0,0.0,0.0,10.77,2.69,0.0
20230314:2010,0.0,0.0,0.0,10.08,3.03,0.0
20230314:2110,0.0,0.0,0.0,9.76,3.17,0.0
20230314:2210,0.0,0.0,0.0,9.09,3.17,0.0
20230314:2310,0.0,0.0,0.0,8.41,3.17,0.0
20230315:0010,0.0,0.0,0.0,7.9,3.17,0.0
20230315:0110,0.0,0.0,0.0,7.41,3.1,0.0
20230315:0210,0.0,0.0,0.0,6.71,2.83,0.0
20230315:0310,0.0,0.0,0.0,5.63,2.69,0.0
20230315:0410,0.0,0.0,0.0,5.09,2.9,0.0
20230315:0510,0.0,0.0,0.0,5.43,3.52,0.0
20230315:0610,14.5,26.51,4.7,6.3,4.07,0.0
20230315:0710,118.24,167.44,14.85,7.35,4.9,0.0
20230315:0810,372.14,394.07,24.3,8.22,4.55,0.0
20230315:0910,611.5,620.14,32.46,9.05,4.69,0.0
20230315:1010,778.62,795.7,38.58,9.95,4.41,0.0
20230315:1110,884.35,918.63,41.77,10.84,4.07,0.0
20230315:1210,921.63,968.33,41.42,11.5,3.72,0.0
20230315:1310,889.55,936.92,37.59,11.95,3.38,0.0
20230315:1410,741.99,772.24,31.0,12.16,3.17,0.0
20230315:1510,442.53,457.29,22.53,12.11,2.76,0.0
20230315:1610,350.34,371.64,12.91,11.67,1.72,0.0
20230315:1710,5.23,15.55,2.67,10.1,1.03,0.0
20230315:1810,0.0,0.0,0.0,7.82,1.38,0.0
20230315:1910,0.0,0.0,0.0,5.88,2.07,0.0
20230315:2010,0.0,0.0,0.0,4.89,2.14,0.0
20230315:2110,0.0,0.0,0.0,4.03,2.41,0.0
20230315:2210,0.0,0.0,0.0,3.54,2.48,0.0
20230315:2310,0.0,0.0,0.0,3.13,2.48,0.0
20230316:0010,0.0,0.0,0.0,2.78,2.55,0.0
20230316:0110,0.0,0.0,0.0,2.55,2.48,0.0
20230316:0210,0.0,0.0,0.0,2.13,2.34,0.0
20230316:0310,0.0,0.0,0.0,1.56,2.21,0.0
20230316:0410,0.0,0.0,0.0,1.16,2.07,0.0
20230316:0510,0.0,0.0,0.0,0.8,1.93,0.0
20230316:0610,15.76,27.45,5.03,0.64,1.86,0.0
20230316:0710,121.82,165.6,15.2,2.71,1.66,0.0
20230316:0810,360.13,385.48,24.66,7.55,1.31,0.0
20230316:0910,572.14,594.18,32.84,9.4,1.59,0.0
20230316:1010,729.29,765.12,38.98,10.29,1.72,0.0
20230316:1110,832.94,887.05,42.17,10.96,1.79,0.0
20230316:1210,871.97,940.21,41.8,11.45,1.59,0.0
20230316:1310,840.91,908.29,37.93,11.74,1.31,0.0
20230316:1410,733.58,782.4,31.3,11.74,1.1,0.0
20230316:1510,530.69,557.34,22.8,11.7,0.83,0.0
20230316:1610,320.62,342.42,13.15,11.34,0.69,0.0
20230316:1710,6.34,17.09,2.9,10.57,0.48,0.0
20230316:1810,0.0,0.0,0.0,8.98,0.83,0.0
20230316:1910,0.0,0.0,0.0,7.71,1.24,0.0
20230316:2010,0.0,0.0,0.0,6.6,1.31,0.0
20230316:2110,0.0,0.0,0.0,5.34,1.52,0.0
20230316:2210,0.0,0.0,0.0,4.56,1.52,0.0
20230316:2310,0.0,0.0,0.0,4.01,1.59,0.0
20230317:0010,0.0,0.0,0.0,3.42,1.72,0.0
20230317:0110,0.0,0.0,0.0,2.8,1.79,0.0
20230317:0210,0.0,0.0,0.0,2.07,1.79,0.0
20230317:0310,0.0,0.0,0.0,1.55,1.79,0.0
20230317:0410,0.0,0.0,0.0,1.13,1.72,0.0
20230317:0510,0.0,0.0,0.0,0.75,1.66,0.0
20230317:0610,17.41,29.35,5.37,0.54,1.66,0.0
20230317:0710,125.17,164.43,15.54,3.43,1.24,0.0
20230317:0810,348.85,372.88,25.02,7.82,1.17,0.0
20230317:0910,543.75,568.37,33.22,8.66,0.62,0.0
20230317:1010,643.98,684.44,39.38,9.6,0.28,0.0
20230317:1110,658.13,706.85,42.58,10.4,0.14,0.0
20230317:1210,787.05,866.8,42.18,11.09,0.07,0.0
20230317:1310,682.37,738.65,38.27,11.54,0.14,0.0
20230317:1410,565.15,600.73,31.6,11.76,0.28,0.0
20230317:1510,396.58,417.38,23.07,11.74,0.34,0.0
20230317:1610,178.35,197.05,13.4,11.44,0.41,0.0
20230317:1710,0.51,6.79,3.14,10.79,0.48,0.0
20230317:1810,0.0,0.0,0.0,10.0,0.21,0.0
20230317:1910,0.0,0.0,0.0,9.18,0.41,0.0
20230317:2010,0.0,0.0,0.0,8.35,0.9,0.0
20230317:2110,0.0,0.0,0.0,6.96,1.17,0.0
20230317:2210,0.0,0.0,0.0,6.25,1.24,0.0
20230317:2310,0.0,0.0,0.0,5.64,1.31,0.0
20230318:0010,0.0,0.0,0.0,4.56,1.52,0.0
20230318:0110,0.0,0.0,0.0,3.33,1.79,0.0
20230318:0210,0.0,0.0,0.0,2.54,1.79,0.0
20230318:0310,0.0,0.0,0.0,2.0,1.79,0.0
20230318:0410,0.0,0.0,0.0,1.56,1.45,0.0
20230318:0510,0.0,0.0,0.0,1.55,1.38,0.0
20230318:0610,18.14,30.29,5.71,1.55,1.45,0.0
20230318:0710,130.19,176.74,15.89,4.84,0.97,0.0
20230318:0810,357.76,386.62,25.38,8.93,0.41,0.0
20230318:0910,575.09,609.22,33.61,10.52,0.48,0.0
20230318:1010,723.43,773.22,39.78,11.59,0.97,0.0
20230318:1110,815.43,883.85,42.98,12.46,1.17,0.0
20230318:1210,848.8,928.74,42.56,13.14,1.17,0.0
20230318:1310,807.79,885.21,38.62,13.63,0.9,0.0
20230318:1410,712.79,773.09,31.9,13.89,0.69,0.0
20230318:1510,494.25,524.7,23.33,13.93,0.69,0.0
20230318:1610,300.18,324.26,13.64,13.63,0.69,0.0
20230318:1710,7.25,18.37,3.37,12.85,0.97,0.0
20230318:1810,0.0,0.0,0.0,10.9,0.97,0.0
20230318:1910,0.0,0.0,0.0,11.21,0.34,0.0
20230318:2010,0.0,0.0,0.0,10.74,0.69,0.0
20230318:2110,0.0,0.0,0.0,9.58,1.03,0.0
20230318:2210,0.0,0.0,0.0,7.8,1.31,0.0
20230318:2310,0.0,0.0,0.0,6.85,1.52,0.0
20230319:0010,0.0,0.0,0.0,6.19,1.59,0.0
20230319:0110,0.0,0.0,0.0,5.38,1.72,0.0
20230319:0210,0.0,0.0,0.0,5.13,1.66,0.0
20230319:0310,0.0,0.0,0.0,4.83,1.59,0.0
20230319:0410,0.0,0.0,0.0,4.77,1.52,0.0
20230319:0510,0.0,0.0,0.0,4.76,1.52,0.0
20230319:0610,22.0,35.03,6.05,4.57,1.52,0.0
20230319:0710,130.86,162.29,16.24,6.77,0.83,0.0
20230319:0810,338.68,366.99,25.74,10.24,0.34,0.0
20230319:0910,529.34,565.44,33.99,11.63,0.07,0.0
20230319:1010,582.46,622.13,40.17,12.38,0.48,0.0
20230319:1110,705.9,762.81,43.38,13.12,0.83,0.0
20230319:1210,507.6,537.98,42.94,13.64,1.31,0.0
20230319:1310,307.91,328.37,38.96,13.44,1.38,0.0
20230319:1410,238.66,258.22,32.2,13.27,0.9,0.0
20230319:1510,178.9,198.16,23.6,13.09,0.21,0.0
20230319:1610,152.68,172.14,13.89,12.91,0.48,0.0
20230319:1710,0.96,7.76,3.6,12.26,1.31,0.0
20230319:1810,0.0,0.0,0.0,10.78,1.86,0.0
20230319:1910,0.0,0.0,0.0,9.52,1.59,0.0
20230319:2010,0.0,0.0,0.0,7.95,1.52,0.0
20230319:2110,0.0,0.0,0.0,7.37,1.45,0.0
20230319:2210,0.0,0.0,0.0,6.5,1.52,0.0
20230319:2310,0.0,0.0,0.0,5.87,1.52,0.0
20230320:0010,0.0,0.0,0.0,5.06,1.59,0.0
20230320:0110,0.0,0.0,0.0,4.41,1.52,0.0
20230320:0210,0.0,0.0,0.0,3.84,1.52,0.0
20230320:0310,0.0,0.0,0.0,3.1,1.66,0.0
20230320:0410,0.0,0.0,0.0,2.49,1.72,0.0
20230320:0510,0.0,0.0,0.0,2.08,1.72,0.0
20230320:0610,22.31,35.03,6.38,1.95,1.66,0.0
20230320:0710,137.08,178.52,16.58,5.09,1.03,0.0
20230320:0810,365.42,392.38,26.11,8.55,0.55,0.0
20230320:0910,574.21,609.5,34.37,10.82,0.41,0.0
20230320:1010,637.32,686.14,40.57,12.41,0.34,0.0
20230320:1110,757.9,835.98,43.78,13.65,0.34,0.0
20230320:1210,842.66,943.54,43.32,14.66,0.55,0.0
20230320:1310,818.71,905.93,39.3,15.04,0.9,0.0
20230320:1410,717.91,775.74,32.5,15.23,1.31,0.0
20230320:1510,558.04,592.12,23.86,15.15,1.52,0.0
20230320:1610,333.6,358.95,14.13,14.74,1.52,0.0
20230320:1710,4.37,13.59,3.84,13.62,1.66,0.0
20230320:1810,0.0,0.0,0.0,11.95,1.79,0.0
20230320:1910,0.0,0.0,0.0,10.51,1.59,0.0
20230320:2010,0.0,0.0,0.0,9.15,1.66,0.0
20230320:2110,0.0,0.0,0.0,8.33,1.59,0.0
20230320:2210,0.0,0.0,0.0,8.33,1.31,0.0
20230320:2310,0.0,0.0,0.0,8.54,1.17,0.0
20230321:0010,0.0,0.0,0.0,7.38,1.45,0.0
20230321:0110,0.0,0.0,0.0,5.56,1.59,0.0
20230321:0210,0.0,0.0,0.0,4.87,1.45,0.0
20230321:0310,0.0,0.0,0.0,5.12,1.59,0.0
20230321:0410,0.0,0.0,0.0,5.16,1.79,0.0
20230321:0510,0.0,0.0,0.0,4.78,1.86,0.0
20230321:0610,24.54,37.87,6.72,4.73,2.0,0.0
20230321:0710,0.0,0.0,0.0,7.9,1.24,0.0
20230321:0810,0.0,0.0,0.0,11.24,0.83,0.0
20230321:0910,495.41,528.87,34.75,12.97,0.41,0.0
20230321:1010,592.91,636.19,40.97,14.14,0.83,0.0
20230321:1110,788.2,866.06,44.18,15.1,1.03,0.0
20230321:1210,820.85,907.88,43.7,15.85,1.17,0.0
20230321:1310,708.38,773.35,39.63,16.35,1.17,0.0
20230321:1410,613.99,663.47,32.8,16.63,1.1,0.0
20230321:1510,393.56,420.85,24.13,16.58,1.1,0.0
20230321:1610,161.55,183.25,14.37,16.16,1.03,0.0
20230321:1710,9.56,21.56,4.07,15.34,1.03,0.0
20230321:1810,0.0,0.0,0.0,14.16,0.69,0.0
20230321:1910,0.0,0.0,0.0,14.44,0.14,0.0
20230321:2010,0.0,0.0,0.0,13.92,0.76,0.0
20230321:2110,0.0,0.0,0.0,11.22,1.38,0.0
20230321:2210,0.0,0.0,0.0,9.56,1.72,0.0
20230321:2310,0.0,0.0,0.0,8.58,1.72,0.0
20230322:0010,0.0,0.0,0.0,7.69,1.72,0.0
20230322:0110,0.0,0.0,0.0,6.95,1.86,0.0
20230322:0210,0.0,0.0,0.0,6.4,1.93,0.0
20230322:0310,0.0,0.0,0.0,5.73,1.93,0.0
20230322:0410,0.0,0.0,0.0,5.25,1.86,0.0
20230322:0510,0.0,0.0,0.0,4.82,1.93,0.0
20230322:0610,25.39,38.82,7.06,4.76,1.86,0.0
20230322:0710,0.0,0.0,0.0,8.31,1.31,0.0
20230322:0810,366.42,399.93,26.83,12.96,0.76,0.0
20230322:0910,565.55,612.23,35.13,14.71,0.34,0.0
20230322:1010,705.89,774.69,41.37,15.71,0.62,0.0
20230322:1110,810.5,903.37,44.58,16.51,0.9,0.0
20230322:1210,850.77,959.4,44.07,17.23,0.9,0.0
20230322:1310,802.37,897.26,39.97,17.68,0.97,0.0
20230322:1410,701.26,768.05,33.09,17.94,1.24,0.0
20230322:1510,549.98,591.51,24.39,17.82,1.45,0.0
20230322:1610,311.67,340.17,14.61,17.4,1.38,0.0
20230322:1710,21.62,38.13,4.3,16.56,0.97,0.0
20230322:1810,0.0,0.0,0.0,15.64,0.62,0.0
20230322:1910,0.0,0.0,0.0,15.76,0.69,0.0
20230322:2010,0.0,0.0,0.0,14.82,0.97,0.0
20230322:2110,0.0,0.0,0.0,14.11,0.55,0.0
20230322:2210,0.0,0.0,0.0,13.54,0.34,0.0
20230322:2310,0.0,0.0,0.0,12.52,0.55,0.0
20230323:0010,0.0,0.0,0.0,11.71,0.41,0.0
20230323:0110,0.0,0.0,0.0,11.28,0.48,0.0
20230323:0210,0.0,0.0,0.0,10.68,0.83,0.0
20230323:0310,0.0,0.0,0.0,9.12,1.1,0.0
20230323:0410,0.0,0.0,0.0,7.99,1.31,0.0
20230323:0510,0.0,0.0,0.0,7.36,1.52,0.0
20230323:0610,28.43,42.6,7.4,7.52,1.24,0.0
20230323:0710,116.83,137.37,17.62,9.9,0.28,0.0
20230323:0810,372.85,406.12,27.19,11.89,0.34,0.0
20230323:0910,571.55,613.75,35.51,13.33,0.41,0.0
20230323:1010,608.17,658.11,41.77,14.69,0.55,0.0
20230323:1110,765.96,841.6,44.98,15.62,1.03,0.0
20230323:1210,824.06,912.93,44.45,16.34,1.24,0.0
20230323:1310,797.0,879.18,40.31,16.75,1.31,0.0
20230323:1410,704.35,767.74,33.39,17.0,1.24,0.0
20230323:1510,561.98,603.84,24.65,16.99,1.24,0.0
20230323:1610,155.63,177.3,14.85,16.63,1.38,0.0
20230323:1710,31.69,50.82,4.53,15.74,1.45,0.0
20230323:1810,0.0,0.0,0.0,14.3,1.79,0.0
20230323:1910,0.0,0.0,0.0,13.73,1.72,0.0
20230323:2010,0.0,0.0,0.0,12.53,1.72,0.0
20230323:2110,0.0,0.0,0.0,11.49,1.38,0.0
20230323:2210,0.0,0.0,0.0,10.73,1.17,0.0
20230323:2310,0.0,0.0,0.0,10.04,1.1,0.0
20230324:0010,0.0,0.0,0.0,9.62,0.9,0.0
20230324:0110,0.0,0.0,0.0,9.83,0.55,0.0
20230324:0210,0.0,0.0,0.0,9.63,0.41,0.0
20230324:0310,0.0,0.0,0.0,9.21,0.41,0.0
20230324:0410,0.0,0.0,0.0,9.05,0.41,0.0
20230324:0510,0.0,0.0,0.0,8.61,0.62,0.0
20230324:0610,17.44,30.29,7.74,8.81,0.69,0.0
20230324:0710,28.96,43.68,17.97,10.38,0.48,0.0
20230324:0810,68.1,85.41,27.55,11.28,0.55,0.0
20230324:0910,80.16,98.03,35.9,12.07,0.83,0.0
20230324:1010,69.63,87.36,42.17,12.55,1.1,0.0
20230324:1110,78.95,97.06,45.38,12.89,1.17,0.0
20230324:1210,174.66,194.12,44.83,13.15,0.97,0.0
20230324:1310,99.44,118.42,40.64,13.66,0.83,0.0
20230324:1410,74.75,93.18,33.68,13.66,0.34,0.0
20230324:1510,32.85,48.53,24.91,13.39,0.69,0.0
20230324:1610,94.82,113.48,15.09,13.27,0.9,0.0
20230324:1710,22.81,38.79,4.75,12.85,0.83,0.0
20230324:1810,0.0,0.0,0.0,12.25,1.03,0.0
20230324:1910,0.0,0.0,0.0,11.55,1.17,0.0
20230324:2010,0.0,0.0,0.0,10.98,0.76,0.0
20230324:2110,0.0,0.0,0.0,10.57,0.76,0.0
20230324:2210,0.0,0.0,0.0,10.33,0.83,0.0
20230324:2310,0.0,0.0,0.0,10.48,1.03,0.0
20230325:0010,0.0,0.0,0.0,10.33,1.17,0.0
20230325:0110,0.0,0.0,0.0,9.84,0.83,0.0
20230325:0210,0.0,0.0,0.0,10.02,0.55,0.0
20230325:0310,0.0,0.0,0.0,9.4,0.9,0.0
20230325:0410,0.0,0.0,0.0,8.8,1.1,0.0
20230325:0510,0.0,0.0,0.0,8.38,1.03,0.0
20230325:0610,31.89,46.39,8.08,7.52,1.24,0.0
20230325:0710,127.73,148.21,18.32,9.48,1.17,0.0
20230325:0810,396.71,429.0,27.91,12.0,0.97,0.0
20230325:0910,606.16,646.98,36.28,13.61,1.1,0.0
20230325:1010,749.41,809.67,42.57,15.05,1.59,0.0
20230325:1110,849.89,925.05,45.78,15.98,2.28,0.0
20230325:1210,718.4,775.49,45.2,16.85,2.34,0.0
20230325:1310,843.1,922.97,40.98,17.46,2.34,0.0
20230325:1410,739.62,803.58,33.97,17.76,2.0,0.0
20230325:1510,579.95,622.76,25.16,17.7,1.72,0.0
20230325:1610,371.26,403.88,15.32,17.24,1.17,0.0
20230325:1710,61.52,86.85,4.98,15.68,1.1,0.0
20230325:1810,0.0,0.0,0.0,12.85,1.59,0.0
20230325:1910,0.0,0.0,0.0,11.47,2.34,0.0
20230325:2010,0.0,0.0,0.0,10.1,2.21,0.0
20230325:2110,0.0,0.0,0.0,8.75,2.14,0.0
20230325:2210,0.0,0.0,0.0,7.5,2.14,0.0
20230325:2310,0.0,0.0,0.0,6.68,2.21,0.0
20230326:0010,0.0,0.0,0.0,6.11,2.28,0.0
20230326:0110,0.0,0.0,0.0,5.8,2.41,0.0
20230326:0210,0.0,0.0,0.0,6.26,2.41,0.0
20230326:0310,0.0,0.0,0.0,6.26,2.28,0.0
20230326:0410,0.0,0.0,0.0,5.16,1.93,0.0
20230326:0510,0.0,0.0,0.0,4.76,1.72,0.0
20230326:0610,34.99,49.23,8.41,4.93,1.52,0.0
20230326:0710,160.83,192.2,18.66,8.28,1.31,0.0
20230326:0810,325.82,345.56,28.27,10.62,2.07,0.0
20230326:0910,221.07,238.85,36.66,11.93,1.72,0.0
20230326:1010,61.03,78.62,42.96,13.21,1.38,0.0
20230326:1110,271.2,292.95,46.18,13.81,0.97,0.0
20230326:1210,59.87,77.65,45.58,13.73,0.62,0.0
20230326:1310,81.51,99.97,41.31,13.42,0.76,0.0
20230326:1410,120.52,139.77,34.26,13.36,0.55,0.0
20230326:1510,78.64,97.06,25.42,13.35,0.41,0.0
20230326:1610,378.47,407.53,15.56,13.15,0.14,0.0
20230326:1710,45.53,66.42,5.21,12.74,0.55,0.0
20230326:1810,0.0,0.0,0.0,11.4,1.03,0.0
20230326:1910,0.0,0.0,0.0,9.08,1.72,0.0
20230326:2010,0.0,0.0,0.0,7.78,1.93,0.0
20230326:2110,0.0,0.0,0.0,6.59,2.14,0.0
20230326:2210,0.0,0.0,0.0,6.03,2.21,0.0
20230326:2310,0.0,0.0,0.0,5.91,2.41,0.0
20230327:0010,0.0,0.0,0.0,5.77,2.62,0.0
20230327:0110,0.0,0.0,0.0,5.66,2.76,0.0
20230327:0210,0.0,0.0,0.0,5.48,2.9,0.0
20230327:0310,0.0,0.0,0.0,5.21,2.9,0.0
20230327:0410,0.0,0.0,0.0,4.95,2.97,0.0
20230327:0510,0.0,0.0,0.0,4.8,2.97,0.0
20230327:0610,26.22,39.76,8.75,5.12,2.97,0.0
20230327:0710,175.63,223.17,19.01,7.51,2.55,0.0
20230327:0810,431.32,457.06,28.63,11.02,2.9,0.0
20230327:0910,652.13,677.47,37.04,13.24,3.86,0.0
20230327:1010,812.19,844.64,43.36,14.12,5.17,0.0
20230327:1110,919.29,961.92,46.58,14.31,5.66,0.0
20230327:1210,969.41,1018.79,45.95,14.36,5.72,0.0
20230327:1310,915.19,954.97,41.64,14.29,5.93,0.0
20230327:1410,812.15,837.57,34.54,13.75,5.93,0.0
20230327:1510,645.2,657.97,25.67,12.92,5.93,0.0
20230327:1610,405.65,419.92,15.79,11.73,5.52,0.0
20230327:1710,108.9,138.31,5.43,10.44,5.1,0.0
20230327:1810,0.0,0.0,0.0,9.16,4.9,0.0
20230327:1910,0.0,0.0,0.0,8.47,5.72,0.0
20230327:2010,0.0,0.0,0.0,7.97,5.93,0.0
20230327:2110,0.0,0.0,0.0,7.58,5.79,0.0
20230327:2210,0.0,0.0,0.0,7.28,5.38,0.0
20230327:2310,0.0,0.0,0.0,6.95,4.69,0.0
20230328:0010,0.0,0.0,0.0,6.5,3.72,0.0
20230328:0110,0.0,0.0,0.0,5.81,2.97,0.0
20230328:0210,0.0,0.0,0.0,4.83,2.41,0.0
20230328:0310,0.0,0.0,0.0,3.57,2.21,0.0
20230328:0410,0.0,0.0,0.0,2.43,2.21,0.0
20230328:0510,0.0,0.0,0.0,1.55,2.21,0.0
20230328:0610,32.01,45.44,9.09,1.52,2.14,0.0
20230328:0710,181.77,226.14,19.35,5.27,1.72,0.0
20230328:0810,434.88,455.66,28.99,7.95,2.14,0.0
20230328:0910,650.62,674.48,37.41,9.38,2.0,0.0
20230328:1010,787.11,838.29,43.76,10.64,1.38,0.0
20230328:1110,867.38,959.89,46.97,11.65,0.55,0.0
20230328:1210,895.29,1003.53,46.32,12.44,0.48,0.0
20230328:1310,869.68,957.03,41.97,12.86,1.03,0.0
20230328:1410,778.54,835.68,34.83,12.76,1.45,0.0
20230328:1510,606.87,638.18,25.92,12.41,1.45,0.0
20230328:1610,401.49,425.36,16.02,11.96,1.17,0.0
20230328:1710,115.06,146.23,5.66,11.35,0.76,0.0
20230328:1810,0.0,0.0,0.0,9.91,0.83,0.0
20230328:1910,0.0,0.0,0.0,10.02,1.03,0.0
20230328:2010,0.0,0.0,0.0,9.53,1.03,0.0
20230328:2110,0.0,0.0,0.0,9.51,0.83,0.0
20230328:2210,0.0,0.0,0.0,9.03,0.34,0.0
20230328:2310,0.0,0.0,0.0,8.62,0.41,0.0
20230329:0010,0.0,0.0,0.0,8.1,0.9,0.0
20230329:0110,0.0,0.0,0.0,7.28,1.03,0.0
20230329:0210,0.0,0.0,0.0,5.82,1.17,0.0
20230329:0310,0.0,0.0,0.0,4.79,1.38,0.0
20230329:0410,0.0,0.0,0.0,3.7,1.52,0.0
20230329:0510,0.0,0.0,0.0,2.38,1.72,0.0
20230329:0610,47.31,61.54,9.42,2.56,1.45,0.0
20230329:0710,172.62,200.91,19.69,6.64,0.55,0.0
20230329:0810,391.1,417.27,29.35,9.34,0.34,0.0
20230329:0910,611.5,649.29,37.79,10.48,0.41,0.0
20230329:1010,755.0,820.97,44.15,11.43,0.34,0.0
20230329:1110,844.25,933.29,47.37,12.67,0.62,0.0
20230329:1210,888.04,992.31,46.69,13.7,0.76,0.0
20230329:1310,847.9,940.41,42.29,14.45,0.9,0.0
20230329:1410,747.37,814.25,35.11,14.76,0.97,0.0
20230329:1510,589.68,629.07,26.18,14.74,1.1,0.0
20230329:1610,366.31,392.66,16.25,14.54,1.24,0.0
20230329:1710,85.05,111.71,5.88,13.83,0.83,0.0
20230329:1810,0.0,0.0,0.0,12.69,0.62,0.0
20230329:1910,0.0,0.0,0.0,10.43,1.45,0.0
20230329:2010,0.0,0.0,0.0,9.22,1.59,0.0
20230329:2110,0.0,0.0,0.0,8.97,1.24,0.0
20230329:2210,0.0,0.0,0.0,10.12,0.41,0.0
20230329:2310,0.0,0.0,0.0,8.59,1.17,0.0
20230330:0010,0.0,0.0,0.0,6.78,1.45,0.0
20230330:0110,0.0,0.0,0.0,6.5,1.38,0.0
20230330:0210,0.0,0.0,0.0,6.01,1.45,0.0
20230330:0310,0.0,0.0,0.0,5.96,1.38,0.0
20230330:0410,0.0,0.0,0.0,5.8,1.38,0.0
20230330:0510,0.0,0.0,0.0,5.75,1.38,0.0
20230330:0610,5.67,15.15,9.76,6.04,1.24,0.0
20230330:0710,53.61,69.88,20.03,9.55,0.55,0.0
20230330:0810,70.24,87.36,29.71,10.6,0.62,0.0
20230330:0910,267.91,285.95,38.17,11.14,0.9,0.0
20230330:1010,107.12,125.21,44.54,11.55,0.55,0.0
20230330:1110,117.6,135.89,47.76,11.8,0.62,0.0
20230330:1210,390.85,415.46,47.06,12.2,0.48,0.0
20230330:1310,382.23,406.53,42.62,12.64,0.48,0.0
20230330:1410,64.73,82.5,35.39,12.84,0.21,0.0
20230330:1510,62.94,80.56,26.43,12.9,0.9,0.0
20230330:1610,54.68,71.83,16.48,12.68,1.17,0.0
20230330:1710,35.37,52.99,6.11,12.39,1.24,0.0
20230330:1810,0.0,0.0,0.0,11.61,1.38,0.0
20230330:1910,0.0,0.0,0.0,11.37,0.21,0.0
20230330:2010,0.0,0.0,0.0,11.05,0.07,0.0
20230330:2110,0.0,0.0,0.0,10.71,0.14,0.0
20230330:2210,0.0,0.0,0.0,10.32,0.14,0.0
20230330:2310,0.0,0.0,0.0,9.99,0.14,0.0
20230331:0010,0.0,0.0,0.0,9.79,0.0,0.0
20230331:0110,0.0,0.0,0.0,9.57,0.07,0.0
20230331:0210,0.0,0.0,0.0,9.14,0.34,0.0
20230331:0310,0.0,0.0,0.0,8.43,0.76,0.0
20230331:0410,0.0,0.0,0.0,8.03,0.83,0.0
20230331:0510,0.0,0.0,0.0,8.0,0.83,0.0
20230331:0610,15.69,28.15,10.09,8.2,0.97,0.0
20230331:0710,95.96,112.89,20.37,8.93,0.83,0.0
20230331:0810,80.22,97.06,30.06,9.53,0.9,0.0
20230331:0910,103.09,120.36,38.54,10.18,0.9,0.0
20230331:1010,76.08,93.18,44.94,10.23,0.69,0.0
20230331:1110,112.59,130.06,48.16,10.2,0.34,0.0
20230331:1210,49.7,66.0,47.43,10.56,1.38,0.0
20230331:1310,44.09,60.18,42.94,11.05,1.66,0.0
20230331:1410,34.11,49.5,35.67,11.33,1.38,0.0
20230331:1510,42.13,58.24,26.67,11.59,1.17,0.0
20230331:1610,271.4,289.46,16.71,11.54,1.17,0.0
20230331:1710,5.75,15.53,6.33,11.24,1.79,0.0
20230331:1810,0.0,0.0,0.0,10.21,1.79,0.0
20230331:1910,0.0,0.0,0.0,8.9,2.14,0.0
20230331:2010,0.0,0.0,0.0,8.14,1.66,0.0
20230331:2110,0.0,0.0,0.0,7.6,0.55,0.0
20230331:2210,0.0,0.0,0.0,6.35,1.52,0.0
20230331:2310,0.0,0.0,0.0,5.55,1.86,0.0
20230401:0010,0.0,0.0,0.0,4.89,1.93,0.0
20230401:0110,0.0,0.0,0.0,4.11,1.93,0.0
20230401:0210,0.0,0.0,0.0,3.59,1.93,0.0
20230401:0310,0.0,0.0,0.0,3.68,2.07,0.0
20230401:0410,0.0,0.0,0.0,3.72,2.21,0.0
20230401:0510,0.0,0.0,0.0,3.85,2.21,0.0
20230401:0610,23.81,40.57,10.42,4.64,2.0,0.0
20230401:0710,197.37,239.95,20.71,6.81,1.45,0.0
20230401:0810,439.57,468.55,30.41,10.55,1.03,0.0
20230401:0910,638.35,682.19,38.91,13.19,1.03,0.0
20230401:1010,770.01,843.89,45.33,14.89,0.97,0.0
20230401:1110,627.11,681.2,48.55,16.04,1.1,0.0
20230401:1210,873.01,973.74,47.79,16.65,1.45,0.0
20230401:1310,829.93,919.33,43.26,16.8,1.45,0.0
20230401:1410,642.37,694.91,35.95,17.0,1.45,0.0
20230401:1510,573.76,615.5,26.92,16.89,1.45,0.0
20230401:1610,397.37,429.13,16.94,16.45,1.31,0.0
20230401:1710,114.93,146.05,6.55,15.48,1.31,0.0
20230401:1810,0.0,0.0,0.0,13.16,1.79,0.0
20230401:1910,0.0,0.0,0.0,10.95,2.28,0.0
20230401:2010,0.0,0.0,0.0,9.54,2.48,0.0
20230401:2110,0.0,0.0,0.0,8.54,2.69,0.0
20230401:2210,0.0,0.0,0.0,7.94,2.69,0.0
20230401:2310,0.0,0.0,0.0,7.41,2.76,0.0
20230402:0010,0.0,0.0,0.0,7.23,2.9,0.0
20230402:0110,0.0,0.0,0.0,7.0,2.97,0.0
20230402:0210,0.0,0.0,0.0,6.68,2.76,0.0
20230402:0310,0.0,0.0,0.0,6.17,2.55,0.0
20230402:0410,0.0,0.0,0.0,5.45,2.34,0.0
20230402:0510,0.0,0.0,0.0,4.71,2.21,0.0
20230402:0610,23.21,42.11,10.76,4.95,2.0,0.0
20230402:0710,183.27,208.32,21.05,8.79,1.66,0.0
20230402:0810,435.13,471.47,30.76,11.71,0.0,0.0
20230402:0910,641.74,680.45,39.29,12.96,1.52,0.0
20230402:1010,776.01,843.71,45.72,13.77,1.1,0.0
20230402:1110,843.93,949.72,48.94,14.95,0.48,0.0
20230402:1210,833.27,945.61,48.16,15.85,0.34,0.0
20230402:1310,744.84,831.59,43.58,16.54,0.48,0.0
20230402:1410,354.84,383.91,36.23,16.84,0.69,0.0
20230402:1510,404.39,434.19,27.16,16.98,0.97,0.0
20230402:1610,311.76,338.17,17.17,16.66,1.31,0.0
20230402:1710,61.66,83.91,6.77,15.6,1.66,0.0
20230402:1810,0.0,0.0,0.0,13.61,2.0,0.0
20230402:1910,0.0,0.0,0.0,13.49,0.76,0.0
20230402:2010,0.0,0.0,0.0,13.05,0.55,0.0
20230402:2110,0.0,0.0,0.0,11.1,1.17,0.0
20230402:2210,0.0,0.0,0.0,8.87,1.45,0.0
20230402:2310,0.0,0.0,0.0,6.87,1.93,0.0
20230403:0010,0.0,0.0,0.0,5.9,2.14,0.0
20230403:0110,0.0,0.0,0.0,5.67,2.41,0.0
20230403:0210,0.0,0.0,0.0,5.94,2.69,0.0
20230403:0310,0.0,0.0,0.0,6.22,2.9,0.0
20230403:0410,0.0,0.0,0.0,6.41,2.97,0.0
20230403:0510,0.0,0.0,0.0,6.26,2.9,0.0
20230403:0610,28.12,48.84,11.08,6.47,2.41,0.0
20230403:0710,204.34,248.42,21.39,9.75,1.86,0.0
20230403:0810,445.99,476.08,31.11,12.83,1.93,0.0
20230403:0910,655.51,688.22,39.65,13.65,2.76,0.0
20230403:1010,802.21,852.03,46.1,13.6,2.69,0.0
20230403:1110,887.86,958.48,49.33,14.17,2.55,0.0
20230403:1210,940.01,1022.94,48.52,14.5,2.62,0.0
20230403:1310,861.51,926.67,43.9,14.52,2.69,0.0
20230403:1410,769.73,810.92,36.5,13.36,2.9,0.0
20230403:1510,620.92,642.67,27.41,12.85,3.31,0.0
20230403:1610,356.54,373.6,17.39,12.55,3.52,0.0
20230403:1710,125.1,154.1,6.99,11.99,2.55,0.0
20230403:1810,0.0,0.0,0.0,10.79,1.93,0.0
20230403:1910,0.0,0.0,0.0,9.82,2.28,0.0
20230403:2010,0.0,0.0,0.0,8.57,2.07,0.0
20230403:2110,0.0,0.0,0.0,7.36,1.93,0.0
20230403:2210,0.0,0.0,0.0,6.56,2.0,0.0
20230403:2310,0.0,0.0,0.0,5.83,1.93,0.0
20230404:0010,0.0,0.0,0.0,5.34,1.59,0.0
20230404:0110,0.0,0.0,0.0,4.97,1.38,0.0
20230404:0210,0.0,0.0,0.0,4.7,1.1,0.0
20230404:0310,0.0,0.0,0.0,4.15,1.17,0.0
20230404:0410,0.0,0.0,0.0,3.24,1.66,0.0
20230404:0510,0.0,0.0,0.0,3.22,1.72,0.0
20230404:0610,44.55,59.07,11.41,3.36,1.59,0.0
20230404:0710,208.65,239.46,21.72,6.24,2.0,0.0
20230404:0810,464.95,478.43,31.46,6.66,2.9,0.0
20230404:0910,652.75,664.31,40.02,6.97,2.62,0.0
20230404:1010,787.25,818.25,46.49,7.86,2.07,0.0
20230404:1110,891.49,949.25,49.72,8.55,1.66,0.0
20230404:1210,956.25,1029.78,48.88,9.33,1.79,0.0
20230404:1310,892.15,957.19,44.21,10.03,1.66,0.0
20230404:1410,789.11,834.18,36.77,10.05,1.59,0.0
20230404:1510,626.02,652.18,27.65,10.44,1.52,0.0
20230404:1610,400.91,418.97,17.62,10.2,1.59,0.0
20230404:1710,113.44,139.24,7.21,9.67,1.38,0.0
20230404:1810,0.0,0.0,0.0,8.53,1.1,0.0
20230404:1910,0.0,0.0,0.0,7.52,1.93,0.0
20230404:2010,0.0,0.0,0.0,6.37,2.0,0.0
20230404:2110,0.0,0.0,0.0,5.66,2.07,0.0
20230404:2210,0.0,0.0,0.0,5.03,2.21,0.0
20230404:2310,0.0,0.0,0.0,4.91,2.07,0.0
20230405:0010,0.0,0.0,0.0,4.97,1.93,0.0
20230405:0110,0.0,0.0,0.0,4.45,1.86,0.0
20230405:0210,0.0,0.0,0.0,4.57,1.79,0.0
20230405:0310,0.0,0.0,0.0,4.24,1.79,0.0
20230405:0410,0.0,0.0,0.0,4.22,1.72,0.0
20230405:0510,0.0,0.0,0.0,3.93,1.52,0.0
20230405:0610,60.43,78.68,11.74,3.99,1.31,0.0
20230405:0710,217.45,254.98,22.05,5.27,1.72,0.0
20230405:0810,469.62,484.58,31.81,6.0,1.93,0.0
20230405:0910,666.04,683.85,40.39,6.88,1.79,0.0
20230405:1010,802.4,847.92,46.87,7.72,1.1,0.0
20230405:1110,880.83,958.24,50.1,8.76,0.69,0.0
20230405:1210,848.18,924.7,49.24,9.53,0.62,0.0
20230405:1310,878.04,953.42,44.53,10.15,1.03,0.0
20230405:1410,797.44,841.57,37.04,10.39,1.86,0.0
20230405:1510,632.68,654.94,27.89,10.53,2.14,0.0
20230405:1610,405.56,422.09,17.84,10.2,2.14,0.0
20230405:1710,129.4,156.44,7.43,9.58,2.07,0.0
20230405:1810,0.0,0.0,0.0,8.32,1.86,0.0
20230405:1910,0.0,0.0,0.0,7.42,1.59,0.0
20230405:2010,0.0,0.0,0.0,5.7,1.72,0.0
20230405:2110,0.0,0.0,0.0,4.64,1.79,0.0
20230405:2210,0.0,0.0,0.0,3.9,1.79,0.0
20230405:2310,0.0,0.0,0.0,3.19,1.79,0.0
20230406:0010,0.0,0.0,0.0,2.72,1.72,0.0
20230406:0110,0.0,0.0,0.0,2.29,1.66,0.0
20230406:0210,0.0,0.0,0.0,1.77,1.66,0.0
20230406:0310,0.0,0.0,0.0,1.2,1.72,0.0
20230406:0410,0.0,0.0,0.0,0.76,1.72,0.0
20230406:0510,0.0,0.0,0.0,0.38,1.72,0.0
20230406:0610,42.05,65.56,12.06,1.95,1.17,0.0
20230406:0710,220.35,258.99,22.38,5.85,0.62,0.0
20230406:0810,460.27,485.81,32.15,7.71,0.34,0.0
20230406:0910,662.18,697.87,40.75,8.95,0.69,0.0
20230406:1010,802.5,859.93,47.26,10.08,1.03,0.0
20230406:1110,887.8,964.58,50.49,11.03,1.31,0.0
20230406:1210,760.45,816.32,49.6,11.82,1.38,0.0
20230406:1310,696.78,739.75,44.84,12.33,1.72,0.0
20230406:1410,720.21,764.75,37.31,12.64,1.72,0.0
20230406:1510,400.92,420.22,28.13,12.85,1.59,0.0
20230406:1610,207.79,226.01,18.06,12.57,1.52,0.0
20230406:1710,38.26,55.11,7.65,11.97,0.97,0.0
20230406:1810,0.0,0.0,0.0,11.28,0.41,0.0
20230406:1910,0.0,0.0,0.0,10.5,0.76,0.0
20230406:2010,0.0,0.0,0.0,8.83,1.17,0.0
20230406:2110,0.0,0.0,0.0,7.47,1.31,0.0
20230406:2210,0.0,0.0,0.0,7.77,1.1,0.0
20230406:2310,0.0,0.0,0.0,8.29,0.9,0.0
20230407:0010,0.0,0.0,0.0,7.69,0.9,0.0
20230407:0110,0.0,0.0,0.0,6.75,1.03,0.0
20230407:0210,0.0,0.0,0.0,4.7,1.31,0.0
20230407:0310,0.0,0.0,0.0,3.28,1.59,0.0
20230407:0410,0.0,0.0,0.0,2.47,1.66,0.0
20230407:0510,0.0,4.73,1.95,1.87,1.66,0.0
20230407:0610,38.09,64.28,12.38,3.5,1.1,0.0
20230407:0710,166.2,183.72,22.71,7.18,0.76,0.0
20230407:0810,424.76,447.37,32.49,9.04,0.83,0.0
20230407:0910,351.97,369.34,41.11,9.77,0.9,0.0
20230407:1010,103.79,121.33,47.64,10.61,0.69,0.0
20230407:1110,127.06,144.62,50.87,10.77,0.97,0.0
20230407:1210,416.9,436.19,49.95,10.92,1.66,0.0
20230407:1310,329.75,346.06,45.15,10.94,2.07,0.0
20230407:1410,302.81,318.83,37.58,10.94,1.72,0.0
20230407:1510,269.5,284.99,28.36,10.73,1.31,0.0
20230407:1610,165.79,182.13,18.28,10.27,1.72,0.0
20230407:1710,67.0,86.67,7.86,9.37,2.0,0.0
20230407:1810,0.0,0.0,0.0,8.12,1.86,0.0
20230407:1910,0.0,0.0,0.0,8.36,0.9,0.0
20230407:2010,0.0,0.0,0.0,7.12,1.1,0.0
20230407:2110,0.0,0.0,0.0,5.84,1.38,0.0
20230407:2210,0.0,0.0,0.0,5.19,1.38,0.0
20230407:2310,0.0,0.0,0.0,4.61,1.45,0.0
20230408:0010,0.0,0.0,0.0,3.93,1.59,0.0
20230408:0110,0.0,0.0,0.0,3.22,1.72,0.0
20230408:0210,0.0,0.0,0.0,2.62,1.79,0.0
20230408:0310,0.0,0.0,0.0,2.27,1.86,0.0
20230408:0410,0.0,0.0,0.0,1.92,1.93,0.0
20230408:0510,0.07,5.68,2.27,1.58,2.07,0.0
20230408:0610,38.83,66.46,12.7,2.77,1.72,0.0
20230408:0710,227.8,266.5,23.03,6.86,1.45,0.0
20230408:0810,466.96,492.85,32.83,9.7,1.1,0.0
20230408:0910,656.51,701.96,41.47,11.93,0.69,0.0
20230408:1010,788.63,867.3,48.01,13.54,0.62,0.0
20230408:1110,872.43,976.18,51.25,14.66,0.83,0.0
20230408:1210,909.77,1026.66,50.3,15.46,0.97,0.0
20230408:1310,787.53,876.54,45.45,15.92,0.76,0.0
20230408:1410,610.64,667.59,37.84,16.29,0.41,0.0
20230408:1510,544.21,586.75,28.6,16.44,0.76,0.0
20230408:1610,272.46,295.16,18.5,16.03,1.86,0.0
20230408:1710,14.35,27.18,8.08,14.93,2.07,0.0
20230408:1810,0.0,0.0,0.0,13.27,2.21,0.0
20230408:1910,0.0,0.0,0.0,11.46,2.48,0.0
20230408:2010,0.0,0.0,0.0,10.12,2.76,0.0
20230408:2110,0.0,0.0,0.0,9.09,2.48,0.0
20230408:2210,0.0,0.0,0.0,7.92,2.07,0.0
20230408:2310,0.0,0.0,0.0,7.12,1.72,0.0
20230409:0010,0.0,0.0,0.0,6.8,1.31,0.0
20230409:0110,0.0,0.0,0.0,6.99,1.17,0.0
20230409:0210,0.0,0.0,0.0,6.14,1.24,0.0
20230409:0310,0.0,0.0,0.0,5.73,1.31,0.0
20230409:0410,0.0,0.0,0.0,5.25,1.45,0.0
20230409:0510,0.94,7.57,2.59,5.17,1.38,0.0
20230409:0610,41.56,70.8,13.02,6.23,1.03,0.0
20230409:0710,227.78,267.15,23.36,9.17,0.9,0.0
20230409:0810,448.68,472.0,33.17,10.42,1.66,0.0
20230409:0910,589.4,617.41,41.83,11.62,1.79,0.0
20230409:1010,592.0,625.35,48.39,12.69,1.72,0.0
20230409:1110,713.54,765.55,51.63,13.13,1.52,0.0
20230409:1210,803.18,876.01,50.65,13.61,1.31,0.0
20230409:1310,725.07,784.98,45.76,14.33,1.31,0.0
20230409:1410,616.82,657.96,38.11,14.52,1.45,0.0
20230409:1510,596.74,634.57,28.83,14.81,1.45,0.0
20230409:1610,391.74,417.13,18.72,14.69,1.79,0.0
20230409:1710,122.55,150.86,8.29,14.02,1.38,0.0
20230409:1810,0.0,0.0,0.0,12.7,1.45,0.0
20230409:1910,0.0,0.0,0.0,11.32,2.14,0.0
20230409:2010,0.0,0.0,0.0,10.14,2.48,0.0
20230409:2110,0.0,0.0,0.0,9.45,2.55,0.0
20230409:2210,0.0,0.0,0.0,8.91,2.41,0.0
20230409:2310,0.0,0.0,0.0,8.55,2.28,0.0
20230410:0010,0.0,0.0,0.0,8.3,2.0,0.0
20230410:0110,0.0,0.0,0.0,7.81,1.66,0.0
20230410:0210,0.0,0.0,0.0,7.2,1.45,0.0
20230410:0310,0.0,0.0,0.0,7.04,1.24,0.0
20230410:0410,0.0,0.0,0.0,6.66,1.31,0.0
20230410:0510,0.0,1.89,2.9,6.1,1.38,0.0
20230410:0610,58.16,84.65,13.33,6.65,1.03,0.0
20230410:0710,229.0,263.2,23.68,9.35,1.45,0.0
20230410:0810,463.59,489.07,33.5,10.1,1.17,0.0
20230410:0910,657.56,696.9,42.18,11.13,0.97,0.0
20230410:1010,780.01,842.64,48.76,12.09,1.03,0.0
20230410:1110,835.62,916.03,52.0,13.38,1.17,0.0
20230410:1210,821.39,904.82,51.0,13.91,1.03,0.0
20230410:1310,849.73,945.33,46.06,14.41,0.83,0.0
20230410:1410,573.37,616.71,38.37,14.9,0.76,0.0
20230410:1510,384.2,409.44,29.06,14.89,0.83,0.0
20230410:1610,156.0,176.23,18.94,14.76,0.97,0.0
20230410:1710,80.86,103.67,8.51,14.17,1.1,0.0
20230410:1810,0.0,0.0,0.0,12.87,1.1,0.0
20230410:1910,0.0,0.0,0.0,12.6,0.48,0.0
20230410:2010,0.0,0.0,0.0,10.73,1.03,0.0
20230410:2110,0.0,0.0,0.0,9.14,1.45,0.0
20230410:2210,0.0,0.0,0.0,8.27,1.45,0.0
20230410:2310,0.0,0.0,0.0,7.61,1.45,0.0
20230411:0010,0.0,0.0,0.0,7.04,1.45,0.0
20230411:0110,0.0,0.0,0.0,6.56,1.52,0.0
20230411:0210,0.0,0.0,0.0,6.29,1.52,0.0
20230411:0310,0.0,0.0,0.0,6.11,1.59,0.0
20230411:0410,0.0,0.0,0.0,6.09,1.52,0.0
20230411:0510,0.0,4.73,3.22,5.74,1.52,0.0
20230411:0610,39.65,73.04,13.64,6.8,1.17,0.0
20230411:0710,225.57,259.41,23.99,10.49,0.62,0.0
20230411:0810,453.29,487.16,33.83,11.88,0.21,0.0
20230411:0910,612.03,659.44,42.53,12.81,0.28,0.0
20230411:1010,691.69,761.72,49.13,14.09,0.14,0.0
20230411:1110,799.7,899.98,52.38,15.18,0.28,0.0
20230411:1210,813.02,912.05,51.35,16.05,0.69,0.0
20230411:1310,810.47,906.13,46.36,16.77,0.9,0.0
20230411:1410,735.48,810.57,38.62,17.32,1.03,0.0
20230411:1510,574.54,620.59,29.29,17.58,1.17,0.0
20230411:1610,386.64,418.11,19.15,17.47,1.45,0.0
20230411:1710,135.2,166.77,8.72,16.79,1.24,0.0
20230411:1810,0.0,0.0,0.0,15.21,1.17,0.0
20230411:1910,0.0,0.0,0.0,12.69,1.52,0.0
20230411:2010,0.0,0.0,0.0,11.74,1.17,0.0
20230411:2110,0.0,0.0,0.0,11.64,0.97,0.0
20230411:2210,0.0,0.0,0.0,12.01,0.76,0.0
20230411:2310,0.0,0.0,0.0,11.67,0.41,0.0
20230412:0010,0.0,0.0,0.0,11.03,0.21,0.0
20230412:0110,0.0,0.0,0.0,10.46,0.48,0.0
20230412:0210,0.0,0.0,0.0,9.88,0.76,0.0
20230412:0310,0.0,0.0,0.0,7.42,1.38,0.0
20230412:0410,0.0,0.0,0.0,6.99,1.45,0.0
20230412:0510,0.0,1.89,3.53,7.17,1.17,0.0
20230412:0610,18.95,32.03,13.95,8.5,0.83,0.0
20230412:0710,46.95,63.09,24.31,10.46,1.24,0.0
20230412:0810,64.47,81.53,34.16,11.27,1.72,0.0
20230412:0910,145.02,163.06,42.88,12.3,2.28,0.0
20230412:1010,64.9,82.5,49.5,13.03,2.28,0.0
20230412:1110,102.74,121.33,52.75,13.38,2.14,0.0
20230412:1210,152.61,171.8,51.69,13.7,1.93,0.0
20230412:1310,274.75,295.98,46.66,14.37,1.79,0.0
20230412:1410,245.8,266.29,38.88,14.14,1.45,0.0
20230412:1510,65.4,83.47,29.52,14.17,1.59,0.0
20230412:1610,39.84,56.3,19.36,14.07,1.72,0.0
20230412:1710,24.24,38.82,8.93,13.65,1.45,0.0
20230412:1810,0.0,0.0,0.0,13.1,1.72,0.0
20230412:1910,0.0,0.0,0.0,10.66,0.83,0.0
20230412:2010,0.0,0.0,0.0,10.3,0.76,0.0
20230412:2110,0.0,0.0,0.0,10.05,1.17,0.0
20230412:2210,0.0,0.0,0.0,9.83,1.24,0.0
20230412:2310,0.0,0.0,0.0,9.74,1.17,0.0
20230413:0010,0.0,0.0,0.0,9.64,1.03,0.0
20230413:0110,0.0,0.0,0.0,9.57,0.76,0.0
20230413:0210,0.0,0.0,0.0,9.58,0.69,0.0
20230413:0310,0.0,0.0,0.0,9.48,0.76,0.0
20230413:0410,0.0,0.0,0.0,9.3,0.76,0.0
20230413:0510,0.0,2.84,3.84,9.2,1.17,0.0
20230413:0610,70.31,97.68,14.26,9.19,1.31,0.0
20230413:0710,223.12,247.63,24.62,9.54,1.59,0.0
20230413:0810,482.43,506.36,34.48,10.81,2.0,0.0
20230413:0910,549.53,568.87,43.22,11.92,3.31,0.0
20230413:1010,279.25,296.14,49.86,12.87,4.28,0.0
20230413:1110,139.27,157.24,53.11,12.65,3.38,0.0
20230413:1210,273.75,290.59,52.03,12.08,3.17,0.0
20230413:1310,144.23,161.12,46.95,11.27,3.79,0.0
20230413:1410,203.99,219.37,39.13,10.6,3.66,0.0
20230413:1510,128.94,145.59,29.75,10.34,3.1,0.0
20230413:1610,86.69,103.64,19.58,10.33,2.62,0.0
20230413:1710,43.73,60.36,9.14,10.39,2.07,0.0
20230413:1810,0.0,0.0,0.0,9.78,1.79,0.0
20230413:1910,0.0,0.0,0.0,9.17,1.45,0.0
20230413:2010,0.0,0.0,0.0,8.18,1.59,0.0
20230413:2110,0.0,0.0,0.0,7.3,1.72,0.0
20230413:2210,0.0,0.0,0.0,6.55,1.59,0.0
20230413:2310,0.0,0.0,0.0,6.03,1.52,0.0
20230414:0010,0.0,0.0,0.0,5.25,1.72,0.0
20230414:0110,0.0,0.0,0.0,4.96,1.86,0.0
20230414:0210,0.0,0.0,0.0,4.48,2.21,0.0
20230414:0310,0.0,0.0,0.0,4.3,2.48,0.0
20230414:0410,0.0,0.0,0.0,4.37,2.76,0.0
20230414:0510,10.01,20.83,4.14,4.48,2.9,0.0
20230414:0610,44.46,83.02,14.56,6.06,2.9,0.0
20230414:0710,257.73,296.38,24.92,9.07,2.76,0.0
20230414:0810,460.82,480.38,34.8,11.73,3.59,0.0
20230414:0910,689.86,716.63,43.56,13.43,4.07,0.0
20230414:1010,837.99,887.07,50.23,14.6,3.79,0.0
20230414:1110,916.49,988.93,53.48,15.27,3.31,0.0
20230414:1210,959.82,1054.61,52.37,15.98,2.76,0.0
20230414:1310,911.03,1002.8,47.24,16.43,2.34,0.0
20230414:1410,772.31,837.54,39.39,16.72,2.14,0.0
20230414:1510,633.18,680.24,29.97,16.69,1.66,0.0
20230414:1610,426.26,459.31,19.79,16.41,1.24,0.0
20230414:1710,174.7,210.48,9.35,15.72,0.48,0.0
20230414:1810,0.0,0.0,0.0,13.79,0.97,0.0
20230414:1910,0.0,0.0,0.0,11.55,1.24,0.0
20230414:2010,0.0,0.0,0.0,12.66,0.34,0.0
20230414:2110,0.0,0.0,0.0,12.23,0.41,0.0
20230414:2210,0.0,0.0,0.0,11.39,1.17,0.0
20230414:2310,0.0,0.0,0.0,7.05,1.93,0.0
20230415:0010,0.0,0.0,0.0,5.44,2.21,0.0
20230415:0110,0.0,0.0,0.0,4.77,2.28,0.0
20230415:0210,0.0,0.0,0.0,4.29,2.34,0.0
20230415:0310,0.0,0.0,0.0,3.83,2.21,0.0
20230415:0410,0.0,0.0,0.0,3.12,2.07,0.0
20230415:0510,7.18,17.04,4.44,2.84,2.0,0.0
20230415:0610,86.16,103.85,14.86,5.0,1.38,0.0
20230415:0710,233.1,258.49,25.23,9.3,1.03,0.0
20230415:0810,393.0,415.18,35.12,11.19,1.17,0.0
20230415:0910,549.14,582.69,43.9,12.8,1.1,0.0
20230415:1010,664.12,718.84,50.58,14.06,0.9,0.0
20230415:1110,832.94,932.63,53.84,15.09,0.69,0.0
20230415:1210,743.83,825.1,52.7,15.68,0.69,0.0
20230415:1310,526.52,573.06,47.53,16.09,0.41,0.0
20230415:1410,106.56,127.15,39.64,16.22,0.48,0.0
20230415:1510,590.29,639.28,30.2,16.54,0.76,0.0
20230415:1610,372.4,402.07,20.0,16.49,1.03,0.0
20230415:1710,18.22,32.03,9.56,15.83,1.1,0.0
20230415:1810,0.0,0.0,0.0,13.84,1.17,0.0
20230415:1910,0.0,0.0,0.0,12.08,2.48,0.0
20230415:2010,0.0,0.0,0.0,10.75,2.41,0.0
20230415:2110,0.0,0.0,0.0,9.21,2.07,0.0
20230415:2210,0.0,0.0,0.0,8.22,1.59,0.0
20230415:2310,0.0,0.0,0.0,7.5,1.45,0.0
20230416:0010,0.0,0.0,0.0,6.3,1.59,0.0
20230416:0110,0.0,0.0,0.0,5.35,1.66,0.0
20230416:0210,0.0,0.0,0.0,4.35,1.72,0.0
20230416:0310,0.0,0.0,0.0,3.75,1.86,0.0
20230416:0410,0.0,0.0,0.0,3.9,1.93,0.0
20230416:0510,12.34,23.67,4.74,3.69,2.07,0.0
20230416:0610,51.4,90.33,15.15,5.84,1.79,0.0
20230416:0710,258.03,298.83,25.53,11.45,2.0,0.0
20230416:0810,495.37,526.34,35.43,13.92,2.21,0.0
20230416:0910,688.41,733.76,44.23,15.31,2.28,0.0
20230416:1010,795.41,861.46,50.94,16.33,2.34,0.0
20230416:1110,899.81,992.22,54.2,17.22,2.41,0.0
20230416:1210,910.34,1009.77,53.03,18.32,2.55,0.0
20230416:1310,403.52,434.52,47.82,19.03,3.1,0.0
20230416:1410,369.35,396.82,39.88,19.08,3.59,0.0
20230416:1510,522.58,553.82,30.42,18.98,4.0,0.0
20230416:1610,404.06,431.35,20.21,18.1,3.93,0.0
20230416:1710,169.04,202.81,9.77,16.83,2.97,0.0
20230416:1810,0.0,0.0,0.0,14.85,2.55,0.0
20230416:1910,0.0,0.0,0.0,13.47,2.28,0.0
20230416:2010,0.0,0.0,0.0,11.4,2.0,0.0
20230416:2110,0.0,0.0,0.0,10.12,1.72,0.0
20230416:2210,0.0,0.0,0.0,9.89,1.24,0.0
20230416:2310,0.0,0.0,0.0,8.93,1.38,0.0
20230417:0010,0.0,0.0,0.0,7.15,1.66,0.0
20230417:0110,0.0,0.0,0.0,6.1,1.72,0.0
20230417:0210,0.0,0.0,0.0,5.13,1.72,0.0
20230417:0310,0.0,0.0,0.0,4.14,1.86,0.0
20230417:0410,0.0,0.0,0.0,3.55,1.93,0.0
20230417:0510,13.92,25.56,5.04,3.57,2.0,0.0
20230417:0610,53.61,93.5,15.45,5.93,1.66,0.0
20230417:0710,259.01,299.9,25.82,11.45,1.17,0.0
20230417:0810,493.74,529.15,35.74,13.81,1.17,0.0
20230417:0910,675.64,731.38,44.56,15.34,1.1,0.0
20230417:1010,804.39,892.71,51.29,16.39,1.03,0.0
20230417:1110,892.04,1010.58,54.56,17.04,1.03,0.0
20230417:1210,907.3,1040.21,53.36,17.48,0.83,0.0
20230417:1310,862.05,982.85,48.11,17.9,0.76,0.0
20230417:1410,763.55,853.58,40.13,17.96,0.76,0.0
20230417:1510,622.56,678.94,30.64,17.94,0.97,0.0
20230417:1610,424.05,456.99,20.42,17.43,1.72,0.0
20230417:1710,134.62,163.6,9.97,16.59,2.21,0.0
20230417:1810,0.0,0.0,0.0,15.02,2.0,0.0
20230417:1910,0.0,0.0,0.0,13.19,1.66,0.0
20230417:2010,0.0,0.0,0.0,11.59,1.24,0.0
20230417:2110,0.0,0.0,0.0,12.58,0.55,0.0
20230417:2210,0.0,0.0,0.0,12.14,0.69,0.0
20230417:2310,0.0,0.0,0.0,10.15,1.24,0.0
20230418:0010,0.0,0.0,0.0,8.33,1.59,0.0
20230418:0110,0.0,0.0,0.0,6.89,2.0,0.0
20230418:0210,0.0,0.0,0.0,6.16,2.0,0.0
20230418:0310,0.0,0.0,0.0,5.91,2.14,0.0
20230418:0410,0.0,0.0,0.0,5.5,2.21,0.0
20230418:0510,9.96,20.83,5.33,5.32,2.21,0.0
20230418:0610,94.58,114.87,15.74,7.42,1.86,0.0
20230418:0710,204.15,225.15,26.12,11.66,1.66,0.0
20230418:0810,455.9,487.38,36.05,14.52,1.59,0.0
20230418:0910,666.92,723.07,44.89,16.26,1.24,0.0
20230418:1010,780.13,886.31,51.64,17.54,0.21,0.0
20230418:1110,865.65,991.13,54.91,18.41,0.76,0.0
20230418:1210,854.04,968.12,53.69,18.69,1.17,0.0
20230418:1310,825.75,929.73,48.39,18.85,1.24,0.0
20230418:1410,630.94,695.01,40.37,19.04,0.97,0.0
20230418:1510,164.39,188.6,30.85,19.07,0.69,0.0
20230418:1610,37.08,54.35,20.62,18.84,0.55,0.0
20230418:1710,154.04,187.47,10.18,18.34,1.03,0.0
20230418:1810,0.0,0.0,0.0,16.65,1.79,0.0
20230418:1910,0.0,0.0,0.0,14.6,1.45,0.0
20230418:2010,0.0,0.0,0.0,12.83,1.59,0.0
20230418:2110,0.0,0.0,0.0,11.19,2.14,0.0
20230418:2210,0.0,0.0,0.0,10.28,2.21,0.0
20230418:2310,0.0,0.0,0.0,9.54,2.0,0.0
20230419:0010,0.0,0.0,0.0,9.16,1.79,0.0
20230419:0110,0.0,0.0,0.0,8.51,1.79,0.0
20230419:0210,0.0,0.0,0.0,7.63,1.86,0.0
20230419:0310,0.0,0.0,0.0,7.13,1.72,0.0
20230419:0410,0.0,0.0,0.0,6.58,1.72,0.0
20230419:0510,16.88,29.35,5.62,6.31,1.72,0.0
20230419:0610,58.91,99.87,16.02,8.77,1.17,0.0
20230419:0710,262.11,304.67,26.41,13.4,1.1,0.0
20230419:0810,488.48,526.45,36.35,15.21,1.17,0.0
20230419:0910,671.71,731.62,45.21,16.42,1.03,0.0
20230419:1010,796.29,886.64,51.99,17.48,1.1,0.0
20230419:1110,875.96,990.09,55.26,18.33,1.31,0.0
20230419:1210,907.18,1036.18,54.02,19.09,1.31,0.0
20230419:1310,870.49,989.81,48.67,19.64,1.31,0.0
20230419:1410,766.34,859.87,40.61,19.94,1.1,0.0
20230419:1510,637.47,701.88,31.07,20.09,1.17,0.0
20230419:1610,402.55,439.8,20.83,19.89,1.45,0.0
20230419:1710,175.53,212.63,10.38,19.39,1.52,0.0
20230419:1810,0.0,0.0,0.0,17.9,1.52,0.0
20230419:1910,0.0,0.0,0.0,15.6,1.31,0.0
20230419:2010,0.0,0.0,0.0,13.44,2.0,0.0
20230419:2110,0.0,0.0,0.0,12.41,2.34,0.0
20230419:2210,0.0,0.0,0.0,11.41,1.79,0.0
20230419:2310,0.0,0.0,0.0,10.67,1.17,0.0
20230420:0010,0.0,0.0,0.0,10.04,1.1,0.0
20230420:0110,0.0,0.0,0.0,9.14,1.38,0.0
20230420:0210,0.0,0.0,0.0,8.81,1.45,0.0
20230420:0310,0.0,0.0,0.0,9.3,1.45,0.0
20230420:0410,0.0,0.0,0.0,9.5,1.59,0.0
20230420:0510,9.0,19.88,5.9,9.58,1.79,0.0
20230420:0610,35.3,50.47,16.3,9.76,1.86,0.0
20230420:0710,73.64,90.27,26.69,9.8,2.9,0.0
20230420:0810,144.77,161.12,36.65,10.01,2.62,0.0
20230420:0910,99.53,116.47,45.53,10.33,2.83,0.0
20230420:1010,72.34,89.3,52.33,10.73,2.76,0.0
20230420:1110,123.4,140.74,55.61,11.18,2.55,0.0
20230420:1210,55.92,72.8,54.34,11.91,2.76,0.0
20230420:1310,50.31,66.97,48.95,12.13,2.9,0.0
20230420:1410,63.47,80.56,40.85,11.83,3.24,0.0
20230420:1510,27.95,42.71,31.28,11.81,3.79,0.0
20230420:1610,14.63,27.18,21.03,11.59,3.66,0.0
20230420:1710,12.33,24.27,10.59,10.97,3.93,0.0
20230420:1810,0.0,0.0,0.0,10.42,3.59,0.0
20230420:1910,0.0,0.0,0.0,9.49,2.21,0.0
20230420:2010,0.0,0.0,0.0,9.52,2.41,0.0
20230420:2110,0.0,0.0,0.0,9.46,2.69,0.0
20230420:2210,0.0,0.0,0.0,9.31,2.62,0.0
20230420:2310,0.0,0.0,0.0,9.09,2.28,0.0
20230421:0010,0.0,0.0,0.0,8.92,2.21,0.0
20230421:0110,0.0,0.0,0.0,8.92,2.28,0.0
20230421:0210,0.0,0.0,0.0,8.87,2.0,0.0
20230421:0310,0.0,0.0,0.0,8.85,1.59,0.0
20230421:0410,0.0,0.0,0.0,8.79,1.45,0.0
20230421:0510,0.03,5.68,6.18,8.69,1.38,0.0
20230421:0610,13.25,25.24,16.58,8.86,1.31,0.0
20230421:0710,74.83,91.24,26.98,8.75,1.52,0.0
20230421:0810,99.85,116.47,36.94,9.26,1.72,0.0
20230421:0910,112.26,129.09,45.85,9.9,1.93,0.0
20230421:1010,95.45,112.59,52.66,10.34,1.72,0.0
20230421:1110,166.2,183.45,55.95,10.94,1.59,0.0
20230421:1210,616.47,651.43,54.65,11.57,1.52,0.0
20230421:1310,403.84,425.12,49.22,11.93,1.45,0.0
20230421:1410,348.16,366.55,41.09,12.19,1.79,0.0
20230421:1510,260.27,277.24,31.5,12.44,2.14,0.0
20230421:1610,118.23,136.33,21.23,12.41,2.07,0.0
20230421:1710,35.58,51.4,10.79,12.16,1.66,0.0
20230421:1810,0.0,0.0,0.0,11.6,1.79,0.0
20230421:1910,0.0,0.0,0.0,11.01,1.66,0.0
20230421:2010,0.0,0.0,0.0,10.51,1.66,0.0
20230421:2110,0.0,0.0,0.0,9.98,1.72,0.0
20230421:2210,0.0,0.0,0.0,9.16,1.86,0.0
20230421:2310,0.0,0.0,0.0,9.04,1.86,0.0
20230422:0010,0.0,0.0,0.0,8.59,2.0,0.0
20230422:0110,0.0,0.0,0.0,8.57,2.07,0.0
20230422:0210,0.0,0.0,0.0,8.12,2.14,0.0
20230422:0310,0.0,0.0,0.0,7.63,2.14,0.0
20230422:0410,0.0,0.0,0.0,7.28,2.14,0.0
20230422:0510,24.22,37.87,6.46,7.23,2.07,0.0
20230422:0610,89.34,106.96,16.85,8.41,1.72,0.0
20230422:0710,242.77,266.99,27.25,11.25,1.59,0.0
20230422:0810,353.14,376.5,37.23,13.22,1.24,0.0
20230422:0910,579.31,620.09,46.16,14.14,1.03,0.0
20230422:1010,723.14,797.01,53.0,14.78,0.48,0.0
20230422:1110,706.03,786.02,56.3,15.66,0.28,0.0
20230422:1210,488.06,531.91,54.97,16.39,0.41,0.0
20230422:1310,521.53,567.01,49.49,16.51,0.62,0.0
20230422:1410,653.12,709.29,41.32,16.35,1.1,0.0
20230422:1510,483.79,516.85,31.71,16.45,1.31,0.0
20230422:1610,193.85,215.4,21.43,16.24,1.52,0.0
20230422:1710,73.4,94.12,10.99,15.79,1.45,0.0
20230422:1810,0.0,0.0,0.0,14.58,1.66,0.0
20230422:1910,0.0,0.0,0.0,13.85,1.66,0.0
20230422:2010,0.0,0.0,0.0,12.63,1.72,0.0
20230422:2110,0.0,0.0,0.0,11.56,1.72,0.0
20230422:2210,0.0,0.0,0.0,10.74,1.72,0.0
20230422:2310,0.0,0.0,0.0,9.99,1.66,0.0
20230423:0010,0.0,0.0,0.0,9.17,1.66,0.0
20230423:0110,0.0,0.0,0.0,9.22,1.52,0.0
20230423:0210,0.0,0.0,0.0,9.04,1.52,0.0
20230423:0310,0.0,0.0,0.0,8.94,1.45,0.0
20230423:0410,0.0,0.0,0.0,8.27,1.52,0.0
20230423:0510,25.82,39.76,6.73,7.87,1.52,0.0
20230423:0610,102.4,123.58,17.12,10.03,1.03,0.0
20230423:0710,142.64,162.72,27.53,13.83,0.62,0.0
20230423:0810,179.54,200.72,37.52,15.01,0.9,0.0
20230423:0910,485.49,520.58,46.46,15.74,1.31,0.0
20230423:1010,803.13,881.73,53.33,16.31,1.52,0.0
20230423:1110,864.13,959.55,56.63,17.37,1.79,0.0
20230423:1210,894.56,996.45,55.28,17.77,2.0,0.0
20230423:1310,675.77,733.33,49.76,18.23,2.28,0.0
20230423:1410,260.54,285.84,41.55,18.25,2.07,0.0
20230423:1510,166.52,189.4,31.92,18.15,1.66,0.0
20230423:1610,116.63,138.14,21.63,17.99,1.38,0.0
20230423:1710,14.16,27.18,11.19,17.25,1.1,0.0
20230423:1810,0.0,0.0,0.0,16.11,1.45,0.0
20230423:1910,0.0,0.0,0.0,14.8,1.38,0.0
20230423:2010,0.0,0.0,0.0,13.41,1.72,0.0
20230423:2110,0.0,0.0,0.0,12.34,1.59,0.0
20230423:2210,0.0,0.0,0.0,11.45,1.17,0.0
20230423:2310,0.0,0.0,0.0,10.84,0.83,0.0
20230424:0010,0.0,0.0,0.0,11.33,0.28,0.0
20230424:0110,0.0,0.0,0.0,10.21,0.83,0.0
20230424:0210,0.0,0.0,0.0,9.76,1.1,0.0
20230424:0310,0.0,0.0,0.0,9.42,1.17,0.0
20230424:0410,0.0,0.0,0.0,9.1,0.9,0.0
20230424:0510,23.23,36.92,7.0,8.34,1.52,0.0
20230424:0610,67.58,113.85,17.39,10.09,0.9,0.0
20230424:0710,283.78,325.86,27.79,12.63,0.9,0.0
20230424:0810,508.17,545.3,37.8,14.5,1.17,0.0
20230424:0910,693.65,749.71,46.76,16.01,1.52,0.0
20230424:1010,822.16,908.31,53.65,17.38,1.66,0.0
20230424:1110,887.72,1000.3,56.97,18.51,1.59,0.0
20230424:1210,711.89,792.3,55.59,19.22,1.31,0.0
20230424:1310,834.48,936.86,50.03,19.36,1.59,0.0
20230424:1410,631.54,692.43,41.78,19.65,1.52,0.0
20230424:1510,586.85,637.8,32.13,19.52,1.59,0.0
20230424:1610,235.87,261.48,21.83,19.17,1.59,0.0
20230424:1710,183.97,219.8,11.39,18.32,1.38,0.0
20230424:1810,0.0,0.0,0.0,16.37,2.07,0.0
20230424:1910,0.0,0.0,0.0,15.12,2.62,0.0
20230424:2010,0.0,0.0,0.0,14.18,3.24,0.0
20230424:2110,0.0,0.0,0.0,13.5,3.45,0.0
20230424:2210,0.0,0.0,0.0,12.67,3.38,0.0
20230424:2310,0.0,0.0,0.0,11.83,3.24,0.0
20230425:0010,0.0,0.0,0.0,10.97,2.62,0.0
20230425:0110,0.0,0.0,0.0,9.77,2.14,0.0
20230425:0210,0.0,0.0,0.0,8.45,1.72,0.0
20230425:0310,0.0,0.0,0.0,7.61,1.45,0.0
20230425:0410,0.0,0.0,0.0,7.65,1.17,0.0
20230425:0510,29.21,43.55,7.27,7.99,0.97,0.0
20230425:0610,71.2,117.65,17.65,8.58,0.41,0.0
20230425:0710,289.92,329.14,28.06,11.37,1.17,0.0
20230425:0810,487.06,515.57,38.07,12.18,1.31,0.0
20230425:0910,657.09,706.16,47.06,13.39,0.9,0.0
20230425:1010,743.18,811.76,53.97,14.55,1.03,0.0
20230425:1110,404.24,437.85,57.3,15.05,0.28,0.0
20230425:1210,459.6,497.25,55.89,15.89,0.76,0.0
20230425:1310,902.37,1011.02,50.29,16.88,1.52,0.0
20230425:1410,785.26,859.92,42.01,17.5,1.86,0.0
20230425:1510,664.3,711.22,32.33,17.81,2.62,0.0
20230425:1610,444.08,474.6,22.03,17.58,2.83,0.0
20230425:1710,191.6,225.77,11.59,16.81,2.34,0.0
20230425:1810,0.0,0.0,0.0,15.01,2.41,0.0
20230425:1910,0.0,0.0,0.0,13.29,2.48,0.0
20230425:2010,0.0,0.0,0.0,11.57,2.21,0.0
20230425:2110,0.0,0.0,0.0,10.16,1.66,0.0
20230425:2210,0.0,0.0,0.0,9.39,1.38,0.0
20230425:2310,0.0,0.0,0.0,8.0,1.66,0.0
20230426:0010,0.0,0.0,0.0,6.63,1.86,0.0
20230426:0110,0.0,0.0,0.0,5.46,2.0,0.0
20230426:0210,0.0,0.0,0.0,5.07,2.21,0.0
20230426:0310,0.0,0.0,0.0,5.08,2.34,0.0
20230426:0410,0.0,0.0,0.0,5.12,2.41,0.0
20230426:0510,29.68,43.55,7.53,5.15,2.48,0.0
20230426:0610,74.58,121.36,17.91,7.21,2.21,0.0
20230426:0710,298.62,336.7,28.32,10.92,1.72,0.0
20230426:0810,522.52,557.18,38.34,13.3,1.24,0.0
20230426:0910,696.81,762.03,47.35,14.8,0.55,0.0
20230426:1010,822.1,920.83,54.29,15.9,0.69,0.0
20230426:1110,884.48,1000.94,57.62,16.6,0.97,0.0
20230426:1210,903.65,1026.52,56.2,17.17,1.1,0.0
20230426:1310,888.08,1003.42,50.55,17.58,1.24,0.0
20230426:1410,629.33,686.38,42.24,17.76,1.24,0.0
20230426:1510,654.05,711.7,32.53,17.42,1.17,0.0
20230426:1610,372.27,402.63,22.22,17.35,1.17,0.0
20230426:1710,169.59,201.57,11.79,16.91,0.69,0.0
20230426:1810,0.0,0.0,0.0,15.81,0.62,0.0
20230426:1910,0.0,0.0,0.0,15.47,0.76,0.0
20230426:2010,0.0,0.0,0.0,13.33,1.17,0.0
20230426:2110,0.0,0.0,0.0,12.72,1.17,0.0
20230426:2210,0.0,0.0,0.0,11.49,1.31,0.0
20230426:2310,0.0,0.0,0.0,9.84,1.52,0.0
20230427:0010,0.0,0.0,0.0,8.09,1.72,0.0
20230427:0110,0.0,0.0,0.0,6.97,1.86,0.0
20230427:0210,0.0,0.0,0.0,6.24,1.86,0.0
20230427:0310,0.0,0.0,0.0,5.76,1.86,0.0
20230427:0410,0.0,0.0,0.0,5.51,1.79,0.0
20230427:0510,33.09,47.34,7.79,5.66,1.66,0.0
20230427:0610,82.31,126.38,18.16,9.03,0.9,0.0
20230427:0710,289.23,328.36,28.58,12.82,1.03,0.0
20230427:0810,501.83,536.04,38.61,14.08,1.31,0.0
20230427:0910,666.1,717.55,47.64,15.24,1.38,0.0
20230427:1010,718.62,784.35,54.6,16.25,1.45,0.0
20230427:1110,820.79,914.26,57.94,17.16,1.38,0.0
20230427:1210,898.3,1017.61,56.49,17.86,1.31,0.0
20230427:1310,823.24,921.15,50.81,18.19,1.38,0.0
20230427:1410,626.34,682.06,42.46,18.53,1.59,0.0
20230427:1510,565.35,612.02,32.74,18.45,1.38,0.0
20230427:1610,421.28,457.81,22.42,18.35,1.1,0.0
20230427:1710,184.85,219.87,11.98,17.91,0.83,0.0
20230427:1810,0.0,2.84,1.8,17.24,0.34,0.0
20230427:1910,0.0,0.0,0.0,14.2,1.38,0.0
20230427:2010,0.0,0.0,0.0,12.64,1.66,0.0
20230427:2110,0.0,0.0,0.0,11.83,1.59,0.0
20230427:2210,0.0,0.0,0.0,11.38,1.52,0.0
20230427:2310,0.0,0.0,0.0,10.6,1.66,0.0
20230428:0010,0.0,0.0,0.0,10.17,1.66,0.0
20230428:0110,0.0,0.0,0.0,9.98,1.59,0.0
20230428:0210,0.0,0.0,0.0,9.57,1.59,0.0
20230428:0310,0.0,0.0,0.0,9.04,1.59,0.0
20230428:0410,0.0,0.0,0.0,8.46,1.52,0.0
20230428:0510,31.72,46.39,8.04,8.62,1.31,0.0
20230428:0610,110.38,131.74,18.41,11.2,0.62,0.0
20230428:0710,196.91,217.98,28.83,13.56,1.38,0.0
20230428:0810,328.78,352.27,38.87,14.36,1.52,0.0
20230428:0910,625.09,669.64,47.92,15.29,1.59,0.0
20230428:1010,777.17,849.61,54.91,15.94,1.52,0.0
20230428:1110,872.79,978.06,58.26,16.65,1.24,0.0
20230428:1210,867.82,983.87,56.79,17.5,0.97,0.0
20230428:1310,796.08,905.52,51.06,18.24,0.48,0.0
20230428:1410,609.67,673.32,42.68,18.31,0.48,0.0
20230428:1510,546.89,596.97,32.94,18.8,0.76,0.0
20230428:1610,357.12,389.34,22.61,18.88,1.1,0.0
20230428:1710,155.26,185.76,12.18,18.39,1.59,0.0
20230428:1810,0.0,3.79,2.01,17.29,1.24,0.0
20230428:1910,0.0,0.0,0.0,17.44,0.76,0.0
20230428:2010,0.0,0.0,0.0,14.74,1.52,0.0
20230428:2110,0.0,0.0,0.0,13.86,1.31,0.0
20230428:2210,0.0,0.0,0.0,14.01,0.97,0.0
20230428:2310,0.0,0.0,0.0,13.7,0.83,0.0
20230429:0010,0.0,0.0,0.0,12.43,1.03,0.0
20230429:0110,0.0,0.0,0.0,11.8,1.17,0.0
20230429:0210,0.0,0.0,0.0,11.72,0.97,0.0
20230429:0310,0.0,0.0,0.0,12.54,0.62,0.0
20230429:0410,0.0,0.0,0.0,12.12,0.62,0.0
20230429:0510,0.87,7.57,8.29,11.9,0.14,0.0
20230429:0610,22.75,36.88,18.65,11.92,0.34,0.0
20230429:0710,105.74,125.21,29.07,13.99,0.21,0.0
20230429:0810,235.37,258.81,39.13,14.94,0.21,0.0
20230429:0910,354.51,384.06,48.2,16.4,0.9,0.0
20230429:1010,556.83,605.99,55.21,17.94,1.38,0.0
20230429:1110,613.97,675.46,58.58,19.43,1.52,0.0
20230429:1210,714.25,799.34,57.08,20.06,1.24,0.0
20230429:1310,345.88,381.98,51.31,20.73,1.1,0.0
20230429:1410,260.33,291.23,42.9,21.31,1.03,0.0
20230429:1510,336.8,371.11,33.13,21.44,1.1,0.0
20230429:1610,277.45,307.56,22.8,21.22,1.52,0.0
20230429:1710,170.58,205.28,12.37,20.53,1.31,0.0
20230429:1810,0.0,3.79,2.21,19.24,1.59,0.0
20230429:1910,0.0,0.0,0.0,17.11,0.83,0.0
20230429:2010,0.0,0.0,0.0,15.32,1.24,0.0
20230429:2110,0.0,0.0,0.0,14.03,1.52,0.0
20230429:2210,0.0,0.0,0.0,13.24,1.45,0.0
20230429:2310,0.0,0.0,0.0,12.6,1.52,0.0
20230430:0010,0.0,0.0,0.0,12.11,1.52,0.0
20230430:0110,0.0,0.0,0.0,12.02,1.38,0.0
20230430:0210,0.0,0.0,0.0,12.36,1.17,0.0
20230430:0310,0.0,0.0,0.0,12.59,1.1,0.0
20230430:0410,0.0,0.0,0.0,12.47,1.17,0.0
20230430:0510,31.03,46.39,8.53,12.8,0.9,0.0
20230430:0610,35.38,51.44,18.89,13.94,0.41,0.0
20230430:0710,130.09,150.12,29.31,14.92,1.52,0.0
20230430:0810,115.08,134.92,39.38,15.19,1.72,0.0
20230430:0910,354.06,380.94,48.47,15.79,1.45,0.0
20230430:1010,361.39,391.38,55.51,16.78,1.24,0.0
20230430:1110,268.18,294.51,58.89,16.88,0.83,0.0
20230430:1210,296.64,325.17,57.37,17.12,0.62,0.0
20230430:1310,104.38,125.21,51.56,17.02,0.83,0.0
20230430:1410,139.44,161.12,43.11,16.92,1.1,0.0
20230430:1510,77.69,97.06,33.33,16.37,1.79,0.0
20230430:1610,54.57,72.8,22.99,16.62,1.93,0.0
20230430:1710,15.04,28.15,12.56,16.03,1.45,0.0
20230430:1810,0.0,2.84,2.41,15.47,1.45,0.0
20230430:1910,0.0,0.0,0.0,13.95,1.72,0.0
20230430:2010,0.0,0.0,0.0,13.47,1.93,0.0
20230430:2110,0.0,0.0,0.0,13.04,2.07,0.0
20230430:2210,0.0,0.0,0.0,13.01,2.14,0.0
20230430:2310,0.0,0.0,0.0,12.94,2.14,0.0
20230501:0010,0.0,0.0,0.0,12.72,2.0,0.0
20230501:0110,0.0,0.0,0.0,12.34,1.79,0.0
20230501:0210,0.0,0.0,0.0,12.03,1.52,0.0
20230501:0310,0.0,0.0,0.0,11.79,1.52,0.0
20230501:0410,0.0,0.0,0.0,11.64,1.52,0.0
20230501:0510,15.63,28.4,8.77,11.39,1.31,0.0
20230501:0610,115.06,136.77,19.12,12.25,0.69,0.0
20230501:0710,74.32,92.21,29.55,12.82,1.72,0.0
20230501:0810,72.31,90.27,39.63,13.17,1.72,0.0
20230501:0910,173.65,193.15,48.74,13.65,1.52,0.0
20230501:1010,145.74,165.01,55.81,13.77,1.79,0.0
20230501:1110,156.49,175.68,59.19,13.79,2.14,0.0
20230501:1210,317.33,337.36,57.65,13.26,2.34,0.0
20230501:1310,338.63,358.72,51.8,13.49,2.55,0.0
20230501:1410,168.33,187.33,43.32,13.84,2.76,0.0
20230501:1510,221.07,239.68,33.53,13.9,2.76,0.0
20230501:1610,117.65,136.58,23.18,14.1,2.76,0.0
20230501:1710,13.65,26.21,12.75,14.04,2.48,0.0
20230501:1810,0.0,0.95,2.61,13.68,1.79,0.0
20230501:1910,0.0,0.0,0.0,12.65,1.45,0.0
20230501:2010,0.0,0.0,0.0,12.24,1.1,0.0
20230501:2110,0.0,0.0,0.0,11.56,0.9,0.0
20230501:2210,0.0,0.0,0.0,11.49,0.62,0.0
20230501:2310,0.0,0.0,0.0,11.75,0.48,0.0
20230502:0010,0.0,0.0,0.0,11.56,0.55,0.0
20230502:0110,0.0,0.0,0.0,10.72,0.9,0.0
20230502:0210,0.0,0.0,0.0,10.27,1.1,0.0
20230502:0310,0.0,0.0,0.0,9.95,1.31,0.0
20230502:0410,0.0,0.0,0.0,9.78,1.31,0.0
20230502:0510,13.45,25.56,9.0,9.62,1.17,0.0
20230502:0610,124.39,152.87,19.35,11.52,0.76,0.0
20230502:0710,0.0,0.0,0.0,13.49,0.83,0.0
20230502:0810,405.65,438.53,39.87,15.33,0.55,0.0
20230502:0910,686.95,757.68,49.0,16.97,0.62,0.0
20230502:1010,804.29,906.62,56.1,18.49,0.9,0.0
20230502:1110,841.23,963.92,59.49,19.76,0.9,0.0
20230502:1210,898.21,1052.82,57.93,20.71,0.69,0.0
20230502:1310,857.23,1011.27,52.04,21.2,0.28,0.0
20230502:1410,772.99,876.74,43.53,21.32,1.03,0.0
20230502:1510,627.46,686.22,33.72,20.83,1.86,0.0
20230502:1610,425.79,457.27,23.36,19.41,3.38,0.0
20230502:1710,151.49,179.04,12.94,17.6,3.52,0.0
20230502:1810,1.81,9.47,2.81,16.06,2.9,0.0
20230502:1910,0.0,0.0,0.0,14.57,2.21,0.0
20230502:2010,0.0,0.0,0.0,13.48,1.38,0.0
20230502:2110,0.0,0.0,0.0,13.03,0.69,0.0
20230502:2210,0.0,0.0,0.0,12.99,0.69,0.0
20230502:2310,0.0,0.0,0.0,12.45,0.83,0.0
20230503:0010,0.0,0.0,0.0,12.33,0.76,0.0
20230503:0110,0.0,0.0,0.0,12.03,0.48,0.0
20230503:0210,0.0,0.0,0.0,11.94,0.55,0.0
20230503:0310,0.0,0.0,0.0,10.51,1.1,0.0
20230503:0410,0.0,0.0,0.0,8.75,1.72,0.0
20230503:0510,41.38,56.8,9.23,8.87,1.72,0.0
20230503:0610,100.76,144.75,19.58,11.29,1.38,0.0
20230503:0710,305.51,344.72,30.01,13.25,0.83,0.0
20230503:0810,500.96,543.43,40.11,14.78,0.28,0.0
20230503:0910,685.19,746.5,49.26,16.28,1.1,0.0
20230503:1010,784.49,864.37,56.38,17.43,1.66,0.0
20230503:1110,847.6,942.82,59.79,18.16,1.93,0.0
20230503:1210,871.52,974.52,58.21,18.45,1.93,0.0
20230503:1310,877.7,985.47,52.28,18.68,1.72,0.0
20230503:1410,771.75,852.91,43.74,19.24,1.79,0.0
20230503:1510,628.22,680.95,33.91,19.38,2.0,0.0
20230503:1610,442.02,477.96,23.55,19.12,2.07,0.0
20230503:1710,193.83,227.77,13.13,18.56,2.07,0.0
20230503:1810,1.79,9.47,3.01,17.35,1.79,0.0
20230503:1910,0.0,0.0,0.0,16.08,2.41,0.0
20230503:2010,0.0,0.0,0.0,15.09,2.41,0.0
20230503:2110,0.0,0.0,0.0,14.26,2.14,0.0
20230503:2210,0.0,0.0,0.0,13.42,1.59,0.0
20230503:2310,0.0,0.0,0.0,13.25,1.17,0.0
20230504:0010,0.0,0.0,0.0,12.94,1.17,0.0
20230504:0110,0.0,0.0,0.0,12.77,1.24,0.0
20230504:0210,0.0,0.0,0.0,12.46,1.38,0.0
20230504:0310,0.0,0.0,0.0,12.45,1.38,0.0
20230504:0410,0.0,0.0,0.0,12.34,1.45,0.0
20230504:0510,20.28,34.08,9.46,12.57,1.24,0.0
20230504:0610,116.27,138.03,19.8,14.03,1.03,0.0
20230504:0710,269.73,298.79,30.23,14.89,1.1,0.0
20230504:0810,518.08,560.36,40.34,15.81,0.9,0.0
20230504:0910,663.74,725.67,49.51,16.41,0.83,0.0
20230504:1010,757.08,847.67,56.66,17.21,0.62,0.0
20230504:1110,761.57,863.32,60.08,17.81,0.41,0.0
20230504:1210,791.47,910.34,58.48,18.4,0.21,0.0
20230504:1310,685.65,773.42,52.52,18.75,0.28,0.0
20230504:1410,721.79,809.52,43.95,18.98,0.62,0.0
20230504:1510,571.67,626.58,34.1,19.3,0.83,0.0
20230504:1610,413.63,452.6,23.73,19.39,0.83,0.0
20230504:1710,179.47,213.08,13.31,19.27,0.76,0.0
20230504:1810,0.0,3.79,3.2,18.33,0.62,0.0
20230504:1910,0.0,0.0,0.0,18.57,0.97,0.0
20230504:2010,0.0,0.0,0.0,15.95,1.31,0.0
20230504:2110,0.0,0.0,0.0,13.89,1.66,0.0
20230504:2210,0.0,0.0,0.0,12.65,1.72,0.0
20230504:2310,0.0,0.0,0.0,11.95,1.72,0.0
20230505:0010,0.0,0.0,0.0,11.42,1.72,0.0
20230505:0110,0.0,0.0,0.0,10.7,1.79,0.0
20230505:0210,0.0,0.0,0.0,10.08,1.79,0.0
20230505:0310,0.0,0.0,0.0,9.51,1.79,0.0
20230505:0410,0.0,0.0,0.0,8.96,1.79,0.0
20230505:0510,31.63,46.39,9.68,9.21,1.52,0.0
20230505:0610,128.64,154.64,20.01,12.99,0.9,0.0
20230505:0710,293.55,333.98,30.44,16.76,0.76,0.0
20230505:0810,494.87,541.35,40.57,18.01,0.76,0.0
20230505:0910,650.43,719.77,49.76,19.03,0.83,0.0
20230505:1010,762.89,859.85,56.93,19.78,0.97,0.0
20230505:1110,772.24,880.47,60.37,20.71,0.9,0.0
20230505:1210,699.47,792.66,58.75,21.1,0.83,0.0
20230505:1310,732.99,836.53,52.75,21.68,0.76,0.0
20230505:1410,713.82,807.08,44.15,22.05,0.97,0.0
20230505:1510,608.36,677.24,34.28,21.95,0.9,0.0
20230505:1610,415.13,458.43,23.91,21.73,1.03,0.0
20230505:1710,188.64,225.33,13.5,21.37,1.17,0.0
20230505:1810,3.39,12.31,3.4,20.06,1.72,0.0
20230505:1910,0.0,0.0,0.0,18.27,1.38,0.0
20230505:2010,0.0,0.0,0.0,17.71,0.9,0.0
20230505:2110,0.0,0.0,0.0,17.34,0.83,0.0
20230505:2210,0.0,0.0,0.0,16.43,0.76,0.0
20230505:2310,0.0,0.0,0.0,14.95,0.97,0.0
20230506:0010,0.0,0.0,0.0,13.68,1.1,0.0
20230506:0110,0.0,0.0,0.0,12.95,1.1,0.0
20230506:0210,0.0,0.0,0.0,12.5,1.1,0.0
20230506:0310,0.0,0.0,0.0,11.94,1.24,0.0
20230506:0410,0.0,0.0,0.0,11.5,1.45,0.0
20230506:0510,44.34,60.59,9.89,11.54,1.31,0.0
20230506:0610,112.22,153.47,20.22,14.09,0.83,0.0
20230506:0710,295.63,339.0,30.66,17.67,0.48,0.0
20230506:0810,498.88,554.34,40.79,19.13,0.07,0.0
20230506:0910,663.08,746.63,50.0,20.62,0.41,0.0
20230506:1010,774.35,884.63,57.2,21.74,0.9,0.0
20230506:1110,829.11,954.96,60.65,22.53,1.24,0.0
20230506:1210,830.2,956.04,59.02,23.14,1.45,0.0
20230506:1310,800.05,916.01,52.98,23.48,1.52,0.0
20230506:1410,708.43,800.16,44.35,23.63,1.45,0.0
20230506:1510,585.59,653.32,34.47,23.57,1.17,0.0
20230506:1610,418.55,469.04,24.09,23.29,0.41,0.0
20230506:1710,166.61,202.14,13.68,22.92,0.07,0.0
20230506:1810,4.53,14.2,3.59,21.35,1.03,0.0
20230506:1910,0.0,0.0,0.0,19.38,1.03,0.0
20230506:2010,0.0,0.0,0.0,17.27,1.38,0.0
20230506:2110,0.0,0.0,0.0,16.13,1.45,0.0
20230506:2210,0.0,0.0,0.0,16.04,1.1,0.0
20230506:2310,0.0,0.0,0.0,15.38,1.03,0.0
20230507:0010,0.0,0.0,0.0,15.41,0.76,0.0
20230507:0110,0.0,0.0,0.0,13.4,1.38,0.0
20230507:0210,0.0,0.0,0.0,12.95,1.45,0.0
20230507:0310,0.0,0.0,0.0,12.88,1.38,0.0
20230507:0410,0.0,0.0,0.0,12.5,1.24,0.0
20230507:0510,15.53,28.4,10.1,12.62,1.31,0.0
20230507:0610,119.77,158.19,20.42,15.26,1.1,0.0
20230507:0710,254.68,283.3,30.86,16.63,1.17,0.0
20230507:0810,310.64,341.96,41.0,18.34,0.55,0.0
20230507:0910,418.74,461.95,50.24,19.61,0.48,0.0
20230507:1010,687.21,771.4,57.46,20.6,0.97,0.0
20230507:1110,804.49,910.67,60.93,21.31,1.59,0.0
20230507:1210,375.27,413.11,59.28,21.53,2.07,0.0
20230507:1310,851.06,967.38,53.21,21.71,1.72,0.0
20230507:1410,687.44,775.15,44.55,21.69,0.83,0.0
20230507:1510,293.84,326.87,34.65,21.73,0.83,0.0
20230507:1610,137.85,162.31,24.27,21.08,0.97,0.0
20230507:1710,47.09,65.63,13.86,19.32,0.97,0.0
20230507:1810,0.0,3.88,3.78,17.52,1.45,0.0
20230507:1910,0.0,0.0,0.0,16.95,1.66,0.0
20230507:2010,0.0,0.0,0.0,16.26,1.66,0.0
20230507:2110,0.0,0.0,0.0,15.72,1.59,0.0
20230507:2210,0.0,0.0,0.0,15.07,1.72,0.0
20230507:2310,0.0,0.0,0.0,14.88,1.66,0.0
20230508:0010,0.0,0.0,0.0,14.25,1.59,0.0
20230508:0110,0.0,0.0,0.0,13.77,1.45,0.0
20230508:0210,0.0,0.0,0.0,13.51,1.38,0.0
20230508:0310,0.0,0.0,0.0,13.43,1.24,0.0
20230508:0410,0.0,0.0,0.0,13.3,1.1,0.0
20230508:0510,41.26,57.75,10.3,13.46,0.83,0.0
20230508:0610,112.7,155.96,20.62,15.12,0.55,0.0
20230508:0710,303.66,344.17,31.06,16.16,1.03,0.0
20230508:0810,470.46,510.89,41.21,17.51,1.1,0.0
20230508:0910,473.7,516.01,50.47,18.47,1.17,0.0
20230508:1010,378.67,414.84,57.72,19.28,1.24,0.0
20230508:1110,640.04,704.63,61.21,20.41,2.07,0.0
20230508:1210,436.49,476.43,59.53,20.59,2.34,0.0
20230508:1310,612.22,671.02,53.43,20.7,2.21,0.0
20230508:1410,633.32,691.52,44.74,20.45,2.21,0.0
20230508:1510,114.2,136.86,34.83,20.26,2.07,0.0
20230508:1610,234.2,259.98,24.44,19.73,1.93,0.0
20230508:1710,161.96,191.79,14.04,19.37,1.79,0.0
20230508:1810,16.55,37.94,3.97,18.73,1.38,0.0
20230508:1910,0.0,0.0,0.0,16.93,1.1,0.0
20230508:2010,0.0,0.0,0.0,16.1,1.38,0.0
20230508:2110,0.0,0.0,0.0,15.28,1.45,0.0
20230508:2210,0.0,0.0,0.0,14.75,1.24,0.0
20230508:2310,0.0,0.0,0.0,14.81,0.97,0.0
20230509:0010,0.0,0.0,0.0,15.01,1.38,0.0
20230509:0110,0.0,0.0,0.0,14.65,1.31,0.0
20230509:0210,0.0,0.0,0.0,14.34,1.1,0.0
20230509:0310,0.0,0.0,0.0,14.21,1.31,0.0
20230509:0410,0.0,0.0,0.0,14.04,1.52,0.0
20230509:0510,7.38,17.99,10.5,13.95,1.52,0.0
20230509:0610,14.42,27.18,20.82,14.09,1.59,0.0
20230509:0710,78.31,97.06,31.26,14.75,1.72,0.0
20230509:0810,163.03,183.45,41.42,15.17,1.93,0.0
20230509:0910,179.45,200.92,50.69,16.35,2.28,0.0
20230509:1010,188.77,210.62,57.97,16.59,2.28,0.0
20230509:1110,390.07,420.73,61.48,17.59,2.28,0.0
20230509:1210,269.46,295.56,59.79,18.22,2.21,0.0
20230509:1310,416.05,450.84,53.65,18.7,1.93,0.0
20230509:1410,218.38,243.73,44.94,18.87,1.66,0.0
20230509:1510,75.79,96.09,35.01,18.95,1.86,0.0
20230509:1610,48.75,66.97,24.62,18.18,1.93,0.0
20230509:1710,40.12,57.27,14.22,17.04,1.79,0.0
20230509:1810,2.5,10.68,4.16,15.87,1.93,0.0
20230509:1910,0.0,0.0,0.0,15.04,2.14,0.0
20230509:2010,0.0,0.0,0.0,14.58,2.55,0.0
20230509:2110,0.0,0.0,0.0,14.27,2.83,0.0
20230509:2210,0.0,0.0,0.0,13.94,3.24,0.0
20230509:2310,0.0,0.0,0.0,13.58,3.66,0.0
20230510:0010,0.0,0.0,0.0,13.19,3.45,0.0
20230510:0110,0.0,0.0,0.0,12.82,3.1,0.0
20230510:0210,0.0,0.0,0.0,12.6,2.41,0.0
20230510:0310,0.0,0.0,0.0,12.61,1.66,0.0
20230510:0410,0.0,0.0,0.0,12.63,1.1,0.0
20230510:0510,23.54,37.87,10.7,12.48,0.76,0.0
20230510:0610,87.73,106.07,21.01,12.73,1.45,0.0
20230510:0710,82.7,100.94,31.45,12.99,1.17,0.0
20230510:0810,133.34,152.39,41.62,13.3,1.31,0.0
20230510:0910,125.66,144.62,50.91,13.35,1.45,0.0
20230510:1010,136.04,155.3,58.22,13.91,1.86,0.0
20230510:1110,254.04,274.86,61.74,14.18,1.86,0.0
20230510:1210,397.01,424.09,60.04,14.86,1.72,0.0
20230510:1310,573.42,611.32,53.86,15.22,2.07,0.0
20230510:1410,560.56,595.72,45.13,15.43,2.07,0.0
20230510:1510,395.21,418.96,35.18,15.54,2.14,0.0
20230510:1610,196.78,217.05,24.79,15.16,1.93,0.0
20230510:1710,160.27,185.64,14.39,14.54,1.31,0.0
20230510:1810,13.56,29.58,4.34,13.83,1.24,0.0
20230510:1910,0.0,0.0,0.0,13.45,0.69,0.0
20230510:2010,0.0,0.0,0.0,12.27,1.17,0.0
20230510:2110,0.0,0.0,0.0,11.18,1.17,0.0
20230510:2210,0.0,0.0,0.0,10.96,0.83,0.0
20230510:2310,0.0,0.0,0.0,11.24,0.48,0.0
20230511:0010,0.0,0.0,0.0,10.67,0.69,0.0
20230511:0110,0.0,0.0,0.0,9.69,0.9,0.0
20230511:0210,0.0,0.0,0.0,8.82,1.1,0.0
20230511:0310,0.0,0.0,0.0,8.13,1.38,0.0
20230511:0410,0.0,0.0,0.0,7.62,1.38,0.0
20230511:0510,55.1,71.0,10.89,8.19,1.1,0.0
20230511:0610,118.77,138.07,21.19,11.32,0.76,0.0
20230511:0710,243.85,267.87,31.63,13.74,0.48,0.0
20230511:0810,356.39,386.61,41.81,15.31,0.28,0.0
20230511:0910,535.8,589.37,51.12,16.74,0.07,0.0
20230511:1010,672.02,752.78,58.46,17.73,0.28,0.0
20230511:1110,800.93,913.68,62.0,18.41,0.55,0.0
20230511:1210,878.65,1011.71,60.28,18.7,0.76,0.0
20230511:1310,733.75,819.74,54.08,18.95,1.1,0.0
20230511:1410,43.26,61.15,45.31,18.63,0.97,0.0
20230511:1510,39.31,56.3,35.36,16.84,2.69,0.0
20230511:1610,34.51,50.47,24.96,14.34,2.9,0.0
20230511:1710,25.11,39.8,14.57,13.54,2.21,0.0
20230511:1810,2.56,10.68,4.53,13.16,1.24,0.0
20230511:1910,0.0,0.0,0.0,12.43,2.0,0.0
20230511:2010,0.0,0.0,0.0,12.12,1.79,0.0
20230511:2110,0.0,0.0,0.0,11.7,1.59,0.0
20230511:2210,0.0,0.0,0.0,11.11,1.31,0.0
20230511:2310,0.0,0.0,0.0,10.55,1.03,0.0
20230512:0010,0.0,0.0,0.0,10.27,0.9,0.0
20230512:0110,0.0,0.0,0.0,10.14,0.97,0.0
20230512:0210,0.0,0.0,0.0,9.82,1.1,0.0
20230512:0310,0.0,0.0,0.0,9.54,0.97,0.0
20230512:0410,0.0,0.0,0.0,9.28,0.97,0.0
20230512:0510,3.05,11.36,11.07,9.54,0.76,0.0
20230512:0610,33.18,48.53,21.37,11.37,0.34,0.0
20230512:0710,104.85,123.27,31.81,12.31,0.69,0.0
20230512:0810,104.47,123.27,42.0,13.25,1.03,0.0
20230512:0910,189.44,209.65,51.33,14.04,1.24,0.0
20230512:1010,157.84,178.59,58.69,15.28,1.31,0.0
20230512:1110,661.38,718.12,62.25,16.05,1.59,0.0
20230512:1210,238.51,262.07,60.52,16.47,1.59,0.0
20230512:1310,76.69,96.09,54.29,16.63,2.0,0.0
20230512:1410,223.11,245.64,45.5,16.41,1.93,0.0
20230512:1510,281.38,301.98,35.53,14.88,2.14,0.0
20230512:1610,113.66,132.46,25.13,13.67,2.28,0.0
20230512:1710,64.51,82.62,14.74,13.63,0.83,0.0
20230512:1810,0.0,3.88,4.71,13.42,0.55,0.0
20230512:1910,0.0,0.0,0.0,12.04,1.38,0.0
20230512:2010,0.0,0.0,0.0,11.47,1.38,0.0
20230512:2110,0.0,0.0,0.0,10.96,1.1,0.0
20230512:2210,0.0,0.0,0.0,10.62,0.9,0.0
20230512:2310,0.0,0.0,0.0,10.52,0.76,0.0
20230513:0010,0.0,0.0,0.0,10.39,0.76,0.0
20230513:0110,0.0,0.0,0.0,10.57,0.76,0.0
20230513:0210,0.0,0.0,0.0,10.59,1.1,0.0
20230513:0310,0.0,0.0,0.0,10.32,0.9,0.0
20230513:0410,0.0,0.0,0.0,10.5,0.62,0.0
20230513:0510,16.49,29.35,11.25,10.53,0.69,0.0
20230513:0610,129.41,149.44,21.54,10.92,0.9,0.0
20230513:0710,199.15,217.83,31.98,11.58,1.03,0.0
20230513:0810,248.17,267.55,42.18,12.54,1.24,0.0
20230513:0910,145.86,165.01,51.53,13.16,1.1,0.0
20230513:1010,110.58,130.06,58.92,14.45,1.24,0.0
20230513:1110,617.86,666.1,62.5,14.95,1.45,0.0
20230513:1210,796.53,879.17,60.76,15.59,1.31,0.0
20230513:1310,543.73,584.81,54.49,15.7,1.38,0.0
20230513:1410,313.02,337.85,45.68,15.68,1.31,0.0
20230513:1510,445.92,476.26,35.7,15.82,1.17,0.0
20230513:1610,407.94,437.32,25.29,15.74,1.03,0.0
20230513:1710,166.77,192.94,14.91,15.25,0.97,0.0
20230513:1810,0.94,7.76,4.89,14.71,1.1,0.0
20230513:1910,0.0,0.0,0.0,13.57,1.17,0.0
20230513:2010,0.0,0.0,0.0,12.29,1.03,0.0
20230513:2110,0.0,0.0,0.0,11.88,0.9,0.0
20230513:2210,0.0,0.0,0.0,11.1,1.17,0.0
20230513:2310,0.0,0.0,0.0,10.89,1.31,0.0
20230514:0010,0.0,0.0,0.0,10.75,1.24,0.0
20230514:0110,0.0,0.0,0.0,10.95,1.24,0.0
20230514:0210,0.0,0.0,0.0,10.98,1.1,0.0
20230514:0310,0.0,0.0,0.0,10.79,1.1,0.0
20230514:0410,0.0,0.95,1.62,10.62,1.1,0.0
20230514:0510,28.84,43.55,11.42,10.46,0.97,0.0
20230514:0610,137.62,174.24,21.71,11.97,0.69,0.0
20230514:0710,132.62,151.42,32.15,12.25,0.34,0.0
20230514:0810,508.94,542.33,42.35,13.5,1.1,0.0
20230514:0910,506.31,539.54,51.72,14.44,1.52,0.0
20230514:1010,782.36,852.32,59.14,15.08,1.59,0.0
20230514:1110,596.49,643.79,62.74,16.12,1.72,0.0
20230514:1210,623.83,674.48,60.99,16.84,2.0,0.0
20230514:1310,703.56,762.78,54.69,17.13,2.21,0.0
20230514:1410,697.55,756.53,45.86,17.38,1.93,0.0
20230514:1510,560.31,601.25,35.87,17.28,1.66,0.0
20230514:1610,163.65,185.65,25.46,16.9,1.1,0.0
20230514:1710,143.89,168.39,15.08,15.88,0.97,0.0
20230514:1810,20.76,40.37,5.06,14.99,1.45,0.0
20230514:1910,0.0,0.0,0.0,13.28,1.03,0.0
20230514:2010,0.0,0.0,0.0,12.51,1.17,0.0
20230514:2110,0.0,0.0,0.0,11.49,1.24,0.0
20230514:2210,0.0,0.0,0.0,10.76,1.17,0.0
20230514:2310,0.0,0.0,0.0,10.03,1.24,0.0
20230515:0010,0.0,0.0,0.0,9.61,1.24,0.0
20230515:0110,0.0,0.0,0.0,9.32,1.17,0.0
20230515:0210,0.0,0.0,0.0,8.81,1.17,0.0
20230515:0310,0.0,0.0,0.0,8.08,1.24,0.0
20230515:0410,0.0,1.89,1.8,7.73,1.31,0.0
20230515:0510,45.96,61.54,11.59,8.32,1.17,0.0
20230515:0610,112.96,163.89,21.87,11.37,0.76,0.0
20230515:0710,330.86,371.73,32.31,14.28,0.76,0.0
20230515:0810,539.49,589.98,42.52,15.92,0.21,0.0
20230515:0910,708.95,788.2,51.91,17.3,0.48,0.0
20230515:1010,813.89,934.33,59.36,18.39,0.28,0.0
20230515:1110,879.66,1038.02,62.98,19.41,0.14,0.0
20230515:1210,900.41,1077.39,61.22,20.29,0.07,0.0
20230515:1310,856.41,1002.86,54.89,20.72,0.41,0.0
20230515:1410,699.21,793.09,46.04,21.18,0.55,0.0
20230515:1510,48.8,67.94,36.03,21.22,0.69,0.0
20230515:1610,56.92,76.68,25.62,20.82,1.03,0.0
20230515:1710,238.62,278.05,15.24,20.18,1.52,0.0
20230515:1810,28.33,54.82,5.24,18.76,1.79,0.0
20230515:1910,0.0,0.0,0.0,15.49,1.66,0.0
20230515:2010,0.0,0.0,0.0,14.01,1.31,0.0
20230515:2110,0.0,0.0,0.0,12.64,1.66,0.0
20230515:2210,0.0,0.0,0.0,11.5,1.66,0.0
20230515:2310,0.0,0.0,0.0,10.53,1.72,0.0
20230516:0010,0.0,0.0,0.0,9.75,1.79,0.0
20230516:0110,0.0,0.0,0.0,9.39,2.0,0.0
20230516:0210,0.0,0.0,0.0,9.57,2.34,0.0
20230516:0310,0.0,0.0,0.0,9.59,2.55,0.0
20230516:0410,0.0,3.79,1.97,9.67,2.62,0.0
20230516:0510,53.69,70.06,11.75,10.37,2.48,0.0
20230516:0610,148.28,179.83,22.02,12.17,2.21,0.0
20230516:0710,280.5,305.69,32.47,15.0,2.69,0.0
20230516:0810,384.7,412.81,42.69,17.0,2.62,0.0
20230516:0910,397.36,429.12,52.09,18.2,2.34,0.0
20230516:1010,189.81,213.54,59.57,18.56,2.28,0.0
20230516:1110,285.72,312.07,63.21,17.98,2.28,0.0
20230516:1210,214.63,237.8,61.44,17.23,2.14,0.0
20230516:1310,145.51,166.95,55.09,16.65,1.52,0.0
20230516:1410,136.73,158.21,46.21,16.78,1.17,0.0
20230516:1510,168.49,190.62,36.19,17.02,1.66,0.0
20230516:1610,265.63,289.42,25.78,17.38,1.93,0.0
20230516:1710,110.56,132.81,15.4,17.16,1.79,0.0
20230516:1810,0.0,4.85,5.41,16.52,2.07,0.0
20230516:1910,0.0,0.0,0.0,16.04,2.14,0.0
20230516:2010,0.0,0.0,0.0,15.0,2.07,0.0
20230516:2110,0.0,0.0,0.0,13.88,1.86,0.0
20230516:2210,0.0,0.0,0.0,12.94,1.45,0.0
20230516:2310,0.0,0.0,0.0,12.22,1.24,0.0
20230517:0010,0.0,0.0,0.0,11.63,1.31,0.0
20230517:0110,0.0,0.0,0.0,11.27,1.45,0.0
20230517:0210,0.0,0.0,0.0,11.43,1.79,0.0
20230517:0310,0.0,0.0,0.0,11.69,2.07,0.0
20230517:0410,0.0,1.89,2.14,11.99,2.34,0.0
20230517:0510,7.45,17.99,11.9,12.42,2.62,0.0
20230517:0610,98.25,116.76,22.17,13.21,2.62,0.0
20230517:0710,55.21,72.8,32.62,14.37,2.28,0.0
20230517:0810,141.03,161.12,42.85,15.31,2.34,0.0
20230517:0910,134.83,155.3,52.27,16.09,2.55,0.0
20230517:1010,98.53,118.42,59.77,16.05,1.93,0.0
20230517:1110,134.33,155.3,63.44,16.23,1.38,0.0
20230517:1210,168.65,190.24,61.66,15.91,1.1,0.0
20230517:1310,481.8,516.51,55.28,15.68,1.52,0.0
20230517:1410,487.71,518.49,46.38,15.39,1.93,0.0
20230517:1510,131.48,151.42,36.35,15.08,2.0,0.0
20230517:1610,89.59,108.71,25.94,14.92,1.93,0.0
20230517:1710,153.29,176.87,15.57,14.71,1.59,0.0
20230517:1810,24.51,44.73,5.58,14.43,1.38,0.0
20230517:1910,0.0,0.0,0.0,14.28,1.59,0.0
20230517:2010,0.0,0.0,0.0,12.42,1.66,0.0
20230517:2110,0.0,0.0,0.0,11.44,1.66,0.0
20230517:2210,0.0,0.0,0.0,11.45,1.52,0.0
20230517:2310,0.0,0.0,0.0,11.86,1.52,0.0
20230518:0010,0.0,0.0,0.0,12.18,1.59,0.0
20230518:0110,0.0,0.0,0.0,12.12,1.52,0.0
20230518:0210,0.0,0.0,0.0,11.9,1.38,0.0
20230518:0310,0.0,0.0,0.0,11.81,1.31,0.0
20230518:0410,0.0,0.95,2.3,11.47,0.9,0.0
20230518:0510,4.19,13.25,12.06,12.15,0.07,0.0
20230518:0610,35.59,51.44,22.32,12.72,0.28,0.0
20230518:0710,99.94,118.42,32.76,12.55,0.69,0.0
20230518:0810,263.04,283.42,43.0,12.72,0.9,0.0
20230518:0910,226.23,246.53,52.44,13.3,0.97,0.0
20230518:1010,384.66,412.62,59.97,13.94,0.76,0.0
20230518:1110,763.62,846.0,63.66,14.14,0.55,0.0
20230518:1210,800.63,890.08,61.87,14.65,0.76,0.0
20230518:1310,372.7,399.47,55.47,14.78,1.24,0.0
20230518:1410,376.51,402.34,46.55,15.15,1.52,0.0
20230518:1510,127.09,147.53,36.51,15.69,1.45,0.0
20230518:1610,202.5,223.84,26.09,15.71,1.38,0.0
20230518:1710,30.72,46.59,15.72,15.9,1.17,0.0
20230518:1810,4.95,14.56,5.75,15.49,0.83,0.0
20230518:1910,0.0,0.0,0.0,14.65,1.1,0.0
20230518:2010,0.0,0.0,0.0,13.72,1.38,0.0
20230518:2110,0.0,0.0,0.0,13.15,1.45,0.0
20230518:2210,0.0,0.0,0.0,12.8,1.59,0.0
20230518:2310,0.0,0.0,0.0,12.66,1.66,0.0
20230519:0010,0.0,0.0,0.0,12.53,1.66,0.0
20230519:0110,0.0,0.0,0.0,12.58,1.72,0.0
20230519:0210,0.0,0.0,0.0,12.69,1.66,0.0
20230519:0310,0.0,0.0,0.0,12.66,1.59,0.0
20230519:0410,0.0,0.95,2.45,12.54,1.38,0.0
20230519:0510,6.77,17.04,12.2,12.46,0.9,0.0
20230519:0610,71.22,89.3,22.46,13.05,0.34,0.0
20230519:0710,154.28,174.05,32.9,13.76,1.03,0.0
20230519:0810,270.33,292.68,43.15,14.08,0.9,0.0
20230519:0910,286.93,311.51,52.61,14.49,0.41,0.0
20230519:1010,200.12,221.3,60.16,14.54,0.9,0.0
20230519:1110,194.75,215.48,63.88,14.38,1.1,0.0
20230519:1210,133.59,153.36,62.08,14.27,1.1,0.0
20230519:1310,112.57,132.0,55.65,14.3,1.24,0.0
20230519:1410,107.01,126.18,46.71,13.77,0.83,0.0
20230519:1510,65.39,83.47,36.67,13.65,0.14,0.0
20230519:1610,44.38,61.15,26.24,13.64,0.97,0.0
20230519:1710,33.74,49.5,15.88,13.44,1.1,0.0
20230519:1810,0.0,4.85,5.91,13.2,1.1,0.0
20230519:1910,0.0,0.0,0.0,12.67,1.45,0.0
20230519:2010,0.0,0.0,0.0,12.55,1.52,0.0
20230519:2110,0.0,0.0,0.0,12.47,1.52,0.0
20230519:2210,0.0,0.0,0.0,12.37,1.59,0.0
20230519:2310,0.0,0.0,0.0,12.25,1.59,0.0
20230520:0010,0.0,0.0,0.0,12.15,1.52,0.0
20230520:0110,0.0,0.0,0.0,12.07,1.52,0.0
20230520:0210,0.0,0.0,0.0,11.97,1.59,0.0
20230520:0310,0.0,0.0,0.0,11.88,1.66,0.0
20230520:0410,0.0,0.95,2.6,11.87,1.79,0.0
20230520:0510,7.47,17.99,12.34,12.11,1.72,0.0
20230520:0610,61.17,78.62,22.59,12.75,1.45,0.0
20230520:0710,152.97,172.44,33.03,13.98,1.86,0.0
20230520:0810,86.57,105.8,43.29,15.13,1.38,0.0
20230520:0910,102.19,122.3,52.76,15.8,0.9,0.0
20230520:1010,159.02,180.54,60.35,15.67,0.62,0.0
20230520:1110,123.05,143.65,64.09,15.74,0.9,0.0
20230520:1210,135.5,156.27,62.28,16.07,1.66,0.0
20230520:1310,161.1,182.48,55.83,16.41,1.93,0.0
20230520:1410,81.42,100.94,46.87,16.44,1.93,0.0
20230520:1510,42.12,59.21,36.82,15.95,1.79,0.0
20230520:1610,39.53,56.3,26.39,15.63,2.0,0.0
20230520:1710,19.91,33.97,16.03,15.25,2.0,0.0
20230520:1810,10.56,22.32,6.07,14.8,1.79,0.0
20230520:1910,0.0,0.0,0.0,13.94,2.41,0.0
20230520:2010,0.0,0.0,0.0,13.64,2.69,0.0
20230520:2110,0.0,0.0,0.0,13.44,2.76,0.0
20230520:2210,0.0,0.0,0.0,13.28,2.55,0.0
20230520:2310,0.0,0.0,0.0,13.16,2.14,0.0
20230521:0010,0.0,0.0,0.0,13.1,2.0,0.0
20230521:0110,0.0,0.0,0.0,13.14,1.93,0.0
20230521:0210,0.0,0.0,0.0,13.09,1.93,0.0
20230521:0310,0.0,0.0,0.0,13.0,2.07,0.0
20230521:0410,0.0,1.89,2.75,12.98,2.07,0.0
20230521:0510,4.16,13.25,12.47,13.16,1.93,0.0
20230521:0610,41.72,58.24,22.72,13.68,1.93,0.0
20230521:0710,152.57,172.1,33.16,14.36,2.48,0.0
20230521:0810,181.45,202.86,43.42,16.16,2.14,0.0
20230521:0910,133.97,155.3,52.92,17.3,2.34,0.0
20230521:1010,75.19,95.12,60.53,18.36,2.83,0.0
20230521:1110,116.89,138.8,64.29,19.23,3.03,0.0
20230521:1210,541.25,588.39,62.48,20.29,2.83,0.0
20230521:1310,575.76,630.67,56.01,21.23,2.41,0.0
20230521:1410,598.09,655.89,47.03,21.41,2.14,0.0
20230521:1510,608.22,667.08,36.97,21.79,1.93,0.0
20230521:1610,441.2,484.68,26.54,21.96,1.59,0.0
20230521:1710,243.99,285.43,16.19,21.61,1.03,0.0
20230521:1810,41.72,72.13,6.23,20.55,0.69,0.0
20230521:1910,0.0,0.0,0.0,20.27,0.69,0.0
20230521:2010,0.0,0.0,0.0,17.03,1.45,0.0
20230521:2110,0.0,0.0,0.0,15.26,2.14,0.0
20230521:2210,0.0,0.0,0.0,14.5,2.21,0.0
20230521:2310,0.0,0.0,0.0,13.98,2.28,0.0
20230522:0010,0.0,0.0,0.0,13.42,2.07,0.0
20230522:0110,0.0,0.0,0.0,13.16,2.07,0.0
20230522:0210,0.0,0.0,0.0,12.91,2.21,0.0
20230522:0310,0.0,0.0,0.0,12.55,2.34,0.0
20230522:0410,0.0,1.89,2.88,12.51,2.34,0.0
20230522:0510,11.71,23.67,12.6,13.01,2.21,0.0
20230522:0610,77.31,96.09,22.84,14.97,1.93,0.0
20230522:0710,83.4,103.86,33.29,18.29,1.52,0.0
20230522:0810,108.16,131.03,43.55,20.59,1.03,0.0
20230522:0910,497.18,558.21,53.06,21.86,0.28,0.0
20230522:1010,734.68,844.12,60.7,22.67,0.69,0.0
20230522:1110,843.23,978.87,64.49,23.18,1.17,0.0
20230522:1210,908.73,1062.85,62.67,23.6,1.45,0.0
20230522:1310,855.48,978.75,56.18,23.85,2.07,0.0
20230522:1410,795.5,904.23,47.19,23.83,1.79,0.0
20230522:1510,607.56,684.92,37.11,23.36,0.62,0.0
20230522:1610,457.3,505.41,26.69,22.13,1.1,0.0
20230522:1710,234.44,274.09,16.34,21.76,1.24,0.0
20230522:1810,35.34,59.93,6.39,20.91,1.17,0.0
20230522:1910,0.0,0.0,0.0,20.81,0.48,0.0
20230522:2010,0.0,0.0,0.0,19.36,0.97,0.0
20230522:2110,0.0,0.0,0.0,16.29,1.66,0.0
20230522:2210,0.0,0.0,0.0,15.18,1.79,0.0
20230522:2310,0.0,0.0,0.0,14.45,1.86,0.0
20230523:0010,0.0,0.0,0.0,13.89,1.86,0.0
20230523:0110,0.0,0.0,0.0,13.4,1.93,0.0
20230523:0210,0.0,0.0,0.0,13.22,1.93,0.0
20230523:0310,0.0,0.0,0.0,12.95,1.93,0.0
20230523:0410,0.87,7.57,3.02,12.53,2.0,0.0
20230523:0510,60.11,77.63,12.73,13.21,1.79,0.0
20230523:0610,126.43,175.99,22.96,16.18,1.38,0.0
20230523:0710,325.21,373.25,33.4,19.92,0.83,0.0
20230523:0810,521.51,585.06,43.67,22.19,0.48,0.0
20230523:0910,674.97,772.68,53.2,23.54,0.48,0.0
20230523:1010,792.45,922.8,60.87,24.51,0.9,0.0
20230523:1110,875.14,1027.98,64.68,25.15,1.38,0.0
20230523:1210,897.57,1052.88,62.86,25.51,1.72,0.0
20230523:1310,854.43,989.62,56.35,25.77,2.0,0.0
20230523:1410,701.66,790.65,47.34,25.63,2.34,0.0
20230523:1510,574.39,643.3,37.26,25.53,1.66,0.0
20230523:1610,283.54,319.94,26.83,24.94,1.24,0.0
20230523:1710,166.48,199.2,16.48,24.22,0.97,0.0
20230523:1810,28.89,49.44,6.54,22.77,0.97,0.0
20230523:1910,0.0,0.0,0.0,22.41,0.83,0.0
20230523:2010,0.0,0.0,0.0,21.83,0.62,0.0
20230523:2110,0.0,0.0,0.0,21.0,0.28,0.0
20230523:2210,0.0,0.0,0.0,20.07,0.62,0.0
20230523:2310,0.0,0.0,0.0,17.11,1.31,0.0
20230524:0010,0.0,0.0,0.0,15.5,1.45,0.0
20230524:0110,0.0,0.0,0.0,14.51,1.59,0.0
20230524:0210,0.0,0.0,0.0,13.49,1.66,0.0
20230524:0310,0.0,0.0,0.0,12.64,1.72,0.0
20230524:0410,0.87,7.57,3.15,12.11,1.66,0.0
20230524:0510,59.21,76.68,12.84,13.07,1.31,0.0
20230524:0610,149.07,186.73,23.07,17.02,1.03,0.0
20230524:0710,299.45,335.13,33.51,18.5,1.17,0.0
20230524:0810,501.9,552.46,43.79,19.93,0.97,0.0
20230524:0910,661.56,735.45,53.33,20.98,1.24,0.0
20230524:1010,703.4,787.03,61.03,21.32,1.52,0.0
20230524:1110,867.79,999.08,64.87,21.95,1.38,0.0
20230524:1210,864.97,1010.05,63.05,21.91,0.83,0.0
20230524:1310,817.99,964.49,56.51,22.57,0.28,0.0
20230524:1410,634.41,715.84,47.49,22.99,0.9,0.0
20230524:1510,32.17,49.5,37.4,22.51,0.97,0.0
20230524:1610,167.52,193.66,26.97,20.96,0.34,0.0
20230524:1710,20.31,34.94,16.62,18.83,0.83,0.0
20230524:1810,0.91,7.76,6.69,16.94,2.07,0.0
20230524:1910,0.0,0.0,0.0,16.69,2.14,0.0
20230524:2010,0.0,0.0,0.0,16.02,2.14,0.0
20230524:2110,0.0,0.0,0.0,15.48,1.86,0.0
20230524:2210,0.0,0.0,0.0,15.04,1.59,0.0
20230524:2310,0.0,0.0,0.0,14.72,1.31,0.0
20230525:0010,0.0,0.0,0.0,14.58,1.24,0.0
20230525:0110,0.0,0.0,0.0,14.28,1.31,0.0
20230525:0210,0.0,0.0,0.0,14.22,1.31,0.0
20230525:0310,0.0,0.0,0.0,14.1,1.72,0.0
20230525:0410,0.0,2.84,3.27,14.09,1.93,0.0
20230525:0510,43.72,60.59,12.96,14.4,1.52,0.0
20230525:0610,48.6,66.0,23.18,14.92,1.1,0.0
20230525:0710,78.14,97.06,33.62,15.17,1.66,0.0
20230525:0810,280.49,303.73,43.9,15.57,1.79,0.0
20230525:0910,647.48,693.33,53.46,16.33,2.28,0.0
20230525:1010,639.87,693.17,61.18,17.54,2.14,0.0
20230525:1110,786.5,869.5,65.04,18.23,1.93,0.0
20230525:1210,912.08,1042.03,63.23,19.49,1.45,0.0
20230525:1310,856.04,979.4,56.68,20.19,1.1,0.0
20230525:1410,759.51,860.67,47.64,20.7,0.83,0.0
20230525:1510,642.54,719.96,37.54,21.18,0.55,0.0
20230525:1610,384.79,427.29,27.11,21.34,0.21,0.0
20230525:1710,239.46,279.86,16.77,21.18,0.34,0.0
20230525:1810,39.42,64.8,6.84,20.34,1.31,0.0
20230525:1910,0.0,0.0,0.0,18.81,0.97,0.0
20230525:2010,0.0,0.0,0.0,17.76,1.03,0.0
20230525:2110,0.0,0.0,0.0,15.91,1.59,0.0
20230525:2210,0.0,0.0,0.0,14.6,1.79,0.0
20230525:2310,0.0,0.0,0.0,13.71,1.79,0.0
20230526:0010,0.0,0.0,0.0,12.94,1.72,0.0
20230526:0110,0.0,0.0,0.0,12.46,1.79,0.0
20230526:0210,0.0,0.0,0.0,11.88,1.93,0.0
20230526:0310,0.0,0.0,0.0,11.52,1.93,0.0
20230526:0410,1.89,9.47,3.38,11.26,1.93,0.0
20230526:0510,51.34,68.16,13.06,12.25,1.66,0.0
20230526:0610,121.97,176.37,23.28,15.48,1.24,0.0
20230526:0710,336.08,383.8,33.72,18.52,0.76,0.0
20230526:0810,533.53,599.07,44.01,20.56,0.0,0.0
20230526:0910,699.71,794.4,53.58,21.98,0.62,0.0
20230526:1010,812.57,939.95,61.33,23.06,0.97,0.0
20230526:1110,881.1,1031.93,65.22,23.85,1.24,0.0
20230526:1210,896.64,1049.9,63.4,24.39,1.52,0.0
20230526:1310,856.11,993.87,56.83,24.87,1.66,0.0
20230526:1410,779.75,894.64,47.78,25.15,1.59,0.0
20230526:1510,649.31,731.82,37.68,25.01,1.45,0.0
20230526:1610,471.32,527.1,27.24,24.83,1.31,0.0
20230526:1710,252.48,297.61,16.9,24.34,1.1,0.0
20230526:1810,48.92,81.55,6.98,22.86,0.55,0.0
20230526:1910,0.0,0.0,0.0,21.59,0.83,0.0
20230526:2010,0.0,0.0,0.0,19.63,1.45,0.0
20230526:2110,0.0,0.0,0.0,18.23,1.66,0.0
20230526:2210,0.0,0.0,0.0,17.27,1.66,0.0
20230526:2310,0.0,0.0,0.0,16.64,1.66,0.0
20230527:0010,0.0,0.0,0.0,16.26,1.59,0.0
20230527:0110,0.0,0.0,0.0,15.53,1.72,0.0
20230527:0210,0.0,0.0,0.0,15.37,2.28,0.0
20230527:0310,0.0,0.0,0.0,15.4,2.34,0.0
20230527:0410,0.0,2.84,3.49,15.04,2.07,0.0
20230527:0510,65.79,84.26,13.16,15.25,1.59,0.0
20230527:0610,146.7,186.97,23.37,17.11,1.24,0.0
20230527:0710,314.08,351.03,33.81,19.14,2.55,0.0
20230527:0810,512.69,552.86,44.11,19.13,2.69,0.0
20230527:0910,574.39,621.22,53.7,19.51,2.69,0.0
20230527:1010,488.03,530.1,61.47,19.96,2.62,0.0
20230527:1110,821.27,916.71,65.39,20.47,2.28,0.0
20230527:1210,810.44,916.71,63.57,21.03,1.66,0.0
20230527:1310,722.64,816.47,56.99,21.53,1.17,0.0
20230527:1410,604.46,675.79,47.92,22.03,0.97,0.0
20230527:1510,411.33,453.55,37.81,22.34,1.24,0.0
20230527:1610,399.89,440.86,27.37,22.33,1.38,0.0
20230527:1710,254.42,296.98,17.04,21.93,0.76,0.0
20230527:1810,50.94,83.78,7.12,20.92,0.83,0.0
20230527:1910,0.0,0.0,0.0,19.14,2.0,0.0
20230527:2010,0.0,0.0,0.0,18.45,2.0,0.0
20230527:2110,0.0,0.0,0.0,17.57,2.07,0.0
20230527:2210,0.0,0.0,0.0,16.85,2.34,0.0
20230527:2310,0.0,0.0,0.0,16.73,2.14,0.0
20230528:0010,0.0,0.0,0.0,16.35,1.93,0.0
20230528:0110,0.0,0.0,0.0,15.73,2.07,0.0
20230528:0210,0.0,0.0,0.0,15.52,2.14,0.0
20230528:0310,0.0,0.0,0.0,15.19,2.34,0.0
20230528:0410,0.0,3.79,3.6,15.04,2.41,0.0
20230528:0510,64.93,83.31,13.26,15.31,2.28,0.0
20230528:0610,153.48,180.12,23.46,16.34,1.93,0.0
20230528:0710,319.38,360.99,33.9,18.91,1.03,0.0
20230528:0810,500.87,551.23,44.2,19.91,0.97,0.0
20230528:0910,617.61,687.96,53.8,20.58,0.83,0.0
20230528:1010,647.64,731.71,61.61,21.19,0.62,0.0
20230528:1110,812.89,945.83,65.55,21.95,0.62,0.0
20230528:1210,737.96,849.3,63.73,22.54,0.76,0.0
20230528:1310,765.56,874.86,57.13,22.84,1.24,0.0
20230528:1410,593.91,661.22,48.05,23.08,1.59,0.0
20230528:1510,497.66,551.64,37.94,22.61,0.97,0.0
20230528:1610,49.73,68.91,27.5,21.11,1.03,0.0
20230528:1710,25.78,41.74,17.17,20.69,0.62,0.0
20230528:1810,4.17,13.59,7.26,20.26,0.76,0.0
20230528:1910,0.0,0.0,0.0,17.88,2.14,0.0
20230528:2010,0.0,0.0,0.0,16.49,2.48,0.0
20230528:2110,0.0,0.0,0.0,15.92,2.21,0.0
20230528:2210,0.0,0.0,0.0,15.63,2.07,0.0
20230528:2310,0.0,0.0,0.0,15.06,2.0,0.0
20230529:0010,0.0,0.0,0.0,14.54,2.0,0.0
20230529:0110,0.0,0.0,0.0,14.08,2.0,0.0
20230529:0210,0.0,0.0,0.0,13.75,1.86,0.0
20230529:0310,0.0,0.0,0.0,13.52,1.93,0.0
20230529:0410,0.0,2.84,3.7,13.34,2.21,0.0
20230529:0510,13.13,25.56,13.35,14.04,2.21,0.0
20230529:0610,158.45,188.74,23.55,16.12,1.59,0.0
20230529:0710,29.48,45.62,33.98,18.3,0.76,0.0
20230529:0810,93.77,115.5,44.29,19.41,0.41,0.0
20230529:0910,366.89,406.79,53.91,20.04,0.34,0.0
20230529:1010,770.8,897.67,61.73,20.88,0.0,0.0
20230529:1110,831.78,989.1,65.7,21.73,0.0,0.0
20230529:1210,850.97,1018.18,63.89,22.3,0.07,0.0
20230529:1310,825.3,980.33,57.28,22.73,0.14,0.0
20230529:1410,753.44,877.75,48.19,22.9,0.21,0.0
20230529:1510,636.29,719.39,38.06,22.98,0.55,0.0
20230529:1610,455.09,505.63,27.63,22.86,0.9,0.0
20230529:1710,207.08,242.35,17.3,22.33,0.9,0.0
20230529:1810,52.41,84.25,7.39,21.5,0.48,0.0
20230529:1910,0.0,0.0,0.0,20.04,1.03,0.0
20230529:2010,0.0,0.0,0.0,18.86,1.1,0.0
20230529:2110,0.0,0.0,0.0,17.94,2.0,0.0
20230529:2210,0.0,0.0,0.0,17.2,2.28,0.0
20230529:2310,0.0,0.0,0.0,16.76,2.55,0.0
20230530:0010,0.0,0.0,0.0,16.22,2.34,0.0
20230530:0110,0.0,0.0,0.0,15.69,2.28,0.0
20230530:0210,0.0,0.0,0.0,15.12,2.14,0.0
20230530:0310,0.0,0.0,0.0,14.47,2.14,0.0
20230530:0410,2.95,11.36,3.79,13.99,2.14,0.0
20230530:0510,46.37,63.43,13.43,14.4,1.86,0.0
20230530:0610,153.88,191.38,23.63,16.58,1.38,0.0
20230530:0710,322.76,366.33,34.06,19.33,0.9,0.0
20230530:0810,465.68,511.23,44.37,20.34,1.38,0.0
20230530:0910,609.88,672.91,54.0,20.91,1.59,0.0
20230530:1010,763.24,856.07,61.85,21.38,1.72,0.0
20230530:1110,789.99,894.63,65.85,21.73,1.66,0.0
20230530:1210,680.82,766.35,64.04,22.35,1.52,0.0
20230530:1310,705.39,799.46,57.42,22.64,1.24,0.0
20230530:1410,691.69,780.04,48.32,22.81,1.24,0.0
20230530:1510,566.03,623.68,38.19,22.08,1.52,0.0
20230530:1610,318.06,349.45,27.75,21.3,2.0,0.0
20230530:1710,13.91,27.18,17.42,20.48,1.59,0.0
20230530:1810,28.27,46.1,7.52,19.79,0.34,0.0
20230530:1910,0.0,0.0,0.0,19.02,1.03,0.0
20230530:2010,0.0,0.0,0.0,17.83,2.0,0.0
20230530:2110,0.0,0.0,0.0,16.63,2.62,0.0
20230530:2210,0.0,0.0,0.0,16.25,2.9,0.0
20230530:2310,0.0,0.0,0.0,16.13,2.76,0.0
20230531:0010,0.0,0.0,0.0,15.77,2.48,0.0
20230531:0110,0.0,0.0,0.0,15.51,2.34,0.0
20230531:0210,0.0,0.0,0.0,15.23,2.34,0.0
20230531:0310,0.0,0.0,0.0,14.83,2.48,0.0
20230531:0410,2.38,10.41,3.88,14.55,2.41,0.0
20230531:0510,70.48,88.99,13.51,14.98,2.21,0.0
20230531:0610,148.14,172.64,23.7,16.33,1.93,0.0
20230531:0710,113.68,133.95,34.13,16.23,2.28,0.0
20230531:0810,115.35,135.89,44.45,16.85,2.76,0.0
20230531:0910,247.87,271.72,54.09,17.64,2.9,0.0
20230531:1010,684.44,739.63,61.97,18.21,2.9,0.0
20230531:1110,911.89,1011.32,65.99,18.94,2.76,0.0
20230531:1210,893.48,1006.41,64.19,20.76,2.34,0.0
20230531:1310,846.23,962.83,57.56,21.41,1.59,0.0
20230531:1410,756.86,863.23,48.44,21.91,0.83,0.0
20230531:1510,604.19,683.7,38.31,22.03,0.07,0.0
20230531:1610,304.34,339.83,27.87,22.09,0.41,0.0
20230531:1710,223.12,259.3,17.55,21.67,1.03,0.0
20230531:1810,44.98,70.23,7.65,20.72,1.1,0.0
20230531:1910,0.0,0.0,0.0,19.62,0.07,0.0
20230531:2010,0.0,0.0,0.0,18.74,0.76,0.0
20230531:2110,0.0,0.0,0.0,16.1,1.45,0.0
20230531:2210,0.0,0.0,0.0,14.81,1.79,0.0
20230531:2310,0.0,0.0,0.0,14.21,1.79,0.0
20230601:0010,0.0,0.0,0.0,13.58,1.86,0.0
20230601:0110,0.0,0.0,0.0,13.33,1.79,0.0
20230601:0210,0.0,0.0,0.0,13.05,1.79,0.0
20230601:0310,0.0,0.0,0.0,12.68,1.86,0.0
20230601:0410,0.01,5.68,3.96,12.43,1.86,0.0
20230601:0510,67.33,85.2,13.58,13.31,1.45,0.0
20230601:0610,129.49,181.08,23.77,16.82,0.97,0.0
20230601:0710,331.98,379.24,34.2,19.28,0.83,0.0
20230601:0810,525.02,584.06,44.52,20.54,0.48,0.0
20230601:0910,681.32,763.44,54.18,21.5,1.03,0.0
20230601:1010,786.79,895.24,62.08,22.18,1.31,0.0
20230601:1110,859.53,991.6,66.13,22.78,1.45,0.0
20230601:1210,863.55,996.41,64.33,23.31,1.66,0.0
20230601:1310,850.08,983.96,57.69,23.74,1.45,0.0
20230601:1410,769.96,881.46,48.56,24.04,1.31,0.0
20230601:1510,641.75,727.51,38.43,23.31,0.55,0.0
20230601:1610,459.92,514.13,27.99,23.01,0.48,0.0
20230601:1710,211.26,246.79,17.67,22.82,1.24,0.0
20230601:1810,11.58,24.27,7.78,21.7,0.62,0.0
20230601:1910,0.0,0.0,0.0,20.69,0.83,0.0
20230601:2010,0.0,0.0,0.0,21.01,0.41,0.0
20230601:2110,0.0,0.0,0.0,18.4,1.31,0.0
20230601:2210,0.0,0.0,0.0,17.05,1.45,0.0
20230601:2310,0.0,0.0,0.0,15.7,1.59,0.0
20230602:0010,0.0,0.0,0.0,15.0,1.72,0.0
20230602:0110,0.0,0.0,0.0,14.86,1.59,0.0
20230602:0210,0.0,0.0,0.0,14.37,1.79,0.0
20230602:0310,0.0,0.0,0.0,13.87,1.79,0.0
20230602:0410,0.0,2.84,4.03,13.73,1.72,0.0
20230602:0510,56.08,73.84,13.65,14.56,1.31,0.0
20230602:0610,134.84,184.3,23.83,17.87,0.76,0.0
20230602:0710,329.5,377.9,34.26,19.65,0.55,0.0
20230602:0810,521.33,584.04,44.59,21.33,0.28,0.0
20230602:0910,685.31,774.94,54.26,22.41,0.83,0.0
20230602:1010,791.5,910.48,62.18,23.28,1.1,0.0
20230602:1110,857.21,998.44,66.25,23.96,1.31,0.0
20230602:1210,862.53,1010.37,64.47,24.37,1.24,0.0
20230602:1310,834.09,978.25,57.81,24.8,1.03,0.0
20230602:1410,753.67,867.4,48.68,24.93,1.17,0.0
20230602:1510,635.28,719.83,38.54,24.85,0.97,0.0
20230602:1610,461.02,508.77,28.1,22.83,1.52,0.0
20230602:1710,27.29,43.68,17.78,21.91,1.79,0.0
20230602:1810,6.05,16.5,7.9,21.09,0.62,0.0
20230602:1910,0.0,0.0,0.0,21.35,0.9,0.0
20230602:2010,0.0,0.0,0.0,19.07,1.45,0.0
20230602:2110,0.0,0.0,0.0,18.11,1.93,0.0
20230602:2210,0.0,0.0,0.0,17.76,2.34,0.0
20230602:2310,0.0,0.0,0.0,17.07,2.14,0.0
20230603:0010,0.0,0.0,0.0,16.44,2.0,0.0
20230603:0110,0.0,0.0,0.0,15.84,1.86,0.0
20230603:0210,0.0,0.0,0.0,15.15,1.79,0.0
20230603:0310,0.0,0.0,0.0,14.55,1.86,0.0
20230603:0410,6.71,17.04,4.1,14.01,1.79,0.0
20230603:0510,73.06,91.83,13.71,15.14,1.31,0.0
20230603:0610,125.51,180.3,23.89,17.59,1.31,0.0
20230603:0710,323.0,362.98,34.32,17.92,1.17,0.0
20230603:0810,449.85,490.37,44.65,19.16,1.52,0.0
20230603:0910,608.42,666.37,54.33,20.2,1.86,0.0
20230603:1010,598.93,659.52,62.27,20.91,2.0,0.0
20230603:1110,689.95,764.41,66.38,21.24,2.28,0.0
20230603:1210,672.74,746.98,64.6,21.94,2.28,0.0
20230603:1310,485.5,533.66,57.94,22.0,2.21,0.0
20230603:1410,108.57,132.0,48.8,21.96,1.86,0.0
20230603:1510,303.09,336.29,38.65,21.65,1.17,0.0
20230603:1610,129.52,154.07,28.21,21.54,0.83,0.0
20230603:1710,23.33,38.82,17.89,20.73,1.1,0.0
20230603:1810,20.12,35.25,8.01,20.21,1.31,0.0
20230603:1910,0.0,0.0,0.0,18.96,1.03,0.0
20230603:2010,0.0,0.0,0.0,17.95,1.1,0.0
20230603:2110,0.0,0.0,0.0,17.3,1.52,0.0
20230603:2210,0.0,0.0,0.0,16.5,1.52,0.0
20230603:2310,0.0,0.0,0.0,15.68,1.17,0.0
20230604:0010,0.0,0.0,0.0,15.59,0.9,0.0
20230604:0110,0.0,0.0,0.0,15.38,1.1,0.0
20230604:0210,0.0,0.0,0.0,15.6,1.38,0.0
20230604:0310,0.0,0.0,0.0,15.46,1.45,0.0
20230604:0410,10.84,22.72,4.17,15.04,1.24,0.0
20230604:0510,5.35,15.15,13.77,15.27,0.62,0.0
20230604:0610,78.52,98.03,23.94,16.09,0.48,0.0
20230604:0710,243.28,271.31,34.37,17.54,0.41,0.0
20230604:0810,184.98,209.5,44.7,18.08,0.48,0.0
20230604:0910,161.15,185.39,54.39,19.03,0.69,0.0
20230604:1010,121.34,144.62,62.36,20.21,0.97,0.0
20230604:1110,338.76,375.55,66.49,20.59,0.9,0.0
20230604:1210,480.02,530.36,64.73,21.44,1.52,0.0
20230604:1310,673.83,748.65,58.06,21.22,1.79,0.0
20230604:1410,752.52,845.52,48.91,21.15,1.31,0.0
20230604:1510,394.6,432.9,38.76,20.98,1.17,0.0
20230604:1610,213.19,240.48,28.32,20.8,1.03,0.0
20230604:1710,42.33,60.18,18.0,18.82,0.83,0.0
20230604:1810,30.2,47.53,8.12,18.12,0.41,0.0
20230604:1910,0.0,0.0,0.0,17.98,0.97,0.0
20230604:2010,0.0,0.0,0.0,16.83,1.38,0.0
20230604:2110,0.0,0.0,0.0,15.92,1.59,0.0
20230604:2210,0.0,0.0,0.0,15.51,1.03,0.0
20230604:2310,0.0,0.0,0.0,15.21,0.62,0.0
20230605:0010,0.0,0.0,0.0,15.01,0.69,0.0
20230605:0110,0.0,0.0,0.0,14.7,0.83,0.0
20230605:0210,0.0,0.0,0.0,14.8,0.76,0.0
20230605:0310,0.0,0.0,0.0,14.35,0.76,0.0
20230605:0410,0.0,4.73,4.23,14.41,0.69,0.0
20230605:0510,56.0,73.84,13.82,14.62,0.62,0.0
20230605:0610,156.09,182.3,23.98,15.39,0.55,0.0
20230605:0710,261.98,291.56,34.41,16.86,0.07,0.0
20230605:0810,441.67,482.85,44.75,18.03,0.69,0.0
20230605:0910,575.49,628.94,54.45,19.16,1.52,0.0
20230605:1010,486.52,531.76,62.44,19.79,1.79,0.0
20230605:1110,566.79,622.63,66.6,20.35,1.93,0.0
20230605:1210,621.33,687.83,64.85,21.11,1.86,0.0
20230605:1310,290.34,322.06,58.17,21.29,2.0,0.0
20230605:1410,304.93,337.36,49.02,21.44,1.93,0.0
20230605:1510,495.87,542.45,38.86,21.33,1.59,0.0
20230605:1610,337.37,371.64,28.42,21.31,1.24,0.0
20230605:1710,235.74,271.38,18.11,20.85,1.31,0.0
20230605:1810,65.79,101.64,8.23,20.35,0.97,0.0
20230605:1910,0.0,0.0,0.0,18.05,1.17,0.0
20230605:2010,0.0,0.0,0.0,17.06,0.83,0.0
20230605:2110,0.0,0.0,0.0,16.87,0.62,0.0
20230605:2210,0.0,0.0,0.0,17.05,0.34,0.0
20230605:2310,0.0,0.0,0.0,16.45,0.34,0.0
20230606:0010,0.0,0.0,0.0,15.89,0.41,0.0
20230606:0110,0.0,0.0,0.0,15.36,0.41,0.0
20230606:0210,0.0,0.0,0.0,15.31,0.48,0.0
20230606:0310,0.0,0.0,0.0,14.83,0.69,0.0
20230606:0410,11.61,23.67,4.28,14.43,0.83,0.0
20230606:0510,67.55,86.15,13.87,15.02,0.55,0.0
20230606:0610,143.23,189.04,24.03,16.49,0.48,0.0
20230606:0710,0.0,0.0,0.0,17.5,0.07,0.0
20230606:0810,472.28,518.24,44.79,18.65,0.69,0.0
20230606:0910,563.65,623.54,54.51,20.16,0.97,0.0
20230606:1010,722.09,812.27,62.52,21.03,1.24,0.0
20230606:1110,797.76,906.82,66.7,21.99,1.59,0.0
20230606:1210,826.49,943.45,64.96,22.71,1.79,0.0
20230606:1310,825.18,942.9,58.28,23.32,1.79,0.0
20230606:1410,711.69,802.22,49.12,23.56,1.66,0.0
20230606:1510,627.35,710.91,38.96,23.33,0.48,0.0
20230606:1610,451.09,506.91,28.52,23.05,0.07,0.0
20230606:1710,246.72,288.03,18.21,22.79,0.28,0.0
20230606:1810,63.75,98.04,8.34,21.79,0.28,0.0
20230606:1910,0.0,0.0,0.0,19.22,1.79,0.0
20230606:2010,0.0,0.0,0.0,18.18,1.45,0.0
20230606:2110,0.0,0.0,0.0,17.38,1.45,0.0
20230606:2210,0.0,0.0,0.0,16.88,1.52,0.0
20230606:2310,0.0,0.0,0.0,16.54,1.66,0.0
20230607:0010,0.0,0.0,0.0,16.31,1.59,0.0
20230607:0110,0.0,0.0,0.0,15.82,1.38,0.0
20230607:0210,0.0,0.0,0.0,15.25,1.59,0.0
20230607:0310,0.0,0.0,0.0,14.75,1.31,0.0
20230607:0410,10.88,22.72,4.33,14.41,1.31,0.0
20230607:0510,8.7,19.88,13.91,15.26,0.83,0.0
20230607:0610,160.91,195.14,24.06,17.37,0.41,0.0
20230607:0710,324.91,367.21,34.49,18.37,0.83,0.0
20230607:0810,529.28,578.28,44.83,18.99,1.24,0.0
20230607:0910,685.09,758.81,54.55,19.74,1.17,0.0
20230607:1010,779.75,875.02,62.58,20.54,1.52,0.0
20230607:1110,859.6,974.69,66.8,21.51,1.93,0.0
20230607:1210,901.41,1022.45,65.07,21.58,2.28,0.0
20230607:1310,851.41,963.43,58.38,21.26,1.86,0.0
20230607:1410,760.68,865.05,49.22,21.25,0.83,0.0
20230607:1510,659.5,745.69,39.06,21.58,0.34,0.0
20230607:1610,453.95,504.76,28.62,21.56,0.28,0.0
20230607:1710,260.95,301.38,18.31,21.3,0.69,0.0
20230607:1810,65.89,100.3,8.44,20.5,0.97,0.0
20230607:1910,0.0,0.0,0.0,19.46,0.83,0.0
20230607:2010,0.0,0.0,0.0,18.17,1.31,0.0
20230607:2110,0.0,0.0,0.0,17.1,1.52,0.0
20230607:2210,0.0,0.0,0.0,16.34,1.38,0.0
20230607:2310,0.0,0.0,0.0,15.94,1.59,0.0
20230608:0010,0.0,0.0,0.0,15.52,1.86,0.0
20230608:0110,0.0,0.0,0.0,15.05,1.66,0.0
20230608:0210,0.0,0.0,0.0,14.91,1.66,0.0
20230608:0310,0.0,0.0,0.0,14.22,1.66,0.0
20230608:0410,0.0,2.84,4.37,13.81,1.59,0.0
20230608:0510,59.79,77.63,13.94,14.18,1.45,0.0
20230608:0610,135.11,157.27,24.09,15.72,1.17,0.0
20230608:0710,329.46,374.71,34.52,18.45,0.69,0.0
20230608:0810,516.17,576.22,44.86,20.29,0.14,0.0
20230608:0910,667.99,759.86,54.6,21.47,0.21,0.0
20230608:1010,784.27,906.26,62.65,22.26,0.62,0.0
20230608:1110,815.57,943.76,66.89,23.05,1.1,0.0
20230608:1210,850.82,989.74,65.17,23.2,1.17,0.0
20230608:1310,806.71,942.08,58.48,23.3,0.69,0.0
20230608:1410,510.12,573.96,49.31,23.36,0.55,0.0
20230608:1510,434.82,486.33,39.15,23.66,0.55,0.0
20230608:1610,465.05,518.51,28.71,23.43,0.83,0.0
20230608:1710,251.34,293.19,18.4,22.99,0.41,0.0
20230608:1810,69.4,106.58,8.53,22.18,1.03,0.0
20230608:1910,0.0,0.0,0.0,21.63,0.48,0.0
20230608:2010,0.0,0.0,0.0,20.07,0.83,0.0
20230608:2110,0.0,0.0,0.0,18.42,1.17,0.0
20230608:2210,0.0,0.0,0.0,17.5,1.31,0.0
20230608:2310,0.0,0.0,0.0,16.7,1.52,0.0
20230609:0010,0.0,0.0,0.0,15.8,1.72,0.0
20230609:0110,0.0,0.0,0.0,15.51,1.59,0.0
20230609:0210,0.0,0.0,0.0,15.3,1.45,0.0
20230609:0310,0.0,0.0,0.0,15.15,1.45,0.0
20230609:0410,2.37,10.41,4.4,14.73,1.52,0.0
20230609:0510,60.37,78.58,13.97,15.2,1.31,0.0
20230609:0610,156.51,183.92,24.12,16.79,0.97,0.0
20230609:0710,209.8,235.49,34.54,18.34,1.1,0.0
20230609:0810,352.11,390.1,44.89,20.48,0.69,0.0
20230609:0910,592.36,670.04,54.63,21.51,0.14,0.0
20230609:1010,548.86,616.85,62.7,22.55,0.83,0.0
20230609:1110,429.66,480.67,66.97,23.22,1.1,0.0
20230609:1210,389.07,435.02,65.26,23.65,1.38,0.0
20230609:1310,476.77,533.51,58.58,23.89,1.31,0.0
20230609:1410,517.21,580.09,49.41,24.01,1.03,0.0
20230609:1510,146.36,173.74,39.24,23.94,0.69,0.0
20230609:1610,54.48,74.74,28.8,23.17,1.1,0.0
20230609:1710,80.93,102.97,18.49,21.82,1.31,0.0
20230609:1810,19.26,33.97,8.63,21.13,0.14,0.0
20230609:1910,0.0,0.0,0.0,20.38,0.62,0.0
20230609:2010,0.0,0.0,0.0,19.33,0.69,0.0
20230609:2110,0.0,0.0,0.0,18.52,0.9,0.0
20230609:2210,0.0,0.0,0.0,18.22,0.76,0.0
20230609:2310,0.0,0.0,0.0,17.84,0.83,0.0
20230610:0010,0.0,0.0,0.0,17.39,0.9,0.0
20230610:0110,0.0,0.0,0.0,17.11,0.9,0.0
20230610:0210,0.0,0.0,0.0,16.83,0.83,0.0
20230610:0310,0.0,0.0,0.0,16.63,0.83,0.0
20230610:0410,6.6,17.04,4.43,16.57,0.83,0.0
20230610:0510,12.16,24.61,13.99,17.05,0.55,0.0
20230610:0610,135.57,159.7,24.14,17.63,0.34,0.0
20230610:0710,85.64,106.77,34.56,19.42,1.17,0.0
20230610:0810,215.57,242.17,44.91,19.62,1.24,0.0
20230610:0910,141.17,165.01,54.66,20.11,1.45,0.0
20230610:1010,269.61,300.04,62.75,20.47,1.38,0.0
20230610:1110,370.27,410.87,67.04,21.19,0.97,0.0
20230610:1210,471.28,530.73,65.35,22.68,0.41,0.0
20230610:1310,795.73,937.23,58.67,23.8,0.41,0.0
20230610:1410,721.01,824.92,49.49,24.4,1.1,0.0
20230610:1510,624.29,702.93,39.33,24.57,1.17,0.0
20230610:1610,451.47,505.9,28.89,24.43,0.76,0.0
20230610:1710,270.69,316.5,18.58,24.11,0.62,0.0
20230610:1810,1.32,8.74,8.72,23.26,0.83,0.0
20230610:1910,0.0,0.0,0.0,20.99,0.9,0.0
20230610:2010,0.0,0.0,0.0,19.55,1.45,0.0
20230610:2110,0.0,0.0,0.0,18.5,1.52,0.0
20230610:2210,0.0,0.0,0.0,17.88,1.59,0.0
20230610:2310,0.0,0.0,0.0,17.17,1.52,0.0
20230611:0010,0.0,0.0,0.0,16.56,1.45,0.0
20230611:0110,0.0,0.0,0.0,16.09,1.45,0.0
20230611:0210,0.0,0.0,0.0,15.58,1.52,0.0
20230611:0310,0.0,0.0,0.0,15.13,1.52,0.0
20230611:0410,5.36,15.15,4.46,14.88,1.45,0.0
20230611:0510,72.93,91.83,14.01,15.45,1.24,0.0
20230611:0610,145.23,189.24,24.15,17.08,0.9,0.0
20230611:0710,319.38,367.35,34.57,20.47,0.28,0.0
20230611:0810,448.18,498.91,44.93,21.68,0.69,0.0
20230611:0910,526.18,587.37,54.69,22.75,1.1,0.0
20230611:1010,684.44,776.06,62.79,23.76,1.38,0.0
20230611:1110,742.97,849.23,67.11,24.47,1.66,0.0
20230611:1210,779.98,893.93,65.44,25.0,1.93,0.0
20230611:1310,746.43,848.33,58.75,25.3,2.21,0.0
20230611:1410,300.51,339.14,49.58,25.27,1.72,0.0
20230611:1510,556.72,619.5,39.41,24.76,1.79,0.0
20230611:1610,453.13,497.03,28.97,23.17,2.34,0.0
20230611:1710,225.59,261.52,18.66,22.86,1.38,0.0
20230611:1810,26.37,42.97,8.8,22.08,1.24,0.0
20230611:1910,0.0,0.0,0.0,20.81,2.21,0.0
20230611:2010,0.0,0.0,0.0,19.71,1.72,0.0
20230611:2110,0.0,0.0,0.0,18.98,2.14,0.0
20230611:2210,0.0,0.0,0.0,18.29,2.28,0.0
20230611:2310,0.0,0.0,0.0,17.91,2.21,0.0
20230612:0010,0.0,0.0,0.0,17.66,2.34,0.0
20230612:0110,0.0,0.0,0.0,16.94,2.34,0.0
20230612:0210,0.0,0.0,0.0,16.54,2.28,0.0
20230612:0310,0.0,0.0,0.0,16.64,2.41,0.0
20230612:0410,12.2,24.61,4.48,16.77,2.28,0.0
20230612:0510,71.5,90.88,14.03,17.18,2.0,0.0
20230612:0610,159.31,189.04,24.16,18.45,1.59,0.0
20230612:0710,327.42,377.0,34.58,20.08,0.41,0.0
20230612:0810,518.03,575.68,44.94,21.06,0.69,0.0
20230612:0910,0.0,0.0,0.0,21.6,0.97,0.0
20230612:1010,768.95,878.31,62.83,22.61,1.1,0.0
20230612:1110,856.23,995.85,67.17,23.22,1.17,0.0
20230612:1210,804.81,927.08,65.52,23.71,1.45,0.0
20230612:1310,782.68,898.78,58.83,24.29,1.52,0.0
20230612:1410,514.16,574.33,49.66,24.19,1.45,0.0
20230612:1510,478.57,533.68,39.49,23.69,0.9,0.0
20230612:1610,404.77,450.42,29.05,23.61,0.97,0.0
20230612:1710,221.07,256.19,18.74,22.89,1.52,0.0
20230612:1810,57.7,85.13,8.88,20.85,0.97,0.0
20230612:1910,0.0,0.0,0.0,20.37,1.03,0.0
20230612:2010,0.0,0.0,0.0,19.42,1.79,0.0
20230612:2110,0.0,0.0,0.0,18.79,1.93,0.0
20230612:2210,0.0,0.0,0.0,18.45,1.93,0.0
20230612:2310,0.0,0.0,0.0,18.33,1.66,0.0
20230613:0010,0.0,0.0,0.0,18.24,1.52,0.0
20230613:0110,0.0,0.0,0.0,17.84,1.45,0.0
20230613:0210,0.0,0.0,0.0,17.56,1.24,0.0
20230613:0310,0.0,0.0,0.0,17.49,1.72,0.0
20230613:0410,0.0,2.84,4.49,17.28,2.48,0.0
20230613:0510,5.29,15.15,14.03,17.06,2.76,0.0
20230613:0610,26.3,41.74,24.17,17.33,2.97,0.0
20230613:0710,54.52,72.8,34.58,17.1,3.31,0.0
20230613:0810,67.12,86.39,44.95,17.71,2.9,0.0
20230613:0910,116.28,137.83,54.72,18.52,2.69,0.0
20230613:1010,125.13,147.53,62.86,19.53,2.83,0.0
20230613:1110,198.88,224.21,67.23,19.99,2.41,0.0
20230613:1210,106.52,129.09,65.59,20.69,2.07,0.0
20230613:1310,209.25,236.83,58.91,21.38,1.93,0.0
20230613:1410,506.98,556.83,49.73,21.61,1.79,0.0
20230613:1510,435.63,477.48,39.56,21.47,1.45,0.0
20230613:1610,285.28,316.47,29.12,21.41,1.24,0.0
20230613:1710,152.16,178.8,18.82,21.19,1.59,0.0
20230613:1810,56.17,82.55,8.95,20.38,1.45,0.0
20230613:1910,0.0,0.0,0.0,19.15,1.24,0.0
20230613:2010,0.0,0.0,0.0,18.28,0.83,0.0
20230613:2110,0.0,0.0,0.0,17.72,0.97,0.0
20230613:2210,0.0,0.0,0.0,17.67,0.97,0.0
20230613:2310,0.0,0.0,0.0,17.56,0.97,0.0
20230614:0010,0.0,0.0,0.0,17.33,0.83,0.0
20230614:0110,0.0,0.0,0.0,17.38,0.69,0.0
20230614:0210,0.0,0.0,0.0,17.4,0.62,0.0
20230614:0310,0.0,0.0,0.0,17.46,0.62,0.0
20230614:0410,0.0,2.84,4.5,17.36,0.55,0.0
20230614:0510,22.12,36.92,14.04,17.36,0.28,0.0
20230614:0610,78.58,99.0,24.17,18.24,0.34,0.0
20230614:0710,237.52,264.85,34.58,17.56,0.55,0.0
20230614:0810,472.2,516.3,44.95,17.79,0.62,0.0
20230614:0910,582.29,638.89,54.73,18.44,0.97,0.0
20230614:1010,585.12,645.23,62.88,18.91,1.03,0.0
20230614:1110,761.64,857.29,67.27,19.59,1.17,0.0
20230614:1210,559.09,618.57,65.65,20.47,1.31,0.0
20230614:1310,690.8,773.03,58.98,20.8,1.31,0.0
20230614:1410,614.49,680.71,49.8,21.17,1.38,0.0
20230614:1510,531.46,582.65,39.63,21.51,1.59,0.0
20230614:1610,497.06,545.42,29.19,21.13,1.31,0.0
20230614:1710,280.68,321.04,18.89,20.67,1.03,0.0
20230614:1810,56.19,82.23,9.02,20.42,1.03,0.0
20230614:1910,0.0,0.0,0.0,20.49,1.45,0.0
20230614:2010,0.0,0.0,0.0,19.08,1.45,0.0
20230614:2110,0.0,0.0,0.0,17.8,1.38,0.0
20230614:2210,0.0,0.0,0.0,16.97,1.38,0.0
20230614:2310,0.0,0.0,0.0,16.76,1.79,0.0
20230615:0010,0.0,0.0,0.0,16.33,1.72,0.0
20230615:0110,0.0,0.0,0.0,16.29,1.59,0.0
20230615:0210,0.0,0.0,0.0,15.8,1.66,0.0
20230615:0310,0.0,0.0,0.0,15.65,1.52,0.0
20230615:0410,9.39,20.83,4.51,15.37,1.31,0.0
20230615:0510,59.11,77.63,14.04,16.26,0.83,0.0
20230615:0610,128.99,181.64,24.16,17.81,0.48,0.0
20230615:0710,329.3,376.63,34.58,19.04,0.62,0.0
20230615:0810,508.78,568.83,44.94,20.58,0.14,0.0
20230615:0910,668.63,755.29,54.73,21.8,0.62,0.0
20230615:1010,788.16,905.79,62.9,22.65,0.97,0.0
20230615:1110,864.8,1006.2,67.31,23.55,1.31,0.0
20230615:1210,877.96,1021.12,65.71,23.81,1.52,0.0
20230615:1310,833.91,964.25,59.05,24.49,1.59,0.0
20230615:1410,710.05,807.38,49.87,24.75,1.52,0.0
20230615:1510,634.5,713.94,39.7,24.57,1.31,0.0
20230615:1610,442.05,492.9,29.26,23.78,0.9,0.0
20230615:1710,145.19,171.66,18.95,21.56,1.24,0.0
20230615:1810,59.86,86.92,9.09,20.2,2.28,0.0
20230615:1910,0.0,0.0,0.0,20.42,1.72,0.0
20230615:2010,0.0,0.0,0.0,19.14,1.66,0.0
20230615:2110,0.0,0.0,0.0,17.95,1.72,0.0
20230615:2210,0.0,0.0,0.0,16.97,1.52,0.0
20230615:2310,0.0,0.0,0.0,16.16,1.38,0.0
20230616:0010,0.0,0.0,0.0,15.75,1.31,0.0
20230616:0110,0.0,0.0,0.0,15.4,1.31,0.0
20230616:0210,0.0,0.0,0.0,14.53,1.59,0.0
20230616:0310,0.0,0.0,0.0,13.8,1.79,0.0
20230616:0410,10.23,21.77,4.5,13.36,1.72,0.0
20230616:0510,52.46,70.06,14.03,14.73,1.31,0.0
20230616:0610,126.61,181.3,24.15,18.39,0.97,0.0
20230616:0710,329.52,379.98,34.57,20.2,0.41,0.0
20230616:0810,521.19,581.7,44.93,21.56,0.62,0.0
20230616:0910,676.07,771.53,54.73,22.65,0.41,0.0
20230616:1010,781.4,916.33,62.91,23.83,0.41,0.0
20230616:1110,848.8,1013.26,67.35,24.79,0.55,0.0
20230616:1210,866.06,1034.38,65.77,25.55,0.83,0.0
20230616:1310,844.25,994.68,59.11,26.06,1.24,0.0
20230616:1410,772.28,891.24,49.93,26.31,1.59,0.0
20230616:1510,646.18,729.49,39.76,26.28,1.79,0.0
20230616:1610,473.77,529.57,29.32,25.97,1.79,0.0
20230616:1710,236.34,275.69,19.01,25.32,1.72,0.0
20230616:1810,77.55,116.89,9.15,23.86,1.31,0.0
20230616:1910,0.0,0.0,0.0,22.29,1.93,0.0
20230616:2010,0.0,0.0,0.0,20.2,1.93,0.0
20230616:2110,0.0,0.0,0.0,18.63,2.0,0.0
20230616:2210,0.0,0.0,0.0,17.47,1.86,0.0
20230616:2310,0.0,0.0,0.0,16.53,1.79,0.0
20230617:0010,0.0,0.0,0.0,15.81,1.72,0.0
20230617:0110,0.0,0.0,0.0,15.1,1.72,0.0
20230617:0210,0.0,0.0,0.0,14.2,1.86,0.0
20230617:0310,0.0,0.0,0.0,13.47,1.93,0.0
20230617:0410,0.0,3.79,4.5,13.06,1.86,0.0
20230617:0510,77.01,95.62,14.02,14.41,1.52,0.0
20230617:0610,146.11,191.28,24.14,18.61,1.03,0.0
20230617:0710,324.43,374.65,34.55,20.95,0.41,0.0
20230617:0810,514.23,576.21,44.92,22.2,0.55,0.0
20230617:0910,671.7,767.76,54.72,23.32,0.48,0.0
20230617:1010,782.57,915.98,62.91,24.46,0.62,0.0
20230617:1110,850.67,1007.53,67.37,25.45,0.97,0.0
20230617:1210,873.97,1034.04,65.81,25.94,1.31,0.0
20230617:1310,848.22,995.46,59.16,26.38,1.52,0.0
20230617:1410,767.33,881.73,49.99,26.56,1.86,0.0
20230617:1510,604.29,678.48,39.82,26.46,2.07,0.0
20230617:1610,452.26,504.94,29.38,26.05,1.93,0.0
20230617:1710,201.47,236.74,19.07,25.5,1.52,0.0
20230617:1810,67.97,100.49,9.21,23.92,0.9,0.0
20230617:1910,0.0,0.0,0.0,22.57,1.03,0.0
20230617:2010,0.0,0.0,0.0,21.09,1.24,0.0
20230617:2110,0.0,0.0,0.0,19.62,1.38,0.0
20230617:2210,0.0,0.0,0.0,18.46,1.45,0.0
20230617:2310,0.0,0.0,0.0,17.83,1.38,0.0
20230618:0010,0.0,0.0,0.0,17.41,1.31,0.0
20230618:0110,0.0,0.0,0.0,16.99,1.31,0.0
20230618:0210,0.0,0.0,0.0,16.4,1.38,0.0
20230618:0310,0.0,0.0,0.0,15.39,1.59,0.0
20230618:0410,2.93,11.36,4.48,14.74,1.66,0.0
20230618:0510,73.56,92.78,14.0,16.22,1.24,0.0
20230618:0610,157.43,191.72,24.12,20.2,0.83,0.0
20230618:0710,283.58,323.46,34.53,21.98,0.41,0.0
20230618:0810,471.33,529.71,44.9,23.33,0.62,0.0
20230618:0910,657.78,749.41,54.71,24.21,0.76,0.0
20230618:1010,772.18,894.76,62.91,24.89,1.03,0.0
20230618:1110,836.15,978.29,67.39,25.68,1.38,0.0
20230618:1210,847.1,992.29,65.85,26.21,1.59,0.0
20230618:1310,834.74,971.56,59.21,26.21,1.72,0.0
20230618:1410,731.62,836.98,50.04,25.96,1.66,0.0
20230618:1510,483.96,541.59,39.87,25.59,1.45,0.0
20230618:1610,190.57,220.85,29.43,24.97,1.31,0.0
20230618:1710,170.28,201.15,19.12,24.07,1.03,0.0
20230618:1810,26.99,43.93,9.26,23.49,1.1,0.0
20230618:1910,0.0,0.0,0.0,22.73,1.86,0.0
20230618:2010,0.0,0.0,0.0,21.46,1.93,0.0
20230618:2110,0.0,0.0,0.0,20.32,1.93,0.0
20230618:2210,0.0,0.0,0.0,19.26,1.72,0.0
20230618:2310,0.0,0.0,0.0,18.46,1.52,0.0
20230619:0010,0.0,0.0,0.0,18.33,1.31,0.0
20230619:0110,0.0,0.0,0.0,18.18,1.17,0.0
20230619:0210,0.0,0.0,0.0,17.84,1.17,0.0
20230619:0310,0.0,0.0,0.0,17.72,1.1,0.0
20230619:0410,12.12,24.61,4.46,17.79,1.03,0.0
20230619:0510,51.44,70.06,13.98,18.47,0.83,0.0
20230619:0610,130.4,180.95,24.09,20.92,0.69,0.0
20230619:0710,315.6,365.91,34.51,22.11,0.83,0.0
20230619:0810,501.62,563.23,44.88,23.47,0.76,0.0
20230619:0910,657.79,745.25,54.69,24.42,1.1,0.0
20230619:1010,762.9,885.49,62.91,25.5,1.03,0.0
20230619:1110,826.64,973.85,67.4,26.36,1.17,0.0
20230619:1210,789.2,918.1,65.89,26.65,1.66,0.0
20230619:1310,670.84,764.98,59.25,26.93,2.07,0.0
20230619:1410,747.82,850.47,50.09,26.68,2.34,0.0
20230619:1510,622.06,694.58,39.92,25.72,2.21,0.0
20230619:1610,466.06,517.32,29.48,24.6,1.72,0.0
20230619:1710,149.39,177.83,19.17,24.24,2.07,0.0
20230619:1810,35.18,54.42,9.31,23.78,2.0,0.0
20230619:1910,0.0,0.0,0.0,22.81,1.86,0.0
20230619:2010,0.0,0.0,0.0,21.82,1.93,0.0
20230619:2110,0.0,0.0,0.0,20.94,1.66,0.0
20230619:2210,0.0,0.0,0.0,19.99,1.38,0.0
20230619:2310,0.0,0.0,0.0,19.4,1.31,0.0
20230620:0010,0.0,0.0,0.0,19.1,1.38,0.0
20230620:0110,0.0,0.0,0.0,18.69,1.31,0.0
20230620:0210,0.0,0.0,0.0,18.35,1.38,0.0
20230620:0310,0.0,0.0,0.0,18.01,1.45,0.0
20230620:0410,4.64,14.2,4.44,17.81,1.45,0.0
20230620:0510,64.63,84.26,13.95,18.66,1.1,0.0
20230620:0610,152.71,191.56,24.07,21.58,0.62,0.0
20230620:0710,305.85,352.8,34.48,23.22,1.03,0.0
20230620:0810,441.72,500.91,44.85,24.9,0.48,0.0
20230620:0910,619.89,709.36,54.66,25.85,0.83,0.0
20230620:1010,733.03,851.78,62.89,26.53,1.1,0.0
20230620:1110,684.74,794.66,67.41,27.14,1.24,0.0
20230620:1210,680.41,788.69,65.91,27.42,1.38,0.0
20230620:1310,769.5,902.92,59.29,27.73,1.31,0.0
20230620:1410,712.82,827.45,50.13,27.92,1.31,0.0
20230620:1510,528.66,600.63,39.96,27.93,1.31,0.0
20230620:1610,428.03,483.46,29.52,27.5,1.38,0.0
20230620:1710,239.07,280.45,19.22,26.61,1.66,0.0
20230620:1810,50.81,75.36,9.35,25.62,1.79,0.0
20230620:1910,0.0,0.0,0.0,23.45,1.52,0.0
20230620:2010,0.0,0.0,0.0,21.87,1.66,0.0
20230620:2110,0.0,0.0,0.0,20.6,1.66,0.0
20230620:2210,0.0,0.0,0.0,19.85,1.72,0.0
20230620:2310,0.0,0.0,0.0,19.15,1.72,0.0
20230621:0010,0.0,0.0,0.0,18.55,1.72,0.0
20230621:0110,0.0,0.0,0.0,18.07,1.79,0.0
20230621:0210,0.0,0.0,0.0,17.51,1.72,0.0
20230621:0310,0.0,0.0,0.0,16.88,1.79,0.0
20230621:0410,7.27,17.99,4.41,16.5,1.66,0.0
20230621:0510,72.09,91.83,13.92,17.79,1.24,0.0
20230621:0610,143.46,188.38,24.03,21.68,0.97,0.0
20230621:0710,307.62,354.63,34.44,22.42,0.62,0.0
20230621:0810,478.06,537.6,44.82,24.28,0.97,0.0
20230621:0910,615.59,705.22,54.64,25.84,0.76,0.0
20230621:1010,708.16,828.6,62.87,27.2,0.83,0.0
20230621:1110,762.61,901.63,67.41,28.18,1.1,0.0
20230621:1210,720.54,855.02,65.93,28.95,0.9,0.0
20230621:1310,731.61,866.02,59.33,29.39,1.1,0.0
20230621:1410,507.18,583.19,50.17,29.57,1.31,0.0
20230621:1510,514.32,586.23,40.0,29.44,1.66,0.0
20230621:1610,140.17,170.23,29.56,28.76,1.52,0.0
20230621:1710,219.15,260.25,19.26,28.15,1.1,0.0
20230621:1810,51.94,77.59,9.39,27.68,1.03,0.0
20230621:1910,0.0,0.0,0.0,26.15,1.1,0.0
20230621:2010,0.0,0.0,0.0,24.7,1.17,0.0
20230621:2110,0.0,0.0,0.0,23.05,1.38,0.0
20230621:2210,0.0,0.0,0.0,21.77,1.45,0.0
20230621:2310,0.0,0.0,0.0,20.78,1.59,0.0
20230622:0010,0.0,0.0,0.0,20.22,1.66,0.0
20230622:0110,0.0,0.0,0.0,19.84,1.66,0.0
20230622:0210,0.0,0.0,0.0,19.59,1.72,0.0
20230622:0310,0.0,0.0,0.0,19.1,1.86,0.0
20230622:0410,1.27,8.52,4.38,18.74,1.86,0.0
20230622:0510,70.55,90.88,13.88,19.68,1.45,0.0
20230622:0610,125.87,152.72,23.99,23.49,0.9,0.0
20230622:0710,298.55,348.13,34.41,25.76,1.1,0.0
20230622:0810,479.44,548.86,44.78,27.16,0.69,0.0
20230622:0910,595.12,693.78,54.6,28.26,0.41,0.0
20230622:1010,738.51,875.12,62.85,29.16,0.9,0.0
20230622:1110,793.57,961.21,67.4,29.53,0.62,0.0
20230622:1210,766.92,922.24,65.95,30.38,0.97,0.0
20230622:1310,532.55,614.98,59.35,30.89,1.93,0.0
20230622:1410,390.09,449.6,50.2,31.03,1.66,0.0
20230622:1510,386.56,442.76,40.04,30.84,1.86,0.0
20230622:1610,185.75,220.82,29.6,30.65,2.0,0.0
20230622:1710,131.51,162.54,19.29,29.62,1.45,0.0
20230622:1810,78.63,120.23,9.42,29.14,1.72,0.0
20230622:1910,0.0,0.0,0.0,25.59,1.24,0.0
20230622:2010,0.0,0.0,0.0,24.06,1.66,0.0
20230622:2110,0.0,0.0,0.0,22.66,1.72,0.0
20230622:2210,0.0,0.0,0.0,21.79,1.86,0.0
20230622:2310,0.0,0.0,0.0,21.27,2.14,0.0
20230623:0010,0.0,0.0,0.0,21.24,2.41,0.0
20230623:0110,0.0,0.0,0.0,21.2,2.69,0.0
20230623:0210,0.0,0.0,0.0,21.03,2.34,0.0
20230623:0310,0.0,0.0,0.0,20.55,2.07,0.0
20230623:0410,11.28,23.67,4.34,19.55,1.59,0.0
20230623:0510,58.1,77.63,13.84,19.77,1.1,0.0
20230623:0610,116.92,176.22,23.95,22.29,1.1,0.0
20230623:0710,324.5,378.29,34.36,24.26,2.07,0.0
20230623:0810,523.11,583.0,44.74,26.19,2.97,0.0
20230623:0910,688.94,765.91,54.56,27.42,4.28,0.0
20230623:1010,819.86,920.38,62.81,28.03,4.83,0.0
20230623:1110,888.38,1008.46,67.39,28.63,4.9,0.0
20230623:1210,900.73,1031.76,65.96,29.22,4.55,0.0
20230623:1310,871.72,999.44,59.38,29.59,4.28,0.0
20230623:1410,793.8,902.7,50.23,29.88,4.21,0.0
20230623:1510,653.74,732.2,40.07,29.75,4.34,0.0
20230623:1610,485.48,540.8,29.63,29.22,4.55,0.0
20230623:1710,242.2,282.88,19.32,28.25,4.62,0.0
20230623:1810,79.33,118.46,9.45,26.96,4.14,0.0
20230623:1910,0.0,0.0,0.0,25.95,4.14,0.0
20230623:2010,0.0,0.0,0.0,25.09,4.28,0.0
20230623:2110,0.0,0.0,0.0,24.27,4.14,0.0
20230623:2210,0.0,0.0,0.0,23.45,3.93,0.0
20230623:2310,0.0,0.0,0.0,22.73,3.79,0.0
20230624:0010,0.0,0.0,0.0,21.99,3.59,0.0
20230624:0110,0.0,0.0,0.0,21.2,3.38,0.0
20230624:0210,0.0,0.0,0.0,20.38,3.1,0.0
20230624:0310,0.0,0.0,0.0,19.67,2.9,0.0
20230624:0410,7.83,18.93,4.3,18.93,2.48,0.0
20230624:0510,48.91,67.22,13.8,18.44,1.93,0.0
20230624:0610,119.58,176.53,23.91,20.98,1.66,0.0
20230624:0710,326.28,377.75,34.32,23.91,3.1,0.0
20230624:0810,512.49,570.96,44.69,25.18,2.41,0.0
20230624:0910,673.58,765.03,54.52,26.48,1.79,0.0
20230624:1010,778.76,915.42,62.78,27.39,1.1,0.0
20230624:1110,832.91,1008.32,67.36,28.34,0.69,0.0
20230624:1210,840.73,1037.34,65.96,29.15,0.34,0.0
20230624:1310,810.81,1005.24,59.39,29.65,0.07,0.0
20230624:1410,761.76,908.8,50.25,30.02,0.97,0.0
20230624:1510,645.33,746.54,40.1,30.03,1.52,0.0
20230624:1610,483.63,552.87,29.66,29.79,1.52,0.0
20230624:1710,250.01,296.43,19.34,28.99,1.31,0.0
20230624:1810,84.41,127.95,9.47,27.57,1.17,0.0
20230624:1910,0.0,0.0,0.0,26.06,1.24,0.0
20230624:2010,0.0,0.0,0.0,24.01,1.93,0.0
20230624:2110,0.0,0.0,0.0,22.83,2.41,0.0
20230624:2210,0.0,0.0,0.0,22.07,2.41,0.0
20230624:2310,0.0,0.0,0.0,21.39,2.34,0.0
20230625:0010,0.0,0.0,0.0,20.88,2.41,0.0
20230625:0110,0.0,0.0,0.0,20.79,2.34,0.0
20230625:0210,0.0,0.0,0.0,20.17,2.14,0.0
20230625:0310,0.0,0.0,0.0,19.65,1.86,0.0
20230625:0410,9.19,20.83,4.25,19.11,1.66,0.0
20230625:0510,50.22,69.11,13.75,19.94,1.17,0.0
20230625:0610,117.28,174.19,23.86,22.64,1.24,0.0
20230625:0710,319.27,372.27,34.27,23.63,1.66,0.0
20230625:0810,513.3,574.67,44.64,24.64,1.59,0.0
20230625:0910,662.25,752.2,54.47,25.59,1.38,0.0
20230625:1010,777.07,905.32,62.73,26.51,1.24,0.0
20230625:1110,830.86,985.89,67.34,27.39,1.17,0.0
20230625:1210,851.98,1020.55,65.95,28.17,1.17,0.0
20230625:1310,831.52,988.94,59.4,28.94,1.45,0.0
20230625:1410,756.33,893.13,50.27,29.33,1.17,0.0
20230625:1510,627.16,728.74,40.12,29.38,0.9,0.0
20230625:1610,467.9,538.45,29.68,29.36,0.69,0.0
20230625:1710,253.27,302.04,19.36,28.95,0.41,0.0
20230625:1810,79.35,120.06,9.49,28.2,0.48,0.0
20230625:1910,0.0,0.0,0.0,26.21,1.17,0.0
20230625:2010,0.0,0.0,0.0,24.71,1.17,0.0
20230625:2110,0.0,0.0,0.0,23.95,1.17,0.0
20230625:2210,0.0,0.0,0.0,23.63,1.1,0.0
20230625:2310,0.0,0.0,0.0,23.41,1.03,0.0
20230626:0010,0.0,0.0,0.0,22.35,1.17,0.0
20230626:0110,0.0,0.0,0.0,21.16,1.38,0.0
20230626:0210,0.0,0.0,0.0,20.31,1.52,0.0
20230626:0310,0.0,0.0,0.0,19.62,1.59,0.0
20230626:0410,7.82,18.93,4.2,19.11,1.66,0.0
20230626:0510,53.68,72.9,13.69,19.95,1.1,0.0
20230626:0610,118.09,173.35,23.8,23.12,0.83,0.0
20230626:0710,311.09,367.5,34.21,25.01,0.76,0.0
20230626:0810,499.41,569.33,44.59,26.33,0.76,0.0
20230626:0910,645.2,748.43,54.42,27.55,0.69,0.0
20230626:1010,753.84,901.3,62.68,28.78,0.55,0.0
20230626:1110,807.75,987.04,67.3,29.82,0.48,0.0
20230626:1210,820.57,1010.37,65.94,30.81,0.55,0.0
20230626:1310,802.1,984.39,59.41,31.48,0.62,0.0
20230626:1410,737.5,884.45,50.28,31.74,0.97,0.0
20230626:1510,609.97,717.01,40.14,31.9,0.9,0.0
20230626:1610,453.84,526.23,29.7,31.69,0.97,0.0
20230626:1710,240.66,290.35,19.38,31.08,0.34,0.0
20230626:1810,76.76,117.49,9.5,30.98,0.41,0.0
20230626:1910,0.0,0.0,0.0,28.15,1.72,0.0
20230626:2010,0.0,0.0,0.0,25.81,1.72,0.0
20230626:2110,0.0,0.0,0.0,24.26,1.52,0.0
20230626:2210,0.0,0.0,0.0,23.59,1.31,0.0
20230626:2310,0.0,0.0,0.0,22.93,1.24,0.0
20230627:0010,0.0,0.0,0.0,21.87,1.45,0.0
20230627:0110,0.0,0.0,0.0,21.2,1.45,0.0
20230627:0210,0.0,0.0,0.0,20.68,1.52,0.0
20230627:0310,0.0,0.0,0.0,20.13,1.59,0.0
20230627:0410,0.0,5.68,4.14,19.77,1.59,0.0
20230627:0510,70.14,90.88,13.64,20.77,1.31,0.0
20230627:0610,144.34,176.47,23.74,24.74,1.1,0.0
20230627:0710,269.01,309.82,34.15,24.97,1.24,0.0
20230627:0810,438.25,493.74,44.53,25.97,1.59,0.0
20230627:0910,617.59,704.69,54.36,26.86,1.31,0.0
20230627:1010,743.04,871.73,62.63,28.13,1.1,0.0
20230627:1110,799.8,959.99,67.26,29.09,0.9,0.0
20230627:1210,795.32,969.02,65.92,30.25,0.62,0.0
20230627:1310,769.49,931.86,59.41,30.33,0.62,0.0
20230627:1410,691.46,824.36,50.29,30.86,0.69,0.0
20230627:1510,547.67,637.26,40.15,31.12,0.9,0.0
20230627:1610,307.63,354.93,29.71,30.72,1.45,0.0
20230627:1710,178.8,215.58,19.39,29.84,1.52,0.0
20230627:1810,62.93,94.01,9.5,28.47,0.9,0.0
20230627:1910,0.0,0.0,0.0,27.32,1.66,0.0
20230627:2010,0.0,0.0,0.0,25.95,1.1,0.0
20230627:2110,0.0,0.0,0.0,26.64,0.69,0.0
20230627:2210,0.0,0.0,0.0,23.07,1.52,0.0
20230627:2310,0.0,0.0,0.0,21.9,1.86,0.0
20230628:0010,0.0,0.0,0.0,21.52,2.14,0.0
20230628:0110,0.0,0.0,0.0,21.06,2.62,0.0
20230628:0210,0.0,0.0,0.0,20.35,2.48,0.0
20230628:0310,0.0,0.0,0.0,19.45,2.0,0.0
20230628:0410,0.0,3.79,4.07,18.64,1.59,0.0
20230628:0510,69.79,89.94,13.57,19.27,1.38,0.0
20230628:0610,125.06,174.97,23.68,20.65,1.79,0.0
20230628:0710,305.06,350.41,34.09,22.07,1.52,0.0
20230628:0810,450.1,501.09,44.46,23.32,1.45,0.0
20230628:0910,598.78,677.51,54.29,24.64,1.03,0.0
20230628:1010,666.14,762.06,62.57,25.83,1.38,0.0
20230628:1110,595.32,672.0,67.21,26.0,2.21,0.0
20230628:1210,655.5,737.39,65.89,26.34,3.03,0.0
20230628:1310,799.01,901.81,59.4,26.65,3.66,0.0
20230628:1410,682.82,762.66,50.3,26.69,3.52,0.0
20230628:1510,597.09,664.43,40.15,26.37,2.76,0.0
20230628:1610,440.89,489.6,29.72,26.49,2.83,0.0
20230628:1710,244.05,283.4,19.4,26.06,2.9,0.0
20230628:1810,68.61,100.37,9.51,25.31,2.83,0.0
20230628:1910,0.0,0.0,0.0,24.11,2.83,0.0
20230628:2010,0.0,0.0,0.0,23.4,3.1,0.0
20230628:2110,0.0,0.0,0.0,22.68,3.03,0.0
20230628:2210,0.0,0.0,0.0,22.12,2.9,0.0
20230628:2310,0.0,0.0,0.0,21.61,2.55,0.0
20230629:0010,0.0,0.0,0.0,21.38,2.28,0.0
20230629:0110,0.0,0.0,0.0,21.15,2.0,0.0
20230629:0210,0.0,0.0,0.0,20.92,1.79,0.0
20230629:0310,0.0,0.0,0.0,20.76,1.72,0.0
20230629:0410,0.0,2.84,4.01,20.52,1.38,0.0
20230629:0510,14.13,27.45,13.5,20.4,1.1,0.0
20230629:0610,71.35,92.21,23.61,20.84,1.24,0.0
20230629:0710,131.88,155.3,34.02,20.38,2.07,0.0
20230629:0810,226.57,254.22,44.4,20.7,1.86,0.0
20230629:0910,505.51,554.26,54.23,20.73,1.72,0.0
20230629:1010,292.32,324.5,62.5,21.05,1.66,0.0
20230629:1110,818.88,927.11,67.16,21.54,1.72,0.0
20230629:1210,726.93,822.09,65.86,22.15,1.45,0.0
20230629:1310,773.2,888.85,59.39,22.94,1.03,0.0
20230629:1410,670.22,767.36,50.29,23.6,0.55,0.0
20230629:1510,384.79,429.65,40.16,23.68,0.76,0.0
20230629:1610,329.97,367.72,29.72,23.69,1.24,0.0
20230629:1710,103.6,128.03,19.4,23.51,1.45,0.0
20230629:1810,27.92,44.92,9.5,23.08,1.72,0.0
20230629:1910,0.0,0.0,0.0,22.81,1.17,0.0
20230629:2010,0.0,0.0,0.0,21.8,1.38,0.0
20230629:2110,0.0,0.0,0.0,21.3,1.72,0.0
20230629:2210,0.0,0.0,0.0,20.53,1.66,0.0
20230629:2310,0.0,0.0,0.0,20.0,1.38,0.0
20230630:0010,0.0,0.0,0.0,19.36,1.31,0.0
20230630:0110,0.0,0.0,0.0,19.29,1.31,0.0
20230630:0210,0.0,0.0,0.0,19.43,1.03,0.0
20230630:0310,0.0,0.0,0.0,19.37,0.9,0.0
20230630:0410,4.01,13.25,3.94,18.63,1.03,0.0
20230630:0510,47.87,66.27,13.43,18.93,1.1,0.0
20230630:0610,90.09,111.89,23.54,20.17,1.38,0.0
20230630:0710,132.61,156.27,33.95,19.99,0.9,0.0
20230630:0810,301.24,334.62,44.33,20.44,0.83,0.0
20230630:0910,212.98,240.71,54.15,20.8,1.31,0.0
20230630:1010,139.57,164.04,62.43,20.93,1.24,0.0
20230630:1110,0.0,0.0,0.0,21.46,1.45,0.0
20230630:1210,107.91,131.03,65.82,21.27,1.45,0.0
20230630:1310,131.01,155.3,59.37,21.37,1.45,0.0
20230630:1410,168.79,195.09,50.29,21.75,1.52,0.0
20230630:1510,94.51,117.45,40.15,22.34,1.52,0.0
20230630:1610,55.62,75.71,29.72,22.44,1.72,0.0
20230630:1710,34.03,51.44,19.39,21.77,2.0,0.0
20230630:1810,14.64,28.15,9.49,20.89,1.45,0.0
20230630:1910,0.0,0.0,0.0,18.09,1.03,0.0
20230630:2010,0.0,0.0,0.0,17.6,0.97,0.0
20230630:2110,0.0,0.0,0.0,17.3,0.62,0.0
20230630:2210,0.0,0.0,0.0,17.16,0.55,0.0
20230630:2310,0.0,0.0,0.0,17.1,0.62,0.0
20230701:0010,0.0,0.0,0.0,16.94,0.55,0.0
20230701:0110,0.0,0.0,0.0,16.75,0.41,0.0
20230701:0210,0.0,0.0,0.0,16.7,0.21,0.0
20230701:0310,0.0,0.0,0.0,16.52,0.28,0.0
20230701:0410,0.0,2.84,3.86,16.27,0.41,0.0
20230701:0510,63.51,82.36,13.36,16.35,0.48,0.0
20230701:0610,151.0,184.51,23.46,17.66,0.34,0.0
20230701:0710,300.88,343.41,33.88,19.25,0.34,0.0
20230701:0810,449.98,500.38,44.25,20.55,0.34,0.0
20230701:0910,544.95,612.47,54.08,22.24,0.48,0.0
20230701:1010,693.72,796.08,62.36,23.54,0.69,0.0
20230701:1110,747.45,871.76,67.02,24.55,0.69,0.0
20230701:1210,760.15,887.1,65.77,25.61,1.03,0.0
20230701:1310,845.44,987.3,59.34,26.29,1.66,0.0
20230701:1410,780.74,892.93,50.27,26.39,2.14,0.0
20230701:1510,633.25,710.96,40.14,26.45,2.14,0.0
20230701:1610,475.03,532.76,29.71,26.29,1.52,0.0
20230701:1710,269.41,315.12,19.38,25.93,0.9,0.0
20230701:1810,84.21,125.3,9.48,24.88,0.41,0.0
20230701:1910,0.0,0.0,0.0,24.08,0.34,0.0
20230701:2010,0.0,0.0,0.0,23.6,0.55,0.0
20230701:2110,0.0,0.0,0.0,21.94,0.97,0.0
20230701:2210,0.0,0.0,0.0,21.09,1.1,0.0
20230701:2310,0.0,0.0,0.0,20.04,1.03,0.0
20230702:0010,0.0,0.0,0.0,18.63,1.17,0.0
20230702:0110,0.0,0.0,0.0,17.94,1.24,0.0
20230702:0210,0.0,0.0,0.0,17.33,1.31,0.0
20230702:0310,0.0,0.0,0.0,16.93,1.31,0.0
20230702:0410,7.26,17.99,3.78,16.67,1.31,0.0
20230702:0510,47.29,65.32,13.28,17.7,0.97,0.0
20230702:0610,111.05,165.82,23.39,20.39,0.62,0.0
20230702:0710,309.49,361.82,33.8,21.69,0.55,0.0
20230702:0810,495.07,557.92,44.17,23.16,0.41,0.0
20230702:0910,640.51,732.14,54.0,24.53,0.55,0.0
20230702:1010,757.18,882.85,62.27,25.67,0.83,0.0
20230702:1110,827.04,974.13,66.95,26.65,1.24,0.0
20230702:1210,854.34,1004.04,65.72,27.21,1.72,0.0
20230702:1310,812.15,945.35,59.31,27.31,1.86,0.0
20230702:1410,752.39,866.32,50.25,27.43,1.86,0.0
20230702:1510,633.53,719.82,40.13,27.31,1.59,0.0
20230702:1610,469.41,529.05,29.7,27.17,1.45,0.0
20230702:1710,272.69,319.81,19.37,26.91,1.17,0.0
20230702:1810,73.8,109.53,9.46,25.83,0.83,0.0
20230702:1910,0.0,0.0,0.0,24.47,1.31,0.0
20230702:2010,0.0,0.0,0.0,22.81,1.1,0.0
20230702:2110,0.0,0.0,0.0,22.04,1.1,0.0
20230702:2210,0.0,0.0,0.0,21.26,1.1,0.0
20230702:2310,0.0,0.0,0.0,21.03,1.03,0.0
20230703:0010,0.0,0.0,0.0,21.53,0.62,0.0
20230703:0110,0.0,0.0,0.0,21.12,0.41,0.0
20230703:0210,0.0,0.0,0.0,20.91,0.34,0.0
20230703:0310,0.0,0.0,0.0,20.36,0.62,0.0
20230703:0410,0.0,2.84,3.69,19.47,0.83,0.0
20230703:0510,48.57,67.22,13.19,19.49,0.76,0.0
20230703:0610,146.97,178.48,23.3,20.57,1.1,0.0
20230703:0710,217.24,248.63,33.71,22.27,0.69,0.0
20230703:0810,390.52,436.26,44.09,22.92,0.97,0.0
20230703:0910,478.23,539.75,53.91,23.73,0.48,0.0
20230703:1010,690.75,799.44,62.19,24.91,0.62,0.0
20230703:1110,828.4,974.41,66.87,25.79,1.1,0.0
20230703:1210,831.94,980.68,65.66,26.42,1.24,0.0
20230703:1310,786.39,922.1,59.28,26.95,1.24,0.0
20230703:1410,727.18,839.23,50.23,27.47,1.59,0.0
20230703:1510,367.8,415.33,40.11,26.96,1.38,0.0
20230703:1610,447.66,505.02,29.68,26.57,1.03,0.0
20230703:1710,97.88,122.51,19.35,24.25,0.55,0.0
20230703:1810,1.84,9.71,9.43,22.8,2.21,0.0
20230703:1910,0.0,0.0,0.0,22.31,1.72,0.0
20230703:2010,0.0,0.0,0.0,21.73,0.21,0.0
20230703:2110,0.0,0.0,0.0,19.64,1.38,0.0
20230703:2210,0.0,0.0,0.0,18.22,0.97,0.0
20230703:2310,0.0,0.0,0.0,17.8,1.24,0.0
20230704:0010,0.0,0.0,0.0,18.05,1.59,0.0
20230704:0110,0.0,0.0,0.0,17.9,0.69,0.0
20230704:0210,0.0,0.0,0.0,17.07,0.9,0.0
20230704:0310,0.0,0.0,0.0,16.63,1.17,0.0
20230704:0410,6.6,17.04,3.6,16.62,1.17,0.0
20230704:0510,51.7,70.06,13.11,17.52,0.97,0.0
20230704:0610,119.55,169.05,23.22,18.42,0.55,0.0
20230704:0710,306.41,351.82,33.63,18.22,0.21,0.0
20230704:0810,475.43,521.92,44.0,19.22,0.9,0.0
20230704:0910,634.47,712.68,53.82,21.24,0.55,0.0
20230704:1010,668.23,759.63,62.09,22.29,0.69,0.0
20230704:1110,767.94,885.05,66.78,23.32,1.03,0.0
20230704:1210,778.79,896.5,65.6,24.23,1.45,0.0
20230704:1310,655.65,743.83,59.23,24.69,1.52,0.0
20230704:1410,488.27,548.02,50.2,24.52,1.1,0.0
20230704:1510,442.46,497.42,40.09,24.26,0.41,0.0
20230704:1610,309.3,342.61,29.65,22.38,1.59,0.0
20230704:1710,258.32,294.07,19.32,21.88,2.28,0.0
20230704:1810,85.44,125.16,9.4,21.82,1.17,0.0
20230704:1910,0.0,0.0,0.0,21.23,2.21,0.0
20230704:2010,0.0,0.0,0.0,20.21,1.59,0.0
20230704:2110,0.0,0.0,0.0,19.89,1.66,0.0
20230704:2210,0.0,0.0,0.0,19.11,2.14,0.0
20230704:2310,0.0,0.0,0.0,18.43,2.07,0.0
20230705:0010,0.0,0.0,0.0,17.62,1.79,0.0
20230705:0110,0.0,0.0,0.0,17.02,1.45,0.0
20230705:0210,0.0,0.0,0.0,17.02,2.07,0.0
20230705:0310,0.0,0.0,0.0,17.17,1.72,0.0
20230705:0410,5.92,16.09,3.51,17.25,1.24,0.0
20230705:0510,51.56,70.06,13.01,17.95,0.69,0.0
20230705:0610,148.16,180.36,23.13,18.98,0.62,0.0
20230705:0710,0.0,0.0,0.0,19.66,0.21,0.0
20230705:0810,494.33,549.81,43.91,20.29,0.34,0.0
20230705:0910,631.72,713.72,53.73,20.47,0.07,0.0
20230705:1010,737.53,850.13,62.0,21.55,0.28,0.0
20230705:1110,683.62,784.25,66.68,22.85,0.62,0.0
20230705:1210,642.06,731.83,65.52,23.78,0.97,0.0
20230705:1310,369.49,415.37,59.18,24.49,1.17,0.0
20230705:1410,46.1,66.0,50.17,25.08,0.62,0.0
20230705:1510,550.77,627.2,40.06,25.22,0.34,0.0
20230705:1610,176.24,206.22,29.63,25.05,0.76,0.0
20230705:1710,273.23,316.65,19.29,24.37,1.03,0.0
20230705:1810,83.89,124.01,9.37,23.79,0.48,0.0
20230705:1910,0.0,0.0,0.0,22.56,1.45,0.0
20230705:2010,0.0,0.0,0.0,21.32,1.66,0.0
20230705:2110,0.0,0.0,0.0,20.36,1.66,0.0
20230705:2210,0.0,0.0,0.0,19.43,1.86,0.0
20230705:2310,0.0,0.0,0.0,18.69,1.72,0.0
20230706:0010,0.0,0.0,0.0,18.18,1.59,0.0
20230706:0110,0.0,0.0,0.0,17.51,1.72,0.0
20230706:0210,0.0,0.0,0.0,17.39,1.52,0.0
20230706:0310,0.0,0.0,0.0,17.34,1.24,0.0
20230706:0410,0.0,4.73,3.41,16.96,1.45,0.0
20230706:0510,60.48,79.52,12.92,18.0,2.0,0.0
20230706:0610,148.51,177.8,23.03,18.76,3.17,0.0
20230706:0710,211.9,238.93,33.45,20.06,2.07,0.0
20230706:0810,304.24,335.38,43.82,20.64,2.21,0.0
20230706:0910,452.36,493.84,53.63,20.56,2.14,0.0
20230706:1010,657.83,724.76,61.89,21.27,2.34,0.0
20230706:1110,156.03,181.51,66.58,21.99,2.34,0.0
20230706:1210,563.02,617.81,65.44,21.59,2.62,0.0
20230706:1310,55.19,74.74,59.13,20.96,2.34,0.0
20230706:1410,328.31,360.75,50.12,21.21,2.48,0.0
20230706:1510,84.14,105.8,40.03,21.09,1.93,0.0
20230706:1610,82.51,103.86,29.59,20.47,1.59,0.0
20230706:1710,216.79,247.85,19.25,20.68,1.38,0.0
20230706:1810,84.69,123.1,9.32,20.8,1.38,0.0
20230706:1910,0.0,0.0,0.0,21.04,0.48,0.0
20230706:2010,0.0,0.0,0.0,20.18,1.38,0.0
20230706:2110,0.0,0.0,0.0,19.3,1.59,0.0
20230706:2210,0.0,0.0,0.0,18.33,1.66,0.0
20230706:2310,0.0,0.0,0.0,17.58,1.52,0.0
20230707:0010,0.0,0.0,0.0,16.78,1.45,0.0
20230707:0110,0.0,0.0,0.0,16.1,1.45,0.0
20230707:0210,0.0,0.0,0.0,16.04,1.59,0.0
20230707:0310,0.0,0.0,0.0,15.86,1.72,0.0
20230707:0410,0.0,1.89,3.31,15.63,1.79,0.0
20230707:0510,52.96,71.0,12.82,16.23,1.52,0.0
20230707:0610,108.2,160.85,22.94,17.79,1.31,0.0
20230707:0710,306.14,357.44,33.35,21.17,0.69,0.0
20230707:0810,497.99,564.03,43.72,22.88,0.07,0.0
20230707:0910,650.48,746.6,53.53,23.93,0.28,0.0
20230707:1010,774.82,904.0,61.78,24.93,0.76,0.0
20230707:1110,846.55,994.28,66.48,25.81,1.31,0.0
20230707:1210,866.09,1019.98,65.36,26.37,1.52,0.0
20230707:1310,846.14,991.32,59.07,26.78,1.66,0.0
20230707:1410,769.74,893.18,50.08,26.93,1.45,0.0
20230707:1510,655.48,747.99,39.99,27.01,1.38,0.0
20230707:1610,477.93,537.19,29.55,26.83,1.59,0.0
20230707:1710,276.77,322.56,19.21,26.24,1.59,0.0
20230707:1810,86.59,129.12,9.28,25.25,1.31,0.0
20230707:1910,0.0,0.0,0.0,23.81,1.52,0.0
20230707:2010,0.0,0.0,0.0,22.33,1.52,0.0
20230707:2110,0.0,0.0,0.0,21.57,1.38,0.0
20230707:2210,0.0,0.0,0.0,20.95,1.24,0.0
20230707:2310,0.0,0.0,0.0,21.85,0.69,0.0
20230708:0010,0.0,0.0,0.0,20.88,0.9,0.0
20230708:0110,0.0,0.0,0.0,20.28,1.86,0.0
20230708:0210,0.0,0.0,0.0,20.16,2.0,0.0
20230708:0310,0.0,0.0,0.0,20.11,2.14,0.0
20230708:0410,0.0,1.89,3.2,19.61,2.14,0.0
20230708:0510,59.89,79.52,12.72,19.89,1.79,0.0
20230708:0610,142.98,175.09,22.84,21.42,1.38,0.0
20230708:0710,180.64,208.15,33.25,21.97,1.45,0.0
20230708:0810,490.69,545.23,43.62,22.92,1.45,0.0
20230708:0910,606.01,674.02,53.42,23.02,1.66,0.0
20230708:1010,782.55,882.54,61.67,23.29,2.0,0.0
20230708:1110,851.77,970.09,66.36,24.26,2.41,0.0
20230708:1210,851.8,983.46,65.26,25.15,2.0,0.0
20230708:1310,822.74,966.74,59.0,26.13,1.17,0.0
20230708:1410,749.24,885.69,50.03,26.57,0.41,0.0
20230708:1510,623.87,723.66,39.94,26.95,0.28,0.0
20230708:1610,458.71,521.44,29.51,26.87,0.55,0.0
20230708:1710,259.42,303.99,19.16,26.63,1.17,0.0
20230708:1810,77.75,116.13,9.22,25.58,1.17,0.0
20230708:1910,0.0,0.0,0.0,24.39,1.52,0.0
20230708:2010,0.0,0.0,0.0,22.74,1.45,0.0
20230708:2110,0.0,0.0,0.0,21.48,1.52,0.0
20230708:2210,0.0,0.0,0.0,20.43,1.66,0.0
20230708:2310,0.0,0.0,0.0,19.74,1.66,0.0
20230709:0010,0.0,0.0,0.0,19.41,1.66,0.0
20230709:0110,0.0,0.0,0.0,18.86,1.66,0.0
20230709:0210,0.0,0.0,0.0,18.24,1.38,0.0
20230709:0310,0.0,0.0,0.0,18.53,1.52,0.0
20230709:0410,3.43,12.31,3.09,18.31,1.72,0.0
20230709:0510,46.23,64.38,12.61,18.67,1.59,0.0
20230709:0610,103.52,158.1,22.73,20.45,1.38,0.0
20230709:0710,299.05,353.25,33.15,23.71,1.03,0.0
20230709:0810,489.81,560.61,43.51,26.09,0.41,0.0
20230709:0910,633.2,740.75,53.31,27.55,0.21,0.0
20230709:1010,743.3,887.96,61.55,28.74,0.48,0.0
20230709:1110,813.14,981.41,66.24,29.69,0.9,0.0
20230709:1210,839.04,1013.37,65.16,30.34,1.24,0.0
20230709:1310,812.82,979.51,58.92,30.67,1.17,0.0
20230709:1410,751.07,892.58,49.97,30.89,1.24,0.0
20230709:1510,618.51,724.31,39.89,31.07,0.9,0.0
20230709:1610,453.59,521.65,29.46,30.95,1.31,0.0
20230709:1710,260.72,310.38,19.11,30.32,1.52,0.0
20230709:1810,82.95,126.17,9.17,28.9,1.31,0.0
20230709:1910,0.0,0.0,0.0,27.15,1.31,0.0
20230709:2010,0.0,0.0,0.0,25.36,1.45,0.0
20230709:2110,0.0,0.0,0.0,24.63,1.24,0.0
20230709:2210,0.0,0.0,0.0,23.51,1.45,0.0
20230709:2310,0.0,0.0,0.0,22.43,1.59,0.0
20230710:0010,0.0,0.0,0.0,21.58,1.72,0.0
20230710:0110,0.0,0.0,0.0,21.03,1.72,0.0
20230710:0210,0.0,0.0,0.0,20.59,1.72,0.0
20230710:0310,0.0,0.0,0.0,20.33,1.79,0.0
20230710:0410,2.27,10.41,2.98,20.13,1.79,0.0
20230710:0510,56.02,75.74,12.5,21.0,1.38,0.0
20230710:0610,107.98,160.02,22.63,24.41,0.9,0.0
20230710:0710,287.27,343.83,33.04,26.84,0.97,0.0
20230710:0810,452.86,521.85,43.41,28.15,0.55,0.0
20230710:0910,619.03,725.93,53.2,29.23,0.41,0.0
20230710:1010,729.09,874.46,61.43,30.23,0.55,0.0
20230710:1110,798.75,972.37,66.12,31.0,0.76,0.0
20230710:1210,813.49,998.1,65.06,31.63,0.76,0.0
20230710:1310,784.85,964.66,58.84,32.07,0.55,0.0
20230710:1410,716.42,873.24,49.9,32.18,0.28,0.0
20230710:1510,599.3,707.65,39.83,32.1,0.62,0.0
20230710:1610,438.04,508.15,29.41,32.01,0.97,0.0
20230710:1710,250.26,297.82,19.05,30.4,1.86,0.0
20230710:1810,68.88,103.97,9.1,29.37,2.14,0.0
20230710:1910,0.0,0.0,0.0,28.14,1.1,0.0
20230710:2010,0.0,0.0,0.0,26.59,1.66,0.0
20230710:2110,0.0,0.0,0.0,25.16,1.52,0.0
20230710:2210,0.0,0.0,0.0,24.1,1.52,0.0
20230710:2310,0.0,0.0,0.0,23.56,1.52,0.0
20230711:0010,0.0,0.0,0.0,23.05,1.59,0.0
20230711:0110,0.0,0.0,0.0,22.77,1.72,0.0
20230711:0210,0.0,0.0,0.0,22.41,1.66,0.0
20230711:0310,0.0,0.0,0.0,22.07,1.66,0.0
20230711:0410,0.77,7.57,2.86,21.66,1.66,0.0
20230711:0510,53.02,72.9,12.39,22.45,1.31,0.0
20230711:0610,125.45,169.79,22.52,25.59,0.83,0.0
20230711:0710,259.92,304.46,32.93,26.72,0.9,0.0
20230711:0810,403.77,460.66,43.3,27.49,1.1,0.0
20230711:0910,618.42,715.97,53.08,28.37,0.83,0.0
20230711:1010,719.92,862.03,61.3,29.6,0.41,0.0
20230711:1110,786.67,964.33,65.99,30.5,0.34,0.0
20230711:1210,809.37,995.4,64.94,31.14,0.55,0.0
20230711:1310,783.96,961.94,58.76,31.84,0.55,0.0
20230711:1410,719.53,870.44,49.83,32.12,0.55,0.0
20230711:1510,597.79,700.24,39.77,32.27,1.1,0.0
20230711:1610,186.26,224.04,29.35,32.41,0.97,0.0
20230711:1710,263.11,316.26,18.99,31.66,1.1,0.0
20230711:1810,79.4,121.67,9.03,30.7,2.0,0.0
20230711:1910,0.0,0.0,0.0,28.18,2.0,0.0
20230711:2010,0.0,0.0,0.0,27.01,1.86,0.0
20230711:2110,0.0,0.0,0.0,25.94,1.66,0.0
20230711:2210,0.0,0.0,0.0,25.01,1.24,0.0
20230711:2310,0.0,0.0,0.0,26.38,0.14,0.0
20230712:0010,0.0,0.0,0.0,24.12,1.72,0.0
20230712:0110,0.0,0.0,0.0,23.56,2.14,0.0
20230712:0210,0.0,0.0,0.0,22.95,2.21,0.0
20230712:0310,0.0,0.0,0.0,22.28,1.45,0.0
20230712:0410,0.0,1.89,2.74,21.82,1.52,0.0
20230712:0510,11.83,24.61,12.27,22.07,1.66,0.0
20230712:0610,13.75,27.18,22.4,22.43,1.1,0.0
20230712:0710,207.8,239.79,32.82,23.58,0.97,0.0
20230712:0810,280.82,319.06,43.18,24.15,0.48,0.0
20230712:0910,469.27,528.84,52.96,24.37,0.76,0.0
20230712:1010,469.49,530.97,61.17,25.16,0.97,0.0
20230712:1110,288.41,328.74,65.85,24.85,0.48,0.0
20230712:1210,178.52,206.74,64.82,23.76,2.14,0.0
20230712:1310,139.68,165.01,58.66,23.36,3.72,0.0
20230712:1410,81.58,103.86,49.76,23.45,4.14,0.0
20230712:1510,290.05,321.36,39.7,23.26,3.52,0.0
20230712:1610,85.51,107.74,29.28,22.41,2.62,0.0
20230712:1710,98.27,121.15,18.92,21.82,2.97,0.0
20230712:1810,43.98,65.09,8.96,21.42,2.62,0.0
20230712:1910,0.0,0.0,0.0,22.27,2.14,0.0
20230712:2010,0.0,0.0,0.0,20.28,2.97,0.0
20230712:2110,0.0,0.0,0.0,20.08,2.0,0.0
20230712:2210,0.0,0.0,0.0,20.04,1.66,0.0
20230712:2310,0.0,0.0,0.0,19.99,1.86,0.0
20230713:0010,0.0,0.0,0.0,19.6,1.79,0.0
20230713:0110,0.0,0.0,0.0,19.14,1.17,0.0
20230713:0210,0.0,0.0,0.0,18.89,1.17,0.0
20230713:0310,0.0,0.0,0.0,18.32,1.17,0.0
20230713:0410,1.79,9.47,2.61,17.88,1.17,0.0
20230713:0510,45.39,63.43,12.15,18.24,0.41,0.0
20230713:0610,99.8,152.59,22.29,18.8,0.62,0.0
20230713:0710,294.41,345.07,32.71,22.03,1.24,0.0
20230713:0810,487.31,549.11,43.06,23.05,0.41,0.0
20230713:0910,648.05,723.62,52.84,23.72,1.72,0.0
20230713:1010,729.98,839.22,61.03,24.04,0.9,0.0
20230713:1110,608.95,696.3,65.7,24.67,0.83,0.0
20230713:1210,62.58,84.44,64.69,25.44,0.83,0.0
20230713:1310,796.47,951.77,58.56,26.28,0.41,0.0
20230713:1410,754.11,878.36,49.68,26.8,1.1,0.0
20230713:1510,632.11,725.62,39.63,27.36,0.97,0.0
20230713:1610,457.46,518.49,29.21,27.47,1.03,0.0
20230713:1710,263.39,310.22,18.85,27.35,0.97,0.0
20230713:1810,67.74,101.66,8.88,26.13,0.62,0.0
20230713:1910,0.0,0.0,0.0,24.94,0.9,0.0
20230713:2010,0.0,0.0,0.0,24.71,0.28,0.0
20230713:2110,0.0,0.0,0.0,23.59,0.69,0.0
20230713:2210,0.0,0.0,0.0,21.6,1.03,0.0
20230713:2310,0.0,0.0,0.0,20.62,1.24,0.0
20230714:0010,0.0,0.0,0.0,20.3,1.24,0.0
20230714:0110,0.0,0.0,0.0,19.77,1.24,0.0
20230714:0210,0.0,0.0,0.0,19.57,1.31,0.0
20230714:0310,0.0,0.0,0.0,19.26,1.24,0.0
20230714:0410,0.0,3.79,2.48,19.36,1.31,0.0
20230714:0510,7.81,18.93,12.03,19.45,1.17,0.0
20230714:0610,21.82,36.88,22.17,19.79,1.03,0.0
20230714:0710,71.34,92.21,32.59,20.85,1.17,0.0
20230714:0810,167.34,193.15,42.94,21.05,1.24,0.0
20230714:0910,191.91,219.36,52.71,21.69,1.45,0.0
20230714:1010,86.35,108.71,60.89,22.06,1.24,0.0
20230714:1110,132.88,158.21,65.56,22.72,1.38,0.0
20230714:1210,138.79,165.01,64.56,23.59,1.52,0.0
20230714:1310,203.63,233.92,58.46,24.46,2.28,0.0
20230714:1410,565.83,629.7,49.59,24.99,2.34,0.0
20230714:1510,569.44,633.66,39.55,25.14,2.0,0.0
20230714:1610,427.04,476.52,29.13,25.07,1.31,0.0
20230714:1710,260.45,302.71,18.77,25.01,1.38,0.0
20230714:1810,64.87,96.62,8.79,24.5,1.38,0.0
20230714:1910,0.0,0.0,0.0,22.62,1.86,0.0
20230714:2010,0.0,0.0,0.0,22.17,1.93,0.0
20230714:2110,0.0,0.0,0.0,21.6,2.0,0.0
20230714:2210,0.0,0.0,0.0,21.12,2.0,0.0
20230714:2310,0.0,0.0,0.0,20.86,1.93,0.0
20230715:0010,0.0,0.0,0.0,20.55,1.93,0.0
20230715:0110,0.0,0.0,0.0,20.25,1.93,0.0
20230715:0210,0.0,0.0,0.0,20.01,1.93,0.0
20230715:0310,0.0,0.0,0.0,19.79,2.0,0.0
20230715:0410,0.0,3.79,2.35,19.67,1.93,0.0
20230715:0510,51.12,70.06,11.9,19.94,1.72,0.0
20230715:0610,114.06,159.61,22.05,21.23,1.45,0.0
20230715:0710,279.95,327.64,32.47,23.33,0.76,0.0
20230715:0810,461.37,522.99,42.82,24.46,0.41,0.0
20230715:0910,623.41,716.14,52.58,25.12,0.34,0.0
20230715:1010,691.96,800.75,60.75,26.07,0.9,0.0
20230715:1110,642.28,735.24,65.4,26.99,1.72,0.0
20230715:1210,570.38,647.06,64.42,27.24,2.14,0.0
20230715:1310,696.32,799.75,58.34,27.32,1.86,0.0
20230715:1410,275.25,315.88,49.5,27.47,1.31,0.0
20230715:1510,277.77,319.33,39.47,27.72,0.76,0.0
20230715:1610,313.12,357.31,29.05,27.71,0.83,0.0
20230715:1710,235.14,277.36,18.68,27.39,1.17,0.0
20230715:1810,49.43,75.0,8.7,26.52,1.72,0.0
20230715:1910,0.0,0.0,0.0,25.24,2.0,0.0
20230715:2010,0.0,0.0,0.0,24.37,1.72,0.0
20230715:2110,0.0,0.0,0.0,23.36,1.45,0.0
20230715:2210,0.0,0.0,0.0,22.53,1.31,0.0
20230715:2310,0.0,0.0,0.0,21.98,1.24,0.0
20230716:0010,0.0,0.0,0.0,21.65,1.17,0.0
20230716:0110,0.0,0.0,0.0,20.84,1.38,0.0
20230716:0210,0.0,0.0,0.0,20.24,1.45,0.0
20230716:0310,0.0,0.0,0.0,19.92,1.52,0.0
20230716:0410,0.0,1.89,2.21,19.5,1.66,0.0
20230716:0510,53.66,72.9,11.77,20.08,1.24,0.0
20230716:0610,101.24,152.04,21.92,22.88,0.83,0.0
20230716:0710,283.03,338.16,32.35,24.61,0.48,0.0
20230716:0810,470.96,538.54,42.69,25.68,0.28,0.0
20230716:0910,556.6,640.97,52.44,26.48,0.34,0.0
20230716:1010,721.22,838.93,60.59,27.19,1.1,0.0
20230716:1110,792.19,932.36,65.24,27.71,1.31,0.0
20230716:1210,805.43,955.84,64.27,28.04,1.17,0.0
20230716:1310,773.14,916.79,58.23,28.48,1.03,0.0
20230716:1410,663.68,773.44,49.4,28.55,0.97,0.0
20230716:1510,606.99,707.19,39.38,28.74,0.41,0.0
20230716:1610,440.02,507.13,28.96,28.78,0.21,0.0
20230716:1710,116.75,145.58,18.59,28.33,0.83,0.0
20230716:1810,64.45,97.78,8.6,27.38,1.59,0.0
20230716:1910,0.0,0.0,0.0,26.39,1.79,0.0
20230716:2010,0.0,0.0,0.0,25.21,1.93,0.0
20230716:2110,0.0,0.0,0.0,24.3,1.93,0.0
20230716:2210,0.0,0.0,0.0,23.63,2.0,0.0
20230716:2310,0.0,0.0,0.0,22.89,2.07,0.0
20230717:0010,0.0,0.0,0.0,22.69,1.93,0.0
20230717:0110,0.0,0.0,0.0,22.29,1.79,0.0
20230717:0210,0.0,0.0,0.0,21.93,1.72,0.0
20230717:0310,0.0,0.0,0.0,21.69,1.59,0.0
20230717:0410,0.0,1.89,2.07,21.14,1.52,0.0
20230717:0510,54.18,73.84,11.64,21.37,1.31,0.0
20230717:0610,104.04,153.52,21.79,23.91,0.9,0.0
20230717:0710,279.23,334.95,32.22,25.45,0.41,0.0
20230717:0810,468.46,537.06,42.56,26.79,0.48,0.0
20230717:0910,624.97,724.03,52.3,27.66,0.62,0.0
20230717:1010,739.48,879.59,60.44,28.52,0.55,0.0
20230717:1110,798.7,964.63,65.07,29.37,0.69,0.0
20230717:1210,828.83,997.27,64.12,29.79,1.17,0.0
20230717:1310,778.61,934.18,58.1,30.1,0.97,0.0
20230717:1410,623.85,739.14,49.29,30.14,0.34,0.0
20230717:1510,526.11,615.44,39.28,30.36,0.21,0.0
20230717:1610,441.78,508.97,28.87,30.16,0.76,0.0
20230717:1710,253.51,302.64,18.5,29.8,0.97,0.0
20230717:1810,63.34,97.19,8.49,28.68,1.31,0.0
20230717:1910,0.0,0.0,0.0,27.64,2.07,0.0
20230717:2010,0.0,0.0,0.0,26.36,2.0,0.0
20230717:2110,0.0,0.0,0.0,25.36,1.72,0.0
20230717:2210,0.0,0.0,0.0,24.21,1.45,0.0
20230717:2310,0.0,0.0,0.0,23.52,1.24,0.0
20230718:0010,0.0,0.0,0.0,23.0,1.24,0.0
20230718:0110,0.0,0.0,0.0,22.4,1.24,0.0
20230718:0210,0.0,0.0,0.0,21.5,1.45,0.0
20230718:0310,0.0,0.0,0.0,20.78,1.66,0.0
20230718:0410,0.0,1.89,1.93,20.34,1.66,0.0
20230718:0510,52.57,71.95,11.5,20.94,1.38,0.0
20230718:0610,102.79,151.65,21.66,24.4,1.03,0.0
20230718:0710,275.29,330.48,32.09,25.35,0.07,0.0
20230718:0810,458.11,526.46,42.43,26.97,0.34,0.0
20230718:0910,577.33,664.76,52.16,28.27,0.97,0.0
20230718:1010,717.29,837.22,60.28,29.18,1.45,0.0
20230718:1110,795.36,943.44,64.9,29.87,1.52,0.0
20230718:1210,630.29,733.42,63.96,30.44,1.79,0.0
20230718:1310,376.18,435.16,57.97,30.93,1.45,0.0
20230718:1410,519.5,605.55,49.18,30.72,0.76,0.0
20230718:1510,459.17,526.53,39.18,30.65,1.45,0.0
20230718:1610,418.13,480.46,28.77,30.68,1.17,0.0
20230718:1710,209.53,251.98,18.39,30.2,0.97,0.0
20230718:1810,45.38,70.81,8.38,29.41,0.69,0.0
20230718:1910,0.0,0.0,0.0,28.13,1.66,0.0
20230718:2010,0.0,0.0,0.0,26.87,1.79,0.0
20230718:2110,0.0,0.0,0.0,25.96,2.21,0.0
20230718:2210,0.0,0.0,0.0,25.23,2.48,0.0
20230718:2310,0.0,0.0,0.0,24.6,3.24,0.0
20230719:0010,0.0,0.0,0.0,23.41,4.41,0.0
20230719:0110,0.0,0.0,0.0,22.6,4.07,0.0
20230719:0210,0.0,0.0,0.0,22.21,3.59,0.0
20230719:0310,0.0,0.0,0.0,22.02,3.24,0.0
20230719:0410,0.0,0.95,1.78,21.98,2.76,0.0
20230719:0510,40.38,58.7,11.37,22.06,2.28,0.0
20230719:0610,29.58,46.59,21.53,23.21,1.79,0.0
20230719:0710,214.68,250.96,31.96,25.25,0.14,0.0
20230719:0810,457.44,521.7,42.3,26.71,0.83,0.0
20230719:0910,596.11,689.76,52.01,28.16,0.69,0.0
20230719:1010,720.82,865.08,60.12,29.02,0.21,0.0
20230719:1110,732.66,889.3,64.72,29.81,0.21,0.0
20230719:1210,657.25,781.92,63.8,30.68,0.76,0.0
20230719:1310,709.8,833.17,57.83,30.87,1.79,0.0
20230719:1410,607.23,705.46,49.06,30.25,1.31,0.0
20230719:1510,415.11,475.53,39.08,30.08,1.24,0.0
20230719:1610,234.44,271.91,28.67,30.02,2.69,0.0
20230719:1710,80.01,105.13,18.29,29.37,2.28,0.0
20230719:1810,33.3,53.68,8.27,28.32,2.48,0.0
20230719:1910,0.0,0.0,0.0,26.3,1.79,0.0
20230719:2010,0.0,0.0,0.0,25.1,1.1,0.0
20230719:2110,0.0,0.0,0.0,23.91,1.17,0.0
20230719:2210,0.0,0.0,0.0,23.18,1.17,0.0
20230719:2310,0.0,0.0,0.0,22.27,1.17,0.0
20230720:0010,0.0,0.0,0.0,21.49,1.17,0.0
20230720:0110,0.0,0.0,0.0,20.81,1.03,0.0
20230720:0210,0.0,0.0,0.0,20.12,1.1,0.0
20230720:0310,0.0,0.0,0.0,19.87,0.97,0.0
20230720:0410,0.0,0.95,1.64,19.24,1.03,0.0
20230720:0510,49.54,68.16,11.23,19.19,1.1,0.0
20230720:0610,92.86,144.54,21.4,22.16,0.9,0.0
20230720:0710,282.31,335.89,31.83,23.6,0.9,0.0
20230720:0810,483.28,545.49,42.16,25.06,1.1,0.0
20230720:0910,637.78,731.01,51.86,26.58,0.97,0.0
20230720:1010,751.24,885.02,59.95,27.96,0.9,0.0
20230720:1110,815.24,977.32,64.54,28.82,0.97,0.0
20230720:1210,836.23,1005.08,63.62,29.33,1.17,0.0
20230720:1310,817.41,977.5,57.69,29.81,1.31,0.0
20230720:1410,731.25,857.3,48.94,30.01,1.52,0.0
20230720:1510,624.11,716.67,38.96,30.01,1.79,0.0
20230720:1610,460.32,523.7,28.55,29.48,1.66,0.0
20230720:1710,255.05,301.54,18.17,28.51,1.66,0.0
20230720:1810,61.8,95.21,8.15,27.6,1.79,0.0
20230720:1910,0.0,0.0,0.0,26.21,1.59,0.0
20230720:2010,0.0,0.0,0.0,24.79,1.45,0.0
20230720:2110,0.0,0.0,0.0,24.19,1.17,0.0
20230720:2210,0.0,0.0,0.0,22.76,0.83,0.0
20230720:2310,0.0,0.0,0.0,22.42,1.38,0.0
20230721:0010,0.0,0.0,0.0,22.45,0.83,0.0
20230721:0110,0.0,0.0,0.0,20.61,1.1,0.0
20230721:0210,0.0,0.0,0.0,20.3,1.03,0.0
20230721:0310,0.0,0.0,0.0,19.48,0.83,0.0
20230721:0410,0.0,0.95,1.48,19.08,0.69,0.0
20230721:0510,51.19,70.06,11.08,19.29,0.48,0.0
20230721:0610,106.22,151.17,21.26,19.64,0.76,0.0
20230721:0710,254.08,289.64,31.69,20.81,0.97,0.0
20230721:0810,45.4,64.06,42.02,20.94,1.38,0.0
20230721:0910,88.35,110.65,51.71,21.85,1.66,0.0
20230721:1010,785.33,877.86,59.78,22.23,2.21,0.0
20230721:1110,857.23,964.05,64.35,22.46,2.62,0.0
20230721:1210,878.14,996.86,63.45,22.87,2.41,0.0
20230721:1310,294.01,328.54,57.54,23.16,2.14,0.0
20230721:1410,609.25,683.93,48.81,23.88,1.38,0.0
20230721:1510,320.61,359.63,38.84,24.57,1.24,0.0
20230721:1610,264.77,297.72,28.44,23.85,1.45,0.0
20230721:1710,88.2,111.89,18.05,23.73,0.41,0.0
20230721:1810,44.52,68.47,8.02,23.61,1.24,0.0
20230721:1910,0.0,0.0,0.0,24.77,0.48,0.0
20230721:2010,0.0,0.0,0.0,23.61,0.69,0.0
20230721:2110,0.0,0.0,0.0,23.04,0.55,0.0
20230721:2210,0.0,0.0,0.0,22.45,0.34,0.0
20230721:2310,0.0,0.0,0.0,21.82,0.55,0.0
20230722:0010,0.0,0.0,0.0,20.06,1.03,0.0
20230722:0110,0.0,0.0,0.0,19.39,1.03,0.0
20230722:0210,0.0,0.0,0.0,19.05,1.03,0.0
20230722:0310,0.0,0.0,0.0,19.11,0.9,0.0
20230722:0410,0.0,0.0,0.0,19.16,0.83,0.0
20230722:0510,45.17,63.43,10.94,19.23,0.62,0.0
20230722:0610,93.79,143.44,21.12,20.19,1.03,0.0
20230722:0710,277.04,318.13,31.55,20.22,1.45,0.0
20230722:0810,478.09,528.97,41.87,21.23,1.17,0.0
20230722:0910,611.12,686.11,51.56,22.71,0.9,0.0
20230722:1010,725.73,836.26,59.6,23.98,0.76,0.0
20230722:1110,771.98,897.1,64.15,25.3,1.17,0.0
20230722:1210,837.15,971.71,63.26,25.88,1.86,0.0
20230722:1310,773.18,884.54,57.38,26.4,2.34,0.0
20230722:1410,734.51,842.73,48.68,26.0,1.52,0.0
20230722:1510,601.31,681.02,38.72,26.39,1.31,0.0
20230722:1610,406.76,458.19,28.32,26.21,0.97,0.0
20230722:1710,252.67,296.19,17.93,25.79,0.97,0.0
20230722:1810,16.56,31.06,7.89,24.92,0.97,0.0
20230722:1910,0.0,0.0,0.0,24.47,0.69,0.0
20230722:2010,0.0,0.0,0.0,23.25,0.83,0.0
20230722:2110,0.0,0.0,0.0,22.81,0.76,0.0
20230722:2210,0.0,0.0,0.0,22.08,0.83,0.0
20230722:2310,0.0,0.0,0.0,20.61,1.17,0.0
20230723:0010,0.0,0.0,0.0,20.58,0.83,0.0
20230723:0110,0.0,0.0,0.0,19.2,1.03,0.0
20230723:0210,0.0,0.0,0.0,19.01,0.97,0.0
20230723:0310,0.0,0.0,0.0,18.68,0.83,0.0
20230723:0410,0.0,0.0,0.0,18.57,0.76,0.0
20230723:0510,38.44,55.86,10.79,18.75,0.55,0.0
20230723:0610,128.25,158.64,20.98,19.55,0.69,0.0
20230723:0710,190.65,217.54,31.41,20.27,1.38,0.0
20230723:0810,236.12,265.86,41.73,21.2,1.03,0.0
20230723:0910,475.56,530.8,51.4,22.77,0.9,0.0
20230723:1010,591.86,665.89,59.42,23.75,1.31,0.0
20230723:1110,757.26,867.91,63.96,24.88,1.66,0.0
20230723:1210,662.74,756.76,63.07,25.33,1.45,0.0
20230723:1310,716.67,833.79,57.22,26.01,0.9,0.0
20230723:1410,642.38,734.16,48.54,26.3,1.24,0.0
20230723:1510,538.22,610.27,38.59,26.42,0.9,0.0
20230723:1610,430.14,485.7,28.19,26.38,0.83,0.0
20230723:1710,234.58,276.39,17.8,26.16,0.76,0.0
20230723:1810,50.42,77.99,7.75,25.4,1.45,0.0
20230723:1910,0.0,0.0,0.0,24.58,1.93,0.0
20230723:2010,0.0,0.0,0.0,23.85,1.66,0.0
20230723:2110,0.0,0.0,0.0,22.88,1.1,0.0
20230723:2210,0.0,0.0,0.0,22.05,1.24,0.0
20230723:2310,0.0,0.0,0.0,21.76,1.38,0.0
20230724:0010,0.0,0.0,0.0,21.77,1.59,0.0
20230724:0110,0.0,0.0,0.0,21.65,1.52,0.0
20230724:0210,0.0,0.0,0.0,21.77,1.79,0.0
20230724:0310,0.0,0.0,0.0,21.58,1.93,0.0
20230724:0410,0.0,0.0,0.0,21.47,2.0,0.0
20230724:0510,7.05,17.99,10.64,21.52,1.72,0.0
20230724:0610,12.27,25.24,20.83,22.43,1.52,0.0
20230724:0710,35.43,53.38,31.27,23.22,1.31,0.0
20230724:0810,55.95,76.68,41.58,24.3,1.45,0.0
20230724:0910,46.24,66.0,51.23,24.82,1.72,0.0
20230724:1010,349.42,392.39,59.23,25.24,2.0,0.0
20230724:1110,57.37,78.62,63.75,25.63,2.07,0.0
20230724:1210,68.76,91.24,62.87,26.0,2.48,0.0
20230724:1310,181.79,212.57,57.05,26.43,2.41,0.0
20230724:1410,48.49,68.91,48.39,26.17,1.59,0.0
20230724:1510,102.69,128.12,38.45,25.85,1.17,0.0
20230724:1610,94.88,119.39,28.06,25.34,1.45,0.0
20230724:1710,22.19,37.85,17.66,23.61,1.79,0.0
20230724:1810,55.06,84.43,7.61,22.03,3.31,0.0
20230724:1910,0.0,0.0,0.0,21.45,1.72,0.0
20230724:2010,0.0,0.0,0.0,20.32,0.97,0.0
20230724:2110,0.0,0.0,0.0,20.0,1.38,0.0
20230724:2210,0.0,0.0,0.0,19.76,0.48,0.0
20230724:2310,0.0,0.0,0.0,19.5,0.97,0.0
20230725:0010,0.0,0.0,0.0,18.83,1.93,0.0
20230725:0110,0.0,0.0,0.0,18.27,0.97,0.0
20230725:0210,0.0,0.0,0.0,17.98,0.97,0.0
20230725:0310,0.0,0.0,0.0,18.05,1.45,0.0
20230725:0410,0.0,0.0,0.0,17.98,0.48,0.0
20230725:0510,47.08,65.32,10.49,18.25,0.07,0.0
20230725:0610,112.03,135.75,20.68,18.63,0.62,0.0
20230725:0710,279.84,329.85,31.12,20.2,0.55,0.0
20230725:0810,483.89,537.39,41.43,21.74,1.1,0.0
20230725:0910,650.05,726.22,51.07,23.05,1.45,0.0
20230725:1010,683.85,774.18,59.04,23.74,1.38,0.0
20230725:1110,784.64,908.91,63.54,24.75,1.24,0.0
20230725:1210,823.36,967.33,62.67,25.48,1.1,0.0
20230725:1310,762.94,897.9,56.87,25.64,0.62,0.0
20230725:1410,631.99,729.24,48.23,25.96,0.55,0.0
20230725:1510,488.42,553.02,38.31,25.98,0.62,0.0
20230725:1610,364.21,409.22,27.92,25.87,1.17,0.0
20230725:1710,152.69,182.96,17.52,25.45,1.72,0.0
20230725:1810,47.34,73.75,7.46,24.4,2.28,0.0
20230725:1910,0.0,0.0,0.0,23.35,2.83,0.0
20230725:2010,0.0,0.0,0.0,22.69,4.0,0.0
20230725:2110,0.0,0.0,0.0,22.26,4.41,0.0
20230725:2210,0.0,0.0,0.0,21.61,4.41,0.0
20230725:2310,0.0,0.0,0.0,20.7,4.28,0.0
20230726:0010,0.0,0.0,0.0,19.92,4.21,0.0
20230726:0110,0.0,0.0,0.0,19.21,4.28,0.0
20230726:0210,0.0,0.0,0.0,18.7,4.14,0.0
20230726:0310,0.0,0.0,0.0,18.28,3.86,0.0
20230726:0410,0.0,0.0,0.0,17.95,3.72,0.0
20230726:0510,39.61,56.8,10.33,17.81,3.86,0.0
20230726:0610,82.23,135.3,20.53,18.66,4.07,0.0
20230726:0710,293.28,338.71,30.97,19.58,4.69,0.0
20230726:0810,515.3,554.73,41.27,20.8,4.76,0.0
20230726:0910,692.75,748.32,50.9,22.17,4.55,0.0
20230726:1010,823.53,909.28,58.85,23.34,4.0,0.0
20230726:1110,876.2,988.25,63.33,24.4,3.38,0.0
20230726:1210,902.62,1040.67,62.46,25.25,2.55,0.0
20230726:1310,862.21,1006.53,56.69,25.84,1.72,0.0
20230726:1410,779.97,905.87,48.08,26.21,1.31,0.0
20230726:1510,651.29,743.24,38.17,26.37,1.17,0.0
20230726:1610,490.64,553.59,27.78,26.22,1.1,0.0
20230726:1710,273.22,319.61,17.37,25.59,1.24,0.0
20230726:1810,59.46,92.9,7.31,24.11,1.52,0.0
20230726:1910,0.0,0.0,0.0,22.33,2.83,0.0
20230726:2010,0.0,0.0,0.0,21.33,3.31,0.0
20230726:2110,0.0,0.0,0.0,20.6,3.38,0.0
20230726:2210,0.0,0.0,0.0,19.88,3.1,0.0
20230726:2310,0.0,0.0,0.0,19.16,2.97,0.0
20230727:0010,0.0,0.0,0.0,18.49,2.97,0.0
20230727:0110,0.0,0.0,0.0,17.73,2.69,0.0
20230727:0210,0.0,0.0,0.0,16.7,2.21,0.0
20230727:0310,0.0,0.0,0.0,15.71,2.0,0.0
20230727:0410,0.0,0.0,0.0,15.14,1.79,0.0
20230727:0510,40.9,57.75,10.17,15.33,1.52,0.0
20230727:0610,114.29,151.95,20.38,18.18,1.17,0.0
20230727:0710,275.07,315.46,30.82,18.89,1.45,0.0
20230727:0810,483.21,528.66,41.12,19.95,1.72,0.0
20230727:0910,667.57,736.07,50.73,20.77,1.66,0.0
20230727:1010,786.51,884.97,58.65,21.41,1.59,0.0
20230727:1110,781.04,888.24,63.11,22.66,1.59,0.0
20230727:1210,698.64,794.84,62.25,23.44,1.31,0.0
20230727:1310,723.59,824.56,56.5,23.97,1.45,0.0
20230727:1410,742.74,846.28,47.91,24.52,1.52,0.0
20230727:1510,575.96,642.13,38.01,24.59,1.66,0.0
20230727:1610,441.11,490.25,27.63,24.38,1.45,0.0
20230727:1710,246.32,286.94,17.22,24.06,1.1,0.0
20230727:1810,54.81,85.83,7.15,23.22,0.83,0.0
20230727:1910,0.0,0.0,0.0,21.58,1.24,0.0
20230727:2010,0.0,0.0,0.0,20.22,1.59,0.0
20230727:2110,0.0,0.0,0.0,19.42,1.52,0.0
20230727:2210,0.0,0.0,0.0,18.83,1.38,0.0
20230727:2310,0.0,0.0,0.0,18.33,1.38,0.0
20230728:0010,0.0,0.0,0.0,17.88,1.38,0.0
20230728:0110,0.0,0.0,0.0,17.41,1.45,0.0
20230728:0210,0.0,0.0,0.0,17.14,1.52,0.0
20230728:0310,0.0,0.0,0.0,16.83,1.59,0.0
20230728:0410,0.0,0.0,0.0,16.49,1.52,0.0
20230728:0510,35.45,52.07,10.01,16.79,1.24,0.0
20230728:0610,122.67,153.4,20.23,19.57,0.76,0.0
20230728:0710,273.6,325.3,30.67,21.19,0.34,0.0
20230728:0810,474.12,532.67,40.96,22.31,0.41,0.0
20230728:0910,635.8,718.91,50.55,23.38,0.76,0.0
20230728:1010,753.89,868.77,58.45,24.29,0.97,0.0
20230728:1110,784.07,910.16,62.88,25.13,1.24,0.0
20230728:1210,797.21,926.65,62.03,25.61,1.45,0.0
20230728:1310,772.9,898.4,56.31,26.26,1.38,0.0
20230728:1410,645.39,741.05,47.74,26.67,1.1,0.0
20230728:1510,604.83,688.46,37.85,26.94,1.17,0.0
20230728:1610,252.27,288.53,27.47,26.77,1.31,0.0
20230728:1710,103.25,129.44,17.06,26.19,1.45,0.0
20230728:1810,34.23,56.17,6.98,24.99,1.38,0.0
20230728:1910,0.0,0.0,0.0,23.29,1.24,0.0
20230728:2010,0.0,0.0,0.0,22.16,1.17,0.0
20230728:2110,0.0,0.0,0.0,21.27,1.1,0.0
20230728:2210,0.0,0.0,0.0,20.66,1.1,0.0
20230728:2310,0.0,0.0,0.0,20.07,1.1,0.0
20230729:0010,0.0,0.0,0.0,20.36,0.97,0.0
20230729:0110,0.0,0.0,0.0,20.52,0.55,0.0
20230729:0210,0.0,0.0,0.0,20.29,0.34,0.0
20230729:0310,0.0,0.0,0.0,20.1,0.21,0.0
20230729:0410,0.0,0.0,0.0,19.83,0.34,0.0
20230729:0510,38.46,55.86,9.85,18.67,0.69,0.0
20230729:0610,117.24,144.72,20.08,19.9,0.55,0.0
20230729:0710,243.04,281.75,30.51,22.11,0.21,0.0
20230729:0810,455.2,515.29,40.8,23.04,0.07,0.0
20230729:0910,590.47,672.83,50.38,24.16,0.34,0.0
20230729:1010,399.73,452.99,58.25,25.14,0.62,0.0
20230729:1110,615.18,702.79,62.65,25.82,1.24,0.0
20230729:1210,554.3,626.18,61.8,26.27,1.93,0.0
20230729:1310,454.51,515.36,56.11,26.35,1.1,0.0
20230729:1410,371.84,419.66,47.56,26.11,1.24,0.0
20230729:1510,171.58,201.68,37.69,26.22,1.93,0.0
20230729:1610,272.41,306.49,27.31,24.92,1.93,0.0
20230729:1710,230.84,268.75,16.9,23.91,1.79,0.0
20230729:1810,12.96,26.21,6.81,23.03,1.03,0.0
20230729:1910,0.0,0.0,0.0,23.76,0.97,0.0
20230729:2010,0.0,0.0,0.0,22.49,1.17,0.0
20230729:2110,0.0,0.0,0.0,21.53,1.38,0.0
20230729:2210,0.0,0.0,0.0,21.91,0.97,0.0
20230729:2310,0.0,0.0,0.0,21.49,0.97,0.0
20230730:0010,0.0,0.0,0.0,21.98,0.69,0.0
20230730:0110,0.0,0.0,0.0,21.13,0.83,0.0
20230730:0210,0.0,0.0,0.0,19.59,1.17,0.0
20230730:0310,0.0,0.0,0.0,19.88,0.9,0.0
20230730:0410,0.0,0.0,0.0,20.36,0.69,0.0
20230730:0510,43.46,61.54,9.69,19.23,0.69,0.0
20230730:0610,78.3,128.48,19.92,20.36,0.48,0.0
20230730:0710,271.27,323.85,30.36,21.91,0.62,0.0
20230730:0810,438.52,493.2,40.64,23.3,0.62,0.0
20230730:0910,614.59,700.3,50.2,24.71,0.62,0.0
20230730:1010,735.87,859.85,58.04,26.11,0.69,0.0
20230730:1110,802.37,955.37,62.42,27.16,0.76,0.0
20230730:1210,829.88,1000.53,61.57,28.18,0.76,0.0
20230730:1310,795.11,960.56,55.9,28.87,0.55,0.0
20230730:1410,669.46,794.32,47.38,29.23,0.34,0.0
20230730:1510,576.11,673.04,37.52,29.39,0.28,0.0
20230730:1610,360.78,415.65,27.14,29.47,0.41,0.0
20230730:1710,191.42,230.7,16.73,28.35,0.55,0.0
20230730:1810,36.16,60.75,6.63,28.34,0.41,0.0
20230730:1910,0.0,0.0,0.0,25.81,0.97,0.0
20230730:2010,0.0,0.0,0.0,23.85,1.24,0.0
20230730:2110,0.0,0.0,0.0,22.32,1.38,0.0
20230730:2210,0.0,0.0,0.0,21.48,1.45,0.0
20230730:2310,0.0,0.0,0.0,20.63,1.52,0.0
20230731:0010,0.0,0.0,0.0,19.96,1.59,0.0
20230731:0110,0.0,0.0,0.0,19.65,1.52,0.0
20230731:0210,0.0,0.0,0.0,19.17,1.52,0.0
20230731:0310,0.0,0.0,0.0,19.0,1.52,0.0
20230731:0410,0.0,0.0,0.0,18.92,1.38,0.0
20230731:0510,24.25,39.76,9.52,19.71,0.9,0.0
20230731:0610,84.9,107.29,19.76,21.05,0.69,0.0
20230731:0710,228.89,263.45,30.2,22.64,1.45,0.0
20230731:0810,448.83,501.02,40.47,23.45,1.38,0.0
20230731:0910,579.62,647.64,50.01,24.17,1.59,0.0
20230731:1010,703.72,795.08,57.83,25.01,2.0,0.0
20230731:1110,580.31,652.24,62.18,25.57,2.21,0.0
20230731:1210,570.73,642.82,61.33,25.97,2.14,0.0
20230731:1310,575.3,650.09,55.69,26.6,2.0,0.0
20230731:1410,548.86,619.27,47.19,26.82,1.79,0.0
20230731:1510,388.86,437.52,37.34,26.7,1.38,0.0
20230731:1610,238.66,274.01,26.97,26.82,1.24,0.0
20230731:1710,135.9,165.85,16.56,26.24,1.1,0.0
20230731:1810,28.26,48.68,6.45,25.42,0.97,0.0
20230731:1910,0.0,0.0,0.0,24.29,1.03,0.0
20230731:2010,0.0,0.0,0.0,23.48,0.83,0.0
20230731:2110,0.0,0.0,0.0,22.99,0.83,0.0
20230731:2210,0.0,0.0,0.0,22.2,0.97,0.0
20230731:2310,0.0,0.0,0.0,21.75,1.17,0.0
20230801:0010,0.0,0.0,0.0,21.69,1.17,0.0
20230801:0110,0.0,0.0,0.0,21.63,1.31,0.0
20230801:0210,0.0,0.0,0.0,21.37,1.31,0.0
20230801:0310,0.0,0.0,0.0,21.16,1.52,0.0
20230801:0410,0.0,0.0,0.0,20.88,1.66,0.0
20230801:0510,7.08,17.99,9.35,20.78,1.59,0.0
20230801:0610,84.12,106.31,19.6,20.98,1.24,0.0
20230801:0710,186.01,213.49,30.04,21.25,1.93,0.0
20230801:0810,205.45,233.14,40.3,21.96,2.28,0.0
20230801:0910,263.89,295.92,49.83,22.71,2.0,0.0
20230801:1010,277.11,312.1,57.61,23.29,1.31,0.0
20230801:1110,364.84,409.87,61.93,23.97,1.03,0.0
20230801:1210,392.95,442.87,61.09,24.56,0.9,0.0
20230801:1310,741.85,851.4,55.47,25.32,1.52,0.0
20230801:1410,450.32,504.26,46.99,25.78,1.72,0.0
20230801:1510,411.2,458.48,37.16,25.85,1.86,0.0
20230801:1610,328.09,367.9,26.8,25.97,1.86,0.0
20230801:1710,235.7,277.39,16.38,25.72,1.79,0.0
20230801:1810,48.06,80.0,6.26,25.06,1.66,0.0
20230801:1910,0.0,0.0,0.0,23.41,1.45,0.0
20230801:2010,0.0,0.0,0.0,22.02,1.45,0.0
20230801:2110,0.0,0.0,0.0,21.04,1.59,0.0
20230801:2210,0.0,0.0,0.0,20.25,1.59,0.0
20230801:2310,0.0,0.0,0.0,19.65,1.59,0.0
20230802:0010,0.0,0.0,0.0,19.21,1.66,0.0
20230802:0110,0.0,0.0,0.0,19.23,1.59,0.0
20230802:0210,0.0,0.0,0.0,19.26,1.59,0.0
20230802:0310,0.0,0.0,0.0,18.59,1.52,0.0
20230802:0410,0.0,0.0,0.0,18.96,1.31,0.0
20230802:0510,38.38,55.86,9.18,19.26,1.31,0.0
20230802:0610,110.14,143.36,19.44,20.82,1.72,0.0
20230802:0710,203.38,231.78,29.88,20.99,2.55,0.0
20230802:0810,439.28,480.79,40.13,21.35,2.55,0.0
20230802:0910,503.62,548.86,49.64,21.88,2.9,0.0
20230802:1010,692.2,761.95,57.39,22.63,3.03,0.0
20230802:1110,630.32,698.26,61.69,23.27,2.69,0.0
20230802:1210,768.48,871.01,60.84,24.1,2.14,0.0
20230802:1310,717.69,811.54,55.25,24.94,2.14,0.0
20230802:1410,264.86,299.71,46.79,25.22,2.28,0.0
20230802:1510,271.19,305.7,36.97,25.4,2.41,0.0
20230802:1610,129.63,156.18,26.61,25.54,2.55,0.0
20230802:1710,32.6,50.47,16.19,25.16,2.48,0.0
20230802:1810,31.11,53.55,6.07,24.57,2.07,0.0
20230802:1910,0.0,0.0,0.0,23.67,1.72,0.0
20230802:2010,0.0,0.0,0.0,22.73,1.52,0.0
20230802:2110,0.0,0.0,0.0,22.23,1.45,0.0
20230802:2210,0.0,0.0,0.0,21.81,1.52,0.0
20230802:2310,0.0,0.0,0.0,21.07,1.1,0.0
20230803:0010,0.0,0.0,0.0,21.05,0.55,0.0
20230803:0110,0.0,0.0,0.0,21.17,0.14,0.0
20230803:0210,0.0,0.0,0.0,20.96,0.28,0.0
20230803:0310,0.0,0.0,0.0,20.49,0.55,0.0
20230803:0410,0.0,0.0,0.0,20.81,0.34,0.0
20230803:0510,38.9,56.8,9.01,20.63,0.48,0.0
20230803:0610,81.04,126.99,19.27,21.5,0.76,0.0
20230803:0710,158.82,184.66,29.71,21.45,1.79,0.0
20230803:0810,251.46,282.91,39.96,22.55,1.72,0.0
20230803:0910,516.65,575.88,49.45,23.41,1.31,0.0
20230803:1010,591.73,671.18,57.17,24.86,1.1,0.0
20230803:1110,551.07,625.54,61.43,26.14,1.45,0.0
20230803:1210,480.13,541.18,60.59,26.8,2.14,0.0
20230803:1310,720.73,826.32,55.02,27.39,2.14,0.0
20230803:1410,416.83,471.2,46.59,27.74,1.79,0.0
20230803:1510,112.03,138.8,36.78,27.52,2.41,0.0
20230803:1610,111.31,137.32,26.42,26.5,2.69,0.0
20230803:1710,252.79,294.49,16.0,24.45,2.69,0.0
20230803:1810,35.08,59.45,5.87,22.83,3.59,0.0
20230803:1910,0.0,0.0,0.0,21.67,3.38,0.0
20230803:2010,0.0,0.0,0.0,21.22,2.48,0.0
20230803:2110,0.0,0.0,0.0,20.85,2.41,0.0
20230803:2210,0.0,0.0,0.0,20.69,3.24,0.0
20230803:2310,0.0,0.0,0.0,20.5,3.38,0.0
20230804:0010,0.0,0.0,0.0,20.11,3.03,0.0
20230804:0110,0.0,0.0,0.0,19.42,2.9,0.0
20230804:0210,0.0,0.0,0.0,18.82,2.9,0.0
20230804:0310,0.0,0.0,0.0,17.43,2.83,0.0
20230804:0410,0.0,0.0,0.0,17.13,2.69,0.0
20230804:0510,38.08,54.91,8.84,16.63,2.41,0.0
20230804:0610,107.35,141.0,19.11,17.78,2.34,0.0
20230804:0710,206.43,234.87,29.55,20.6,2.34,0.0
20230804:0810,290.67,321.07,39.79,21.67,3.38,0.0
20230804:0910,344.72,378.35,49.25,22.07,3.38,0.0
20230804:1010,266.18,297.38,56.94,22.55,2.69,0.0
20230804:1110,602.03,664.05,61.17,22.86,2.83,0.0
20230804:1210,516.61,566.68,60.33,22.33,2.83,0.0
20230804:1310,247.05,276.25,54.78,22.12,3.1,0.0
20230804:1410,186.36,212.57,46.37,21.84,3.17,0.0
20230804:1510,38.33,56.3,36.58,21.71,2.69,0.0
20230804:1610,19.23,33.97,26.23,21.69,2.14,0.0
20230804:1710,8.77,20.38,15.81,20.91,0.97,0.0
20230804:1810,10.97,23.29,5.67,19.91,0.62,0.0
20230804:1910,0.0,0.0,0.0,19.57,0.97,0.0
20230804:2010,0.0,0.0,0.0,20.1,0.34,0.0
20230804:2110,0.0,0.0,0.0,19.66,0.48,0.0
20230804:2210,0.0,0.0,0.0,18.66,0.83,0.0
20230804:2310,0.0,0.0,0.0,19.3,0.28,0.0
20230805:0010,0.0,0.0,0.0,17.74,1.17,0.0
20230805:0110,0.0,0.0,0.0,17.4,1.66,0.0
20230805:0210,0.0,0.0,0.0,17.25,2.07,0.0
20230805:0310,0.0,0.0,0.0,17.02,2.28,0.0
20230805:0410,0.0,0.0,0.0,16.6,2.41,0.0
20230805:0510,29.57,45.44,8.67,17.04,2.9,0.0
20230805:0610,66.6,117.4,18.94,18.78,3.17,0.0
20230805:0710,269.45,316.87,29.38,20.1,2.9,0.0
20230805:0810,489.03,533.37,39.61,21.96,3.59,0.0
20230805:0910,638.32,696.17,49.05,23.35,3.79,0.0
20230805:1010,795.59,881.41,56.71,24.6,4.0,0.0
20230805:1110,864.09,970.62,60.91,25.51,4.0,0.0
20230805:1210,885.16,1005.19,60.06,26.3,3.72,0.0
20230805:1310,851.32,970.96,54.54,26.81,3.24,0.0
20230805:1410,769.53,875.67,46.16,27.23,2.69,0.0
20230805:1510,639.45,720.49,36.38,27.36,2.28,0.0
20230805:1610,462.11,518.19,26.03,27.13,2.07,0.0
20230805:1710,248.82,294.23,15.61,26.4,1.86,0.0
20230805:1810,30.82,56.04,5.46,24.66,1.72,0.0
20230805:1910,0.0,0.0,0.0,22.27,3.17,0.0
20230805:2010,0.0,0.0,0.0,20.69,2.69,0.0
20230805:2110,0.0,0.0,0.0,19.42,1.86,0.0
20230805:2210,0.0,0.0,0.0,18.63,1.31,0.0
20230805:2310,0.0,0.0,0.0,17.8,1.38,0.0
20230806:0010,0.0,0.0,0.0,17.1,1.38,0.0
20230806:0110,0.0,0.0,0.0,16.45,1.38,0.0
20230806:0210,0.0,0.0,0.0,15.75,1.45,0.0
20230806:0310,0.0,0.0,0.0,14.86,1.66,0.0
20230806:0410,0.0,0.0,0.0,14.3,1.72,0.0
20230806:0510,31.66,47.34,8.49,14.3,1.72,0.0
20230806:0610,67.2,117.25,18.77,17.59,1.52,0.0
20230806:0710,271.98,322.77,29.21,20.89,2.28,0.0
20230806:0810,492.08,540.12,39.43,22.43,3.03,0.0
20230806:0910,671.81,738.17,48.85,23.59,3.24,0.0
20230806:1010,799.77,892.27,56.48,24.29,3.31,0.0
20230806:1110,870.97,982.17,60.65,24.88,3.52,0.0
20230806:1210,897.59,1017.25,59.79,25.22,3.59,0.0
20230806:1310,871.01,982.36,54.29,25.41,3.72,0.0
20230806:1410,796.41,886.54,45.93,25.35,3.93,0.0
20230806:1510,663.38,726.09,36.17,25.1,4.28,0.0
20230806:1610,482.55,524.9,25.83,24.31,4.69,0.0
20230806:1710,260.51,299.78,15.4,23.12,5.1,0.0
20230806:1810,30.79,55.7,5.25,21.74,5.03,0.0
20230806:1910,0.0,0.0,0.0,21.12,5.93,0.0
20230806:2010,0.0,0.0,0.0,20.22,5.66,0.0
20230806:2110,0.0,0.0,0.0,19.35,5.17,0.0
20230806:2210,0.0,0.0,0.0,18.5,4.9,0.0
20230806:2310,0.0,0.0,0.0,17.74,4.62,0.0
20230807:0010,0.0,0.0,0.0,17.12,4.14,0.0
20230807:0110,0.0,0.0,0.0,16.61,3.79,0.0
20230807:0210,0.0,0.0,0.0,16.18,3.59,0.0
20230807:0310,0.0,0.0,0.0,15.79,3.52,0.0
20230807:0410,0.0,0.0,0.0,15.52,3.45,0.0
20230807:0510,31.51,47.34,8.31,15.42,3.38,0.0
20230807:0610,66.93,116.27,18.6,16.27,3.24,0.0
20230807:0710,277.99,324.0,29.04,18.17,3.86,0.0
20230807:0810,505.94,543.24,39.25,19.55,4.41,0.0
20230807:0910,690.72,740.54,48.65,20.67,4.55,0.0
20230807:1010,824.74,899.06,56.24,21.7,4.41,0.0
20230807:1110,893.2,990.63,60.38,22.73,4.14,0.0
20230807:1210,914.67,1025.15,59.52,23.46,3.86,0.0
20230807:1310,883.16,990.7,54.04,24.13,3.72,0.0
20230807:1410,803.11,894.03,45.7,24.48,3.59,0.0
20230807:1510,674.15,741.45,35.95,24.48,3.45,0.0
20230807:1610,482.62,528.89,25.62,24.19,3.31,0.0
20230807:1710,259.47,301.2,15.19,23.37,2.97,0.0
20230807:1810,26.43,49.25,5.03,21.84,2.41,0.0
20230807:1910,0.0,0.0,0.0,20.53,3.45,0.0
20230807:2010,0.0,0.0,0.0,19.79,3.38,0.0
20230807:2110,0.0,0.0,0.0,19.08,3.1,0.0
20230807:2210,0.0,0.0,0.0,18.48,3.1,0.0
20230807:2310,0.0,0.0,0.0,18.04,2.97,0.0
20230808:0010,0.0,0.0,0.0,17.75,2.9,0.0
20230808:0110,0.0,0.0,0.0,17.45,2.76,0.0
20230808:0210,0.0,0.0,0.0,16.99,2.55,0.0
20230808:0310,0.0,0.0,0.0,16.52,2.34,0.0
20230808:0410,0.0,0.0,0.0,15.68,2.21,0.0
20230808:0510,12.32,24.61,8.13,14.94,2.14,0.0
20230808:0610,111.24,137.67,18.43,16.5,1.79,0.0
20230808:0710,264.2,308.89,28.87,19.06,1.59,0.0
20230808:0810,455.19,499.19,39.07,20.47,1.86,0.0
20230808:0910,626.39,689.59,48.45,21.74,2.0,0.0
20230808:1010,782.28,881.9,56.0,22.76,1.86,0.0
20230808:1110,853.33,982.86,60.1,23.61,1.66,0.0
20230808:1210,758.33,871.72,59.24,24.27,1.38,0.0
20230808:1310,626.91,713.73,53.78,24.8,1.1,0.0
20230808:1410,757.09,874.33,45.47,25.2,1.1,0.0
20230808:1510,637.92,723.49,35.73,25.62,1.17,0.0
20230808:1610,453.87,513.63,25.4,25.69,0.55,0.0
20230808:1710,252.68,300.32,14.97,25.04,0.41,0.0
20230808:1810,13.25,27.87,4.8,23.36,1.03,0.0
20230808:1910,0.0,0.0,0.0,21.14,1.86,0.0
20230808:2010,0.0,0.0,0.0,19.76,1.86,0.0
20230808:2110,0.0,0.0,0.0,18.91,1.52,0.0
20230808:2210,0.0,0.0,0.0,18.24,1.45,0.0
20230808:2310,0.0,0.0,0.0,17.76,1.52,0.0
20230809:0010,0.0,0.0,0.0,17.59,1.45,0.0
20230809:0110,0.0,0.0,0.0,17.65,1.31,0.0
20230809:0210,0.0,0.0,0.0,17.45,1.31,0.0
20230809:0310,0.0,0.0,0.0,16.39,1.52,0.0
20230809:0410,0.0,0.0,0.0,15.62,1.66,0.0
20230809:0510,28.05,43.55,7.95,15.88,1.38,0.0
20230809:0610,65.01,112.39,18.25,17.92,0.9,0.0
20230809:0710,255.98,306.76,28.7,20.89,0.48,0.0
20230809:0810,454.18,510.44,38.88,22.32,0.41,0.0
20230809:0910,609.97,690.99,48.24,23.47,0.55,0.0
20230809:1010,719.71,832.54,55.76,24.41,0.62,0.0
20230809:1110,784.95,931.12,59.82,25.38,0.41,0.0
20230809:1210,815.09,974.76,58.95,26.3,0.55,0.0
20230809:1310,785.85,933.06,53.52,26.91,0.69,0.0
20230809:1410,724.91,845.12,45.23,27.3,0.97,0.0
20230809:1510,613.56,706.76,35.51,27.54,0.69,0.0
20230809:1610,430.73,491.89,25.18,27.39,0.41,0.0
20230809:1710,222.07,267.82,14.75,27.03,0.28,0.0
20230809:1810,25.94,51.35,4.58,25.65,0.76,0.0
20230809:1910,0.0,0.0,0.0,25.19,0.76,0.0
20230809:2010,0.0,0.0,0.0,24.49,0.76,0.0
20230809:2110,0.0,0.0,0.0,23.63,0.83,0.0
20230809:2210,0.0,0.0,0.0,21.3,1.17,0.0
20230809:2310,0.0,0.0,0.0,19.8,1.45,0.0
20230810:0010,0.0,0.0,0.0,19.21,1.45,0.0
20230810:0110,0.0,0.0,0.0,18.72,1.38,0.0
20230810:0210,0.0,0.0,0.0,18.03,1.45,0.0
20230810:0310,0.0,0.0,0.0,17.62,1.45,0.0
20230810:0410,0.0,0.0,0.0,17.68,1.31,0.0
20230810:0510,30.1,46.39,7.77,18.63,1.03,0.0
20230810:0610,65.23,111.01,18.08,18.85,0.62,0.0
20230810:0710,254.11,305.89,28.52,21.81,1.1,0.0
20230810:0810,426.07,475.11,38.7,22.95,1.31,0.0
20230810:0910,628.28,708.19,48.03,24.38,1.17,0.0
20230810:1010,744.77,862.16,55.51,25.73,1.03,0.0
20230810:1110,807.3,949.42,59.54,26.81,1.17,0.0
20230810:1210,824.68,976.79,58.67,27.61,1.24,0.0
20230810:1310,746.1,868.23,53.25,28.43,1.72,0.0
20230810:1410,732.83,840.43,44.98,28.83,2.41,0.0
20230810:1510,543.34,614.45,35.28,28.73,2.0,0.0
20230810:1610,264.2,303.35,24.96,28.54,1.59,0.0
20230810:1710,96.45,123.62,14.53,27.98,1.66,0.0
20230810:1810,25.57,52.25,4.34,26.77,1.59,0.0
20230810:1910,0.0,0.0,0.0,25.03,1.45,0.0
20230810:2010,0.0,0.0,0.0,23.59,1.59,0.0
20230810:2110,0.0,0.0,0.0,22.58,1.86,0.0
20230810:2210,0.0,0.0,0.0,21.63,1.72,0.0
20230810:2310,0.0,0.0,0.0,21.08,1.52,0.0
20230811:0010,0.0,0.0,0.0,20.56,1.45,0.0
20230811:0110,0.0,0.0,0.0,20.02,1.59,0.0
20230811:0210,0.0,0.0,0.0,19.67,1.52,0.0
20230811:0310,0.0,0.0,0.0,19.64,1.24,0.0
20230811:0410,0.0,0.0,0.0,20.33,0.9,0.0
20230811:0510,29.09,45.44,7.59,19.8,0.76,0.0
20230811:0610,83.66,122.39,17.9,20.9,0.48,0.0
20230811:0710,239.38,281.07,28.34,21.92,0.9,0.0
20230811:0810,435.09,487.73,38.51,23.43,1.03,0.0
20230811:0910,609.46,689.04,47.81,24.64,0.97,0.0
20230811:1010,705.45,817.64,55.26,25.81,0.76,0.0
20230811:1110,787.57,932.56,59.25,27.1,0.83,0.0
20230811:1210,820.04,976.91,58.37,28.19,1.1,0.0
20230811:1310,795.51,940.51,52.98,28.95,1.38,0.0
20230811:1410,719.45,839.39,44.73,29.42,1.45,0.0
20230811:1510,599.08,685.11,35.04,29.47,1.66,0.0
20230811:1610,415.91,472.33,24.73,29.12,1.72,0.0
20230811:1710,206.59,250.08,14.29,28.5,1.86,0.0
20230811:1810,16.98,36.31,4.1,27.31,1.52,0.0
20230811:1910,0.0,0.0,0.0,25.81,1.24,0.0
20230811:2010,0.0,0.0,0.0,24.49,1.45,0.0
20230811:2110,0.0,0.0,0.0,23.5,1.52,0.0
20230811:2210,0.0,0.0,0.0,22.76,1.52,0.0
20230811:2310,0.0,0.0,0.0,22.39,1.38,0.0
20230812:0010,0.0,0.0,0.0,22.04,1.38,0.0
20230812:0110,0.0,0.0,0.0,21.73,1.31,0.0
20230812:0210,0.0,0.0,0.0,21.89,1.17,0.0
20230812:0310,0.0,0.0,0.0,22.05,1.03,0.0
20230812:0410,0.0,0.0,0.0,21.83,0.97,0.0
20230812:0510,27.97,44.5,7.41,21.88,0.83,0.0
20230812:0610,81.72,120.83,17.73,22.73,0.55,0.0
20230812:0710,242.94,293.33,28.16,23.65,0.97,0.0
20230812:0810,442.6,499.59,38.32,24.77,1.03,0.0
20230812:0910,607.29,690.01,47.6,25.91,1.03,0.0
20230812:1010,719.94,835.79,55.01,26.68,0.97,0.0
20230812:1110,781.07,925.39,58.96,27.74,0.9,0.0
20230812:1210,786.71,944.27,58.07,28.64,0.69,0.0
20230812:1310,752.44,902.25,52.7,29.46,0.62,0.0
20230812:1410,670.55,790.52,44.48,30.03,0.76,0.0
20230812:1510,565.73,658.04,34.8,30.26,0.62,0.0
20230812:1610,423.89,488.68,24.5,30.1,0.76,0.0
20230812:1710,171.12,211.27,14.06,29.45,0.55,0.0
20230812:1810,19.62,43.3,3.86,28.63,0.55,0.0
20230812:1910,0.0,0.0,0.0,26.54,1.45,0.0
20230812:2010,0.0,0.0,0.0,25.11,1.45,0.0
20230812:2110,0.0,0.0,0.0,24.05,1.45,0.0
20230812:2210,0.0,0.0,0.0,23.26,1.31,0.0
20230812:2310,0.0,0.0,0.0,22.53,1.38,0.0
20230813:0010,0.0,0.0,0.0,21.96,1.45,0.0
20230813:0110,0.0,0.0,0.0,21.48,1.52,0.0
20230813:0210,0.0,0.0,0.0,20.77,1.45,0.0
20230813:0310,0.0,0.0,0.0,20.76,1.38,0.0
20230813:0410,0.0,0.0,0.0,20.66,1.31,0.0
20230813:0510,26.54,42.6,7.22,20.65,1.24,0.0
20230813:0610,80.27,118.48,17.55,21.81,1.1,0.0
20230813:0710,240.25,291.35,27.98,24.25,1.1,0.0
20230813:0810,436.02,497.18,38.12,26.02,0.69,0.0
20230813:0910,596.43,690.3,47.38,27.5,0.41,0.0
20230813:1010,712.58,841.86,54.75,28.62,0.62,0.0
20230813:1110,779.63,932.57,58.67,29.77,0.97,0.0
20230813:1210,798.76,959.14,57.77,30.53,1.17,0.0
20230813:1310,771.3,928.7,52.41,30.59,0.83,0.0
20230813:1410,697.4,827.11,44.22,30.72,0.83,0.0
20230813:1510,556.92,648.36,34.56,30.39,0.55,0.0
20230813:1610,391.1,441.89,24.26,28.63,2.14,0.0
20230813:1710,191.63,232.08,13.82,27.61,2.28,0.0
20230813:1810,18.43,41.14,3.61,26.2,1.45,0.0
20230813:1910,0.0,0.0,0.0,26.73,1.38,0.0
20230813:2010,0.0,0.0,0.0,25.46,1.72,0.0
20230813:2110,0.0,0.0,0.0,24.41,1.79,0.0
20230813:2210,0.0,0.0,0.0,23.69,1.59,0.0
20230813:2310,0.0,0.0,0.0,23.59,1.86,0.0
20230814:0010,0.0,0.0,0.0,23.11,2.07,0.0
20230814:0110,0.0,0.0,0.0,22.7,1.86,0.0
20230814:0210,0.0,0.0,0.0,22.65,1.93,0.0
20230814:0310,0.0,0.0,0.0,22.46,1.86,0.0
20230814:0410,0.0,0.0,0.0,22.03,1.86,0.0
20230814:0510,0.34,6.63,7.03,21.86,1.93,0.0
20230814:0610,94.77,123.44,17.37,22.76,1.79,0.0
20230814:0710,203.6,236.99,27.8,23.5,1.93,0.0
20230814:0810,411.99,458.86,37.93,23.07,1.52,0.0
20230814:0910,610.98,675.65,47.16,23.56,2.14,0.0
20230814:1010,738.89,832.91,54.49,24.77,2.14,0.0
20230814:1110,786.16,911.73,58.37,26.58,1.59,0.0
20230814:1210,800.17,954.1,57.46,27.84,0.83,0.0
20230814:1310,769.06,923.48,52.13,28.97,0.55,0.0
20230814:1410,690.23,826.19,43.95,29.56,0.14,0.0
20230814:1510,571.54,670.86,34.31,29.84,0.07,0.0
20230814:1610,370.35,427.22,24.01,29.62,0.41,0.0
20230814:1710,149.57,186.33,13.57,29.26,0.76,0.0
20230814:1810,0.0,1.94,3.36,28.04,1.31,0.0
20230814:1910,0.0,0.0,0.0,26.69,2.28,0.0
20230814:2010,0.0,0.0,0.0,25.84,2.55,0.0
20230814:2110,0.0,0.0,0.0,25.31,2.14,0.0
20230814:2210,0.0,0.0,0.0,24.57,1.93,0.0
20230814:2310,0.0,0.0,0.0,23.96,2.07,0.0
20230815:0010,0.0,0.0,0.0,23.63,2.0,0.0
20230815:0110,0.0,0.0,0.0,23.18,1.86,0.0
20230815:0210,0.0,0.0,0.0,22.84,1.66,0.0
20230815:0310,0.0,0.0,0.0,22.25,1.66,0.0
20230815:0410,0.0,0.0,0.0,21.97,1.59,0.0
20230815:0510,24.02,39.76,6.85,21.57,1.52,0.0
20230815:0610,73.9,113.39,17.19,23.27,1.31,0.0
20230815:0710,224.69,269.04,27.62,24.79,0.14,0.0
20230815:0810,429.77,494.07,37.73,26.0,0.07,0.0
20230815:0910,589.56,684.51,46.94,27.18,0.14,0.0
20230815:1010,703.43,833.61,54.23,28.23,0.34,0.0
20230815:1110,768.94,923.72,58.07,28.98,0.55,0.0
20230815:1210,790.39,955.15,57.15,29.76,0.69,0.0
20230815:1310,762.09,918.83,51.83,29.86,0.55,0.0
20230815:1410,689.58,821.6,43.68,30.06,0.41,0.0
20230815:1510,568.62,657.76,34.05,30.32,0.97,0.0
20230815:1610,400.33,456.74,23.76,29.71,1.59,0.0
20230815:1710,208.19,254.76,13.32,29.01,1.38,0.0
20230815:1810,1.16,8.52,3.1,27.97,1.31,0.0
20230815:1910,0.0,0.0,0.0,27.42,1.31,0.0
20230815:2010,0.0,0.0,0.0,25.64,1.59,0.0
20230815:2110,0.0,0.0,0.0,25.0,0.83,0.0
20230815:2210,0.0,0.0,0.0,23.74,1.38,0.0
20230815:2310,0.0,0.0,0.0,24.47,0.28,0.0
20230816:0010,0.0,0.0,0.0,24.13,0.48,0.0
20230816:0110,0.0,0.0,0.0,21.93,1.38,0.0
20230816:0210,0.0,0.0,0.0,21.83,1.52,0.0
20230816:0310,0.0,0.0,0.0,21.62,1.52,0.0
20230816:0410,0.0,0.0,0.0,21.64,1.59,0.0
20230816:0510,1.73,9.47,6.66,21.61,1.59,0.0
20230816:0610,72.25,111.26,17.01,22.32,1.31,0.0
20230816:0710,235.08,287.29,27.43,24.7,0.48,0.0
20230816:0810,413.56,471.18,37.54,26.09,0.76,0.0
20230816:0910,599.35,688.76,46.71,27.32,0.76,0.0
20230816:1010,713.87,835.41,53.96,28.57,1.03,0.0
20230816:1110,779.76,926.82,57.76,29.51,1.17,0.0
20230816:1210,802.03,957.36,56.84,30.26,1.38,0.0
20230816:1310,746.94,888.8,51.53,30.37,1.1,0.0
20230816:1410,647.43,772.7,43.4,29.98,0.07,0.0
20230816:1510,557.0,648.63,33.79,29.74,0.34,0.0
20230816:1610,412.56,475.71,23.51,29.24,0.41,0.0
20230816:1710,96.02,123.99,13.07,27.62,0.48,0.0
20230816:1810,4.95,15.15,2.84,27.1,0.76,0.0
20230816:1910,0.0,0.0,0.0,26.24,0.9,0.0
20230816:2010,0.0,0.0,0.0,25.8,0.83,0.0
20230816:2110,0.0,0.0,0.0,26.17,0.14,0.0
20230816:2210,0.0,0.0,0.0,23.87,1.24,0.0
20230816:2310,0.0,0.0,0.0,23.89,2.21,0.0
20230817:0010,0.0,0.0,0.0,23.48,1.79,0.0
20230817:0110,0.0,0.0,0.0,22.75,1.24,0.0
20230817:0210,0.0,0.0,0.0,21.98,1.45,0.0
20230817:0310,0.0,0.0,0.0,21.5,1.45,0.0
20230817:0410,0.0,0.0,0.0,21.21,1.38,0.0
20230817:0510,2.8,11.36,6.47,20.87,1.31,0.0
20230817:0610,79.66,115.68,16.82,22.85,1.03,0.0
20230817:0710,220.3,260.64,27.25,23.38,0.48,0.0
20230817:0810,405.04,461.75,37.33,25.27,0.34,0.0
20230817:0910,591.2,681.71,46.48,27.14,0.48,0.0
20230817:1010,673.77,789.02,53.69,28.46,0.76,0.0
20230817:1110,762.33,920.48,57.45,29.68,0.48,0.0
20230817:1210,766.39,938.13,56.52,30.58,0.28,0.0
20230817:1310,737.38,871.84,51.23,31.21,1.59,0.0
20230817:1410,551.19,628.06,43.12,29.77,2.14,0.0
20230817:1510,460.13,526.88,33.52,29.37,0.83,0.0
20230817:1610,202.84,238.75,23.25,29.31,0.83,0.0
20230817:1710,156.23,194.55,12.81,29.02,1.03,0.0
20230817:1810,2.66,11.36,2.58,27.96,0.69,0.0
20230817:1910,0.0,0.0,0.0,26.06,1.72,0.0
20230817:2010,0.0,0.0,0.0,24.65,2.07,0.0
20230817:2110,0.0,0.0,0.0,23.6,1.66,0.0
20230817:2210,0.0,0.0,0.0,23.53,1.03,0.0
20230817:2310,0.0,0.0,0.0,23.27,0.83,0.0
20230818:0010,0.0,0.0,0.0,21.59,1.24,0.0
20230818:0110,0.0,0.0,0.0,21.24,1.17,0.0
20230818:0210,0.0,0.0,0.0,21.46,1.03,0.0
20230818:0310,0.0,0.0,0.0,21.54,0.97,0.0
20230818:0410,0.0,0.0,0.0,19.56,1.03,0.0
20230818:0510,21.96,36.92,6.28,18.93,1.1,0.0
20230818:0610,62.82,103.82,16.64,20.81,0.97,0.0
20230818:0710,238.82,291.07,27.06,22.47,0.62,0.0
20230818:0810,438.45,501.29,37.13,24.9,0.14,0.0
20230818:0910,598.53,694.75,46.25,26.84,0.14,0.0
20230818:1010,716.65,847.77,53.42,28.38,0.55,0.0
20230818:1110,786.08,939.51,57.14,29.68,1.03,0.0
20230818:1210,806.77,964.53,56.19,30.62,1.45,0.0
20230818:1310,775.43,927.62,50.92,31.3,1.31,0.0
20230818:1410,691.52,817.14,42.84,31.71,1.24,0.0
20230818:1510,556.82,646.21,33.25,31.84,1.24,0.0
20230818:1610,387.07,449.81,22.99,31.47,0.69,0.0
20230818:1710,175.39,219.27,12.55,30.7,1.1,0.0
20230818:1810,2.61,11.36,2.31,30.11,0.62,0.0
20230818:1910,0.0,0.0,0.0,27.72,1.03,0.0
20230818:2010,0.0,0.0,0.0,25.51,1.45,0.0
20230818:2110,0.0,0.0,0.0,24.32,1.59,0.0
20230818:2210,0.0,0.0,0.0,23.69,1.52,0.0
20230818:2310,0.0,0.0,0.0,23.27,1.52,0.0
20230819:0010,0.0,0.0,0.0,22.86,1.52,0.0
20230819:0110,0.0,0.0,0.0,22.32,1.59,0.0
20230819:0210,0.0,0.0,0.0,21.75,1.59,0.0
20230819:0310,0.0,0.0,0.0,21.31,1.59,0.0
20230819:0410,0.0,0.0,0.0,20.89,1.52,0.0
20230819:0510,20.19,35.03,6.09,20.64,1.45,0.0
20230819:0610,67.57,106.46,16.45,22.61,0.76,0.0
20230819:0710,232.47,286.61,26.87,25.1,0.83,0.0
20230819:0810,429.53,494.19,36.93,27.15,0.48,0.0
20230819:0910,590.82,688.48,46.02,28.84,0.41,0.0
20230819:1010,705.37,840.04,53.14,30.22,0.62,0.0
20230819:1110,768.64,926.31,56.82,31.35,0.97,0.0
20230819:1210,787.82,957.11,55.86,32.26,1.03,0.0
20230819:1310,760.19,924.52,50.61,32.94,0.9,0.0
20230819:1410,687.72,824.8,42.55,33.23,0.9,0.0
20230819:1510,562.91,661.73,32.98,33.39,0.97,0.0
20230819:1610,382.43,448.45,22.72,33.09,0.62,0.0
20230819:1710,158.55,201.43,12.28,32.13,0.55,0.0
20230819:1810,0.69,7.57,2.03,30.99,0.9,0.0
20230819:1910,0.0,0.0,0.0,28.94,1.1,0.0
20230819:2010,0.0,0.0,0.0,27.2,1.31,0.0
20230819:2110,0.0,0.0,0.0,25.85,1.59,0.0
20230819:2210,0.0,0.0,0.0,24.95,1.66,0.0
20230819:2310,0.0,0.0,0.0,24.45,1.59,0.0
20230820:0010,0.0,0.0,0.0,24.08,1.52,0.0
20230820:0110,0.0,0.0,0.0,23.68,1.52,0.0
20230820:0210,0.0,0.0,0.0,23.37,1.52,0.0
20230820:0310,0.0,0.0,0.0,23.03,1.52,0.0
20230820:0410,0.0,0.0,0.0,22.55,1.38,0.0
20230820:0510,17.74,32.19,5.89,22.03,1.17,0.0
20230820:0610,70.59,107.61,16.27,23.82,0.97,0.0
20230820:0710,227.11,282.77,26.68,26.79,0.55,0.0
20230820:0810,420.63,487.24,36.72,28.2,0.34,0.0
20230820:0910,578.68,678.34,45.78,29.46,0.21,0.0
20230820:1010,694.6,833.35,52.86,30.64,0.34,0.0
20230820:1110,752.92,918.18,56.51,31.72,0.48,0.0
20230820:1210,776.95,954.06,55.53,32.58,0.62,0.0
20230820:1310,750.36,915.61,50.3,33.26,0.76,0.0
20230820:1410,675.32,810.74,42.25,33.8,0.9,0.0
20230820:1510,558.87,653.15,32.7,33.76,1.45,0.0
20230820:1610,382.84,444.18,22.45,33.46,2.0,0.0
20230820:1710,152.37,193.89,12.01,32.7,2.21,0.0
20230820:1810,0.0,5.68,1.75,31.45,2.07,0.0
20230820:1910,0.0,0.0,0.0,29.92,2.28,0.0
20230820:2010,0.0,0.0,0.0,28.87,2.21,0.0
20230820:2110,0.0,0.0,0.0,27.81,1.79,0.0
20230820:2210,0.0,0.0,0.0,26.95,1.59,0.0
20230820:2310,0.0,0.0,0.0,26.58,1.38,0.0
20230821:0010,0.0,0.0,0.0,26.17,1.38,0.0
20230821:0110,0.0,0.0,0.0,25.52,1.38,0.0
20230821:0210,0.0,0.0,0.0,25.11,1.45,0.0
20230821:0310,0.0,0.0,0.0,24.85,1.31,0.0
20230821:0410,0.0,0.0,0.0,24.46,1.38,0.0
20230821:0510,16.09,30.29,5.7,23.56,1.52,0.0
20230821:0610,65.38,103.82,16.08,25.45,1.03,0.0
20230821:0710,224.35,281.61,26.49,27.92,0.55,0.0
20230821:0810,417.09,485.71,36.52,29.24,0.34,0.0
20230821:0910,574.15,676.98,45.54,30.63,0.21,0.0
20230821:1010,687.48,827.62,52.58,31.75,0.41,0.0
20230821:1110,749.13,916.84,56.18,32.77,0.55,0.0
20230821:1210,767.49,946.08,55.2,33.53,0.62,0.0
20230821:1310,744.02,913.09,49.98,33.81,0.62,0.0
20230821:1410,665.7,808.07,41.96,34.05,0.41,0.0
20230821:1510,542.78,645.47,32.42,34.2,0.41,0.0
20230821:1610,360.22,425.12,22.17,34.01,0.48,0.0
20230821:1710,145.11,187.39,11.73,33.42,0.48,0.0
20230821:1810,0.0,3.79,1.47,32.72,0.55,0.0
20230821:1910,0.0,0.0,0.0,29.86,1.03,0.0
20230821:2010,0.0,0.0,0.0,28.73,1.17,0.0
20230821:2110,0.0,0.0,0.0,27.64,1.24,0.0
20230821:2210,0.0,0.0,0.0,27.16,1.17,0.0
20230821:2310,0.0,0.0,0.0,26.26,1.31,0.0
20230822:0010,0.0,0.0,0.0,25.56,1.38,0.0
20230822:0110,0.0,0.0,0.0,24.7,1.45,0.0
20230822:0210,0.0,0.0,0.0,24.06,1.59,0.0
20230822:0310,0.0,0.0,0.0,23.65,1.59,0.0
20230822:0410,0.0,0.0,0.0,23.12,1.52,0.0
20230822:0510,16.88,31.24,5.51,23.12,1.45,0.0
20230822:0610,62.0,100.6,15.89,24.64,1.24,0.0
20230822:0710,225.59,282.14,26.3,27.27,1.1,0.0
20230822:0810,422.9,489.76,36.31,29.53,0.97,0.0
20230822:0910,577.37,679.52,45.3,31.25,0.48,0.0
20230822:1010,680.57,826.38,52.3,32.5,0.21,0.0
20230822:1110,750.02,921.84,55.86,33.46,0.55,0.0
20230822:1210,771.22,951.64,54.86,34.23,0.76,0.0
20230822:1310,739.32,911.87,49.65,34.8,0.62,0.0
20230822:1410,666.38,811.56,41.65,34.89,0.48,0.0
20230822:1510,542.17,642.83,32.13,34.8,0.76,0.0
20230822:1610,365.89,429.88,21.89,34.68,1.31,0.0
20230822:1710,141.58,182.67,11.45,33.38,1.66,0.0
20230822:1810,0.0,0.0,0.0,32.08,1.79,0.0
20230822:1910,0.0,0.0,0.0,31.33,0.69,0.0
20230822:2010,0.0,0.0,0.0,29.17,1.03,0.0
20230822:2110,0.0,0.0,0.0,28.0,1.1,0.0
20230822:2210,0.0,0.0,0.0,27.55,1.03,0.0
20230822:2310,0.0,0.0,0.0,26.54,1.17,0.0
20230823:0010,0.0,0.0,0.0,25.55,1.38,0.0
20230823:0110,0.0,0.0,0.0,24.89,1.52,0.0
20230823:0210,0.0,0.0,0.0,24.42,1.52,0.0
20230823:0310,0.0,0.0,0.0,23.93,1.59,0.0
20230823:0410,0.0,0.0,0.0,23.55,1.38,0.0
20230823:0510,15.35,29.35,5.31,23.52,1.45,0.0
20230823:0610,63.4,100.92,15.7,24.8,1.24,0.0
20230823:0710,222.5,279.94,26.1,27.69,0.48,0.0
20230823:0810,413.17,483.72,36.09,29.7,0.14,0.0
20230823:0910,571.5,675.29,45.06,31.34,0.28,0.0
20230823:1010,677.63,825.16,52.01,32.76,0.14,0.0
20230823:1110,734.86,914.44,55.53,33.93,0.14,0.0
20230823:1210,756.87,943.75,54.52,34.77,0.41,0.0
20230823:1310,733.04,904.72,49.32,35.42,0.69,0.0
20230823:1410,658.2,798.18,41.35,35.53,0.76,0.0
20230823:1510,524.88,630.6,31.84,35.46,0.14,0.0
20230823:1610,349.61,414.69,21.61,35.32,0.69,0.0
20230823:1710,127.05,166.4,11.17,34.25,1.31,0.0
20230823:1810,0.0,0.0,0.0,32.65,1.59,0.0
20230823:1910,0.0,0.0,0.0,31.23,1.03,0.0
20230823:2010,0.0,0.0,0.0,29.09,1.31,0.0
20230823:2110,0.0,0.0,0.0,27.67,1.45,0.0
20230823:2210,0.0,0.0,0.0,26.68,1.59,0.0
20230823:2310,0.0,0.0,0.0,26.03,1.66,0.0
20230824:0010,0.0,0.0,0.0,25.75,1.45,0.0
20230824:0110,0.0,0.0,0.0,25.22,1.45,0.0
20230824:0210,0.0,0.0,0.0,24.9,1.38,0.0
20230824:0310,0.0,0.0,0.0,24.28,1.59,0.0
20230824:0410,0.0,0.0,0.0,24.08,1.59,0.0
20230824:0510,14.6,28.4,5.12,23.75,1.52,0.0
20230824:0610,64.94,101.13,15.51,25.43,0.83,0.0
20230824:0710,219.16,276.66,25.91,28.86,0.48,0.0
20230824:0810,410.06,477.92,35.88,30.37,0.76,0.0
20230824:0910,568.06,666.13,44.82,31.66,0.76,0.0
20230824:1010,680.93,814.72,51.72,32.83,0.9,0.0
20230824:1110,742.72,908.01,55.2,33.73,0.76,0.0
20230824:1210,752.61,935.69,54.17,34.44,0.41,0.0
20230824:1310,726.9,896.19,48.99,34.82,0.55,0.0
20230824:1410,145.75,181.51,41.03,34.93,1.31,0.0
20230824:1510,87.01,115.5,31.54,34.27,0.55,0.0
20230824:1610,41.48,63.09,21.32,34.28,0.83,0.0
20230824:1710,84.66,115.14,10.88,33.2,0.9,0.0
20230824:1810,0.0,0.0,0.0,31.33,2.69,0.0
20230824:1910,0.0,0.0,0.0,30.31,2.0,0.0
20230824:2010,0.0,0.0,0.0,29.33,1.79,0.0
20230824:2110,0.0,0.0,0.0,28.25,1.72,0.0
20230824:2210,0.0,0.0,0.0,27.34,1.72,0.0
20230824:2310,0.0,0.0,0.0,26.67,1.79,0.0
20230825:0010,0.0,0.0,0.0,26.15,1.79,0.0
20230825:0110,0.0,0.0,0.0,25.78,1.79,0.0
20230825:0210,0.0,0.0,0.0,25.27,1.79,0.0
20230825:0310,0.0,0.0,0.0,24.86,1.72,0.0
20230825:0410,0.0,0.0,0.0,24.35,1.66,0.0
20230825:0510,13.13,26.51,4.92,23.95,1.45,0.0
20230825:0610,63.59,99.91,15.32,25.85,1.1,0.0
20230825:0710,221.89,276.35,25.71,26.87,1.79,0.0
20230825:0810,414.74,478.68,35.67,28.69,0.9,0.0
20230825:0910,565.82,664.8,44.57,30.15,0.21,0.0
20230825:1010,679.13,813.47,51.43,31.12,0.41,0.0
20230825:1110,743.83,905.71,54.86,31.78,0.48,0.0
20230825:1210,768.32,934.4,53.82,32.82,0.97,0.0
20230825:1310,736.8,899.92,48.66,32.96,0.55,0.0
20230825:1410,654.67,786.47,40.72,32.91,0.48,0.0
20230825:1510,537.63,623.83,31.24,32.41,1.31,0.0
20230825:1610,352.8,406.65,21.03,31.75,2.07,0.0
20230825:1710,142.22,182.53,10.59,30.79,1.86,0.0
20230825:1810,0.0,0.0,0.0,29.16,2.34,0.0
20230825:1910,0.0,0.0,0.0,28.35,2.28,0.0
20230825:2010,0.0,0.0,0.0,27.35,1.59,0.0
20230825:2110,0.0,0.0,0.0,26.49,1.86,0.0
20230825:2210,0.0,0.0,0.0,25.52,1.72,0.0
20230825:2310,0.0,0.0,0.0,25.04,1.66,0.0
20230826:0010,0.0,0.0,0.0,24.66,2.0,0.0
20230826:0110,0.0,0.0,0.0,24.15,1.86,0.0
20230826:0210,0.0,0.0,0.0,23.74,1.72,0.0
20230826:0310,0.0,0.0,0.0,23.38,1.93,0.0
20230826:0410,0.0,0.0,0.0,23.15,1.86,0.0
20230826:0510,9.68,21.77,4.72,22.75,1.72,0.0
20230826:0610,22.19,37.85,15.13,23.52,1.24,0.0
20230826:0710,68.48,90.27,25.51,24.16,2.14,0.0
20230826:0810,120.94,146.56,35.45,24.51,2.0,0.0
20230826:0910,108.24,133.95,44.32,25.71,1.38,0.0
20230826:1010,539.4,617.88,51.13,26.34,0.55,0.0
20230826:1110,280.91,322.8,54.52,27.09,0.83,0.0
20230826:1210,238.65,276.6,53.47,27.38,0.9,0.0
20230826:1310,49.87,70.86,48.32,27.34,0.97,0.0
20230826:1410,34.74,53.38,40.4,26.95,1.17,0.0
20230826:1510,67.76,90.27,30.94,25.62,0.48,0.0
20230826:1610,22.98,38.82,20.73,23.72,1.93,0.0
20230826:1710,98.32,125.48,10.29,22.55,2.69,0.0
20230826:1810,0.0,0.0,0.0,21.39,2.41,0.0
20230826:1910,0.0,0.0,0.0,20.35,2.62,0.0
20230826:2010,0.0,0.0,0.0,20.1,2.69,0.0
20230826:2110,0.0,0.0,0.0,19.78,2.55,0.0
20230826:2210,0.0,0.0,0.0,19.65,1.72,0.0
20230826:2310,0.0,0.0,0.0,19.72,1.72,0.0
20230827:0010,0.0,0.0,0.0,19.72,1.86,0.0
20230827:0110,0.0,0.0,0.0,19.64,1.66,0.0
20230827:0210,0.0,0.0,0.0,19.45,1.31,0.0
20230827:0310,0.0,0.0,0.0,19.41,1.1,0.0
20230827:0410,0.0,0.0,0.0,19.29,1.03,0.0
20230827:0510,0.8,7.57,4.52,19.24,0.9,0.0
20230827:0610,77.48,104.75,14.93,19.48,0.34,0.0
20230827:0710,17.73,32.03,25.31,20.72,0.48,0.0
20230827:0810,47.07,66.0,35.23,21.03,0.48,0.0
20230827:0910,65.84,86.39,44.07,20.77,0.48,0.0
20230827:1010,128.51,152.39,50.83,20.39,0.62,0.0
20230827:1110,286.73,316.76,54.18,20.23,1.86,0.0
20230827:1210,218.71,244.91,53.11,19.71,1.86,0.0
20230827:1310,125.36,148.51,47.97,20.41,2.21,0.0
20230827:1410,184.35,209.61,40.08,20.21,1.86,0.0
20230827:1510,108.42,131.03,30.63,20.53,1.86,0.0
20230827:1610,91.2,113.05,20.44,20.44,1.24,0.0
20230827:1710,29.04,45.72,9.99,20.76,0.69,0.0
20230827:1810,0.0,0.0,0.0,20.51,0.34,0.0
20230827:1910,0.0,0.0,0.0,19.62,3.52,0.0
20230827:2010,0.0,0.0,0.0,19.04,3.86,0.0
20230827:2110,0.0,0.0,0.0,18.56,3.45,0.0
20230827:2210,0.0,0.0,0.0,18.08,3.17,0.0
20230827:2310,0.0,0.0,0.0,17.64,3.31,0.0
20230828:0010,0.0,0.0,0.0,17.3,3.72,0.0
20230828:0110,0.0,0.0,0.0,16.89,3.93,0.0
20230828:0210,0.0,0.0,0.0,16.41,3.72,0.0
20230828:0310,0.0,0.0,0.0,16.0,3.59,0.0
20230828:0410,0.0,0.0,0.0,15.66,4.41,0.0
20230828:0510,9.4,20.83,4.33,15.41,4.48,0.0
20230828:0610,6.97,17.47,14.74,15.21,4.62,0.0
20230828:0710,18.17,32.03,25.11,16.56,3.03,0.0
20230828:0810,30.65,46.59,35.01,16.64,3.17,0.0
20230828:0910,41.11,58.24,43.81,16.82,3.52,0.0
20230828:1010,49.25,66.97,50.53,16.56,4.14,0.0
20230828:1110,137.18,157.24,53.84,16.09,4.28,0.0
20230828:1210,255.64,276.63,52.75,16.25,4.48,0.0
20230828:1310,408.63,432.78,47.63,16.74,4.07,0.0
20230828:1410,60.21,78.62,39.75,16.54,4.28,0.0
20230828:1510,31.66,47.56,30.32,15.87,4.41,0.0
20230828:1610,38.75,55.33,20.13,15.44,4.21,0.0
20230828:1710,37.92,54.71,9.69,15.21,4.14,0.0
20230828:1810,0.0,0.0,0.0,14.89,3.93,0.0
20230828:1910,0.0,0.0,0.0,15.39,3.86,0.0
20230828:2010,0.0,0.0,0.0,15.27,4.0,0.0
20230828:2110,0.0,0.0,0.0,15.11,4.0,0.0
20230828:2210,0.0,0.0,0.0,14.97,3.93,0.0
20230828:2310,0.0,0.0,0.0,14.91,3.86,0.0
20230829:0010,0.0,0.0,0.0,15.0,3.72,0.0
20230829:0110,0.0,0.0,0.0,14.98,3.52,0.0
20230829:0210,0.0,0.0,0.0,15.08,3.45,0.0
20230829:0310,0.0,0.0,0.0,15.05,3.45,0.0
20230829:0410,0.0,0.0,0.0,15.07,3.38,0.0
20230829:0510,5.36,15.15,4.13,15.12,3.24,0.0
20230829:0610,71.94,91.65,14.54,15.31,3.17,0.0
20230829:0710,222.69,255.81,24.91,16.34,3.1,0.0
20230829:0810,457.84,490.96,34.79,17.78,3.66,0.0
20230829:0910,651.15,693.05,43.55,19.08,4.14,0.0
20230829:1010,750.88,808.14,50.23,20.21,4.34,0.0
20230829:1110,809.68,882.9,53.49,21.34,4.28,0.0
20230829:1210,712.24,776.51,52.39,22.23,4.21,0.0
20230829:1310,826.25,908.63,47.28,22.71,4.14,0.0
20230829:1410,680.5,739.76,39.42,22.77,4.0,0.0
20230829:1510,482.68,521.33,30.01,22.63,3.72,0.0
20230829:1610,285.27,314.74,19.83,21.88,3.17,0.0
20230829:1710,141.09,174.23,9.39,20.79,3.31,0.0
20230829:1810,0.0,0.0,0.0,19.58,3.24,0.0
20230829:1910,0.0,0.0,0.0,18.77,3.38,0.0
20230829:2010,0.0,0.0,0.0,18.22,3.45,0.0
20230829:2110,0.0,0.0,0.0,17.61,3.24,0.0
20230829:2210,0.0,0.0,0.0,16.95,3.03,0.0
20230829:2310,0.0,0.0,0.0,16.3,2.83,0.0
20230830:0010,0.0,0.0,0.0,15.76,2.76,0.0
20230830:0110,0.0,0.0,0.0,15.35,2.76,0.0
20230830:0210,0.0,0.0,0.0,15.04,2.69,0.0
20230830:0310,0.0,0.0,0.0,14.7,2.69,0.0
20230830:0410,0.0,0.0,0.0,14.38,2.69,0.0
20230830:0510,9.47,20.83,3.93,14.07,2.69,0.0
20230830:0610,48.81,84.49,14.35,14.53,2.41,0.0
20230830:0710,236.09,282.99,24.71,16.84,2.21,0.0
20230830:0810,455.17,495.23,34.56,18.69,2.14,0.0
20230830:0910,615.19,673.68,43.3,20.11,1.59,0.0
20230830:1010,729.08,824.07,49.92,21.31,0.9,0.0
20230830:1110,787.86,918.68,53.14,22.2,0.34,0.0
20230830:1210,811.0,952.04,52.03,22.81,0.41,0.0
20230830:1310,784.18,908.75,46.92,23.04,0.69,0.0
20230830:1410,676.86,767.04,39.09,23.12,0.83,0.0
20230830:1510,562.9,627.79,29.69,23.04,0.83,0.0
20230830:1610,363.12,403.89,19.52,22.77,1.17,0.0
20230830:1710,129.14,162.72,9.08,21.93,1.17,0.0
20230830:1810,0.0,0.0,0.0,20.04,1.17,0.0
20230830:1910,0.0,0.0,0.0,19.18,1.03,0.0
20230830:2010,0.0,0.0,0.0,19.42,0.76,0.0
20230830:2110,0.0,0.0,0.0,18.81,0.76,0.0
20230830:2210,0.0,0.0,0.0,18.06,0.9,0.0
20230830:2310,0.0,0.0,0.0,16.85,1.1,0.0
20230831:0010,0.0,0.0,0.0,15.62,1.17,0.0
20230831:0110,0.0,0.0,0.0,14.61,1.38,0.0
20230831:0210,0.0,0.0,0.0,14.2,1.45,0.0
20230831:0310,0.0,0.0,0.0,13.75,1.52,0.0
20230831:0410,0.0,0.0,0.0,13.55,1.59,0.0
20230831:0510,4.16,13.25,3.72,13.2,1.72,0.0
20230831:0610,69.44,97.39,14.15,14.2,1.45,0.0
20230831:0710,225.84,270.17,24.5,17.37,1.03,0.0
20230831:0810,436.16,483.15,34.34,19.16,0.48,0.0
20230831:0910,603.32,675.57,43.03,20.59,0.28,0.0
20230831:1010,713.96,807.64,49.61,21.3,0.76,0.0
20230831:1110,737.31,834.96,52.79,21.88,1.17,0.0
20230831:1210,679.06,764.14,51.66,22.38,1.31,0.0
20230831:1310,680.72,766.39,46.57,22.59,1.24,0.0
20230831:1410,368.05,407.01,38.75,22.38,1.17,0.0
20230831:1510,284.8,316.51,29.37,22.18,1.17,0.0
20230831:1610,102.24,125.34,19.21,21.79,1.24,0.0
20230831:1710,116.69,148.4,8.77,21.24,0.97,0.0
20230831:1810,0.0,0.0,0.0,20.5,0.48,0.0
20230831:1910,0.0,0.0,0.0,19.23,0.97,0.0
20230831:2010,0.0,0.0,0.0,18.52,1.1,0.0
20230831:2110,0.0,0.0,0.0,17.97,1.1,0.0
20230831:2210,0.0,0.0,0.0,17.35,1.17,0.0
20230831:2310,0.0,0.0,0.0,17.04,1.1,0.0
20230901:0010,0.0,0.0,0.0,16.97,1.03,0.0
20230901:0110,0.0,0.0,0.0,17.7,0.76,0.0
20230901:0210,0.0,0.0,0.0,17.68,0.69,0.0
20230901:0310,0.0,0.0,0.0,17.6,0.62,0.0
20230901:0410,0.0,0.0,0.0,17.53,0.69,0.0
20230901:0510,3.45,12.31,3.52,17.36,0.76,0.0
20230901:0610,69.32,90.73,13.95,17.72,0.55,0.0
20230901:0710,176.51,205.17,24.29,18.68,0.14,0.0
20230901:0810,297.62,331.63,34.11,19.51,0.07,0.0
20230901:0910,395.3,439.11,42.77,20.48,0.07,0.0
20230901:1010,556.92,623.07,49.3,21.33,0.48,0.0
20230901:1110,515.01,574.11,52.44,21.76,0.76,0.0
20230901:1210,685.19,779.3,51.29,22.39,0.76,0.0
20230901:1310,721.56,825.16,46.21,22.54,0.69,0.0
20230901:1410,598.76,672.32,38.41,22.74,0.69,0.0
20230901:1510,521.78,580.83,29.05,22.59,0.55,0.0
20230901:1610,359.67,401.05,18.89,22.34,0.76,0.0
20230901:1710,84.5,111.66,8.45,22.04,1.03,0.0
20230901:1810,0.0,0.0,0.0,21.05,1.38,0.0
20230901:1910,0.0,0.0,0.0,19.99,1.52,0.0
20230901:2010,0.0,0.0,0.0,19.23,1.45,0.0
20230901:2110,0.0,0.0,0.0,18.29,1.31,0.0
20230901:2210,0.0,0.0,0.0,18.06,1.17,0.0
20230901:2310,0.0,0.0,0.0,17.74,1.1,0.0
20230902:0010,0.0,0.0,0.0,17.35,1.17,0.0
20230902:0110,0.0,0.0,0.0,16.67,1.38,0.0
20230902:0210,0.0,0.0,0.0,16.27,1.52,0.0
20230902:0310,0.0,0.0,0.0,15.82,1.59,0.0
20230902:0410,0.0,0.0,0.0,15.68,1.66,0.0
20230902:0510,5.34,15.15,3.32,15.52,1.66,0.0
20230902:0610,52.43,84.69,13.75,16.86,1.24,0.0
20230902:0710,219.27,268.01,24.09,20.42,0.97,0.0
20230902:0810,402.46,449.16,33.88,21.67,0.83,0.0
20230902:0910,583.89,655.66,42.51,22.68,0.62,0.0
20230902:1010,690.14,787.42,48.99,23.46,0.76,0.0
20230902:1110,746.49,858.6,52.08,23.8,0.97,0.0
20230902:1210,708.08,810.4,50.92,24.25,1.1,0.0
20230902:1310,666.03,759.93,45.85,24.54,0.97,0.0
20230902:1410,599.57,682.0,38.07,24.45,0.48,0.0
20230902:1510,471.6,531.06,28.72,24.69,0.28,0.0
20230902:1610,329.18,372.82,18.57,24.61,0.41,0.0
20230902:1710,114.05,148.48,8.14,24.11,0.69,0.0
20230902:1810,0.0,0.0,0.0,22.36,1.1,0.0
20230902:1910,0.0,0.0,0.0,21.13,1.31,0.0
20230902:2010,0.0,0.0,0.0,19.94,1.45,0.0
20230902:2110,0.0,0.0,0.0,18.94,1.52,0.0
20230902:2210,0.0,0.0,0.0,18.15,1.66,0.0
20230902:2310,0.0,0.0,0.0,17.58,1.66,0.0
20230903:0010,0.0,0.0,0.0,17.16,1.59,0.0
20230903:0110,0.0,0.0,0.0,16.51,1.52,0.0
20230903:0210,0.0,0.0,0.0,16.28,1.31,0.0
20230903:0310,0.0,0.0,0.0,16.72,1.59,0.0
20230903:0410,0.0,0.0,0.0,16.55,1.66,0.0
20230903:0510,3.48,12.31,3.12,16.18,1.79,0.0
20230903:0610,59.02,89.02,13.55,16.99,1.59,0.0
20230903:0710,202.67,236.81,23.88,18.68,1.24,0.0
20230903:0810,363.43,404.48,33.65,21.05,0.76,0.0
20230903:0910,588.55,658.6,42.24,22.99,0.97,0.0
20230903:1010,681.03,772.09,48.67,24.55,1.38,0.0
20230903:1110,739.81,851.05,51.72,25.7,1.45,0.0
20230903:1210,708.32,813.97,50.54,26.55,1.59,0.0
20230903:1310,711.39,820.35,45.48,27.04,1.45,0.0
20230903:1410,625.64,713.22,37.72,27.18,1.38,0.0
20230903:1510,519.09,584.54,28.39,27.0,1.38,0.0
20230903:1610,186.35,218.21,18.25,26.67,1.17,0.0
20230903:1710,82.88,112.52,7.82,25.53,0.41,0.0
20230903:1810,0.0,0.0,0.0,23.98,0.76,0.0
20230903:1910,0.0,0.0,0.0,23.27,1.03,0.0
20230903:2010,0.0,0.0,0.0,21.72,1.31,0.0
20230903:2110,0.0,0.0,0.0,20.43,1.66,0.0
20230903:2210,0.0,0.0,0.0,19.92,1.66,0.0
20230903:2310,0.0,0.0,0.0,19.48,1.72,0.0
20230904:0010,0.0,0.0,0.0,19.13,1.72,0.0
20230904:0110,0.0,0.0,0.0,18.91,1.66,0.0
20230904:0210,0.0,0.0,0.0,18.75,1.66,0.0
20230904:0310,0.0,0.0,0.0,18.49,1.66,0.0
20230904:0410,0.0,0.0,0.0,18.44,1.52,0.0
20230904:0510,0.81,7.57,2.91,17.81,1.31,0.0
20230904:0610,66.07,92.01,13.35,18.9,0.97,0.0
20230904:0710,191.46,227.83,23.67,21.97,0.76,0.0
20230904:0810,412.21,461.15,33.42,23.45,1.59,0.0
20230904:0910,557.17,620.26,41.97,24.04,1.59,0.0
20230904:1010,525.46,588.08,48.36,24.82,1.59,0.0
20230904:1110,579.52,652.19,51.36,25.37,1.72,0.0
20230904:1210,524.62,587.06,50.16,25.51,2.0,0.0
20230904:1310,573.57,640.89,45.11,25.58,2.21,0.0
20230904:1410,558.27,621.05,37.38,25.29,2.07,0.0
20230904:1510,469.52,521.33,28.06,25.14,1.59,0.0
20230904:1610,300.9,340.75,17.93,24.75,0.83,0.0
20230904:1710,79.83,108.77,7.5,24.31,0.48,0.0
20230904:1810,0.0,0.0,0.0,23.3,0.83,0.0
20230904:1910,0.0,0.0,0.0,22.34,1.24,0.0
20230904:2010,0.0,0.0,0.0,21.44,1.45,0.0
20230904:2110,0.0,0.0,0.0,21.1,1.38,0.0
20230904:2210,0.0,0.0,0.0,20.61,1.45,0.0
20230904:2310,0.0,0.0,0.0,20.51,1.72,0.0
20230905:0010,0.0,0.0,0.0,20.72,2.21,0.0
20230905:0110,0.0,0.0,0.0,20.47,2.34,0.0
20230905:0210,0.0,0.0,0.0,20.07,2.21,0.0
20230905:0310,0.0,0.0,0.0,19.81,2.0,0.0
20230905:0410,0.0,0.0,0.0,19.64,1.66,0.0
20230905:0510,0.0,2.84,2.71,19.37,1.31,0.0
20230905:0610,34.41,51.44,13.15,19.44,1.1,0.0
20230905:0710,75.32,96.09,23.45,19.93,1.17,0.0
20230905:0810,111.33,133.95,33.18,20.1,1.45,0.0
20230905:0910,102.03,124.24,41.69,20.42,2.14,0.0
20230905:1010,251.88,279.79,48.04,20.39,2.28,0.0
20230905:1110,201.9,228.1,51.0,20.58,2.21,0.0
20230905:1210,322.68,355.37,49.79,20.97,2.0,0.0
20230905:1310,321.37,354.86,44.74,21.57,1.79,0.0
20230905:1410,174.41,201.01,37.02,21.89,1.52,0.0
20230905:1510,184.41,211.26,27.72,21.98,1.17,0.0
20230905:1610,325.02,362.05,17.6,21.79,0.97,0.0
20230905:1710,86.61,115.82,7.17,21.33,0.9,0.0
20230905:1810,0.0,0.0,0.0,19.93,1.03,0.0
20230905:1910,0.0,0.0,0.0,18.73,1.24,0.0
20230905:2010,0.0,0.0,0.0,17.82,1.59,0.0
20230905:2110,0.0,0.0,0.0,17.76,1.86,0.0
20230905:2210,0.0,0.0,0.0,17.44,2.0,0.0
20230905:2310,0.0,0.0,0.0,17.09,2.07,0.0
20230906:0010,0.0,0.0,0.0,16.78,2.0,0.0
20230906:0110,0.0,0.0,0.0,16.54,2.0,0.0
20230906:0210,0.0,0.0,0.0,16.31,2.0,0.0
20230906:0310,0.0,0.0,0.0,16.14,2.0,0.0
20230906:0410,0.0,0.0,0.0,16.19,2.0,0.0
20230906:0510,2.35,10.41,2.51,15.93,2.0,0.0
20230906:0610,40.17,73.24,12.95,16.53,1.66,0.0
20230906:0710,218.26,268.45,23.24,19.47,1.03,0.0
20230906:0810,427.95,478.22,32.95,21.05,0.62,0.0
20230906:0910,598.59,673.25,41.42,22.01,0.41,0.0
20230906:1010,715.93,816.42,47.71,22.82,0.76,0.0
20230906:1110,775.19,897.41,50.63,23.39,0.76,0.0
20230906:1210,779.21,914.39,49.4,23.9,0.41,0.0
20230906:1310,749.96,886.43,44.37,24.28,0.0,0.0
20230906:1410,674.46,777.29,36.67,24.5,0.34,0.0
20230906:1510,530.07,596.11,27.39,24.61,0.62,0.0
20230906:1610,331.18,374.99,17.27,24.49,0.62,0.0
20230906:1710,89.07,120.79,6.85,23.7,0.34,0.0
20230906:1810,0.0,0.0,0.0,23.24,0.48,0.0
20230906:1910,0.0,0.0,0.0,22.69,0.55,0.0
20230906:2010,0.0,0.0,0.0,22.06,0.83,0.0
20230906:2110,0.0,0.0,0.0,21.38,0.97,0.0
20230906:2210,0.0,0.0,0.0,19.49,1.31,0.0
20230906:2310,0.0,0.0,0.0,17.92,1.72,0.0
20230907:0010,0.0,0.0,0.0,16.37,1.86,0.0
20230907:0110,0.0,0.0,0.0,15.81,1.52,0.0
20230907:0210,0.0,0.0,0.0,16.31,1.79,0.0
20230907:0310,0.0,0.0,0.0,16.21,1.93,0.0
20230907:0410,0.0,0.0,0.0,16.26,2.07,0.0
20230907:0510,1.3,8.52,2.3,16.27,2.07,0.0
20230907:0610,41.65,73.71,12.74,16.69,2.0,0.0
20230907:0710,216.24,263.79,23.03,18.44,1.66,0.0
20230907:0810,427.63,474.43,32.71,20.61,1.1,0.0
20230907:0910,588.87,663.74,41.14,22.62,0.41,0.0
20230907:1010,711.14,815.55,47.39,23.69,0.69,0.0
20230907:1110,771.8,896.49,50.27,24.37,0.83,0.0
20230907:1210,780.99,913.49,49.02,24.89,0.76,0.0
20230907:1310,755.07,877.71,44.0,25.19,0.83,0.0
20230907:1410,666.36,762.83,36.32,25.41,0.83,0.0
20230907:1510,519.54,583.29,27.05,25.39,0.97,0.0
20230907:1610,313.6,355.83,16.94,25.09,0.9,0.0
20230907:1710,76.07,105.68,6.52,24.32,0.62,0.0
20230907:1810,0.0,0.0,0.0,23.93,0.21,0.0
20230907:1910,0.0,0.0,0.0,23.33,0.55,0.0
20230907:2010,0.0,0.0,0.0,22.71,0.69,0.0
20230907:2110,0.0,0.0,0.0,20.83,1.17,0.0
20230907:2210,0.0,0.0,0.0,19.32,1.59,0.0
20230907:2310,0.0,0.0,0.0,18.77,1.59,0.0
20230908:0010,0.0,0.0,0.0,18.46,1.59,0.0
20230908:0110,0.0,0.0,0.0,18.12,1.59,0.0
20230908:0210,0.0,0.0,0.0,17.66,1.66,0.0
20230908:0310,0.0,0.0,0.0,17.37,1.66,0.0
20230908:0410,0.0,0.0,0.0,17.27,1.59,0.0
20230908:0510,0.38,6.63,2.09,16.95,1.52,0.0
20230908:0610,45.0,75.64,12.54,17.87,0.97,0.0
20230908:0710,209.15,259.73,22.81,21.06,0.28,0.0
20230908:0810,410.22,464.68,32.47,22.67,0.14,0.0
20230908:0910,581.6,657.3,40.87,23.01,0.34,0.0
20230908:1010,700.95,807.27,47.06,23.57,0.41,0.0
20230908:1110,756.5,886.31,49.9,24.15,0.34,0.0
20230908:1210,766.46,902.52,48.64,24.58,0.34,0.0
20230908:1310,749.96,880.82,43.62,24.99,0.34,0.0
20230908:1410,661.41,763.28,35.96,25.43,0.41,0.0
20230908:1510,513.82,582.13,26.7,25.44,0.34,0.0
20230908:1610,309.01,353.39,16.61,25.29,0.21,0.0
20230908:1710,68.62,97.32,6.19,24.73,0.14,0.0
20230908:1810,0.0,0.0,0.0,24.05,0.34,0.0
20230908:1910,0.0,0.0,0.0,23.0,0.83,0.0
20230908:2010,0.0,0.0,0.0,22.62,0.76,0.0
20230908:2110,0.0,0.0,0.0,20.81,1.24,0.0
20230908:2210,0.0,0.0,0.0,19.11,1.66,0.0
20230908:2310,0.0,0.0,0.0,18.22,1.79,0.0
20230909:0010,0.0,0.0,0.0,17.44,1.72,0.0
20230909:0110,0.0,0.0,0.0,16.97,1.79,0.0
20230909:0210,0.0,0.0,0.0,16.48,1.59,0.0
20230909:0310,0.0,0.0,0.0,16.87,1.72,0.0
20230909:0410,0.0,0.0,0.0,17.07,1.86,0.0
20230909:0510,0.38,6.63,1.89,16.95,1.79,0.0
20230909:0610,37.9,69.42,12.33,17.37,1.59,0.0
20230909:0710,210.93,260.1,22.59,19.55,0.9,0.0
20230909:0810,416.28,469.41,32.23,22.0,0.28,0.0
20230909:0910,584.62,661.65,40.59,23.93,0.55,0.0
20230909:1010,708.27,812.57,46.73,24.9,0.97,0.0
20230909:1110,768.94,892.37,49.53,25.44,1.1,0.0
20230909:1210,775.0,901.78,48.25,25.89,1.17,0.0
20230909:1310,754.56,878.91,43.24,26.43,1.03,0.0
20230909:1410,659.86,755.55,35.6,26.58,1.1,0.0
20230909:1510,508.93,575.06,26.36,26.57,0.9,0.0
20230909:1610,305.01,349.07,16.28,26.12,0.69,0.0
20230909:1710,65.08,93.6,5.86,24.97,0.55,0.0
20230909:1810,0.0,0.0,0.0,24.74,0.21,0.0
20230909:1910,0.0,0.0,0.0,22.83,1.1,0.0
20230909:2010,0.0,0.0,0.0,21.67,1.17,0.0
20230909:2110,0.0,0.0,0.0,20.32,1.45,0.0
20230909:2210,0.0,0.0,0.0,19.09,1.72,0.0
20230909:2310,0.0,0.0,0.0,18.25,1.72,0.0
20230910:0010,0.0,0.0,0.0,17.76,1.66,0.0
20230910:0110,0.0,0.0,0.0,17.43,1.72,0.0
20230910:0210,0.0,0.0,0.0,16.9,1.59,0.0
20230910:0310,0.0,0.0,0.0,16.8,1.38,0.0
20230910:0410,0.0,0.0,0.0,17.19,1.59,0.0
20230910:0510,0.0,4.73,1.68,17.17,1.66,0.0
20230910:0610,39.69,69.94,12.12,17.4,1.45,0.0
20230910:0710,208.03,256.99,22.38,19.8,0.9,0.0
20230910:0810,412.78,466.33,31.98,22.53,0.34,0.0
20230910:0910,581.95,658.51,40.3,24.42,0.69,0.0
20230910:1010,700.78,804.31,46.4,25.41,1.03,0.0
20230910:1110,764.77,889.03,49.16,26.13,1.17,0.0
20230910:1210,773.82,904.67,47.86,26.78,1.17,0.0
20230910:1310,745.85,868.71,42.86,27.19,1.17,0.0
20230910:1410,658.0,756.36,35.24,27.37,1.1,0.0
20230910:1510,506.58,573.99,26.01,27.32,0.97,0.0
20230910:1610,299.08,344.05,15.94,26.94,0.69,0.0
20230910:1710,51.05,77.39,5.52,26.04,0.21,0.0
20230910:1810,0.0,0.0,0.0,25.43,0.28,0.0
20230910:1910,0.0,0.0,0.0,23.31,1.03,0.0
20230910:2010,0.0,0.0,0.0,22.38,1.1,0.0
20230910:2110,0.0,0.0,0.0,21.04,1.31,0.0
20230910:2210,0.0,0.0,0.0,19.88,1.52,0.0
20230910:2310,0.0,0.0,0.0,19.01,1.52,0.0
20230911:0010,0.0,0.0,0.0,18.29,1.59,0.0
20230911:0110,0.0,0.0,0.0,17.41,1.52,0.0
20230911:0210,0.0,0.0,0.0,17.25,1.38,0.0
20230911:0310,0.0,0.0,0.0,17.76,1.59,0.0
20230911:0410,0.0,0.0,0.0,17.45,1.66,0.0
20230911:0510,0.0,0.95,1.47,17.33,1.66,0.0
20230911:0610,47.74,75.22,11.92,17.57,1.45,0.0
20230911:0710,205.36,252.12,22.16,19.46,0.97,0.0
20230911:0810,407.71,459.01,31.74,22.03,0.41,0.0
20230911:0910,570.76,648.62,40.02,24.24,0.34,0.0
20230911:1010,694.15,801.06,46.07,25.55,0.76,0.0
20230911:1110,757.96,884.55,48.78,26.5,1.03,0.0
20230911:1210,757.42,887.07,47.47,27.28,1.1,0.0
20230911:1310,731.09,857.16,42.48,27.72,0.9,0.0
20230911:1410,644.77,745.29,34.87,28.0,0.9,0.0
20230911:1510,507.68,577.48,25.67,28.06,0.97,0.0
20230911:1610,291.06,336.98,15.6,27.75,0.55,0.0
20230911:1710,49.58,76.29,5.19,26.45,0.48,0.0
20230911:1810,0.0,0.0,0.0,25.94,0.41,0.0
20230911:1910,0.0,0.0,0.0,22.93,1.24,0.0
20230911:2010,0.0,0.0,0.0,22.56,1.1,0.0
20230911:2110,0.0,0.0,0.0,21.84,1.17,0.0
20230911:2210,0.0,0.0,0.0,21.76,1.1,0.0
20230911:2310,0.0,0.0,0.0,21.19,1.1,0.0
20230912:0010,0.0,0.0,0.0,20.6,1.24,0.0
20230912:0110,0.0,0.0,0.0,20.43,1.1,0.0
20230912:0210,0.0,0.0,0.0,20.2,1.1,0.0
20230912:0310,0.0,0.0,0.0,20.45,1.03,0.0
20230912:0410,0.0,0.0,0.0,18.46,1.24,0.0
20230912:0510,0.0,0.0,0.0,17.66,1.1,0.0
20230912:0610,29.4,45.62,11.71,18.82,0.97,0.0
20230912:0710,198.55,246.52,21.93,20.66,0.62,0.0
20230912:0810,389.07,438.83,31.49,22.7,0.48,0.0
20230912:0910,434.37,486.72,39.73,24.14,0.76,0.0
20230912:1010,369.46,416.01,45.73,25.08,0.97,0.0
20230912:1110,681.32,783.31,48.41,25.55,0.97,0.0
20230912:1210,641.9,741.16,47.08,26.24,0.69,0.0
20230912:1310,420.1,478.27,42.1,26.67,0.41,0.0
20230912:1410,602.32,689.91,34.51,26.94,0.76,0.0
20230912:1510,444.4,501.77,25.32,26.85,0.76,0.0
20230912:1610,105.63,132.07,15.26,26.44,0.21,0.0
20230912:1710,33.76,55.59,4.85,25.22,1.17,0.0
20230912:1810,0.0,0.0,0.0,24.13,1.59,0.0
20230912:1910,0.0,0.0,0.0,22.99,1.31,0.0
20230912:2010,0.0,0.0,0.0,21.92,1.38,0.0
20230912:2110,0.0,0.0,0.0,21.55,1.72,0.0
20230912:2210,0.0,0.0,0.0,20.73,0.83,0.0
20230912:2310,0.0,0.0,0.0,20.27,1.86,0.0
20230913:0010,0.0,0.0,0.0,19.62,1.52,0.0
20230913:0110,0.0,0.0,0.0,19.27,1.93,0.0
20230913:0210,0.0,0.0,0.0,19.0,1.79,0.0
20230913:0310,0.0,0.0,0.0,18.85,1.45,0.0
20230913:0410,0.0,0.0,0.0,18.62,1.52,0.0
20230913:0510,0.0,0.0,0.0,18.08,1.24,0.0
20230913:0610,34.37,51.5,11.5,19.03,0.28,0.0
20230913:0710,144.27,171.09,21.71,19.97,0.9,0.0
20230913:0810,64.94,85.41,31.24,20.73,0.41,0.0
20230913:0910,237.39,267.88,39.44,21.49,0.62,0.0
20230913:1010,222.64,253.32,45.4,22.02,0.41,0.0
20230913:1110,90.5,113.56,48.03,22.77,0.83,0.0
20230913:1210,167.44,195.09,46.68,22.94,0.97,0.0
20230913:1310,138.92,165.01,41.72,22.65,0.48,0.0
20230913:1410,129.12,154.33,34.14,22.52,0.9,0.0
20230913:1510,303.75,335.3,24.97,21.82,1.17,0.0
20230913:1610,14.61,28.15,14.92,21.25,1.31,0.0
20230913:1710,0.0,3.88,4.51,20.62,0.83,0.0
20230913:1810,0.0,0.0,0.0,20.15,0.76,0.0
20230913:1910,0.0,0.0,0.0,19.66,0.69,0.0
20230913:2010,0.0,0.0,0.0,19.3,0.76,0.0
20230913:2110,0.0,0.0,0.0,19.01,0.76,0.0
20230913:2210,0.0,0.0,0.0,18.47,0.9,0.0
20230913:2310,0.0,0.0,0.0,18.89,0.62,0.0
20230914:0010,0.0,0.0,0.0,18.56,0.62,0.0
20230914:0110,0.0,0.0,0.0,18.24,0.62,0.0
20230914:0210,0.0,0.0,0.0,17.59,0.76,0.0
20230914:0310,0.0,0.0,0.0,17.6,0.69,0.0
20230914:0410,0.0,0.0,0.0,17.38,0.69,0.0
20230914:0510,0.0,0.0,0.0,17.1,0.69,0.0
20230914:0610,33.29,62.05,11.29,17.32,0.48,0.0
20230914:0710,201.26,250.28,21.49,18.87,0.62,0.0
20230914:0810,379.19,421.5,30.99,20.32,0.76,0.0
20230914:0910,500.51,550.87,39.15,21.6,1.31,0.0
20230914:1010,588.23,657.91,45.06,22.62,0.97,0.0
20230914:1110,724.73,831.05,47.65,23.3,0.76,0.0
20230914:1210,635.4,722.31,46.29,23.82,0.76,0.0
20230914:1310,627.6,716.96,41.33,24.3,0.48,0.0
20230914:1410,531.35,597.1,33.77,24.67,0.76,0.0
20230914:1510,410.92,456.66,24.61,24.54,1.1,0.0
20230914:1610,155.87,184.0,14.58,24.03,1.24,0.0
20230914:1710,6.63,17.47,4.17,23.04,0.9,0.0
20230914:1810,0.0,0.0,0.0,21.35,1.38,0.0
20230914:1910,0.0,0.0,0.0,20.64,1.45,0.0
20230914:2010,0.0,0.0,0.0,19.89,0.97,0.0
20230914:2110,0.0,0.0,0.0,19.93,0.69,0.0
20230914:2210,0.0,0.0,0.0,18.48,1.66,0.0
20230914:2310,0.0,0.0,0.0,17.88,1.59,0.0
20230915:0010,0.0,0.0,0.0,17.7,1.59,0.0
20230915:0110,0.0,0.0,0.0,17.36,1.66,0.0
20230915:0210,0.0,0.0,0.0,17.18,1.72,0.0
20230915:0310,0.0,0.0,0.0,17.04,1.45,0.0
20230915:0410,0.0,0.0,0.0,17.11,1.03,0.0
20230915:0510,0.0,0.0,0.0,17.23,0.97,0.0
20230915:0610,38.92,56.35,11.07,17.42,1.03,0.0
20230915:0710,119.65,142.85,21.26,18.46,0.97,0.0
20230915:0810,134.75,158.2,30.74,19.73,1.17,0.0
20230915:0910,160.89,186.36,38.86,20.66,0.83,0.0
20230915:1010,211.59,240.48,44.72,21.47,0.76,0.0
20230915:1110,100.98,124.24,47.27,21.99,1.03,0.0
20230915:1210,265.22,298.35,45.9,22.6,1.03,0.0
20230915:1310,722.44,814.67,40.94,22.7,1.31,0.0
20230915:1410,609.11,679.25,33.4,22.53,0.97,0.0
20230915:1510,482.74,530.07,24.26,22.15,1.24,0.0
20230915:1610,269.11,302.75,14.23,20.46,0.48,0.0
20230915:1710,23.4,41.98,3.83,20.42,0.69,0.0
20230915:1810,0.0,0.0,0.0,19.71,1.24,0.0
20230915:1910,0.0,0.0,0.0,19.35,1.52,0.0
20230915:2010,0.0,0.0,0.0,18.53,1.52,0.0
20230915:2110,0.0,0.0,0.0,18.1,1.38,0.0
20230915:2210,0.0,0.0,0.0,18.08,1.38,0.0
20230915:2310,0.0,0.0,0.0,17.98,1.31,0.0
20230916:0010,0.0,0.0,0.0,17.89,1.1,0.0
20230916:0110,0.0,0.0,0.0,17.67,1.17,0.0
20230916:0210,0.0,0.0,0.0,18.83,0.62,0.0
20230916:0310,0.0,0.0,0.0,18.96,0.41,0.0
20230916:0410,0.0,0.0,0.0,18.17,0.62,0.0
20230916:0510,0.0,0.0,0.0,18.16,0.41,0.0
20230916:0610,13.33,26.21,10.86,18.01,0.62,0.0
20230916:0710,89.8,111.1,21.04,18.58,0.62,0.0
20230916:0810,74.77,95.12,30.49,18.78,0.76,0.0
20230916:0910,62.85,82.5,38.57,18.9,0.62,0.0
20230916:1010,92.16,113.56,44.38,19.1,0.76,0.0
20230916:1110,134.69,158.21,46.89,19.84,1.17,0.0
20230916:1210,623.8,692.54,45.5,20.6,1.03,0.0
20230916:1310,563.47,625.28,40.55,20.96,0.69,0.0
20230916:1410,470.11,519.44,33.03,21.26,0.41,0.0
20230916:1510,170.74,196.8,23.91,21.4,0.48,0.0
20230916:1610,152.04,178.54,13.89,21.48,0.55,0.0
20230916:1710,7.08,18.71,3.49,21.1,0.14,0.0
20230916:1810,0.0,0.0,0.0,20.16,0.55,0.0
20230916:1910,0.0,0.0,0.0,19.48,1.52,0.0
20230916:2010,0.0,0.0,0.0,18.86,1.31,0.0
20230916:2110,0.0,0.0,0.0,19.4,0.62,0.0
20230916:2210,0.0,0.0,0.0,19.37,0.55,0.0
20230916:2310,0.0,0.0,0.0,18.98,0.62,0.0
20230917:0010,0.0,0.0,0.0,18.64,0.83,0.0
20230917:0110,0.0,0.0,0.0,18.54,0.76,0.0
20230917:0210,0.0,0.0,0.0,18.59,0.76,0.0
20230917:0310,0.0,0.0,0.0,18.57,0.69,0.0
20230917:0410,0.0,0.0,0.0,18.62,0.48,0.0
20230917:0510,0.0,0.0,0.0,18.45,0.48,0.0
20230917:0610,45.84,64.92,10.65,18.29,0.41,0.0
20230917:0710,123.3,147.68,20.81,19.28,0.83,0.0
20230917:0810,281.29,313.05,30.23,19.74,0.76,0.0
20230917:0910,420.68,462.01,38.27,20.31,0.83,0.0
20230917:1010,525.98,581.94,44.04,21.24,0.9,0.0
20230917:1110,652.52,735.9,46.51,22.06,0.76,0.0
20230917:1210,618.07,701.48,45.1,22.53,0.34,0.0
20230917:1310,646.77,737.41,40.16,23.04,0.34,0.0
20230917:1410,531.54,591.42,32.66,23.05,0.83,0.0
20230917:1510,319.12,354.25,23.55,22.94,0.83,0.0
20230917:1610,250.72,285.7,13.55,22.65,0.83,0.0
20230917:1710,7.24,19.08,3.15,22.13,0.76,0.0
20230917:1810,0.0,0.0,0.0,21.33,0.9,0.0
20230917:1910,0.0,0.0,0.0,20.66,1.03,0.0
20230917:2010,0.0,0.0,0.0,20.16,1.45,0.0
20230917:2110,0.0,0.0,0.0,19.67,1.31,0.0
20230917:2210,0.0,0.0,0.0,19.49,1.1,0.0
20230917:2310,0.0,0.0,0.0,19.81,0.9,0.0
20230918:0010,0.0,0.0,0.0,19.63,1.17,0.0
20230918:0110,0.0,0.0,0.0,19.5,1.03,0.0
20230918:0210,0.0,0.0,0.0,19.55,0.9,0.0
20230918:0310,0.0,0.0,0.0,19.88,0.62,0.0
20230918:0410,0.0,0.0,0.0,19.1,1.03,0.0
20230918:0510,0.0,0.0,0.0,19.02,0.97,0.0
20230918:0610,15.55,29.12,10.43,19.1,1.1,0.0
20230918:0710,12.51,25.24,20.58,19.12,2.48,0.0
20230918:0810,53.85,72.8,29.97,19.41,2.62,0.0
20230918:0910,67.39,87.36,37.98,19.88,4.0,0.0
20230918:1010,118.23,140.74,43.69,20.23,3.24,0.0
20230918:1110,307.12,337.04,46.12,20.55,2.55,0.0
20230918:1210,219.32,246.89,44.7,20.89,1.72,0.0
20230918:1310,76.55,98.03,39.78,21.6,1.45,0.0
20230918:1410,55.21,74.74,32.29,20.77,1.79,0.0
20230918:1510,16.25,30.09,23.19,19.97,1.17,0.0
20230918:1610,66.52,86.7,13.2,19.56,1.03,0.0
20230918:1710,2.44,10.68,2.81,18.99,1.31,0.0
20230918:1810,0.0,0.0,0.0,18.29,1.24,0.0
20230918:1910,0.0,0.0,0.0,18.39,1.59,0.0
20230918:2010,0.0,0.0,0.0,18.03,1.31,0.0
20230918:2110,0.0,0.0,0.0,17.85,1.24,0.0
20230918:2210,0.0,0.0,0.0,17.52,0.9,0.0
20230918:2310,0.0,0.0,0.0,17.09,1.1,0.0
20230919:0010,0.0,0.0,0.0,16.73,1.31,0.0
20230919:0110,0.0,0.0,0.0,16.92,1.31,0.0
20230919:0210,0.0,0.0,0.0,17.01,1.31,0.0
20230919:0310,0.0,0.0,0.0,16.86,1.45,0.0
20230919:0410,0.0,0.0,0.0,16.61,1.45,0.0
20230919:0510,0.0,0.0,0.0,16.18,1.59,0.0
20230919:0610,28.84,54.73,10.22,16.16,1.31,0.0
20230919:0710,196.83,241.21,20.35,15.64,1.79,0.0
20230919:0810,416.07,455.5,29.71,17.78,1.38,0.0
20230919:0910,583.65,642.37,37.68,20.14,1.03,0.0
20230919:1010,694.81,792.2,43.35,22.1,0.41,0.0
20230919:1110,749.11,876.11,45.74,23.63,0.21,0.0
20230919:1210,746.64,862.17,44.31,24.48,0.9,0.0
20230919:1310,726.97,828.11,39.38,24.88,1.45,0.0
20230919:1410,629.35,704.3,31.92,24.78,1.66,0.0
20230919:1510,475.38,526.45,22.84,24.49,1.59,0.0
20230919:1610,255.68,292.75,12.85,23.83,1.17,0.0
20230919:1710,9.61,23.72,2.46,22.45,0.97,0.0
20230919:1810,0.0,0.0,0.0,21.32,0.9,0.0
20230919:1910,0.0,0.0,0.0,21.1,0.97,0.0
20230919:2010,0.0,0.0,0.0,19.61,1.31,0.0
20230919:2110,0.0,0.0,0.0,18.7,1.45,0.0
20230919:2210,0.0,0.0,0.0,17.69,1.72,0.0
20230919:2310,0.0,0.0,0.0,17.2,1.72,0.0
20230920:0010,0.0,0.0,0.0,17.01,1.59,0.0
20230920:0110,0.0,0.0,0.0,16.75,1.59,0.0
20230920:0210,0.0,0.0,0.0,16.81,1.45,0.0
20230920:0310,0.0,0.0,0.0,16.85,1.38,0.0
20230920:0410,0.0,0.0,0.0,17.05,1.38,0.0
20230920:0510,0.0,0.0,0.0,17.21,1.24,0.0
20230920:0610,39.31,57.15,10.0,17.43,1.03,0.0
20230920:0710,86.1,107.25,20.11,18.77,0.9,0.0
20230920:0810,111.26,133.95,29.45,19.83,0.76,0.0
20230920:0910,204.55,232.21,37.38,20.86,0.83,0.0
20230920:1010,197.39,224.76,43.0,21.24,1.24,0.0
20230920:1110,64.89,85.41,45.36,21.28,1.38,0.0
20230920:1210,460.04,505.63,43.91,21.88,1.59,0.0
20230920:1310,385.86,424.73,38.99,22.01,1.38,0.0
20230920:1410,192.12,218.57,31.54,21.12,1.31,0.0
20230920:1510,163.31,187.47,22.48,20.51,1.66,0.0
20230920:1610,58.11,77.87,12.51,20.2,1.1,0.0
20230920:1710,0.0,4.85,2.12,19.41,0.62,0.0
20230920:1810,0.0,0.0,0.0,18.47,1.03,0.0
20230920:1910,0.0,0.0,0.0,17.92,1.1,0.0
20230920:2010,0.0,0.0,0.0,17.63,1.31,0.0
20230920:2110,0.0,0.0,0.0,17.42,1.38,0.0
20230920:2210,0.0,0.0,0.0,17.49,1.17,0.0
20230920:2310,0.0,0.0,0.0,17.42,1.17,0.0
20230921:0010,0.0,0.0,0.0,17.19,1.45,0.0
20230921:0110,0.0,0.0,0.0,16.95,1.59,0.0
20230921:0210,0.0,0.0,0.0,16.78,1.86,0.0
20230921:0310,0.0,0.0,0.0,16.63,1.93,0.0
20230921:0410,0.0,0.0,0.0,16.58,1.79,0.0
20230921:0510,0.0,0.0,0.0,16.58,1.79,0.0
20230921:0610,38.26,60.16,9.78,16.8,1.93,0.0
20230921:0710,137.37,162.6,19.88,17.28,1.24,0.0
20230921:0810,275.96,303.37,29.19,17.73,1.45,0.0
20230921:0910,176.33,199.32,37.07,18.05,2.0,0.0
20230921:1010,242.72,268.54,42.65,18.87,1.93,0.0
20230921:1110,130.61,153.36,44.97,19.4,2.0,0.0
20230921:1210,205.34,230.95,43.51,19.99,2.21,0.0
20230921:1310,75.32,96.09,38.6,20.36,2.41,0.0
20230921:1410,33.55,50.47,31.17,19.64,1.86,0.0
20230921:1510,38.05,55.33,22.12,18.65,1.86,0.0
20230921:1610,221.89,249.2,12.16,18.5,2.14,0.0
20230921:1710,0.0,5.68,1.78,18.06,2.28,0.0
20230921:1810,0.0,0.0,0.0,17.79,2.34,0.0
20230921:1910,0.0,0.0,0.0,17.51,2.07,0.0
20230921:2010,0.0,0.0,0.0,17.47,2.21,0.0
20230921:2110,0.0,0.0,0.0,17.49,2.55,0.0
20230921:2210,0.0,0.0,0.0,17.39,2.83,0.0
20230921:2310,0.0,0.0,0.0,17.3,3.03,0.0
20230922:0010,0.0,0.0,0.0,17.16,3.03,0.0
20230922:0110,0.0,0.0,0.0,16.97,3.24,0.0
20230922:0210,0.0,0.0,0.0,16.97,3.66,0.0
20230922:0310,0.0,0.0,0.0,16.86,4.0,0.0
20230922:0410,0.0,0.0,0.0,16.7,4.21,0.0
20230922:0510,0.0,0.0,0.0,16.6,4.14,0.0
20230922:0610,19.78,33.97,9.56,16.69,4.21,0.0
20230922:0710,160.64,189.76,19.65,16.96,3.03,0.0
20230922:0810,54.52,72.8,28.93,17.06,3.1,0.0
20230922:0910,92.43,112.59,36.77,17.45,3.31,0.0
20230922:1010,83.95,103.86,42.3,17.46,3.1,0.0
20230922:1110,142.45,164.04,44.58,17.64,2.83,0.0
20230922:1210,539.52,575.11,43.11,17.53,2.76,0.0
20230922:1310,321.23,347.45,38.21,17.39,1.59,0.0
20230922:1410,252.85,276.4,30.79,17.6,1.72,0.0
20230922:1510,120.13,141.51,21.76,17.55,0.97,0.0
20230922:1610,4.27,13.59,11.81,16.86,1.31,0.0
20230922:1710,0.0,0.95,1.43,16.38,1.72,0.0
20230922:1810,0.0,0.0,0.0,14.98,1.79,0.0
20230922:1910,0.0,0.0,0.0,15.09,2.48,0.0
20230922:2010,0.0,0.0,0.0,14.62,2.07,0.0
20230922:2110,0.0,0.0,0.0,14.31,1.72,0.0
20230922:2210,0.0,0.0,0.0,13.47,1.17,0.0
20230922:2310,0.0,0.0,0.0,12.79,1.31,0.0
20230923:0010,0.0,0.0,0.0,12.72,1.66,0.0
20230923:0110,0.0,0.0,0.0,12.64,1.66,0.0
20230923:0210,0.0,0.0,0.0,12.93,1.66,0.0
20230923:0310,0.0,0.0,0.0,12.88,1.59,0.0
20230923:0410,0.0,0.0,0.0,12.51,1.52,0.0
20230923:0510,0.0,0.0,0.0,12.37,1.72,0.0
20230923:0610,28.47,50.69,9.34,12.48,1.86,0.0
20230923:0710,101.89,121.13,19.41,13.86,3.24,0.0
20230923:0810,119.31,138.8,28.66,15.04,3.03,0.0
20230923:0910,211.06,232.34,36.46,16.51,3.38,0.0
20230923:1010,267.48,290.61,41.95,17.69,3.79,0.0
20230923:1110,447.61,477.35,44.2,18.63,3.86,0.0
20230923:1210,681.78,735.12,42.71,19.37,3.24,0.0
20230923:1310,93.32,114.53,37.82,19.52,3.1,0.0
20230923:1410,330.05,355.98,30.42,19.75,3.45,0.0
20230923:1510,411.0,440.4,21.41,19.92,3.17,0.0
20230923:1610,243.71,273.66,11.46,19.37,2.48,0.0
20230923:1710,0.0,0.0,0.0,18.01,2.34,0.0
20230923:1810,0.0,0.0,0.0,16.54,2.34,0.0
20230923:1910,0.0,0.0,0.0,16.27,3.03,0.0
20230923:2010,0.0,0.0,0.0,15.91,3.31,0.0
20230923:2110,0.0,0.0,0.0,15.49,3.31,0.0
20230923:2210,0.0,0.0,0.0,15.01,3.17,0.0
20230923:2310,0.0,0.0,0.0,14.57,3.17,0.0
20230924:0010,0.0,0.0,0.0,14.21,3.24,0.0
20230924:0110,0.0,0.0,0.0,13.85,3.17,0.0
20230924:0210,0.0,0.0,0.0,13.45,3.03,0.0
20230924:0310,0.0,0.0,0.0,12.9,2.9,0.0
20230924:0410,0.0,0.0,0.0,12.32,2.76,0.0
20230924:0510,0.0,0.0,0.0,11.76,2.69,0.0
20230924:0610,27.51,49.17,9.12,11.54,2.55,0.0
20230924:0710,196.58,240.09,19.17,12.86,2.55,0.0
20230924:0810,422.95,454.94,28.4,15.04,2.21,0.0
20230924:0910,602.89,651.38,36.16,17.16,1.45,0.0
20230924:1010,720.9,803.4,41.6,18.8,0.83,0.0
20230924:1110,774.05,887.28,43.81,19.91,0.34,0.0
20230924:1210,764.84,877.57,42.31,20.61,0.41,0.0
20230924:1310,739.38,840.14,37.43,20.91,0.62,0.0
20230924:1410,652.35,728.19,30.04,20.97,0.76,0.0
20230924:1510,475.84,521.68,21.05,20.7,0.9,0.0
20230924:1610,241.06,274.06,11.12,20.04,0.83,0.0
20230924:1710,0.0,0.0,0.0,19.18,0.34,0.0
20230924:1810,0.0,0.0,0.0,18.12,0.55,0.0
20230924:1910,0.0,0.0,0.0,15.53,1.38,0.0
20230924:2010,0.0,0.0,0.0,13.66,1.79,0.0
20230924:2110,0.0,0.0,0.0,12.53,1.86,0.0
20230924:2210,0.0,0.0,0.0,11.78,1.79,0.0
20230924:2310,0.0,0.0,0.0,11.44,1.72,0.0
20230925:0010,0.0,0.0,0.0,11.29,1.72,0.0
20230925:0110,0.0,0.0,0.0,11.24,1.72,0.0
20230925:0210,0.0,0.0,0.0,11.2,1.66,0.0
20230925:0310,0.0,0.0,0.0,11.15,1.66,0.0
20230925:0410,0.0,0.0,0.0,10.98,1.66,0.0
20230925:0510,0.0,0.0,0.0,10.54,1.72,0.0
20230925:0610,27.19,47.88,8.9,10.16,1.52,0.0
20230925:0710,191.9,235.66,18.93,12.76,1.59,0.0
20230925:0810,410.14,445.86,28.13,15.76,1.31,0.0
20230925:0910,587.94,640.25,35.85,18.24,1.17,0.0
20230925:1010,704.64,784.88,41.25,19.43,0.9,0.0
20230925:1110,767.37,872.27,43.42,20.31,0.69,0.0
20230925:1210,758.61,861.63,41.91,20.92,0.83,0.0
20230925:1310,728.96,823.17,37.04,21.29,0.9,0.0
20230925:1410,638.05,711.54,29.67,21.44,0.83,0.0
20230925:1510,459.53,505.83,20.69,21.33,0.76,0.0
20230925:1610,231.37,265.19,10.77,20.86,0.69,0.0
20230925:1710,0.0,0.0,0.0,19.29,0.83,0.0
20230925:1810,0.0,0.0,0.0,17.51,1.24,0.0
20230925:1910,0.0,0.0,0.0,18.61,0.28,0.0
20230925:2010,0.0,0.0,0.0,15.33,1.38,0.0
20230925:2110,0.0,0.0,0.0,13.59,2.07,0.0
20230925:2210,0.0,0.0,0.0,13.13,2.14,0.0
20230925:2310,0.0,0.0,0.0,12.92,2.14,0.0
20230926:0010,0.0,0.0,0.0,12.78,2.21,0.0
20230926:0110,0.0,0.0,0.0,12.64,2.21,0.0
20230926:0210,0.0,0.0,0.0,12.53,2.21,0.0
20230926:0310,0.0,0.0,0.0,12.38,2.14,0.0
20230926:0410,0.0,0.0,0.0,12.21,2.14,0.0
20230926:0510,0.0,0.0,0.0,12.05,2.07,0.0
20230926:0610,26.6,46.71,8.68,12.23,1.86,0.0
20230926:0710,186.05,229.85,18.69,13.58,1.59,0.0
20230926:0810,399.7,437.69,27.86,16.59,0.97,0.0
20230926:0910,568.79,629.21,35.54,19.39,0.41,0.0
20230926:1010,685.01,772.21,40.89,20.92,0.55,0.0
20230926:1110,744.07,851.85,43.03,21.78,0.55,0.0
20230926:1210,738.65,848.11,41.51,22.38,0.55,0.0
20230926:1310,705.06,803.0,36.64,22.78,0.69,0.0
20230926:1410,616.1,691.0,29.3,22.86,0.76,0.0
20230926:1510,438.86,486.38,20.33,22.73,0.69,0.0
20230926:1610,211.56,245.56,10.43,22.21,0.69,0.0
20230926:1710,0.0,0.0,0.0,20.88,0.69,0.0
20230926:1810,0.0,0.0,0.0,20.59,0.48,0.0
20230926:1910,0.0,0.0,0.0,18.92,1.03,0.0
20230926:2010,0.0,0.0,0.0,16.75,1.52,0.0
20230926:2110,0.0,0.0,0.0,15.59,1.72,0.0
20230926:2210,0.0,0.0,0.0,14.74,1.72,0.0
20230926:2310,0.0,0.0,0.0,14.27,1.72,0.0
20230927:0010,0.0,0.0,0.0,13.97,1.79,0.0
20230927:0110,0.0,0.0,0.0,13.74,1.86,0.0
20230927:0210,0.0,0.0,0.0,13.79,1.86,0.0
20230927:0310,0.0,0.0,0.0,14.24,2.14,0.0
20230927:0410,0.0,0.0,0.0,13.89,2.07,0.0
20230927:0510,0.0,0.0,0.0,13.65,2.14,0.0
20230927:0610,28.34,47.66,8.45,13.98,2.0,0.0
20230927:0710,164.23,197.26,18.45,15.64,2.0,0.0
20230927:0810,372.59,408.96,27.59,18.23,1.59,0.0
20230927:0910,557.85,616.3,35.23,21.01,0.97,0.0
20230927:1010,663.22,760.9,40.54,22.66,0.07,0.0
20230927:1110,731.6,839.42,42.65,23.41,0.76,0.0
20230927:1210,719.38,820.73,41.11,23.72,1.03,0.0
20230927:1310,698.61,793.58,36.25,23.82,1.03,0.0
20230927:1410,597.83,670.66,28.92,23.79,0.9,0.0
20230927:1510,421.84,469.21,19.98,23.52,0.69,0.0
20230927:1610,211.32,246.89,10.08,23.02,0.48,0.0
20230927:1710,0.0,0.0,0.0,21.38,0.9,0.0
20230927:1810,0.0,0.0,0.0,19.37,1.79,0.0
20230927:1910,0.0,0.0,0.0,17.75,2.0,0.0
20230927:2010,0.0,0.0,0.0,16.81,2.07,0.0
20230927:2110,0.0,0.0,0.0,16.18,2.07,0.0
20230927:2210,0.0,0.0,0.0,15.66,2.14,0.0
20230927:2310,0.0,0.0,0.0,15.35,2.21,0.0
20230928:0010,0.0,0.0,0.0,15.23,2.28,0.0
20230928:0110,0.0,0.0,0.0,15.23,2.28,0.0
20230928:0210,0.0,0.0,0.0,15.38,2.21,0.0
20230928:0310,0.0,0.0,0.0,15.41,2.14,0.0
20230928:0410,0.0,0.0,0.0,15.57,1.93,0.0
20230928:0510,0.0,0.0,0.0,15.3,1.86,0.0
20230928:0610,33.08,49.75,8.23,15.18,1.66,0.0
20230928:0710,180.84,229.9,18.21,17.23,1.17,0.0
20230928:0810,378.83,423.09,27.32,19.73,0.55,0.0
20230928:0910,551.91,614.22,34.92,21.29,0.55,0.0
20230928:1010,662.13,747.53,40.18,22.3,0.69,0.0
20230928:1110,728.51,829.81,42.26,23.01,0.97,0.0
20230928:1210,688.91,780.61,40.71,23.46,1.1,0.0
20230928:1310,715.55,812.73,35.86,23.63,1.1,0.0
20230928:1410,590.99,660.44,28.55,23.61,1.03,0.0
20230928:1510,418.15,463.46,19.62,23.39,0.97,0.0
20230928:1610,182.12,214.48,9.74,22.79,0.83,0.0
20230928:1710,0.0,0.0,0.0,21.48,0.69,0.0
20230928:1810,0.0,0.0,0.0,20.89,0.76,0.0
20230928:1910,0.0,0.0,0.0,17.78,1.72,0.0
20230928:2010,0.0,0.0,0.0,16.46,1.86,0.0
20230928:2110,0.0,0.0,0.0,15.48,1.86,0.0
20230928:2210,0.0,0.0,0.0,14.78,1.79,0.0
20230928:2310,0.0,0.0,0.0,14.24,1.86,0.0
20230929:0010,0.0,0.0,0.0,13.79,1.66,0.0
20230929:0110,0.0,0.0,0.0,13.69,1.66,0.0
20230929:0210,0.0,0.0,0.0,14.29,2.0,0.0
20230929:0310,0.0,0.0,0.0,13.87,2.0,0.0
20230929:0410,0.0,0.0,0.0,13.82,2.07,0.0
20230929:0510,0.0,0.0,0.0,13.86,2.21,0.0
20230929:0610,25.88,44.11,8.0,13.96,2.14,0.0
20230929:0710,172.55,214.9,17.97,15.07,2.0,0.0
20230929:0810,382.01,418.78,27.04,17.45,1.45,0.0
20230929:0910,548.05,605.08,34.61,20.06,0.62,0.0
20230929:1010,658.82,747.95,39.83,21.85,0.28,0.0
20230929:1110,729.55,829.8,41.87,22.82,0.97,0.0
20230929:1210,727.12,824.71,40.31,23.31,1.24,0.0
20230929:1310,693.9,783.13,35.47,23.54,1.24,0.0
20230929:1410,591.08,658.86,28.18,23.57,1.17,0.0
20230929:1510,413.61,459.02,19.26,23.35,0.83,0.0
20230929:1610,174.46,206.74,9.39,22.79,0.55,0.0
20230929:1710,0.0,0.0,0.0,21.93,0.48,0.0
20230929:1810,0.0,0.0,0.0,20.73,0.76,0.0
20230929:1910,0.0,0.0,0.0,18.63,1.17,0.0
20230929:2010,0.0,0.0,0.0,17.72,1.38,0.0
20230929:2110,0.0,0.0,0.0,17.22,1.31,0.0
20230929:2210,0.0,0.0,0.0,16.77,1.31,0.0
20230929:2310,0.0,0.0,0.0,16.22,1.38,0.0
20230930:0010,0.0,0.0,0.0,15.88,1.38,0.0
20230930:0110,0.0,0.0,0.0,15.51,1.52,0.0
20230930:0210,0.0,0.0,0.0,15.57,1.45,0.0
20230930:0310,0.0,0.0,0.0,15.59,1.38,0.0
20230930:0410,0.0,0.0,0.0,14.97,1.24,0.0
20230930:0510,0.0,0.0,0.0,15.15,1.31,0.0
20230930:0610,29.39,46.97,7.78,15.55,1.45,0.0
20230930:0710,164.13,206.97,17.72,17.68,0.48,0.0
20230930:0810,367.29,414.44,26.77,20.58,0.07,0.0
20230930:0910,526.83,588.03,34.29,21.89,0.41,0.0
20230930:1010,656.41,737.11,39.47,22.55,0.97,0.0
20230930:1110,717.68,813.16,41.48,23.46,1.24,0.0
20230930:1210,716.05,812.36,39.91,23.93,1.31,0.0
20230930:1310,679.14,764.26,35.09,24.06,1.45,0.0
20230930:1410,566.9,630.33,27.81,24.09,1.38,0.0
20230930:1510,368.82,409.33,18.91,23.94,1.17,0.0
20230930:1610,155.53,186.46,9.05,23.22,0.9,0.0
20230930:1710,0.0,0.0,0.0,22.11,0.48,0.0
20230930:1810,0.0,0.0,0.0,20.07,1.17,0.0
20230930:1910,0.0,0.0,0.0,18.97,1.31,0.0
20230930:2010,0.0,0.0,0.0,18.34,1.31,0.0
20230930:2110,0.0,0.0,0.0,17.77,1.38,0.0
20230930:2210,0.0,0.0,0.0,16.93,1.59,0.0
20230930:2310,0.0,0.0,0.0,16.39,1.59,0.0
20231001:0010,0.0,0.0,0.0,15.92,1.59,0.0
20231001:0110,0.0,0.0,0.0,15.64,1.52,0.0
20231001:0210,0.0,0.0,0.0,15.59,1.52,0.0
20231001:0310,0.0,0.0,0.0,15.73,1.45,0.0
20231001:0410,0.0,0.0,0.0,15.78,1.52,0.0
20231001:0510,0.0,0.0,0.0,15.75,1.52,0.0
20231001:0610,26.49,43.61,7.55,15.66,1.52,0.0
20231001:0710,161.7,202.77,17.47,17.4,1.1,0.0
20231001:0810,363.77,405.69,26.49,19.64,0.76,0.0
20231001:0910,532.68,593.23,33.98,21.33,0.41,0.0
20231001:1010,651.17,737.49,39.12,22.49,0.48,0.0
20231001:1110,717.72,818.73,41.1,23.17,0.83,0.0
20231001:1210,721.13,824.47,39.52,23.46,0.83,0.0
20231001:1310,677.02,770.15,34.7,23.78,0.76,0.0
20231001:1410,566.37,635.66,27.44,23.73,0.62,0.0
20231001:1510,395.47,441.04,18.56,23.7,0.55,0.0
20231001:1610,151.34,182.27,8.71,23.05,0.55,0.0
20231001:1710,0.0,0.0,0.0,22.27,0.14,0.0
20231001:1810,0.0,0.0,0.0,21.05,0.76,0.0
20231001:1910,0.0,0.0,0.0,18.46,1.45,0.0
20231001:2010,0.0,0.0,0.0,17.34,1.72,0.0
20231001:2110,0.0,0.0,0.0,16.55,1.72,0.0
20231001:2210,0.0,0.0,0.0,16.03,1.66,0.0
20231001:2310,0.0,0.0,0.0,15.66,1.66,0.0
20231002:0010,0.0,0.0,0.0,15.18,1.52,0.0
20231002:0110,0.0,0.0,0.0,15.1,1.38,0.0
20231002:0210,0.0,0.0,0.0,15.37,1.59,0.0
20231002:0310,0.0,0.0,0.0,15.2,1.72,0.0
20231002:0410,0.0,0.0,0.0,15.04,1.79,0.0
20231002:0510,0.0,0.0,0.0,15.01,1.79,0.0
20231002:0610,27.33,43.66,7.32,15.11,1.79,0.0
20231002:0710,160.78,202.26,17.23,17.16,1.17,0.0
20231002:0810,366.87,409.78,26.22,19.78,0.76,0.0
20231002:0910,530.39,593.78,33.66,21.47,0.14,0.0
20231002:1010,647.66,734.06,38.76,22.45,0.41,0.0
20231002:1110,681.08,773.56,40.71,23.28,0.83,0.0
20231002:1210,701.66,800.66,39.12,23.88,0.9,0.0
20231002:1310,672.58,764.85,34.31,24.1,0.83,0.0
20231002:1410,566.79,636.73,27.07,24.12,0.69,0.0
20231002:1510,384.38,429.31,18.21,23.97,0.55,0.0
20231002:1610,130.55,160.1,8.37,23.49,0.48,0.0
20231002:1710,0.0,0.0,0.0,22.89,0.21,0.0
20231002:1810,0.0,0.0,0.0,21.99,0.55,0.0
20231002:1910,0.0,0.0,0.0,19.2,1.38,0.0
20231002:2010,0.0,0.0,0.0,18.39,1.59,0.0
20231002:2110,0.0,0.0,0.0,17.55,1.59,0.0
20231002:2210,0.0,0.0,0.0,16.97,1.59,0.0
20231002:2310,0.0,0.0,0.0,16.68,1.52,0.0
20231003:0010,0.0,0.0,0.0,16.56,1.38,0.0
20231003:0110,0.0,0.0,0.0,16.55,1.38,0.0
20231003:0210,0.0,0.0,0.0,16.49,1.45,0.0
20231003:0310,0.0,0.0,0.0,16.55,1.45,0.0
20231003:0410,0.0,0.0,0.0,16.45,1.45,0.0
20231003:0510,0.0,0.0,0.0,16.38,1.52,0.0
20231003:0610,24.68,39.99,7.09,16.42,1.45,0.0
20231003:0710,148.26,183.24,16.98,17.12,1.45,0.0
20231003:0810,311.59,344.34,25.94,18.43,1.24,0.0
20231003:0910,454.13,499.45,33.35,20.57,0.76,0.0
20231003:1010,631.05,716.23,38.4,22.03,0.14,0.0
20231003:1110,676.2,772.48,40.32,22.9,0.41,0.0
20231003:1210,586.79,661.63,38.72,23.39,0.62,0.0
20231003:1310,561.73,629.54,33.93,23.76,0.83,0.0
20231003:1410,491.51,546.85,26.7,23.84,0.83,0.0
20231003:1510,258.88,291.41,17.85,23.73,0.76,0.0
20231003:1610,161.36,194.37,8.03,23.35,0.55,0.0
20231003:1710,0.0,0.0,0.0,22.67,0.28,0.0
20231003:1810,0.0,0.0,0.0,20.82,0.97,0.0
20231003:1910,0.0,0.0,0.0,19.75,1.03,0.0
20231003:2010,0.0,0.0,0.0,19.04,1.1,0.0
20231003:2110,0.0,0.0,0.0,19.07,0.97,0.0
20231003:2210,0.0,0.0,0.0,17.6,1.31,0.0
20231003:2310,0.0,0.0,0.0,17.37,1.1,0.0
20231004:0010,0.0,0.0,0.0,17.87,0.76,0.0
20231004:0110,0.0,0.0,0.0,17.6,0.62,0.0
20231004:0210,0.0,0.0,0.0,16.47,0.97,0.0
20231004:0310,0.0,0.0,0.0,15.56,1.17,0.0
20231004:0410,0.0,0.0,0.0,15.14,1.24,0.0
20231004:0510,0.0,0.0,0.0,14.79,1.38,0.0
20231004:0610,22.58,37.97,6.86,14.68,1.38,0.0
20231004:0710,153.01,192.31,16.73,16.8,0.83,0.0
20231004:0810,347.76,387.38,25.66,19.16,0.76,0.0
20231004:0910,372.41,407.89,33.03,20.64,1.38,0.0
20231004:1010,601.87,659.38,38.05,21.52,2.0,0.0
20231004:1110,642.46,705.52,39.94,21.53,2.14,0.0
20231004:1210,554.58,603.72,38.33,21.74,2.55,0.0
20231004:1310,582.01,632.9,33.54,21.71,2.55,0.0
20231004:1410,411.35,444.83,26.33,21.14,2.34,0.0
20231004:1510,208.51,233.46,17.51,20.49,1.86,0.0
20231004:1610,95.86,120.24,7.69,19.91,0.97,0.0
20231004:1710,0.0,0.0,0.0,19.39,0.62,0.0
20231004:1810,0.0,0.0,0.0,18.61,0.83,0.0
20231004:1910,0.0,0.0,0.0,18.24,1.17,0.0
20231004:2010,0.0,0.0,0.0,17.56,1.52,0.0
20231004:2110,0.0,0.0,0.0,17.67,1.66,0.0
20231004:2210,0.0,0.0,0.0,17.51,1.66,0.0
20231004:2310,0.0,0.0,0.0,17.83,1.66,0.0
20231005:0010,0.0,0.0,0.0,17.64,1.38,0.0
20231005:0110,0.0,0.0,0.0,17.42,1.24,0.0
20231005:0210,0.0,0.0,0.0,17.15,1.17,0.0
20231005:0310,0.0,0.0,0.0,16.84,1.17,0.0
20231005:0410,0.0,0.0,0.0,16.78,0.97,0.0
20231005:0510,0.0,0.0,0.0,16.91,0.9,0.0
20231005:0610,23.93,39.13,6.63,16.84,1.03,0.0
20231005:0710,127.59,157.17,16.48,17.89,0.48,0.0
20231005:0810,294.96,329.23,25.38,18.65,0.28,0.0
20231005:0910,484.58,532.7,32.71,19.56,0.48,0.0
20231005:1010,580.83,641.12,37.69,20.02,0.76,0.0
20231005:1110,680.21,759.89,39.55,20.34,0.83,0.0
20231005:1210,694.59,779.93,37.94,20.96,0.83,0.0
20231005:1310,638.37,711.7,33.16,21.54,0.9,0.0
20231005:1410,533.3,585.81,25.97,21.72,1.17,0.0
20231005:1510,350.87,385.6,17.16,21.59,1.24,0.0
20231005:1610,71.96,94.76,7.36,21.09,0.83,0.0
20231005:1710,0.0,0.0,0.0,20.1,0.41,0.0
20231005:1810,0.0,0.0,0.0,19.01,0.76,0.0
20231005:1910,0.0,0.0,0.0,17.73,1.24,0.0
20231005:2010,0.0,0.0,0.0,17.15,1.31,0.0
20231005:2110,0.0,0.0,0.0,16.76,1.24,0.0
20231005:2210,0.0,0.0,0.0,16.65,1.1,0.0
20231005:2310,0.0,0.0,0.0,16.56,1.1,0.0
20231006:0010,0.0,0.0,0.0,16.47,1.17,0.0
20231006:0110,0.0,0.0,0.0,16.42,1.24,0.0
20231006:0210,0.0,0.0,0.0,15.66,1.45,0.0
20231006:0310,0.0,0.0,0.0,14.95,1.45,0.0
20231006:0410,0.0,0.0,0.0,14.61,1.24,0.0
20231006:0510,0.0,0.0,0.0,14.96,1.31,0.0
20231006:0610,22.49,37.06,6.39,15.04,1.38,0.0
20231006:0710,95.22,116.68,16.23,15.67,1.45,0.0
20231006:0810,120.37,141.94,25.1,17.57,1.17,0.0
20231006:0910,100.46,122.3,32.39,19.31,0.97,0.0
20231006:1010,211.16,238.54,37.33,20.58,1.03,0.0
20231006:1110,331.62,366.62,39.17,21.54,1.17,0.0
20231006:1210,392.21,432.1,37.54,22.03,1.24,0.0
20231006:1310,595.01,659.59,32.78,22.11,1.17,0.0
20231006:1410,532.44,587.58,25.61,22.26,1.03,0.0
20231006:1510,340.81,376.78,16.81,22.07,0.9,0.0
20231006:1610,88.09,113.08,7.03,21.52,0.62,0.0
20231006:1710,0.0,0.0,0.0,20.7,0.41,0.0
20231006:1810,0.0,0.0,0.0,18.92,0.9,0.0
20231006:1910,0.0,0.0,0.0,17.03,1.52,0.0
20231006:2010,0.0,0.0,0.0,16.19,1.52,0.0
20231006:2110,0.0,0.0,0.0,15.49,1.59,0.0
20231006:2210,0.0,0.0,0.0,14.91,1.66,0.0
20231006:2310,0.0,0.0,0.0,14.54,1.59,0.0
20231007:0010,0.0,0.0,0.0,13.94,1.38,0.0
20231007:0110,0.0,0.0,0.0,14.08,1.38,0.0
20231007:0210,0.0,0.0,0.0,14.39,1.52,0.0
20231007:0310,0.0,0.0,0.0,14.44,1.66,0.0
20231007:0410,0.0,0.0,0.0,14.28,1.79,0.0
20231007:0510,0.0,0.0,0.0,14.13,1.86,0.0
20231007:0610,22.55,36.92,6.16,14.03,1.86,0.0
20231007:0710,152.73,194.38,15.97,15.41,1.17,0.0
20231007:0810,359.82,399.97,24.82,17.82,0.55,0.0
20231007:0910,532.69,590.58,32.07,19.68,0.21,0.0
20231007:1010,654.64,732.38,36.98,20.91,0.69,0.0
20231007:1110,712.3,806.9,38.78,21.82,0.76,0.0
20231007:1210,716.91,815.99,37.15,22.57,0.76,0.0
20231007:1310,665.38,753.69,32.4,23.07,0.69,0.0
20231007:1410,565.63,632.14,25.24,23.34,0.76,0.0
20231007:1510,376.13,418.36,16.47,23.21,0.76,0.0
20231007:1610,123.62,153.37,6.69,22.58,0.48,0.0
20231007:1710,0.0,0.0,0.0,21.78,0.28,0.0
20231007:1810,0.0,0.0,0.0,19.53,1.1,0.0
20231007:1910,0.0,0.0,0.0,17.93,1.59,0.0
20231007:2010,0.0,0.0,0.0,16.85,1.66,0.0
20231007:2110,0.0,0.0,0.0,15.93,1.79,0.0
20231007:2210,0.0,0.0,0.0,15.2,1.79,0.0
20231007:2310,0.0,0.0,0.0,14.67,1.72,0.0
20231008:0010,0.0,0.0,0.0,14.27,1.72,0.0
20231008:0110,0.0,0.0,0.0,13.88,1.79,0.0
20231008:0210,0.0,0.0,0.0,13.64,1.86,0.0
20231008:0310,0.0,0.0,0.0,13.52,1.93,0.0
20231008:0410,0.0,0.0,0.0,13.48,2.0,0.0
20231008:0510,0.0,0.0,0.0,13.38,2.07,0.0
20231008:0610,21.81,35.97,5.93,13.49,2.07,0.0
20231008:0710,150.09,191.67,15.72,15.47,1.59,0.0
20231008:0810,359.4,401.11,24.53,19.56,1.17,0.0
20231008:0910,525.65,585.89,31.75,22.3,0.69,0.0
20231008:1010,633.03,721.55,36.62,24.37,0.55,0.0
20231008:1110,690.48,800.77,38.4,25.82,0.55,0.0
20231008:1210,691.29,803.52,36.77,26.76,0.69,0.0
20231008:1310,646.94,745.32,32.02,27.39,0.9,0.0
20231008:1410,540.97,612.72,24.88,27.5,1.17,0.0
20231008:1510,297.63,337.93,16.13,26.97,1.03,0.0
20231008:1610,68.95,93.67,6.37,25.53,1.24,0.0
20231008:1710,0.0,0.0,0.0,23.4,1.79,0.0
20231008:1810,0.0,0.0,0.0,21.19,2.21,0.0
20231008:1910,0.0,0.0,0.0,19.8,2.34,0.0
20231008:2010,0.0,0.0,0.0,18.83,2.41,0.0
20231008:2110,0.0,0.0,0.0,18.13,2.41,0.0
20231008:2210,0.0,0.0,0.0,17.57,2.48,0.0
20231008:2310,0.0,0.0,0.0,17.1,2.48,0.0
20231009:0010,0.0,0.0,0.0,16.55,2.41,0.0
20231009:0110,0.0,0.0,0.0,15.9,2.28,0.0
20231009:0210,0.0,0.0,0.0,15.29,2.21,0.0
20231009:0310,0.0,0.0,0.0,14.8,2.21,0.0
20231009:0410,0.0,0.0,0.0,14.4,2.21,0.0
20231009:0510,0.0,0.0,0.0,14.01,2.21,0.0
20231009:0610,20.17,34.08,5.69,13.7,2.07,0.0
20231009:0710,149.06,192.03,15.47,15.75,1.52,0.0
20231009:0810,356.8,400.92,24.25,20.09,0.76,0.0
20231009:0910,517.99,582.03,31.43,22.68,0.28,0.0
20231009:1010,635.24,722.15,36.26,24.31,0.69,0.0
20231009:1110,695.27,801.67,38.02,25.47,0.76,0.0
20231009:1210,691.88,797.17,36.38,26.21,0.97,0.0
20231009:1310,641.94,733.57,31.64,26.68,1.1,0.0
20231009:1410,537.85,606.78,24.53,26.75,1.17,0.0
20231009:1510,254.47,289.99,15.79,26.24,1.03,0.0
20231009:1610,45.79,66.84,6.04,24.64,0.9,0.0
20231009:1710,0.0,0.0,0.0,23.26,0.97,0.0
20231009:1810,0.0,0.0,0.0,21.67,1.24,0.0
20231009:1910,0.0,0.0,0.0,21.78,1.17,0.0
20231009:2010,0.0,0.0,0.0,21.97,1.03,0.0
20231009:2110,0.0,0.0,0.0,20.74,1.03,0.0
20231009:2210,0.0,0.0,0.0,18.58,1.24,0.0
20231009:2310,0.0,0.0,0.0,16.91,1.52,0.0
20231010:0010,0.0,0.0,0.0,15.88,1.79,0.0
20231010:0110,0.0,0.0,0.0,15.06,1.93,0.0
20231010:0210,0.0,0.0,0.0,14.39,1.93,0.0
20231010:0310,0.0,0.0,0.0,13.86,1.86,0.0
20231010:0410,0.0,0.0,0.0,13.45,1.86,0.0
20231010:0510,0.0,0.0,0.0,13.14,1.79,0.0
20231010:0610,19.44,33.13,5.46,12.94,1.72,0.0
20231010:0710,145.95,188.61,15.21,15.26,0.97,0.0
20231010:0810,352.6,396.31,23.96,19.2,0.34,0.0
20231010:0910,517.6,576.13,31.11,21.3,0.41,0.0
20231010:1010,639.3,720.94,35.91,22.77,0.69,0.0
20231010:1110,694.55,794.07,37.64,24.01,0.76,0.0
20231010:1210,694.24,796.36,35.99,24.88,0.83,0.0
20231010:1310,638.24,725.32,31.27,25.35,0.97,0.0
20231010:1410,509.96,571.6,24.17,25.41,0.97,0.0
20231010:1510,170.1,198.86,15.45,25.06,0.83,0.0
20231010:1610,42.92,63.5,5.72,23.59,0.48,0.0
20231010:1710,0.0,0.0,0.0,22.88,0.62,0.0
20231010:1810,0.0,0.0,0.0,19.96,1.38,0.0
20231010:1910,0.0,0.0,0.0,22.02,0.21,0.0
20231010:2010,0.0,0.0,0.0,21.39,0.48,0.0
20231010:2110,0.0,0.0,0.0,20.4,0.48,0.0
20231010:2210,0.0,0.0,0.0,19.6,0.14,0.0
20231010:2310,0.0,0.0,0.0,18.78,0.55,0.0
20231011:0010,0.0,0.0,0.0,18.04,0.97,0.0
20231011:0110,0.0,0.0,0.0,15.1,1.38,0.0
20231011:0210,0.0,0.0,0.0,13.79,1.38,0.0
20231011:0310,0.0,0.0,0.0,14.33,1.38,0.0
20231011:0410,0.0,0.0,0.0,14.32,1.52,0.0
20231011:0510,0.0,0.0,0.0,14.19,1.52,0.0
20231011:0610,16.95,30.29,5.22,14.18,1.52,0.0
20231011:0710,137.08,174.52,14.95,14.84,1.24,0.0
20231011:0810,337.02,373.06,23.68,17.07,0.9,0.0
20231011:0910,503.38,555.18,30.79,19.54,0.34,0.0
20231011:1010,614.0,689.29,35.55,21.06,0.28,0.0
20231011:1110,671.62,758.09,37.26,22.09,0.69,0.0
20231011:1210,698.79,789.57,35.61,22.68,0.97,0.0
20231011:1310,636.67,712.76,30.9,23.14,1.1,0.0
20231011:1410,529.25,584.8,23.82,23.29,1.31,0.0
20231011:1510,338.02,374.58,15.12,22.94,1.38,0.0
20231011:1610,69.23,93.69,5.39,22.18,1.03,0.0
20231011:1710,0.0,0.0,0.0,20.88,0.69,0.0
20231011:1810,0.0,0.0,0.0,20.8,0.28,0.0
20231011:1910,0.0,0.0,0.0,18.12,1.52,0.0
20231011:2010,0.0,0.0,0.0,17.2,1.59,0.0
20231011:2110,0.0,0.0,0.0,16.51,1.59,0.0
20231011:2210,0.0,0.0,0.0,15.92,1.52,0.0
20231011:2310,0.0,0.0,0.0,15.65,1.38,0.0
20231012:0010,0.0,0.0,0.0,15.33,1.31,0.0
20231012:0110,0.0,0.0,0.0,15.34,1.03,0.0
20231012:0210,0.0,0.0,0.0,15.42,1.17,0.0
20231012:0310,0.0,0.0,0.0,15.12,1.24,0.0
20231012:0410,0.0,0.0,0.0,14.91,1.31,0.0
20231012:0510,0.0,0.0,0.0,15.14,1.31,0.0
20231012:0610,12.3,24.61,4.98,15.13,1.1,0.0
20231012:0710,71.7,91.76,14.7,16.7,1.1,0.0
20231012:0810,200.78,226.8,23.39,18.37,0.9,0.0
20231012:0910,433.07,477.91,30.47,19.51,0.07,0.0
20231012:1010,614.67,687.63,35.2,20.61,0.34,0.0
20231012:1110,569.48,634.0,36.88,21.6,0.69,0.0
20231012:1210,459.82,508.12,35.23,22.21,0.9,0.0
20231012:1310,454.71,503.04,30.53,22.75,0.83,0.0
20231012:1410,436.74,482.45,23.47,22.94,0.83,0.0
20231012:1510,187.06,214.65,14.78,22.77,0.83,0.0
20231012:1610,25.48,42.36,5.08,22.04,0.48,0.0
20231012:1710,0.0,0.0,0.0,21.11,0.41,0.0
20231012:1810,0.0,0.0,0.0,18.5,1.38,0.0
20231012:1910,0.0,0.0,0.0,17.06,1.59,0.0
20231012:2010,0.0,0.0,0.0,16.32,1.45,0.0
20231012:2110,0.0,0.0,0.0,15.72,1.45,0.0
20231012:2210,0.0,0.0,0.0,15.35,1.38,0.0
20231012:2310,0.0,0.0,0.0,15.52,1.24,0.0
20231013:0010,0.0,0.0,0.0,14.74,1.17,0.0
20231013:0110,0.0,0.0,0.0,14.42,1.17,0.0
20231013:0210,0.0,0.0,0.0,14.75,1.17,0.0
20231013:0310,0.0,0.0,0.0,14.77,1.31,0.0
20231013:0410,0.0,0.0,0.0,14.79,1.31,0.0
20231013:0510,0.0,0.0,0.0,14.77,1.38,0.0
20231013:0610,8.03,18.93,4.74,14.87,1.52,0.0
20231013:0710,73.45,93.52,14.44,15.49,1.1,0.0
20231013:0810,158.64,181.66,23.11,17.23,0.83,0.0
20231013:0910,195.55,220.73,30.15,18.65,0.48,0.0
20231013:1010,306.23,338.83,34.85,19.61,0.14,0.0
20231013:1110,120.91,144.62,36.51,20.54,0.41,0.0
20231013:1210,191.67,218.7,34.85,20.79,0.62,0.0
20231013:1310,161.92,187.57,30.16,21.05,0.76,0.0
20231013:1410,80.19,101.92,23.12,21.4,0.97,0.0
20231013:1510,299.29,331.57,14.45,21.07,0.76,0.0
20231013:1610,66.68,90.86,4.76,20.5,0.14,0.0
20231013:1710,0.0,0.0,0.0,19.39,0.76,0.0
20231013:1810,0.0,0.0,0.0,18.09,1.17,0.0
20231013:1910,0.0,0.0,0.0,17.6,1.24,0.0
20231013:2010,0.0,0.0,0.0,17.58,1.03,0.0
20231013:2110,0.0,0.0,0.0,17.61,0.9,0.0
20231013:2210,0.0,0.0,0.0,17.64,0.83,0.0
20231013:2310,0.0,0.0,0.0,17.16,0.9,0.0
20231014:0010,0.0,0.0,0.0,16.98,0.76,0.0
20231014:0110,0.0,0.0,0.0,17.29,0.41,0.0
20231014:0210,0.0,0.0,0.0,17.11,0.28,0.0
20231014:0310,0.0,0.0,0.0,16.99,0.28,0.0
20231014:0410,0.0,0.0,0.0,16.9,0.28,0.0
20231014:0510,0.0,0.0,0.0,16.83,0.21,0.0
20231014:0610,0.0,4.73,4.51,16.78,0.28,0.0
20231014:0710,51.54,69.79,14.18,16.23,0.14,0.0
20231014:0810,340.01,380.31,22.82,17.35,0.28,0.0
20231014:0910,266.29,294.41,29.83,18.28,0.21,0.0
20231014:1010,501.7,553.03,34.49,19.24,0.14,0.0
20231014:1110,456.67,502.5,36.13,19.76,0.28,0.0
20231014:1210,392.26,432.67,34.47,20.11,0.07,0.0
20231014:1310,347.47,382.12,29.8,20.75,0.55,0.0
20231014:1410,342.2,374.48,22.78,20.93,0.97,0.0
20231014:1510,343.39,379.92,14.13,20.73,0.41,0.0
20231014:1610,45.42,66.39,4.45,20.17,0.62,0.0
20231014:1710,0.0,0.0,0.0,19.06,1.31,0.0
20231014:1810,0.0,0.0,0.0,17.65,1.59,0.0
20231014:1910,0.0,0.0,0.0,16.51,1.59,0.0
20231014:2010,0.0,0.0,0.0,15.5,1.59,0.0
20231014:2110,0.0,0.0,0.0,14.69,1.59,0.0
20231014:2210,0.0,0.0,0.0,13.87,1.66,0.0
20231014:2310,0.0,0.0,0.0,13.3,1.66,0.0
20231015:0010,0.0,0.0,0.0,12.77,1.79,0.0
20231015:0110,0.0,0.0,0.0,12.47,1.93,0.0
20231015:0210,0.0,0.0,0.0,12.34,2.14,0.0
20231015:0310,0.0,0.0,0.0,12.38,2.34,0.0
20231015:0410,0.0,0.0,0.0,12.66,2.55,0.0
20231015:0510,0.0,0.0,0.0,12.7,2.76,0.0
20231015:0610,10.26,21.77,4.27,12.84,2.9,0.0
20231015:0710,120.9,151.79,13.92,14.2,2.69,0.0
20231015:0810,169.78,191.73,22.54,16.81,3.03,0.0
20231015:0910,503.67,532.77,29.51,18.25,4.55,0.0
20231015:1010,552.25,582.95,34.14,19.09,5.17,0.0
20231015:1110,619.25,653.69,35.76,19.46,5.66,0.0
20231015:1210,698.99,741.85,34.1,19.65,5.17,0.0
20231015:1310,664.32,704.92,29.44,19.61,4.69,0.0
20231015:1410,356.29,380.35,22.43,19.56,4.21,0.0
20231015:1510,71.38,91.2,13.8,19.01,3.86,0.0
20231015:1610,6.17,16.5,4.14,18.05,3.38,0.0
20231015:1710,0.0,0.0,0.0,16.89,2.83,0.0
20231015:1810,0.0,0.0,0.0,15.32,2.69,0.0
20231015:1910,0.0,0.0,0.0,15.77,3.45,0.0
20231015:2010,0.0,0.0,0.0,14.78,2.55,0.0
20231015:2110,0.0,0.0,0.0,13.28,2.14,0.0
20231015:2210,0.0,0.0,0.0,11.71,1.79,0.0
20231015:2310,0.0,0.0,0.0,11.52,1.31,0.0
20231016:0010,0.0,0.0,0.0,11.99,0.83,0.0
20231016:0110,0.0,0.0,0.0,11.47,1.03,0.0
20231016:0210,0.0,0.0,0.0,11.63,1.17,0.0
20231016:0310,0.0,0.0,0.0,12.21,1.45,0.0
20231016:0410,0.0,0.0,0.0,12.32,1.59,0.0
20231016:0510,0.0,0.0,0.0,12.37,1.59,0.0
20231016:0610,1.87,9.47,4.03,12.28,1.52,0.0
20231016:0710,23.61,37.85,13.66,11.92,1.59,0.0
20231016:0810,69.85,87.36,22.25,12.11,1.66,0.0
20231016:0910,193.57,211.59,29.19,12.44,1.86,0.0
20231016:1010,341.88,360.64,33.79,13.04,1.93,0.0
20231016:1110,530.16,557.43,35.39,13.38,1.72,0.0
20231016:1210,533.63,564.23,33.73,13.94,1.38,0.0
20231016:1310,353.13,374.71,29.08,14.07,1.03,0.0
20231016:1410,240.88,260.63,22.1,14.32,0.76,0.0
20231016:1510,182.62,202.5,13.48,14.1,0.55,0.0
20231016:1610,41.4,60.64,3.83,13.79,0.48,0.0
20231016:1710,0.0,0.0,0.0,13.13,0.55,0.0
20231016:1810,0.0,0.0,0.0,12.52,0.76,0.0
20231016:1910,0.0,0.0,0.0,10.77,1.24,0.0
20231016:2010,0.0,0.0,0.0,10.66,1.1,0.0
20231016:2110,0.0,0.0,0.0,10.51,1.03,0.0
20231016:2210,0.0,0.0,0.0,10.27,1.03,0.0
20231016:2310,0.0,0.0,0.0,10.5,0.97,0.0
20231017:0010,0.0,0.0,0.0,10.22,1.1,0.0
20231017:0110,0.0,0.0,0.0,10.06,1.17,0.0
20231017:0210,0.0,0.0,0.0,9.03,1.45,0.0
20231017:0310,0.0,0.0,0.0,8.16,1.59,0.0
20231017:0410,0.0,0.0,0.0,7.82,1.52,0.0
20231017:0510,0.0,0.0,0.0,7.44,1.52,0.0
20231017:0610,9.84,20.83,3.79,7.38,1.38,0.0
20231017:0710,126.94,161.52,13.4,9.62,1.17,0.0
20231017:0810,310.15,337.11,21.96,12.27,0.83,0.0
20231017:0910,472.06,504.32,28.87,13.5,0.41,0.0
20231017:1010,595.0,641.48,33.44,14.19,0.41,0.0
20231017:1110,680.19,739.41,35.02,14.88,0.69,0.0
20231017:1210,461.28,494.22,33.36,15.4,0.62,0.0
20231017:1310,260.69,283.44,28.72,15.51,0.48,0.0
20231017:1410,299.63,322.54,21.76,15.48,0.41,0.0
20231017:1510,144.23,164.55,13.17,15.22,0.62,0.0
20231017:1610,25.98,42.67,3.53,14.61,0.83,0.0
20231017:1710,0.0,0.0,0.0,13.22,0.83,0.0
20231017:1810,0.0,0.0,0.0,13.37,0.28,0.0
20231017:1910,0.0,0.0,0.0,10.64,1.31,0.0
20231017:2010,0.0,0.0,0.0,10.24,1.38,0.0
20231017:2110,0.0,0.0,0.0,9.94,1.38,0.0
20231017:2210,0.0,0.0,0.0,9.73,1.31,0.0
20231017:2310,0.0,0.0,0.0,9.67,1.31,0.0
20231018:0010,0.0,0.0,0.0,9.47,1.38,0.0
20231018:0110,0.0,0.0,0.0,9.49,1.38,0.0
20231018:0210,0.0,0.0,0.0,9.76,1.24,0.0
20231018:0310,0.0,0.0,0.0,10.14,1.1,0.0
20231018:0410,0.0,0.0,0.0,10.41,1.03,0.0
20231018:0510,0.0,0.0,0.0,10.55,0.97,0.0
20231018:0610,6.86,17.04,3.55,10.36,1.1,0.0
20231018:0710,28.84,43.68,13.14,11.27,0.9,0.0
20231018:0810,53.79,70.86,21.67,12.39,0.69,0.0
20231018:0910,41.81,58.24,28.55,12.94,0.69,0.0
20231018:1010,109.3,128.12,33.09,13.0,0.76,0.0
20231018:1110,68.44,86.39,34.66,13.06,0.55,0.0
20231018:1210,31.18,46.59,32.99,12.78,0.07,0.0
20231018:1310,106.53,125.21,28.37,12.45,0.21,0.0
20231018:1410,30.39,45.62,21.43,12.35,0.21,0.0
20231018:1510,11.46,23.29,12.85,12.25,0.07,0.0
20231018:1610,0.07,5.82,3.23,12.14,0.14,0.0
20231018:1710,0.0,0.0,0.0,12.02,0.48,0.0
20231018:1810,0.0,0.0,0.0,11.85,0.62,0.0
20231018:1910,0.0,0.0,0.0,11.34,0.34,0.0
20231018:2010,0.0,0.0,0.0,11.29,0.34,0.0
20231018:2110,0.0,0.0,0.0,11.47,0.21,0.0
20231018:2210,0.0,0.0,0.0,11.38,0.14,0.0
20231018:2310,0.0,0.0,0.0,11.44,0.48,0.0
20231019:0010,0.0,0.0,0.0,11.38,0.48,0.0
20231019:0110,0.0,0.0,0.0,11.51,0.34,0.0
20231019:0210,0.0,0.0,0.0,11.6,0.21,0.0
20231019:0310,0.0,0.0,0.0,11.52,0.07,0.0
20231019:0410,0.0,0.0,0.0,11.49,0.14,0.0
20231019:0510,0.0,0.0,0.0,11.44,0.41,0.0
20231019:0610,0.01,5.68,3.3,11.38,0.41,0.0
20231019:0710,27.9,42.71,12.88,11.61,0.21,0.0
20231019:0810,21.88,35.91,21.39,12.13,0.07,0.0
20231019:0910,24.37,38.82,28.24,12.39,0.21,0.0
20231019:1010,30.36,45.62,32.75,12.53,0.28,0.0
20231019:1110,56.46,73.77,34.3,12.67,0.41,0.0
20231019:1210,30.32,45.62,32.63,12.84,0.34,0.0
20231019:1310,33.82,49.5,28.02,12.8,0.48,0.0
20231019:1410,24.32,38.82,21.1,12.84,0.48,0.0
20231019:1510,19.33,33.0,12.54,12.72,0.34,0.0
20231019:1610,0.0,4.85,2.93,12.62,0.34,0.0
20231019:1710,0.0,0.0,0.0,12.54,0.28,0.0
20231019:1810,0.0,0.0,0.0,12.51,0.21,0.0
20231019:1910,0.0,0.0,0.0,12.24,0.55,0.0
20231019:2010,0.0,0.0,0.0,12.3,0.41,0.0
20231019:2110,0.0,0.0,0.0,12.42,0.34,0.0
20231019:2210,0.0,0.0,0.0,12.61,0.62,0.0
20231019:2310,0.0,0.0,0.0,12.71,1.24,0.0
20231020:0010,0.0,0.0,0.0,12.83,1.17,0.0
20231020:0110,0.0,0.0,0.0,13.03,0.41,0.0
20231020:0210,0.0,0.0,0.0,13.03,0.76,0.0
20231020:0310,0.0,0.0,0.0,13.05,0.28,0.0
20231020:0410,0.0,0.0,0.0,13.05,1.1,0.0
20231020:0510,0.0,0.0,0.0,13.1,1.79,0.0
20231020:0610,2.4,10.41,3.06,13.52,2.69,0.0
20231020:0710,10.59,22.32,12.62,14.43,4.28,0.0
20231020:0810,23.26,37.85,21.1,15.16,5.31,0.0
20231020:0910,45.93,63.09,27.92,15.49,5.31,0.0
20231020:1010,47.69,65.03,32.4,15.6,4.69,0.0
20231020:1110,44.91,62.12,33.93,15.89,4.21,0.0
20231020:1210,33.37,49.5,32.27,15.95,3.86,0.0
20231020:1310,23.12,37.85,27.67,16.03,2.69,0.0
20231020:1410,14.23,27.18,20.77,16.46,2.28,0.0
20231020:1510,4.92,14.56,12.24,16.42,2.28,0.0
20231020:1610,0.0,4.85,2.64,15.88,2.0,0.0
20231020:1710,0.0,0.0,0.0,14.84,1.86,0.0
20231020:1810,0.0,0.0,0.0,14.37,1.86,0.0
20231020:1910,0.0,0.0,0.0,13.59,1.59,0.0
20231020:2010,0.0,0.0,0.0,13.66,1.66,0.0
20231020:2110,0.0,0.0,0.0,13.76,1.52,0.0
20231020:2210,0.0,0.0,0.0,13.83,1.59,0.0
20231020:2310,0.0,0.0,0.0,13.88,1.72,0.0
20231021:0010,0.0,0.0,0.0,13.77,1.79,0.0
20231021:0110,0.0,0.0,0.0,13.61,1.79,0.0
20231021:0210,0.0,0.0,0.0,13.46,1.72,0.0
20231021:0310,0.0,0.0,0.0,13.42,1.66,0.0
20231021:0410,0.0,0.0,0.0,13.28,1.59,0.0
20231021:0510,0.0,0.0,0.0,13.35,1.52,0.0
20231021:0610,2.4,10.41,2.82,13.32,1.72,0.0
20231021:0710,28.48,43.68,12.36,13.68,0.97,0.0
20231021:0810,169.99,192.28,20.81,15.27,1.03,0.0
20231021:0910,81.62,100.94,27.6,15.85,1.66,0.0
20231021:1010,214.11,235.63,32.06,16.18,2.07,0.0
20231021:1110,76.64,96.09,33.58,16.86,2.34,0.0
20231021:1210,138.43,159.18,31.91,16.32,2.34,0.0
20231021:1310,65.49,84.44,27.33,17.0,2.62,0.0
20231021:1410,130.04,150.32,20.45,16.48,2.28,0.0
20231021:1510,8.33,19.41,11.93,15.75,1.45,0.0
20231021:1610,0.94,7.76,2.36,14.75,0.9,0.0
20231021:1710,0.0,0.0,0.0,13.48,1.38,0.0
20231021:1810,0.0,0.0,0.0,13.59,1.24,0.0
20231021:1910,0.0,0.0,0.0,13.19,1.03,0.0
20231021:2010,0.0,0.0,0.0,12.99,1.17,0.0
20231021:2110,0.0,0.0,0.0,12.88,1.1,0.0
20231021:2210,0.0,0.0,0.0,12.84,0.97,0.0
20231021:2310,0.0,0.0,0.0,12.65,0.9,0.0
20231022:0010,0.0,0.0,0.0,12.51,0.97,0.0
20231022:0110,0.0,0.0,0.0,12.71,0.48,0.0
20231022:0210,0.0,0.0,0.0,12.76,0.41,0.0
20231022:0310,0.0,0.0,0.0,12.0,0.83,0.0
20231022:0410,0.0,0.0,0.0,12.09,0.69,0.0
20231022:0510,0.0,0.0,0.0,12.08,0.62,0.0
20231022:0610,3.63,12.31,2.58,10.31,1.31,0.0
20231022:0710,101.95,130.66,12.1,9.95,0.97,0.0
20231022:0810,325.64,358.43,20.53,13.45,0.9,0.0
20231022:0910,392.4,420.19,27.29,14.75,0.69,0.0
20231022:1010,332.05,357.88,31.72,15.86,0.69,0.0
20231022:1110,291.05,316.31,33.22,16.35,0.62,0.0
20231022:1210,472.01,509.29,31.56,16.78,0.55,0.0
20231022:1310,490.47,527.07,26.99,16.89,0.83,0.0
20231022:1410,404.72,433.14,20.13,17.07,1.1,0.0
20231022:1510,238.41,262.67,11.63,16.75,0.76,0.0
20231022:1610,0.0,3.88,2.07,16.13,0.21,0.0
20231022:1710,0.0,0.0,0.0,14.85,0.76,0.0
20231022:1810,0.0,0.0,0.0,14.02,1.31,0.0
20231022:1910,0.0,0.0,0.0,13.61,1.1,0.0
20231022:2010,0.0,0.0,0.0,13.08,1.17,0.0
20231022:2110,0.0,0.0,0.0,12.36,1.31,0.0
20231022:2210,0.0,0.0,0.0,11.95,1.45,0.0
20231022:2310,0.0,0.0,0.0,11.51,1.59,0.0
20231023:0010,0.0,0.0,0.0,11.45,1.52,0.0
20231023:0110,0.0,0.0,0.0,11.49,1.45,0.0
20231023:0210,0.0,0.0,0.0,11.18,1.59,0.0
20231023:0310,0.0,0.0,0.0,11.48,1.45,0.0
20231023:0410,0.0,0.0,0.0,11.49,1.59,0.0
20231023:0510,0.0,0.0,0.0,11.45,1.52,0.0
20231023:0610,0.01,5.68,2.34,11.26,1.59,0.0
20231023:0710,54.04,71.77,11.84,12.23,0.97,0.0
20231023:0810,37.15,53.38,20.24,13.96,0.76,0.0
20231023:0910,149.57,169.91,26.97,14.71,0.83,0.0
20231023:1010,43.99,61.15,31.38,15.44,1.17,0.0
20231023:1110,30.74,46.59,32.87,15.8,1.17,0.0
20231023:1210,57.43,75.71,31.21,15.88,0.9,0.0
20231023:1310,22.28,36.88,26.66,15.84,0.55,0.0
20231023:1410,22.29,36.88,19.81,15.74,0.28,0.0
20231023:1510,11.25,23.29,11.34,15.49,0.76,0.0
20231023:1610,0.0,0.95,1.79,15.0,1.31,0.0
20231023:1710,0.0,0.0,0.0,14.63,1.52,0.0
20231023:1810,0.0,0.0,0.0,14.23,1.52,0.0
20231023:1910,0.0,0.0,0.0,13.61,1.38,0.0
20231023:2010,0.0,0.0,0.0,13.61,1.59,0.0
20231023:2110,0.0,0.0,0.0,13.35,1.38,0.0
20231023:2210,0.0,0.0,0.0,13.27,1.45,0.0
20231023:2310,0.0,0.0,0.0,13.13,1.31,0.0
20231024:0010,0.0,0.0,0.0,13.06,1.17,0.0
20231024:0110,0.0,0.0,0.0,13.06,1.17,0.0
20231024:0210,0.0,0.0,0.0,12.94,1.38,0.0
20231024:0310,0.0,0.0,0.0,12.73,1.1,0.0
20231024:0410,0.0,0.0,0.0,12.62,1.31,0.0
20231024:0510,0.0,0.0,0.0,12.53,1.24,0.0
20231024:0610,0.0,2.84,2.1,12.58,1.1,0.0
20231024:0710,7.07,17.47,11.58,12.55,1.03,0.0
20231024:0810,23.5,37.85,19.95,12.77,0.97,0.0
20231024:0910,22.63,36.88,26.66,12.99,0.97,0.0
20231024:1010,50.91,67.94,31.04,13.03,1.17,0.0
20231024:1110,71.41,89.3,32.52,12.87,1.17,0.0
20231024:1210,82.68,100.94,30.86,13.1,1.31,0.0
20231024:1310,37.27,53.38,26.32,13.38,0.83,0.0
20231024:1410,30.21,45.62,19.5,13.59,0.76,0.0
20231024:1510,15.23,28.15,11.05,13.59,0.55,0.0
20231024:1610,0.0,0.95,1.52,13.44,0.14,0.0
20231024:1710,0.0,0.0,0.0,13.27,0.55,0.0
20231024:1810,0.0,0.0,0.0,12.93,0.69,0.0
20231024:1910,0.0,0.0,0.0,11.66,1.45,0.0
20231024:2010,0.0,0.0,0.0,11.4,0.9,0.0
20231024:2110,0.0,0.0,0.0,10.85,1.03,0.0
20231024:2210,0.0,0.0,0.0,9.61,1.45,0.0
20231024:2310,0.0,0.0,0.0,9.16,1.52,0.0
20231025:0010,0.0,0.0,0.0,8.96,1.45,0.0
20231025:0110,0.0,0.0,0.0,8.2,1.72,0.0
20231025:0210,0.0,0.0,0.0,7.86,1.66,0.0
20231025:0310,0.0,0.0,0.0,7.52,1.66,0.0
20231025:0410,0.0,0.0,0.0,7.39,1.45,0.0
20231025:0510,0.0,0.0,0.0,8.15,1.45,0.0
20231025:0610,0.0,0.95,1.85,8.43,1.79,0.0
20231025:0710,65.14,84.47,11.32,10.04,0.9,0.0
20231025:0810,135.53,154.45,19.67,11.65,0.62,0.0
20231025:0910,72.25,90.27,26.35,12.79,0.34,0.0
20231025:1010,174.9,195.78,30.7,14.25,0.14,0.0
20231025:1110,325.5,350.18,32.17,15.21,0.55,0.0
20231025:1210,194.7,216.65,30.51,16.07,0.97,0.0
20231025:1310,458.45,487.8,26.0,16.35,1.38,0.0
20231025:1410,39.45,56.3,19.2,15.94,1.59,0.0
20231025:1510,39.6,56.4,10.76,15.61,1.24,0.0
20231025:1610,0.0,0.95,1.24,15.08,0.41,0.0
20231025:1710,0.0,0.0,0.0,13.95,0.76,0.0
20231025:1810,0.0,0.0,0.0,12.97,1.31,0.0
20231025:1910,0.0,0.0,0.0,12.71,1.31,0.0
20231025:2010,0.0,0.0,0.0,12.28,1.38,0.0
20231025:2110,0.0,0.0,0.0,12.27,1.38,0.0
20231025:2210,0.0,0.0,0.0,12.18,1.45,0.0
20231025:2310,0.0,0.0,0.0,12.14,1.38,0.0
20231026:0010,0.0,0.0,0.0,11.93,1.24,0.0
20231026:0110,0.0,0.0,0.0,11.97,0.97,0.0
20231026:0210,0.0,0.0,0.0,11.02,1.24,0.0
20231026:0310,0.0,0.0,0.0,11.02,1.24,0.0
20231026:0410,0.0,0.0,0.0,10.87,1.17,0.0
20231026:0510,0.0,0.0,0.0,10.57,1.24,0.0
20231026:0610,0.0,0.95,1.61,10.28,1.24,0.0
20231026:0710,68.77,89.49,11.06,10.52,0.83,0.0
20231026:0810,183.38,205.15,19.39,12.81,0.55,0.0
20231026:0910,203.64,224.2,26.04,14.14,0.69,0.0
20231026:1010,113.0,132.98,30.37,14.8,0.48,0.0
20231026:1110,44.07,61.15,31.82,14.82,0.34,0.0
20231026:1210,187.69,209.13,30.17,15.03,0.34,0.0
20231026:1310,20.71,34.94,25.67,15.21,0.55,0.0
20231026:1410,38.68,55.33,18.89,15.23,0.9,0.0
20231026:1510,39.79,56.47,10.48,14.83,0.69,0.0
20231026:1610,0.0,0.0,0.0,14.26,0.28,0.0
20231026:1710,0.0,0.0,0.0,13.73,1.03,0.0
20231026:1810,0.0,0.0,0.0,13.25,1.52,0.0
20231026:1910,0.0,0.0,0.0,13.05,1.31,0.0
20231026:2010,0.0,0.0,0.0,12.99,0.55,0.0
20231026:2110,0.0,0.0,0.0,12.88,0.83,0.0
20231026:2210,0.0,0.0,0.0,13.04,1.17,0.0
20231026:2310,0.0,0.0,0.0,12.96,1.1,0.0
20231027:0010,0.0,0.0,0.0,13.02,1.17,0.0
20231027:0110,0.0,0.0,0.0,13.06,1.24,0.0
20231027:0210,0.0,0.0,0.0,13.01,1.03,0.0
20231027:0310,0.0,0.0,0.0,12.99,1.17,0.0
20231027:0410,0.0,0.0,0.0,12.62,1.17,0.0
20231027:0510,0.0,0.0,0.0,12.06,1.66,0.0
20231027:0610,0.0,4.73,1.37,11.22,1.66,0.0
20231027:0710,92.82,125.52,10.8,10.9,1.24,0.0
20231027:0810,309.54,342.78,19.1,13.63,1.17,0.0
20231027:0910,485.08,518.43,25.73,15.52,1.45,0.0
20231027:1010,608.54,654.98,30.04,17.05,1.52,0.0
20231027:1110,632.25,685.64,31.48,18.36,1.59,0.0
20231027:1210,668.35,733.03,29.84,19.21,1.31,0.0
20231027:1310,591.5,645.03,25.35,19.57,1.24,0.0
20231027:1410,349.9,379.12,18.6,19.5,1.31,0.0
20231027:1510,253.26,281.58,10.2,18.84,0.83,0.0
20231027:1610,0.0,0.0,0.0,16.88,1.31,0.0
20231027:1710,0.0,0.0,0.0,14.37,1.66,0.0
20231027:1810,0.0,0.0,0.0,12.68,1.86,0.0
20231027:1910,0.0,0.0,0.0,11.37,1.93,0.0
20231027:2010,0.0,0.0,0.0,10.58,1.86,0.0
20231027:2110,0.0,0.0,0.0,10.33,1.79,0.0
20231027:2210,0.0,0.0,0.0,9.92,1.93,0.0
20231027:2310,0.0,0.0,0.0,9.28,2.0,0.0
20231028:0010,0.0,0.0,0.0,8.89,2.0,0.0
20231028:0110,0.0,0.0,0.0,8.46,2.07,0.0
20231028:0210,0.0,0.0,0.0,8.32,2.14,0.0
20231028:0310,0.0,0.0,0.0,8.09,1.93,0.0
20231028:0410,0.0,0.0,0.0,7.69,1.66,0.0
20231028:0510,0.0,0.0,0.0,7.24,1.52,0.0
20231028:0610,0.0,0.0,0.0,7.2,1.45,0.0
20231028:0710,104.12,145.27,10.54,7.33,1.52,0.0
20231028:0810,309.49,339.72,18.82,11.52,1.17,0.0
20231028:0910,241.57,262.42,25.42,14.04,0.83,0.0
20231028:1010,485.55,517.01,29.71,15.26,1.17,0.0
20231028:1110,601.94,643.93,31.15,15.94,1.52,0.0
20231028:1210,176.49,197.96,29.51,16.26,1.45,0.0
20231028:1310,327.95,351.88,25.04,16.53,1.17,0.0
20231028:1410,435.74,464.63,18.3,16.61,1.31,0.0
20231028:1510,264.08,289.16,9.93,16.16,1.1,0.0
20231028:1610,0.0,0.0,0.0,15.1,0.76,0.0
20231028:1710,0.0,0.0,0.0,14.25,0.9,0.0
20231028:1810,0.0,0.0,0.0,13.63,0.97,0.0
20231028:1910,0.0,0.0,0.0,10.96,1.86,0.0
20231028:2010,0.0,0.0,0.0,10.7,1.86,0.0
20231028:2110,0.0,0.0,0.0,10.61,1.72,0.0
20231028:2210,0.0,0.0,0.0,10.68,1.66,0.0
20231028:2310,0.0,0.0,0.0,10.64,1.72,0.0
20231029:0010,0.0,0.0,0.0,11.08,1.66,0.0
20231029:0110,0.0,0.0,0.0,11.55,1.72,0.0
20231029:0210,0.0,0.0,0.0,11.81,1.66,0.0
20231029:0310,0.0,0.0,0.0,11.91,1.66,0.0
20231029:0410,0.0,0.0,0.0,12.05,1.72,0.0
20231029:0510,0.0,0.0,0.0,11.96,1.72,0.0
20231029:0610,0.0,0.0,0.0,11.76,1.86,0.0
20231029:0710,8.54,19.41,10.28,11.57,1.17,0.0
20231029:0810,37.46,53.38,18.54,12.43,1.17,0.0
20231029:0910,26.03,40.77,25.11,12.89,1.1,0.0
20231029:1010,25.98,40.77,29.39,13.31,1.45,0.0
20231029:1110,28.51,43.68,30.81,13.63,1.79,0.0
20231029:1210,25.89,40.77,29.18,14.02,2.0,0.0
20231029:1310,84.2,102.89,24.72,14.28,2.07,0.0
20231029:1410,23.34,37.85,18.01,14.11,1.59,0.0
20231029:1510,8.42,19.41,9.66,13.96,1.66,0.0
20231029:1610,0.0,0.0,0.0,13.68,1.72,0.0
20231029:1710,0.0,0.0,0.0,13.53,2.0,0.0
20231029:1810,0.0,0.0,0.0,13.44,2.0,0.0
20231029:1910,0.0,0.0,0.0,12.66,1.03,0.0
20231029:2010,0.0,0.0,0.0,12.64,0.97,0.0
20231029:2110,0.0,0.0,0.0,12.72,0.97,0.0
20231029:2210,0.0,0.0,0.0,12.69,0.97,0.0
20231029:2310,0.0,0.0,0.0,12.89,1.1,0.0
20231030:0010,0.0,0.0,0.0,12.97,1.03,0.0
20231030:0110,0.0,0.0,0.0,13.03,1.1,0.0
20231030:0210,0.0,0.0,0.0,13.0,1.1,0.0
20231030:0310,0.0,0.0,0.0,12.94,1.03,0.0
20231030:0410,0.0,0.0,0.0,12.84,0.97,0.0
20231030:0510,0.0,0.0,0.0,12.74,0.97,0.0
20231030:0610,0.0,0.0,0.0,12.99,1.17,0.0
20231030:0710,3.15,11.65,10.02,12.9,0.76,0.0
20231030:0810,11.38,23.29,18.26,13.59,0.83,0.0
20231030:0910,20.03,33.97,24.81,13.98,0.69,0.0
20231030:1010,46.93,64.06,29.06,14.21,0.62,0.0
20231030:1110,27.54,42.71,30.48,14.23,0.83,0.0
20231030:1210,25.0,39.8,28.85,14.16,0.76,0.0
20231030:1310,27.53,42.71,24.42,14.21,0.41,0.0
20231030:1410,24.14,38.82,17.73,14.26,0.48,0.0
20231030:1510,10.58,22.32,9.39,14.28,0.48,0.0
20231030:1610,0.0,0.0,0.0,14.07,0.48,0.0
20231030:1710,0.0,0.0,0.0,13.94,0.41,0.0
20231030:1810,0.0,0.0,0.0,14.16,1.52,0.0
20231030:1910,0.0,0.0,0.0,14.34,2.83,0.0
20231030:2010,0.0,0.0,0.0,14.31,2.34,0.0
20231030:2110,0.0,0.0,0.0,14.22,2.21,0.0
20231030:2210,0.0,0.0,0.0,13.68,1.52,0.0
20231030:2310,0.0,0.0,0.0,13.21,0.97,0.0
20231031:0010,0.0,0.0,0.0,12.93,0.21,0.0
20231031:0110,0.0,0.0,0.0,11.98,1.1,0.0
20231031:0210,0.0,0.0,0.0,11.66,1.52,0.0
20231031:0310,0.0,0.0,0.0,12.2,2.28,0.0
20231031:0410,0.0,0.0,0.0,12.18,2.41,0.0
20231031:0510,0.0,0.0,0.0,11.95,2.0,0.0
20231031:0610,0.0,0.0,0.0,11.85,2.07,0.0
20231031:0710,14.62,27.18,9.76,11.68,2.34,0.0
20231031:0810,81.71,99.33,17.98,11.65,1.93,0.0
20231031:0910,309.61,329.08,24.51,13.04,1.59,0.0
20231031:1010,571.29,606.25,28.74,14.52,1.45,0.0
20231031:1110,661.55,709.83,30.15,15.86,1.59,0.0
20231031:1210,669.96,723.8,28.53,16.72,1.45,0.0
20231031:1310,599.87,646.64,24.11,17.0,1.17,0.0
20231031:1410,204.73,226.61,17.44,17.0,0.76,0.0
20231031:1510,224.52,249.96,9.13,16.59,0.41,0.0
20231031:1610,0.0,0.0,0.0,15.07,0.83,0.0
20231031:1710,0.0,0.0,0.0,12.68,1.52,0.0
20231031:1810,0.0,0.0,0.0,11.02,1.72,0.0
20231031:1910,0.0,0.0,0.0,10.24,1.79,0.0
20231031:2010,0.0,0.0,0.0,9.24,2.0,0.0
20231031:2110,0.0,0.0,0.0,8.96,2.21,0.0
20231031:2210,0.0,0.0,0.0,8.91,2.41,0.0
20231031:2310,0.0,0.0,0.0,8.8,2.48,0.0
20231101:0010,0.0,0.0,0.0,8.85,2.48,0.0
20231101:0110,0.0,0.0,0.0,8.42,2.28,0.0
20231101:0210,0.0,0.0,0.0,7.69,2.07,0.0
20231101:0310,0.0,0.0,0.0,7.16,2.07,0.0
20231101:0410,0.0,0.0,0.0,6.59,2.14,0.0
20231101:0510,0.0,0.0,0.0,6.38,2.07,0.0
20231101:0610,0.0,0.0,0.0,6.27,1.93,0.0
20231101:0710,18.27,31.06,9.51,7.07,1.79,0.0
20231101:0810,102.59,120.17,17.7,10.46,1.45,0.0
20231101:0910,206.28,224.73,24.21,12.45,1.17,0.0
20231101:1010,189.74,208.85,28.43,13.07,0.97,0.0
20231101:1110,106.48,125.21,29.83,13.2,1.31,0.0
20231101:1210,116.06,134.92,28.22,13.17,1.17,0.0
20231101:1310,43.6,60.18,23.82,13.17,1.24,0.0
20231101:1410,23.47,37.85,17.17,13.04,1.45,0.0
20231101:1510,2.57,10.68,8.88,12.75,1.17,0.0
20231101:1610,0.0,0.0,0.0,12.15,1.1,0.0
20231101:1710,0.0,0.0,0.0,11.7,1.31,0.0
20231101:1810,0.0,0.0,0.0,11.24,1.31,0.0
20231101:1910,0.0,0.0,0.0,10.79,1.31,0.0
20231101:2010,0.0,0.0,0.0,10.78,1.1,0.0
20231101:2110,0.0,0.0,0.0,10.76,0.97,0.0
20231101:2210,0.0,0.0,0.0,10.68,0.97,0.0
20231101:2310,0.0,0.0,0.0,10.56,0.9,0.0
20231102:0010,0.0,0.0,0.0,10.39,0.97,0.0
20231102:0110,0.0,0.0,0.0,10.31,1.03,0.0
20231102:0210,0.0,0.0,0.0,10.4,0.97,0.0
20231102:0310,0.0,0.0,0.0,10.53,1.1,0.0
20231102:0410,0.0,0.0,0.0,10.53,1.03,0.0
20231102:0510,0.0,0.0,0.0,10.57,1.24,0.0
20231102:0610,0.0,0.0,0.0,10.59,1.79,0.0
20231102:0710,2.61,10.68,9.25,10.4,1.03,0.0
20231102:0810,15.5,28.15,17.42,10.56,1.1,0.0
20231102:0910,45.99,62.12,23.91,10.71,1.45,0.0
20231102:1010,31.56,46.59,28.11,10.72,1.31,0.0
20231102:1110,54.23,70.86,29.51,10.94,1.24,0.0
20231102:1210,29.76,44.65,27.9,10.97,1.1,0.0
20231102:1310,25.42,39.8,23.52,11.05,0.97,0.0
20231102:1410,17.06,30.09,16.9,11.06,1.03,0.0
20231102:1510,9.3,20.38,8.63,10.98,1.31,0.0
20231102:1610,0.0,0.0,0.0,10.93,1.45,0.0
20231102:1710,0.0,0.0,0.0,10.78,1.17,0.0
20231102:1810,0.0,0.0,0.0,10.76,1.31,0.0
20231102:1910,0.0,0.0,0.0,10.94,0.76,0.0
20231102:2010,0.0,0.0,0.0,11.53,0.34,0.0
20231102:2110,0.0,0.0,0.0,10.94,0.83,0.0
20231102:2210,0.0,0.0,0.0,10.55,1.03,0.0
20231102:2310,0.0,0.0,0.0,9.75,1.17,0.0
20231103:0010,0.0,0.0,0.0,9.14,1.66,0.0
20231103:0110,0.0,0.0,0.0,8.73,1.59,0.0
20231103:0210,0.0,0.0,0.0,8.23,1.24,0.0
20231103:0310,0.0,0.0,0.0,8.07,1.17,0.0
20231103:0410,0.0,0.0,0.0,8.12,1.52,0.0
20231103:0510,0.0,0.0,0.0,8.27,1.79,0.0
20231103:0610,0.0,0.0,0.0,8.4,1.93,0.0
20231103:0710,17.28,30.09,9.0,8.72,1.45,0.0
20231103:0810,64.18,80.56,17.15,9.12,1.45,0.0
20231103:0910,121.02,137.83,23.62,9.76,1.38,0.0
20231103:1010,606.26,633.92,27.8,10.77,1.31,0.0
20231103:1110,668.78,707.84,29.19,11.93,1.17,0.0
20231103:1210,698.88,745.85,27.6,13.24,1.24,0.0
20231103:1310,585.42,620.54,23.23,13.94,1.17,0.0
20231103:1410,271.7,290.35,16.63,14.02,1.17,0.0
20231103:1510,295.22,319.45,8.38,13.59,1.17,0.0
20231103:1610,0.0,0.0,0.0,12.23,1.17,0.0
20231103:1710,0.0,0.0,0.0,10.62,1.31,0.0
20231103:1810,0.0,0.0,0.0,9.37,1.59,0.0
20231103:1910,0.0,0.0,0.0,7.78,2.14,0.0
20231103:2010,0.0,0.0,0.0,7.53,2.07,0.0
20231103:2110,0.0,0.0,0.0,6.93,2.07,0.0
20231103:2210,0.0,0.0,0.0,6.34,2.0,0.0
20231103:2310,0.0,0.0,0.0,5.92,2.0,0.0
20231104:0010,0.0,0.0,0.0,5.31,2.07,0.0
20231104:0110,0.0,0.0,0.0,4.83,2.0,0.0
20231104:0210,0.0,0.0,0.0,4.35,2.0,0.0
20231104:0310,0.0,0.0,0.0,3.97,2.0,0.0
20231104:0410,0.0,0.0,0.0,3.64,1.93,0.0
20231104:0510,0.0,0.0,0.0,3.53,1.72,0.0
20231104:0610,0.0,0.0,0.0,3.58,1.66,0.0
20231104:0710,52.02,70.17,8.74,4.11,1.52,0.0
20231104:0810,93.4,109.25,16.88,6.64,1.17,0.0
20231104:0910,87.52,103.86,23.32,8.26,1.03,0.0
20231104:1010,79.38,96.09,27.49,9.47,1.59,0.0
20231104:1110,125.0,141.71,28.88,9.93,2.07,0.0
20231104:1210,45.27,61.15,27.29,9.95,2.0,0.0
20231104:1310,39.81,55.33,22.95,9.82,1.93,0.0
20231104:1410,12.4,24.27,16.37,9.8,1.31,0.0
20231104:1510,6.51,16.5,8.14,9.38,1.24,0.0
20231104:1610,0.0,0.0,0.0,9.19,1.24,0.0
20231104:1710,0.0,0.0,0.0,8.99,1.1,0.0
20231104:1810,0.0,0.0,0.0,8.92,1.38,0.0
20231104:1910,0.0,0.0,0.0,8.15,1.52,0.0
20231104:2010,0.0,0.0,0.0,8.01,1.86,0.0
20231104:2110,0.0,0.0,0.0,7.92,2.28,0.0
20231104:2210,0.0,0.0,0.0,7.78,2.41,0.0
20231104:2310,0.0,0.0,0.0,7.75,2.28,0.0
20231105:0010,0.0,0.0,0.0,7.78,2.21,0.0
20231105:0110,0.0,0.0,0.0,7.84,1.86,0.0
20231105:0210,0.0,0.0,0.0,7.66,1.38,0.0
20231105:0310,0.0,0.0,0.0,7.32,1.1,0.0
20231105:0410,0.0,0.0,0.0,7.17,0.62,0.0
20231105:0510,0.0,0.0,0.0,7.0,0.62,0.0
20231105:0610,0.0,0.0,0.0,6.81,0.48,0.0
20231105:0710,72.63,106.68,8.49,7.84,0.55,0.0
20231105:0810,287.68,317.24,16.61,8.55,0.83,0.0
20231105:0910,477.48,498.81,23.03,9.76,1.24,0.0
20231105:1010,615.09,644.96,27.19,10.83,1.17,0.0
20231105:1110,674.62,721.15,28.58,11.7,0.55,0.0
20231105:1210,673.62,727.08,27.0,12.28,0.21,0.0
20231105:1310,595.8,640.3,22.67,12.69,0.0,0.0
20231105:1410,467.11,494.11,16.11,12.77,0.48,0.0
20231105:1510,243.66,265.71,7.91,12.52,0.69,0.0
20231105:1610,0.0,0.0,0.0,11.63,1.31,0.0
20231105:1710,0.0,0.0,0.0,10.1,1.93,0.0
20231105:1810,0.0,0.0,0.0,9.25,2.14,0.0
20231105:1910,0.0,0.0,0.0,8.79,1.93,0.0
20231105:2010,0.0,0.0,0.0,7.71,1.93,0.0
20231105:2110,0.0,0.0,0.0,6.82,2.0,0.0
20231105:2210,0.0,0.0,0.0,6.15,2.0,0.0
20231105:2310,0.0,0.0,0.0,5.67,2.07,0.0
20231106:0010,0.0,0.0,0.0,5.43,1.93,0.0
20231106:0110,0.0,0.0,0.0,5.49,1.93,0.0
20231106:0210,0.0,0.0,0.0,5.35,2.21,0.0
20231106:0310,0.0,0.0,0.0,5.21,2.48,0.0
20231106:0410,0.0,0.0,0.0,5.04,2.69,0.0
20231106:0510,0.0,0.0,0.0,5.05,2.62,0.0
20231106:0610,0.0,0.0,0.0,4.91,2.21,0.0
20231106:0710,77.28,118.59,8.24,5.41,2.0,0.0
20231106:0810,289.06,315.58,16.34,7.01,1.66,0.0
20231106:0910,477.49,497.45,22.75,9.22,1.31,0.0
20231106:1010,609.14,643.87,26.89,11.89,0.97,0.0
20231106:1110,671.04,716.11,28.27,13.52,1.17,0.0
20231106:1210,674.11,720.24,26.7,14.22,1.31,0.0
20231106:1310,428.66,451.9,22.4,14.43,1.31,0.0
20231106:1410,337.24,357.05,15.86,14.27,1.38,0.0
20231106:1510,85.76,104.84,7.68,13.72,1.31,0.0
20231106:1610,0.0,0.0,0.0,12.7,1.31,0.0
20231106:1710,0.0,0.0,0.0,11.3,1.31,0.0
20231106:1810,0.0,0.0,0.0,10.15,1.52,0.0
20231106:1910,0.0,0.0,0.0,10.3,1.24,0.0
20231106:2010,0.0,0.0,0.0,9.73,1.45,0.0
20231106:2110,0.0,0.0,0.0,8.94,1.52,0.0
20231106:2210,0.0,0.0,0.0,8.32,1.59,0.0
20231106:2310,0.0,0.0,0.0,8.21,1.38,0.0
20231107:0010,0.0,0.0,0.0,8.94,1.1,0.0
20231107:0110,0.0,0.0,0.0,8.01,1.1,0.0
20231107:0210,0.0,0.0,0.0,7.38,1.52,0.0
20231107:0310,0.0,0.0,0.0,7.58,1.38,0.0
20231107:0410,0.0,0.0,0.0,7.53,1.38,0.0
20231107:0510,0.0,0.0,0.0,7.89,1.38,0.0
20231107:0610,0.0,0.0,0.0,7.56,1.59,0.0
20231107:0710,13.26,25.24,7.99,8.68,1.24,0.0
20231107:0810,89.21,106.48,16.07,9.77,1.24,0.0
20231107:0910,188.66,205.1,22.46,10.25,1.31,0.0
20231107:1010,183.1,199.71,26.59,10.46,1.17,0.0
20231107:1110,634.63,666.4,27.97,10.82,1.1,0.0
20231107:1210,553.47,578.29,26.42,11.01,1.03,0.0
20231107:1310,437.22,453.04,22.13,11.2,1.52,0.0
20231107:1410,332.69,347.3,15.62,11.37,1.59,0.0
20231107:1510,156.49,175.56,7.45,11.24,0.97,0.0
20231107:1610,0.0,0.0,0.0,10.42,0.69,0.0
20231107:1710,0.0,0.0,0.0,9.62,0.9,0.0
20231107:1810,0.0,0.0,0.0,8.13,1.17,0.0
20231107:1910,0.0,0.0,0.0,6.71,1.93,0.0
20231107:2010,0.0,0.0,0.0,5.8,1.93,0.0
20231107:2110,0.0,0.0,0.0,5.06,1.93,0.0
20231107:2210,0.0,0.0,0.0,4.69,1.86,0.0
20231107:2310,0.0,0.0,0.0,4.72,2.0,0.0
20231108:0010,0.0,0.0,0.0,4.44,2.07,0.0
20231108:0110,0.0,0.0,0.0,4.07,2.21,0.0
20231108:0210,0.0,0.0,0.0,3.86,2.41,0.0
20231108:0310,0.0,0.0,0.0,3.86,2.62,0.0
20231108:0410,0.0,0.0,0.0,4.01,2.55,0.0
20231108:0510,0.0,0.0,0.0,4.0,2.62,0.0
20231108:0610,0.0,0.0,0.0,3.94,2.62,0.0
20231108:0710,71.89,113.22,7.74,4.87,2.14,0.0
20231108:0810,277.67,303.3,15.8,6.39,1.52,0.0
20231108:0910,482.41,503.82,22.18,8.7,0.97,0.0
20231108:1010,607.02,643.93,26.3,10.53,0.34,0.0
20231108:1110,667.18,720.87,27.68,11.88,0.07,0.0
20231108:1210,675.52,726.82,26.13,12.64,0.48,0.0
20231108:1310,606.83,645.24,21.87,12.92,0.76,0.0
20231108:1410,485.3,511.82,15.38,12.79,0.9,0.0
20231108:1510,222.34,243.72,7.24,12.17,0.83,0.0
20231108:1610,0.0,0.0,0.0,10.73,0.69,0.0
20231108:1710,0.0,0.0,0.0,10.51,0.21,0.0
20231108:1810,0.0,0.0,0.0,9.8,0.9,0.0
20231108:1910,0.0,0.0,0.0,6.32,1.72,0.0
20231108:2010,0.0,0.0,0.0,5.31,1.86,0.0
20231108:2110,0.0,0.0,0.0,4.81,1.79,0.0
20231108:2210,0.0,0.0,0.0,4.43,1.79,0.0
20231108:2310,0.0,0.0,0.0,4.56,1.72,0.0
20231109:0010,0.0,0.0,0.0,4.81,1.72,0.0
20231109:0110,0.0,0.0,0.0,4.85,1.79,0.0
20231109:0210,0.0,0.0,0.0,5.69,1.66,0.0
20231109:0310,0.0,0.0,0.0,5.36,1.72,0.0
20231109:0410,0.0,0.0,0.0,5.14,1.79,0.0
20231109:0510,0.0,0.0,0.0,5.45,1.79,0.0
20231109:0610,0.0,0.0,0.0,6.35,1.72,0.0
20231109:0710,37.44,54.59,7.5,6.65,1.86,0.0
20231109:0810,54.25,69.88,15.54,7.51,1.66,0.0
20231109:0910,64.42,80.56,21.9,8.37,1.45,0.0
20231109:1010,66.26,82.5,26.01,8.65,1.66,0.0
20231109:1110,105.89,122.3,27.39,8.99,1.93,0.0
20231109:1210,91.05,107.74,25.86,9.33,1.66,0.0
20231109:1310,46.34,62.12,21.61,9.04,0.97,0.0
20231109:1410,51.0,66.97,15.14,8.96,0.97,0.0
20231109:1510,68.38,85.22,7.02,8.78,1.1,0.0
20231109:1610,0.0,0.0,0.0,8.58,1.17,0.0
20231109:1710,0.0,0.0,0.0,8.46,1.38,0.0
20231109:1810,0.0,0.0,0.0,8.39,1.52,0.0
20231109:1910,0.0,0.0,0.0,7.9,1.45,0.0
20231109:2010,0.0,0.0,0.0,7.87,1.59,0.0
20231109:2110,0.0,0.0,0.0,7.85,1.52,0.0
20231109:2210,0.0,0.0,0.0,7.76,1.45,0.0
20231109:2310,0.0,0.0,0.0,7.69,1.38,0.0
20231110:0010,0.0,0.0,0.0,7.47,1.17,0.0
20231110:0110,0.0,0.0,0.0,7.44,0.9,0.0
20231110:0210,0.0,0.0,0.0,7.37,0.83,0.0
20231110:0310,0.0,0.0,0.0,7.42,0.62,0.0
20231110:0410,0.0,0.0,0.0,7.32,0.76,0.0
20231110:0510,0.0,0.0,0.0,7.35,0.76,0.0
20231110:0610,0.0,0.0,0.0,7.32,0.69,0.0
20231110:0710,34.74,51.56,7.25,7.31,0.41,0.0
20231110:0810,73.75,90.18,15.28,7.97,0.55,0.0
20231110:0910,53.02,68.91,21.63,8.33,0.83,0.0
20231110:1010,345.11,358.87,25.73,9.16,0.97,0.0
20231110:1110,514.61,535.72,27.11,9.81,0.76,0.0
20231110:1210,642.73,680.0,25.58,10.28,0.48,0.0
20231110:1310,545.36,572.38,21.36,10.65,0.48,0.0
20231110:1410,361.91,378.35,14.91,10.81,0.76,0.0
20231110:1510,91.03,109.11,6.82,10.51,1.1,0.0
20231110:1610,0.0,0.0,0.0,9.67,1.45,0.0
20231110:1710,0.0,0.0,0.0,8.24,1.66,0.0
20231110:1810,0.0,0.0,0.0,6.74,1.59,0.0
20231110:1910,0.0,0.0,0.0,6.09,1.59,0.0
20231110:2010,0.0,0.0,0.0,5.5,1.59,0.0
20231110:2110,0.0,0.0,0.0,4.88,1.66,0.0
20231110:2210,0.0,0.0,0.0,4.44,1.72,0.0
20231110:2310,0.0,0.0,0.0,3.62,1.79,0.0
20231111:0010,0.0,0.0,0.0,2.67,1.93,0.0
20231111:0110,0.0,0.0,0.0,1.89,1.86,0.0
20231111:0210,0.0,0.0,0.0,1.87,2.0,0.0
20231111:0310,0.0,0.0,0.0,1.6,2.14,0.0
20231111:0410,0.0,0.0,0.0,1.48,2.21,0.0
20231111:0510,0.0,0.0,0.0,1.4,2.28,0.0
20231111:0610,0.0,0.0,0.0,1.52,2.41,0.0
20231111:0710,63.21,101.67,7.01,1.96,2.14,0.0
20231111:0810,275.33,301.03,15.02,5.05,1.79,0.0
20231111:0910,472.12,490.59,21.35,8.25,1.38,0.0
20231111:1010,602.13,630.71,25.45,10.41,1.1,0.0
20231111:1110,675.65,718.45,26.83,11.98,0.97,0.0
20231111:1210,669.21,714.29,25.32,12.97,0.97,0.0
20231111:1310,599.66,632.97,21.11,13.33,1.38,0.0
20231111:1410,469.08,493.23,14.69,13.22,1.38,0.0
20231111:1510,243.41,265.76,6.61,12.28,1.17,0.0
20231111:1610,0.0,0.0,0.0,10.28,1.66,0.0
20231111:1710,0.0,0.0,0.0,7.92,2.0,0.0
20231111:1810,0.0,0.0,0.0,6.38,2.14,0.0
20231111:1910,0.0,0.0,0.0,5.88,2.07,0.0
20231111:2010,0.0,0.0,0.0,4.95,2.21,0.0
20231111:2110,0.0,0.0,0.0,4.44,2.34,0.0
20231111:2210,0.0,0.0,0.0,4.07,2.34,0.0
20231111:2310,0.0,0.0,0.0,3.87,2.48,0.0
20231112:0010,0.0,0.0,0.0,3.73,2.48,0.0
20231112:0110,0.0,0.0,0.0,3.89,2.55,0.0
20231112:0210,0.0,0.0,0.0,4.02,2.34,0.0
20231112:0310,0.0,0.0,0.0,4.51,2.21,0.0
20231112:0410,0.0,0.0,0.0,4.81,2.07,0.0
20231112:0510,0.0,0.0,0.0,5.05,1.79,0.0
20231112:0610,0.0,0.0,0.0,5.18,1.93,0.0
20231112:0710,3.94,12.62,6.77,5.99,1.93,0.0
20231112:0810,49.79,65.03,14.77,6.55,1.86,0.0
20231112:0910,127.69,142.7,21.09,7.23,2.14,0.0
20231112:1010,101.81,117.45,25.17,7.38,2.07,0.0
20231112:1110,315.75,324.95,26.55,7.64,2.0,0.0
20231112:1210,608.89,621.28,25.05,8.09,2.14,0.0
20231112:1310,602.04,616.5,20.87,8.57,1.93,0.0
20231112:1410,461.07,473.12,14.47,8.92,1.79,0.0
20231112:1510,188.31,205.96,6.42,8.71,1.38,0.0
20231112:1610,0.0,0.0,0.0,8.17,1.38,0.0
20231112:1710,0.0,0.0,0.0,6.91,1.59,0.0
20231112:1810,0.0,0.0,0.0,5.96,1.24,0.0
20231112:1910,0.0,0.0,0.0,6.87,0.76,0.0
20231112:2010,0.0,0.0,0.0,6.41,0.62,0.0
20231112:2110,0.0,0.0,0.0,5.69,0.9,0.0
20231112:2210,0.0,0.0,0.0,4.41,1.24,0.0
20231112:2310,0.0,0.0,0.0,3.52,1.59,0.0
20231113:0010,0.0,0.0,0.0,3.3,1.79,0.0
20231113:0110,0.0,0.0,0.0,3.47,1.86,0.0
20231113:0210,0.0,0.0,0.0,3.78,2.0,0.0
20231113:0310,0.0,0.0,0.0,3.81,1.93,0.0
20231113:0410,0.0,0.0,0.0,4.04,1.86,0.0
20231113:0510,0.0,0.0,0.0,4.45,1.79,0.0
20231113:0610,0.0,0.0,0.0,4.71,1.72,0.0
20231113:0710,52.65,86.56,6.53,4.46,1.59,0.0
20231113:0810,240.97,268.13,14.52,6.67,1.03,0.0
20231113:0910,423.66,448.72,20.82,10.31,0.41,0.0
20231113:1010,551.95,585.36,24.9,11.78,0.41,0.0
20231113:1110,554.77,588.31,26.28,12.56,0.55,0.0
20231113:1210,608.71,655.84,24.8,13.38,0.14,0.0
20231113:1310,365.27,388.97,20.63,13.83,0.07,0.0
20231113:1410,202.35,221.64,14.26,13.91,0.28,0.0
20231113:1510,106.74,127.21,6.23,13.52,0.34,0.0
20231113:1610,0.0,0.0,0.0,11.97,0.83,0.0
20231113:1710,0.0,0.0,0.0,11.75,0.21,0.0
20231113:1810,0.0,0.0,0.0,11.03,0.9,0.0
20231113:1910,0.0,0.0,0.0,7.27,1.59,0.0
20231113:2010,0.0,0.0,0.0,7.13,1.24,0.0
20231113:2110,0.0,0.0,0.0,6.31,1.31,0.0
20231113:2210,0.0,0.0,0.0,6.44,1.59,0.0
20231113:2310,0.0,0.0,0.0,6.64,1.66,0.0
20231114:0010,0.0,0.0,0.0,6.97,1.79,0.0
20231114:0110,0.0,0.0,0.0,7.34,1.79,0.0
20231114:0210,0.0,0.0,0.0,7.34,1.72,0.0
20231114:0310,0.0,0.0,0.0,7.1,1.59,0.0
20231114:0410,0.0,0.0,0.0,6.83,1.66,0.0
20231114:0510,0.0,0.0,0.0,6.86,1.59,0.0
20231114:0610,0.0,0.0,0.0,6.78,1.59,0.0
20231114:0710,39.16,62.33,6.3,7.2,1.24,0.0
20231114:0810,234.83,265.11,14.27,8.93,0.97,0.0
20231114:0910,411.5,435.09,20.56,10.8,0.83,0.0
20231114:1010,545.69,578.28,24.63,12.17,0.55,0.0
20231114:1110,613.31,659.97,26.02,13.48,0.28,0.0
20231114:1210,501.66,535.87,24.55,14.41,0.34,0.0
20231114:1310,79.19,98.03,20.41,14.67,1.1,0.0
20231114:1410,25.85,40.77,14.06,14.22,1.38,0.0
20231114:1510,8.45,19.41,6.04,13.37,0.97,0.0
20231114:1610,0.0,0.0,0.0,12.63,0.9,0.0
20231114:1710,0.0,0.0,0.0,11.73,1.52,0.0
20231114:1810,0.0,0.0,0.0,11.0,1.45,0.0
20231114:1910,0.0,0.0,0.0,9.75,1.24,0.0
20231114:2010,0.0,0.0,0.0,9.65,0.83,0.0
20231114:2110,0.0,0.0,0.0,9.95,0.55,0.0
20231114:2210,0.0,0.0,0.0,9.49,0.69,0.0
20231114:2310,0.0,0.0,0.0,7.54,1.24,0.0
20231115:0010,0.0,0.0,0.0,6.16,1.45,0.0
20231115:0110,0.0,0.0,0.0,6.87,1.86,0.0
20231115:0210,0.0,0.0,0.0,7.24,2.21,0.0
20231115:0310,0.0,0.0,0.0,7.44,2.48,0.0
20231115:0410,0.0,0.0,0.0,7.55,2.76,0.0
20231115:0510,0.0,0.0,0.0,7.72,2.9,0.0
20231115:0610,0.0,0.0,0.0,7.81,3.03,0.0
20231115:0710,47.94,82.78,6.06,7.28,3.03,0.0
20231115:0810,244.31,273.3,14.02,8.44,2.9,0.0
20231115:0910,436.21,455.03,20.3,10.66,2.62,0.0
20231115:1010,575.24,600.13,24.37,13.33,2.69,0.0
20231115:1110,644.92,680.75,25.76,15.38,2.62,0.0
20231115:1210,633.14,669.67,24.3,16.36,2.76,0.0
20231115:1310,569.54,600.39,20.18,16.5,2.83,0.0
20231115:1410,432.76,457.63,13.86,16.06,2.41,0.0
20231115:1510,159.26,181.44,5.87,14.72,2.41,0.0
20231115:1610,0.0,0.0,0.0,12.87,2.48,0.0
20231115:1710,0.0,0.0,0.0,11.2,2.28,0.0
20231115:1810,0.0,0.0,0.0,9.5,2.34,0.0
20231115:1910,0.0,0.0,0.0,8.92,2.55,0.0
20231115:2010,0.0,0.0,0.0,8.03,2.55,0.0
20231115:2110,0.0,0.0,0.0,7.48,2.69,0.0
20231115:2210,0.0,0.0,0.0,7.35,2.83,0.0
20231115:2310,0.0,0.0,0.0,7.14,2.83,0.0
20231116:0010,0.0,0.0,0.0,6.97,2.9,0.0
20231116:0110,0.0,0.0,0.0,7.1,2.83,0.0
20231116:0210,0.0,0.0,0.0,6.77,2.83,0.0
20231116:0310,0.0,0.0,0.0,6.37,2.69,0.0
20231116:0410,0.0,0.0,0.0,5.9,2.62,0.0
20231116:0510,0.0,0.0,0.0,5.56,2.55,0.0
20231116:0610,0.0,0.0,0.0,5.56,2.41,0.0
20231116:0710,46.45,81.65,5.83,5.94,2.34,0.0
20231116:0810,190.07,212.91,13.78,7.25,1.72,0.0
20231116:0910,129.38,146.14,20.05,9.57,1.1,0.0
20231116:1010,429.78,451.25,24.11,11.14,0.55,0.0
20231116:1110,399.15,419.22,25.51,12.02,0.76,0.0
20231116:1210,151.89,170.15,24.06,12.28,0.97,0.0
20231116:1310,393.82,411.87,19.96,12.25,1.1,0.0
20231116:1410,35.7,51.44,13.66,12.2,0.48,0.0
20231116:1510,47.76,64.79,5.69,11.52,0.69,0.0
20231116:1610,0.0,0.0,0.0,9.9,1.17,0.0
20231116:1710,0.0,0.0,0.0,8.24,1.45,0.0
20231116:1810,0.0,0.0,0.0,7.14,1.59,0.0
20231116:1910,0.0,0.0,0.0,7.47,1.24,0.0
20231116:2010,0.0,0.0,0.0,6.56,1.38,0.0
20231116:2110,0.0,0.0,0.0,5.7,1.52,0.0
20231116:2210,0.0,0.0,0.0,5.22,1.66,0.0
20231116:2310,0.0,0.0,0.0,4.7,1.79,0.0
20231117:0010,0.0,0.0,0.0,4.21,1.93,0.0
20231117:0110,0.0,0.0,0.0,3.71,2.07,0.0
20231117:0210,0.0,0.0,0.0,3.46,2.21,0.0
20231117:0310,0.0,0.0,0.0,3.41,2.28,0.0
20231117:0410,0.0,0.0,0.0,3.88,2.62,0.0
20231117:0510,0.0,0.0,0.0,4.7,2.97,0.0
20231117:0610,0.0,0.0,0.0,5.7,3.24,0.0
20231117:0710,36.93,72.58,5.6,6.65,3.24,0.0
20231117:0810,246.15,276.92,13.54,8.91,3.38,0.0
20231117:0910,437.94,456.9,19.8,11.53,3.59,0.0
20231117:1010,576.49,598.2,23.85,13.26,3.45,0.0
20231117:1110,649.17,674.44,25.26,14.19,3.86,0.0
20231117:1210,649.85,673.77,23.83,14.53,4.28,0.0
20231117:1310,584.0,605.35,19.75,14.39,3.86,0.0
20231117:1410,451.04,467.83,13.47,13.77,4.0,0.0
20231117:1510,167.93,188.45,5.53,12.67,4.07,0.0
20231117:1610,0.0,0.0,0.0,11.6,3.86,0.0
20231117:1710,0.0,0.0,0.0,10.97,3.66,0.0
20231117:1810,0.0,0.0,0.0,10.46,3.38,0.0
20231117:1910,0.0,0.0,0.0,9.7,3.38,0.0
20231117:2010,0.0,0.0,0.0,8.96,3.1,0.0
20231117:2110,0.0,0.0,0.0,8.15,2.97,0.0
20231117:2210,0.0,0.0,0.0,7.31,2.83,0.0
20231117:2310,0.0,0.0,0.0,6.62,2.9,0.0
20231118:0010,0.0,0.0,0.0,6.38,3.03,0.0
20231118:0110,0.0,0.0,0.0,6.29,3.1,0.0
20231118:0210,0.0,0.0,0.0,6.2,3.1,0.0
20231118:0310,0.0,0.0,0.0,6.12,3.1,0.0
20231118:0410,0.0,0.0,0.0,6.05,3.1,0.0
20231118:0510,0.0,0.0,0.0,6.07,3.1,0.0
20231118:0610,0.0,0.0,0.0,5.96,2.97,0.0
20231118:0710,33.58,66.76,5.38,5.2,2.9,0.0
20231118:0810,233.41,261.21,13.3,6.15,2.55,0.0
20231118:0910,427.68,442.94,19.55,8.14,2.21,0.0
20231118:1010,559.28,577.94,23.61,9.86,1.86,0.0
20231118:1110,609.15,636.43,25.02,10.99,1.38,0.0
20231118:1210,608.66,639.54,23.6,11.38,1.03,0.0
20231118:1310,552.95,582.47,19.55,12.02,0.76,0.0
20231118:1410,464.47,490.02,13.29,11.79,0.55,0.0
20231118:1510,108.22,127.84,5.37,11.07,0.69,0.0
20231118:1610,0.0,0.0,0.0,9.55,1.1,0.0
20231118:1710,0.0,0.0,0.0,8.16,1.24,0.0
20231118:1810,0.0,0.0,0.0,6.81,1.45,0.0
20231118:1910,0.0,0.0,0.0,5.93,1.52,0.0
20231118:2010,0.0,0.0,0.0,5.28,1.66,0.0
20231118:2110,0.0,0.0,0.0,5.21,1.52,0.0
20231118:2210,0.0,0.0,0.0,5.05,1.52,0.0
20231118:2310,0.0,0.0,0.0,4.73,1.52,0.0
20231119:0010,0.0,0.0,0.0,4.48,1.59,0.0
20231119:0110,0.0,0.0,0.0,4.74,1.45,0.0
20231119:0210,0.0,0.0,0.0,4.67,1.38,0.0
20231119:0310,0.0,0.0,0.0,3.92,1.59,0.0
20231119:0410,0.0,0.0,0.0,3.77,1.59,0.0
20231119:0510,0.0,0.0,0.0,3.43,1.59,0.0
20231119:0610,0.0,0.0,0.0,3.22,1.66,0.0
20231119:0710,29.03,53.61,5.16,3.28,1.45,0.0
20231119:0810,207.55,233.43,13.07,5.43,1.03,0.0
20231119:0910,382.37,401.98,19.31,8.44,0.55,0.0
20231119:1010,534.24,561.59,23.36,10.08,0.41,0.0
20231119:1110,625.71,664.4,24.78,11.0,0.41,0.0
20231119:1210,607.44,643.86,23.38,11.7,0.55,0.0
20231119:1310,541.95,570.76,19.35,11.98,0.69,0.0
20231119:1410,363.77,383.31,13.12,11.8,0.55,0.0
20231119:1510,158.6,179.79,5.21,10.95,0.28,0.0
20231119:1610,0.0,0.0,0.0,9.45,0.76,0.0
20231119:1710,0.0,0.0,0.0,7.28,1.31,0.0
20231119:1810,0.0,0.0,0.0,6.0,1.52,0.0
20231119:1910,0.0,0.0,0.0,5.74,1.38,0.0
20231119:2010,0.0,0.0,0.0,4.99,1.52,0.0
20231119:2110,0.0,0.0,0.0,4.53,1.52,0.0
20231119:2210,0.0,0.0,0.0,3.93,1.59,0.0
20231119:2310,0.0,0.0,0.0,3.55,1.59,0.0
20231120:0010,0.0,0.0,0.0,3.32,1.59,0.0
20231120:0110,0.0,0.0,0.0,3.13,1.59,0.0
20231120:0210,0.0,0.0,0.0,3.01,1.52,0.0
20231120:0310,0.0,0.0,0.0,2.55,1.66,0.0
20231120:0410,0.0,0.0,0.0,2.12,1.66,0.0
20231120:0510,0.0,0.0,0.0,2.0,1.72,0.0
20231120:0610,0.0,0.0,0.0,1.99,1.79,0.0
20231120:0710,28.24,54.8,4.94,2.07,1.72,0.0
20231120:0810,217.75,244.04,12.84,4.08,1.17,0.0
20231120:0910,338.71,353.4,19.08,6.88,0.76,0.0
20231120:1010,529.69,553.73,23.12,8.96,0.41,0.0
20231120:1110,590.11,624.92,24.55,10.7,0.28,0.0
20231120:1210,569.72,601.21,23.17,11.69,0.62,0.0
20231120:1310,271.6,287.79,19.16,11.97,0.97,0.0
20231120:1410,392.72,411.8,12.95,11.77,1.03,0.0
20231120:1510,52.75,70.14,5.06,10.98,0.9,0.0
20231120:1610,0.0,0.0,0.0,9.68,1.03,0.0
20231120:1710,0.0,0.0,0.0,8.1,1.17,0.0
20231120:1810,0.0,0.0,0.0,7.19,1.24,0.0
20231120:1910,0.0,0.0,0.0,7.09,1.1,0.0
20231120:2010,0.0,0.0,0.0,6.36,1.31,0.0
20231120:2110,0.0,0.0,0.0,5.96,1.1,0.0
20231120:2210,0.0,0.0,0.0,6.08,1.03,0.0
20231120:2310,0.0,0.0,0.0,6.09,1.03,0.0
20231121:0010,0.0,0.0,0.0,6.03,1.31,0.0
20231121:0110,0.0,0.0,0.0,6.16,1.31,0.0
20231121:0210,0.0,0.0,0.0,6.17,1.31,0.0
20231121:0310,0.0,0.0,0.0,6.05,1.31,0.0
20231121:0410,0.0,0.0,0.0,5.8,1.45,0.0
20231121:0510,0.0,0.0,0.0,5.66,1.66,0.0
20231121:0610,0.0,0.0,0.0,5.31,1.79,0.0
20231121:0710,24.69,49.6,4.72,6.52,1.31,0.0
20231121:0810,151.48,173.35,12.61,7.01,1.31,0.0
20231121:0910,406.54,425.38,18.84,8.49,1.31,0.0
20231121:1010,538.2,562.42,22.89,10.05,0.9,0.0
20231121:1110,614.23,648.19,24.32,11.33,0.83,0.0
20231121:1210,612.53,648.63,22.96,12.41,0.9,0.0
20231121:1310,548.43,580.38,18.97,13.14,0.83,0.0
20231121:1410,387.23,412.32,12.78,13.4,0.28,0.0
20231121:1510,119.91,140.86,4.92,12.5,1.03,0.0
20231121:1610,0.0,0.0,0.0,10.22,1.31,0.0
20231121:1710,0.0,0.0,0.0,9.15,1.1,0.0
20231121:1810,0.0,0.0,0.0,8.06,1.24,0.0
20231121:1910,0.0,0.0,0.0,8.75,0.9,0.0
20231121:2010,0.0,0.0,0.0,6.03,1.52,0.0
20231121:2110,0.0,0.0,0.0,4.99,1.72,0.0
20231121:2210,0.0,0.0,0.0,3.77,2.14,0.0
20231121:2310,0.0,0.0,0.0,2.95,2.14,0.0
20231122:0010,0.0,0.0,0.0,2.32,2.14,0.0
20231122:0110,0.0,0.0,0.0,1.96,2.07,0.0
20231122:0210,0.0,0.0,0.0,1.85,2.14,0.0
20231122:0310,0.0,0.0,0.0,1.84,2.14,0.0
20231122:0410,0.0,0.0,0.0,1.65,2.21,0.0
20231122:0510,0.0,0.0,0.0,1.55,2.28,0.0
20231122:0610,0.0,0.0,0.0,1.74,2.34,0.0
20231122:0710,25.86,54.68,4.51,2.69,2.41,0.0
20231122:0810,224.87,253.73,12.39,4.8,2.0,0.0
20231122:0910,415.24,435.91,18.62,9.22,1.45,0.0
20231122:1010,540.2,568.24,22.66,11.77,1.1,0.0
20231122:1110,618.29,654.88,24.1,13.1,1.24,0.0
20231122:1210,611.83,649.24,22.76,13.76,1.24,0.0
20231122:1310,538.82,570.59,18.79,13.89,1.03,0.0
20231122:1410,393.76,418.91,12.63,13.59,0.48,0.0
20231122:1510,115.42,136.55,4.79,12.58,0.55,0.0
20231122:1610,0.0,0.0,0.0,11.69,0.34,0.0
20231122:1710,0.0,0.0,0.0,9.25,1.31,0.0
20231122:1810,0.0,0.0,0.0,5.66,2.34,0.0
20231122:1910,0.0,0.0,0.0,4.72,2.41,0.0
20231122:2010,0.0,0.0,0.0,4.33,2.48,0.0
20231122:2110,0.0,0.0,0.0,3.67,2.34,0.0
20231122:2210,0.0,0.0,0.0,2.88,2.21,0.0
20231122:2310,0.0,0.0,0.0,2.29,2.21,0.0
20231123:0010,0.0,0.0,0.0,1.99,2.14,0.0
20231123:0110,0.0,0.0,0.0,1.67,2.07,0.0
20231123:0210,0.0,0.0,0.0,1.44,1.93,0.0
20231123:0310,0.0,0.0,0.0,1.46,1.86,0.0
20231123:0410,0.0,0.0,0.0,1.62,1.79,0.0
20231123:0510,0.0,0.0,0.0,1.74,1.79,0.0
20231123:0610,0.0,0.0,0.0,1.23,1.72,0.0
20231123:0710,22.76,47.73,4.3,1.72,2.14,0.0
20231123:0810,218.86,245.99,12.18,3.08,1.79,0.0
20231123:0910,409.97,424.74,18.39,6.18,1.38,0.0
20231123:1010,536.91,559.39,22.44,9.17,0.83,0.0
20231123:1110,603.48,640.17,23.89,10.68,0.28,0.0
20231123:1210,595.96,634.58,22.56,11.26,0.14,0.0
20231123:1310,541.22,572.94,18.61,11.43,0.21,0.0
20231123:1410,394.87,416.34,12.48,11.24,0.28,0.0
20231123:1510,106.36,126.24,4.66,10.53,0.34,0.0
20231123:1610,0.0,0.0,0.0,9.36,0.69,0.0
20231123:1710,0.0,0.0,0.0,8.11,1.03,0.0
20231123:1810,0.0,0.0,0.0,6.46,1.31,0.0
20231123:1910,0.0,0.0,0.0,5.22,1.52,0.0
20231123:2010,0.0,0.0,0.0,4.63,1.52,0.0
20231123:2110,0.0,0.0,0.0,4.48,1.38,0.0
20231123:2210,0.0,0.0,0.0,4.29,1.38,0.0
20231123:2310,0.0,0.0,0.0,4.35,1.38,0.0
20231124:0010,0.0,0.0,0.0,4.1,1.45,0.0
20231124:0110,0.0,0.0,0.0,3.05,1.66,0.0
20231124:0210,0.0,0.0,0.0,2.11,1.86,0.0
20231124:0310,0.0,0.0,0.0,1.48,1.93,0.0
20231124:0410,0.0,0.0,0.0,1.21,1.93,0.0
20231124:0510,0.0,0.0,0.0,1.17,2.07,0.0
20231124:0610,0.0,0.0,0.0,1.33,2.28,0.0
20231124:0710,21.7,49.84,4.09,1.3,2.34,0.0
20231124:0810,215.34,243.46,11.96,3.92,2.21,0.0
20231124:0910,402.52,419.77,18.18,8.17,1.86,0.0
20231124:1010,535.89,558.79,22.23,11.22,1.66,0.0
20231124:1110,601.14,634.46,23.68,13.02,1.38,0.0
20231124:1210,603.93,641.45,22.37,14.24,1.31,0.0
20231124:1310,529.7,561.87,18.45,14.67,1.17,0.0
20231124:1410,392.19,416.91,12.33,14.31,0.97,0.0
20231124:1510,196.6,220.72,4.54,12.89,1.24,0.0
20231124:1610,0.0,0.0,0.0,10.12,1.93,0.0
20231124:1710,0.0,0.0,0.0,8.05,2.48,0.0
20231124:1810,0.0,0.0,0.0,7.54,2.9,0.0
20231124:1910,0.0,0.0,0.0,8.46,3.24,0.0
20231124:2010,0.0,0.0,0.0,9.4,4.9,0.0
20231124:2110,0.0,0.0,0.0,9.58,6.62,0.0
20231124:2210,0.0,0.0,0.0,9.13,6.62,0.0
20231124:2310,0.0,0.0,0.0,8.48,5.1,0.0
20231125:0010,0.0,0.0,0.0,7.52,3.66,0.0
20231125:0110,0.0,0.0,0.0,6.38,2.69,0.0
20231125:0210,0.0,0.0,0.0,5.19,2.55,0.0
20231125:0310,0.0,0.0,0.0,3.81,2.21,0.0
20231125:0410,0.0,0.0,0.0,2.57,2.21,0.0
20231125:0510,0.0,0.0,0.0,1.77,2.48,0.0
20231125:0610,0.0,0.0,0.0,1.07,2.48,0.0
20231125:0710,20.09,46.46,3.89,0.97,2.21,0.0
20231125:0810,224.58,252.56,11.75,2.26,2.07,0.0
20231125:0910,423.48,437.15,17.96,6.49,2.34,0.0
20231125:1010,571.26,578.05,22.02,7.76,3.52,0.0
20231125:1110,651.91,656.94,23.48,8.03,4.07,0.0
20231125:1210,660.56,664.37,22.19,8.16,4.34,0.0
20231125:1310,587.79,591.94,18.29,8.08,3.79,0.0
20231125:1410,430.75,437.4,12.2,7.7,3.03,0.0
20231125:1510,122.53,140.19,4.42,6.78,2.21,0.0
20231125:1610,0.0,0.0,0.0,5.13,2.14,0.0
20231125:1710,0.0,0.0,0.0,3.46,2.21,0.0
20231125:1810,0.0,0.0,0.0,2.14,2.28,0.0
20231125:1910,0.0,0.0,0.0,1.45,2.21,0.0
20231125:2010,0.0,0.0,0.0,0.59,2.28,0.0
20231125:2110,0.0,0.0,0.0,-0.04,2.41,0.0
20231125:2210,0.0,0.0,0.0,-0.51,2.34,0.0
20231125:2310,0.0,0.0,0.0,-0.94,2.34,0.0
20231126:0010,0.0,0.0,0.0,-1.26,2.34,0.0
20231126:0110,0.0,0.0,0.0,-1.44,2.41,0.0
20231126:0210,0.0,0.0,0.0,-1.51,2.41,0.0
20231126:0310,0.0,0.0,0.0,-1.54,2.41,0.0
20231126:0410,0.0,0.0,0.0,-1.53,2.41,0.0
20231126:0510,0.0,0.0,0.0,-1.63,2.41,0.0
20231126:0610,0.0,0.0,0.0,-1.7,2.41,0.0
20231126:0710,18.15,41.59,3.69,-0.9,2.48,0.0
20231126:0810,213.31,239.45,11.55,1.12,2.28,0.0
20231126:0910,413.99,426.38,17.76,5.16,1.86,0.0
20231126:1010,551.52,565.26,21.81,7.54,1.72,0.0
20231126:1110,623.82,643.38,23.29,8.84,1.72,0.0
20231126:1210,624.85,645.5,22.01,9.52,1.79,0.0
20231126:1310,559.18,577.54,18.13,9.66,1.52,0.0
20231126:1410,422.83,439.94,12.07,9.45,0.83,0.0
20231126:1510,99.58,118.25,4.31,8.27,0.76,0.0
20231126:1610,0.0,0.0,0.0,5.96,1.24,0.0
20231126:1710,0.0,0.0,0.0,4.47,1.45,0.0
20231126:1810,0.0,0.0,0.0,3.22,1.66,0.0
20231126:1910,0.0,0.0,0.0,1.74,2.07,0.0
20231126:2010,0.0,0.0,0.0,1.24,2.14,0.0
20231126:2110,0.0,0.0,0.0,0.8,2.28,0.0
20231126:2210,0.0,0.0,0.0,0.55,2.28,0.0
20231126:2310,0.0,0.0,0.0,0.35,2.21,0.0
20231127:0010,0.0,0.0,0.0,0.15,2.21,0.0
20231127:0110,0.0,0.0,0.0,0.16,2.14,0.0
20231127:0210,0.0,0.0,0.0,-0.09,2.14,0.0
20231127:0310,0.0,0.0,0.0,0.05,2.0,0.0
20231127:0410,0.0,0.0,0.0,0.04,1.93,0.0
20231127:0510,0.0,0.0,0.0,0.25,1.79,0.0
20231127:0610,0.0,0.0,0.0,0.38,1.72,0.0
20231127:0710,14.41,34.72,3.49,0.49,1.86,0.0
20231127:0810,108.1,125.11,11.35,1.57,1.52,0.0
20231127:0910,305.28,316.42,17.55,4.3,0.97,0.0
20231127:1010,227.76,239.58,21.61,6.33,0.76,0.0
20231127:1110,268.0,279.61,23.1,7.29,0.69,0.0
20231127:1210,250.19,262.06,21.84,7.49,0.69,0.0
20231127:1310,206.55,219.18,17.99,7.49,0.69,0.0
20231127:1410,77.66,93.42,11.94,7.11,0.48,0.0
20231127:1510,20.26,33.65,4.21,6.7,0.55,0.0
20231127:1610,0.0,0.0,0.0,5.74,0.83,0.0
20231127:1710,0.0,0.0,0.0,4.72,1.17,0.0
20231127:1810,0.0,0.0,0.0,4.11,1.24,0.0
20231127:1910,0.0,0.0,0.0,3.22,1.03,0.0
20231127:2010,0.0,0.0,0.0,2.87,1.03,0.0
20231127:2110,0.0,0.0,0.0,2.62,1.03,0.0
20231127:2210,0.0,0.0,0.0,2.47,1.03,0.0
20231127:2310,0.0,0.0,0.0,2.17,1.17,0.0
20231128:0010,0.0,0.0,0.0,1.38,1.38,0.0
20231128:0110,0.0,0.0,0.0,0.8,1.45,0.0
20231128:0210,0.0,0.0,0.0,0.51,1.38,0.0
20231128:0310,0.0,0.0,0.0,0.33,1.31,0.0
20231128:0410,0.0,0.0,0.0,0.64,1.1,0.0
20231128:0510,0.0,0.0,0.0,0.81,1.1,0.0
20231128:0610,0.0,0.0,0.0,0.26,1.17,0.0
20231128:0710,13.45,32.23,3.3,-0.5,1.31,0.0
20231128:0810,199.55,226.34,11.15,0.82,1.03,0.0
20231128:0910,395.79,408.5,17.36,3.71,0.9,0.0
20231128:1010,532.72,544.79,21.42,5.37,0.9,0.0
20231128:1110,615.45,631.79,22.92,6.68,1.17,0.0
20231128:1210,605.35,623.2,21.68,7.8,1.24,0.0
20231128:1310,541.05,556.45,17.85,8.56,1.31,0.0
20231128:1410,397.72,411.1,11.83,8.76,1.24,0.0
20231128:1510,77.39,95.4,4.11,8.16,1.59,0.0
20231128:1610,0.0,0.0,0.0,6.7,2.48,0.0
20231128:1710,0.0,0.0,0.0,5.51,2.76,0.0
20231128:1810,0.0,0.0,0.0,5.09,2.97,0.0
20231128:1910,0.0,0.0,0.0,5.71,3.52,0.0
20231128:2010,0.0,0.0,0.0,5.58,3.66,0.0
20231128:2110,0.0,0.0,0.0,5.33,3.66,0.0
20231128:2210,0.0,0.0,0.0,4.98,3.45,0.0
20231128:2310,0.0,0.0,0.0,4.54,3.38,0.0
20231129:0010,0.0,0.0,0.0,4.04,3.38,0.0
20231129:0110,0.0,0.0,0.0,3.57,3.45,0.0
20231129:0210,0.0,0.0,0.0,3.11,3.38,0.0
20231129:0310,0.0,0.0,0.0,2.56,3.31,0.0
20231129:0410,0.0,0.0,0.0,2.01,3.17,0.0
20231129:0510,0.0,0.0,0.0,1.38,2.83,0.0
20231129:0610,0.0,0.0,0.0,0.63,2.62,0.0
20231129:0710,12.59,31.64,3.11,0.63,2.62,0.0
20231129:0810,203.52,231.2,10.96,1.33,2.34,0.0
20231129:0910,397.77,408.37,17.17,3.96,1.86,0.0
20231129:1010,540.65,550.3,21.23,6.06,1.72,0.0
20231129:1110,613.23,627.92,22.74,7.33,1.66,0.0
20231129:1210,626.48,641.85,21.52,7.82,1.79,0.0
20231129:1310,552.34,563.67,17.71,7.81,1.79,0.0
20231129:1410,412.32,422.83,11.71,7.41,1.45,0.0
20231129:1510,60.36,77.3,4.02,6.55,0.76,0.0
20231129:1610,0.0,0.0,0.0,5.49,0.69,0.0
20231129:1710,0.0,0.0,0.0,4.6,0.97,0.0
20231129:1810,0.0,0.0,0.0,3.38,1.24,0.0
20231129:1910,0.0,0.0,0.0,1.79,1.66,0.0
20231129:2010,0.0,0.0,0.0,1.3,1.66,0.0
20231129:2110,0.0,0.0,0.0,1.43,1.52,0.0
20231129:2210,0.0,0.0,0.0,1.91,1.31,0.0
20231129:2310,0.0,0.0,0.0,2.38,1.1,0.0
20231130:0010,0.0,0.0,0.0,2.22,1.45,0.0
20231130:0110,0.0,0.0,0.0,2.63,1.52,0.0
20231130:0210,0.0,0.0,0.0,2.64,1.52,0.0
20231130:0310,0.0,0.0,0.0,2.37,1.52,0.0
20231130:0410,0.0,0.0,0.0,1.79,1.59,0.0
20231130:0510,0.0,0.0,0.0,1.58,1.31,0.0
20231130:0610,0.0,0.0,0.0,1.52,1.17,0.0
20231130:0710,0.0,4.85,2.93,1.35,0.69,0.0
20231130:0810,30.36,43.68,10.77,1.24,1.03,0.0
20231130:0910,50.09,64.06,16.98,1.25,1.03,0.0
20231130:1010,117.41,129.77,21.05,1.52,1.17,0.0
20231130:1110,47.93,62.12,22.58,2.34,1.24,0.0
20231130:1210,158.78,169.9,21.37,3.02,1.1,0.0
20231130:1310,93.54,107.72,17.59,3.59,0.83,0.0
20231130:1410,79.6,94.04,11.61,3.88,0.76,0.0
20231130:1510,14.01,25.89,3.94,3.84,0.83,0.0
20231130:1610,0.0,0.0,0.0,3.41,0.9,0.0
20231130:1710,0.0,0.0,0.0,2.88,0.9,0.0
20231130:1810,0.0,0.0,0.0,2.79,0.69,0.0
20231130:1910,0.0,0.0,0.0,1.52,1.03,0.0
20231130:2010,0.0,0.0,0.0,1.35,1.45,0.0
20231130:2110,0.0,0.0,0.0,1.68,1.59,0.0
20231130:2210,0.0,0.0,0.0,2.24,1.52,0.0
20231130:2310,0.0,0.0,0.0,2.3,1.45,0.0
20231201:0010,0.0,0.0,0.0,2.44,1.17,0.0
20231201:0110,0.0,0.0,0.0,2.74,0.97,0.0
20231201:0210,0.0,0.0,0.0,2.9,0.97,0.0
20231201:0310,0.0,0.0,0.0,3.08,0.97,0.0
20231201:0410,0.0,0.0,0.0,3.06,1.1,0.0
20231201:0510,0.0,0.0,0.0,3.18,1.31,0.0
20231201:0610,0.0,0.0,0.0,3.47,1.1,0.0
20231201:0710,0.0,1.94,2.75,3.54,1.1,0.0
20231201:0810,4.64,13.59,10.59,4.38,0.62,0.0
20231201:0910,13.5,25.24,16.8,5.31,0.48,0.0
20231201:1010,28.7,42.71,20.88,6.14,0.21,0.0
20231201:1110,45.0,60.18,22.42,6.57,0.14,0.0
20231201:1210,17.47,30.09,21.23,6.57,0.21,0.0
20231201:1310,12.61,24.27,17.47,6.71,0.41,0.0
20231201:1410,5.23,14.56,11.51,6.73,0.34,0.0
20231201:1510,0.0,3.88,3.86,6.63,0.62,0.0
20231201:1610,0.0,0.0,0.0,6.37,0.9,0.0
20231201:1710,0.0,0.0,0.0,6.35,1.17,0.0
20231201:1810,0.0,0.0,0.0,6.38,1.31,0.0
20231201:1910,0.0,0.0,0.0,5.91,1.52,0.0
20231201:2010,0.0,0.0,0.0,5.97,1.93,0.0
20231201:2110,0.0,0.0,0.0,6.13,2.07,0.0
20231201:2210,0.0,0.0,0.0,6.24,1.93,0.0
20231201:2310,0.0,0.0,0.0,6.3,1.86,0.0
20231202:0010,0.0,0.0,0.0,6.35,1.79,0.0
20231202:0110,0.0,0.0,0.0,6.3,1.72,0.0
20231202:0210,0.0,0.0,0.0,6.32,1.59,0.0
20231202:0310,0.0,0.0,0.0,6.34,1.59,0.0
20231202:0410,0.0,0.0,0.0,6.33,1.79,0.0
20231202:0510,0.0,0.0,0.0,6.41,2.14,0.0
20231202:0610,0.0,0.0,0.0,6.42,2.34,0.0
20231202:0710,0.0,1.89,2.58,6.05,2.9,0.0
20231202:0810,5.27,14.56,10.42,5.93,3.45,0.0
20231202:0910,30.55,44.65,16.62,6.25,3.59,0.0
20231202:1010,50.69,66.0,20.71,7.05,3.52,0.0
20231202:1110,113.78,129.07,22.26,7.75,3.59,0.0
20231202:1210,374.12,379.23,21.1,8.39,3.86,0.0
20231202:1310,544.37,548.16,17.36,8.83,4.21,0.0
20231202:1410,307.21,315.47,11.42,8.62,4.21,0.0
20231202:1510,71.25,88.95,3.79,7.83,4.14,0.0
20231202:1610,0.0,0.0,0.0,6.9,4.28,0.0
20231202:1710,0.0,0.0,0.0,6.37,4.48,0.0
20231202:1810,0.0,0.0,0.0,5.97,4.55,0.0
20231202:1910,0.0,0.0,0.0,5.69,4.97,0.0
20231202:2010,0.0,0.0,0.0,5.22,4.97,0.0
20231202:2110,0.0,0.0,0.0,4.7,4.69,0.0
20231202:2210,0.0,0.0,0.0,4.21,4.48,0.0
20231202:2310,0.0,0.0,0.0,3.77,4.28,0.0
20231203:0010,0.0,0.0,0.0,3.41,4.07,0.0
20231203:0110,0.0,0.0,0.0,3.01,3.79,0.0
20231203:0210,0.0,0.0,0.0,2.61,3.52,0.0
20231203:0310,0.0,0.0,0.0,2.16,3.24,0.0
20231203:0410,0.0,0.0,0.0,1.7,3.03,0.0
20231203:0510,0.0,0.0,0.0,1.3,2.76,0.0
20231203:0610,0.0,0.0,0.0,0.99,2.55,0.0
20231203:0710,4.54,13.25,2.41,0.2,2.62,0.0
20231203:0810,189.08,217.61,10.25,0.57,2.41,0.0
20231203:0910,395.59,403.85,16.45,2.34,2.14,0.0
20231203:1010,530.07,533.69,20.55,4.08,1.93,0.0
20231203:1110,579.13,585.26,22.11,5.13,1.72,0.0
20231203:1210,590.03,599.42,20.97,5.75,1.45,0.0
20231203:1310,548.62,558.87,17.25,5.9,1.1,0.0
20231203:1410,416.54,425.86,11.34,5.81,0.97,0.0
20231203:1510,79.5,96.88,3.73,5.32,0.55,0.0
20231203:1610,0.0,0.0,0.0,4.24,0.69,0.0
20231203:1710,0.0,0.0,0.0,2.77,1.17,0.0
20231203:1810,0.0,0.0,0.0,2.06,1.31,0.0
20231203:1910,0.0,0.0,0.0,0.73,1.59,0.0
20231203:2010,0.0,0.0,0.0,0.4,1.59,0.0
20231203:2110,0.0,0.0,0.0,-0.14,1.59,0.0
20231203:2210,0.0,0.0,0.0,-0.45,1.59,0.0
20231203:2310,0.0,0.0,0.0,-1.04,1.59,0.0
20231204:0010,0.0,0.0,0.0,-1.78,1.72,0.0
20231204:0110,0.0,0.0,0.0,-2.15,1.86,0.0
20231204:0210,0.0,0.0,0.0,-1.56,1.86,0.0
20231204:0310,0.0,0.0,0.0,-1.08,1.86,0.0
20231204:0410,0.0,0.0,0.0,-0.85,2.0,0.0
20231204:0510,0.0,0.0,0.0,-0.64,1.86,0.0
20231204:0610,0.0,0.0,0.0,-0.41,1.72,0.0
20231204:0710,0.08,5.68,2.24,0.05,1.72,0.0
20231204:0810,24.14,36.88,10.08,0.68,1.45,0.0
20231204:0910,78.12,92.0,16.29,1.71,1.03,0.0
20231204:1010,108.88,122.05,20.39,2.37,1.03,0.0
20231204:1110,170.72,181.03,21.97,2.52,1.03,0.0
20231204:1210,109.13,122.48,20.85,2.7,0.97,0.0
20231204:1310,26.59,39.8,17.15,2.34,0.83,0.0
20231204:1410,8.27,18.44,11.26,2.09,0.83,0.0
20231204:1510,100.16,116.13,3.67,1.58,0.83,0.0
20231204:1610,0.0,0.0,0.0,1.16,0.83,0.0
20231204:1710,0.0,0.0,0.0,0.99,0.9,0.0
20231204:1810,0.0,0.0,0.0,0.88,0.9,0.0
20231204:1910,0.0,0.0,0.0,0.56,0.9,0.0
20231204:2010,0.0,0.0,0.0,0.54,0.97,0.0
20231204:2110,0.0,0.0,0.0,0.58,0.9,0.0
20231204:2210,0.0,0.0,0.0,0.48,0.97,0.0
20231204:2310,0.0,0.0,0.0,0.36,1.03,0.0
20231205:0010,0.0,0.0,0.0,0.48,0.97,0.0
20231205:0110,0.0,0.0,0.0,0.18,1.1,0.0
20231205:0210,0.0,0.0,0.0,0.09,1.03,0.0
20231205:0310,0.0,0.0,0.0,0.04,0.97,0.0
20231205:0410,0.0,0.0,0.0,0.11,0.9,0.0
20231205:0510,0.0,0.0,0.0,0.43,0.83,0.0
20231205:0610,0.0,0.0,0.0,0.79,0.62,0.0
20231205:0710,0.0,1.89,2.08,-0.19,0.9,0.0
20231205:0810,70.75,86.54,9.92,0.42,0.76,0.0
20231205:0910,65.47,79.59,16.13,1.7,0.55,0.0
20231205:1010,208.09,217.65,20.24,2.69,0.21,0.0
20231205:1110,204.02,214.07,21.84,3.75,0.55,0.0
20231205:1210,93.0,107.74,20.74,4.51,0.69,0.0
20231205:1310,105.22,119.67,17.06,4.86,0.62,0.0
20231205:1410,151.0,163.71,11.2,4.85,0.41,0.0
20231205:1510,61.23,77.81,3.62,4.45,0.55,0.0
20231205:1610,0.0,0.0,0.0,2.88,0.9,0.0
20231205:1710,0.0,0.0,0.0,2.71,0.83,0.0
20231205:1810,0.0,0.0,0.0,2.51,0.76,0.0
20231205:1910,0.0,0.0,0.0,0.91,1.31,0.0
20231205:2010,0.0,0.0,0.0,0.57,1.38,0.0
20231205:2110,0.0,0.0,0.0,1.07,1.24,0.0
20231205:2210,0.0,0.0,0.0,0.64,1.1,0.0
20231205:2310,0.0,0.0,0.0,-0.33,1.38,0.0
20231206:0010,0.0,0.0,0.0,-1.6,1.52,0.0
20231206:0110,0.0,0.0,0.0,-2.47,1.72,0.0
20231206:0210,0.0,0.0,0.0,-2.83,1.86,0.0
20231206:0310,0.0,0.0,0.0,-2.61,2.0,0.0
20231206:0410,0.0,0.0,0.0,-2.57,2.14,0.0
20231206:0510,0.0,0.0,0.0,-2.57,2.14,0.0
20231206:0610,0.0,0.0,0.0,-2.56,2.14,0.0
20231206:0710,1.56,8.52,1.92,-2.62,2.07,0.0
20231206:0810,179.83,208.77,9.76,-1.2,1.72,0.0
20231206:0910,385.94,398.04,15.98,2.51,1.17,0.0
20231206:1010,533.64,547.61,20.1,4.98,0.62,0.0
20231206:1110,612.63,639.81,21.71,6.5,0.07,0.0
20231206:1210,614.62,644.05,20.63,7.4,0.07,0.0
20231206:1310,548.17,570.22,16.98,7.9,0.28,0.0
20231206:1410,397.25,413.09,11.13,7.93,0.28,0.0
20231206:1510,73.42,91.48,3.57,7.26,0.41,0.0
20231206:1610,0.0,0.0,0.0,6.35,0.55,0.0
20231206:1710,0.0,0.0,0.0,5.29,1.03,0.0
20231206:1810,0.0,0.0,0.0,1.46,1.79,0.0
20231206:1910,0.0,0.0,0.0,-0.25,2.14,0.0
20231206:2010,0.0,0.0,0.0,-1.05,2.21,0.0
20231206:2110,0.0,0.0,0.0,-1.43,2.21,0.0
20231206:2210,0.0,0.0,0.0,-1.63,2.21,0.0
20231206:2310,0.0,0.0,0.0,-1.83,2.21,0.0
20231207:0010,0.0,0.0,0.0,-1.92,2.28,0.0
20231207:0110,0.0,0.0,0.0,-1.97,2.28,0.0
20231207:0210,0.0,0.0,0.0,-1.97,2.28,0.0
20231207:0310,0.0,0.0,0.0,-2.04,2.28,0.0
20231207:0410,0.0,0.0,0.0,-2.11,2.21,0.0
20231207:0510,0.0,0.0,0.0,-2.02,2.28,0.0
20231207:0610,0.0,0.0,0.0,-1.96,2.34,0.0
20231207:0710,1.02,7.57,1.77,-2.03,2.34,0.0
20231207:0810,175.78,204.9,9.61,-0.93,2.07,0.0
20231207:0910,388.69,400.18,15.84,2.59,1.59,0.0
20231207:1010,527.18,537.92,19.97,5.19,1.17,0.0
20231207:1110,605.87,624.03,21.59,6.62,0.9,0.0
20231207:1210,609.94,632.12,20.53,7.44,0.69,0.0
20231207:1310,510.47,526.82,16.9,7.65,0.55,0.0
20231207:1410,461.19,476.02,11.08,7.24,0.83,0.0
20231207:1510,33.89,49.11,3.54,6.0,0.9,0.0
20231207:1610,0.0,0.0,0.0,5.83,0.28,0.0
20231207:1710,0.0,0.0,0.0,5.17,0.55,0.0
20231207:1810,0.0,0.0,0.0,3.84,1.24,0.0
20231207:1910,0.0,0.0,0.0,0.06,1.86,0.0
20231207:2010,0.0,0.0,0.0,0.18,1.72,0.0
20231207:2110,0.0,0.0,0.0,-0.22,1.79,0.0
20231207:2210,0.0,0.0,0.0,-0.56,1.86,0.0
20231207:2310,0.0,0.0,0.0,-0.61,1.86,0.0
20231208:0010,0.0,0.0,0.0,-0.08,1.72,0.0
20231208:0110,0.0,0.0,0.0,0.17,1.66,0.0
20231208:0210,0.0,0.0,0.0,0.65,1.72,0.0
20231208:0310,0.0,0.0,0.0,0.84,1.66,0.0
20231208:0410,0.0,0.0,0.0,1.51,1.31,0.0
20231208:0510,0.0,0.0,0.0,1.81,1.17,0.0
20231208:0610,0.0,0.0,0.0,1.68,1.24,0.0
20231208:0710,0.0,0.95,1.62,1.36,1.59,0.0
20231208:0810,24.96,37.85,9.47,1.29,1.52,0.0
20231208:0910,72.05,86.2,15.7,2.13,1.1,0.0
20231208:1010,82.7,97.06,19.84,3.19,0.83,0.0
20231208:1110,74.55,89.3,21.48,3.85,0.62,0.0
20231208:1210,140.22,153.11,20.44,4.06,0.62,0.0
20231208:1310,44.67,59.21,16.83,4.0,0.55,0.0
20231208:1410,149.33,161.48,11.03,3.93,0.41,0.0
20231208:1510,17.94,30.74,3.51,3.77,0.21,0.0
20231208:1610,0.0,0.0,0.0,3.17,0.76,0.0
20231208:1710,0.0,0.0,0.0,2.89,0.76,0.0
20231208:1810,0.0,0.0,0.0,2.85,0.48,0.0
20231208:1910,0.0,0.0,0.0,1.95,0.62,0.0
20231208:2010,0.0,0.0,0.0,1.86,0.69,0.0
20231208:2110,0.0,0.0,0.0,1.97,0.48,0.0
20231208:2210,0.0,0.0,0.0,2.0,0.21,0.0
20231208:2310,0.0,0.0,0.0,1.81,0.34,0.0
20231209:0010,0.0,0.0,0.0,1.6,0.62,0.0
20231209:0110,0.0,0.0,0.0,1.43,0.83,0.0
20231209:0210,0.0,0.0,0.0,2.0,0.62,0.0
20231209:0310,0.0,0.0,0.0,2.2,0.48,0.0
20231209:0410,0.0,0.0,0.0,2.12,0.41,0.0
20231209:0510,0.0,0.0,0.0,2.05,0.41,0.0
20231209:0610,0.0,0.0,0.0,2.09,0.21,0.0
20231209:0710,0.0,1.89,1.48,1.54,0.62,0.0
20231209:0810,146.43,175.61,9.33,2.16,0.41,0.0
20231209:0910,292.97,305.8,15.57,2.92,0.41,0.0
20231209:1010,278.18,286.66,19.72,3.79,0.28,0.0
20231209:1110,78.27,93.18,21.38,4.21,0.28,0.0
20231209:1210,124.92,138.75,20.35,4.46,0.41,0.0
20231209:1310,66.46,81.53,16.77,4.55,0.28,0.0
20231209:1410,12.73,24.27,10.99,4.95,0.48,0.0
20231209:1510,0.0,3.88,3.48,4.73,0.07,0.0
20231209:1610,0.0,0.0,0.0,3.98,0.41,0.0
20231209:1710,0.0,0.0,0.0,3.58,0.21,0.0
20231209:1810,0.0,0.0,0.0,2.53,0.97,0.0
20231209:1910,0.0,0.0,0.0,2.08,1.03,0.0
20231209:2010,0.0,0.0,0.0,2.44,1.17,0.0
20231209:2110,0.0,0.0,0.0,2.77,1.52,0.0
20231209:2210,0.0,0.0,0.0,2.65,1.59,0.0
20231209:2310,0.0,0.0,0.0,2.57,1.31,0.0
20231210:0010,0.0,0.0,0.0,2.62,0.97,0.0
20231210:0110,0.0,0.0,0.0,2.5,0.9,0.0
20231210:0210,0.0,0.0,0.0,1.33,1.1,0.0
20231210:0310,0.0,0.0,0.0,0.42,1.17,0.0
20231210:0410,0.0,0.0,0.0,-0.49,1.59,0.0
20231210:0510,0.0,0.0,0.0,-0.6,1.72,0.0
20231210:0610,0.0,0.0,0.0,-0.41,1.59,0.0
20231210:0710,0.0,2.84,1.35,-0.29,1.59,0.0
20231210:0810,143.35,170.59,9.2,0.65,1.59,0.0
20231210:0910,368.12,383.02,15.44,4.11,1.52,0.0
20231210:1010,274.83,285.16,19.6,6.93,1.66,0.0
20231210:1110,585.22,603.44,21.28,9.11,1.66,0.0
20231210:1210,595.72,620.82,20.28,10.61,1.31,0.0
20231210:1310,529.41,555.97,16.71,11.35,0.69,0.0
20231210:1410,367.46,386.67,10.95,11.07,0.62,0.0
20231210:1510,131.28,151.86,3.47,9.31,1.17,0.0
20231210:1610,0.0,0.0,0.0,6.81,1.24,0.0
20231210:1710,0.0,0.0,0.0,6.08,1.17,0.0
20231210:1810,0.0,0.0,0.0,3.94,1.66,0.0
20231210:1910,0.0,0.0,0.0,2.42,2.14,0.0
20231210:2010,0.0,0.0,0.0,2.06,2.14,0.0
20231210:2110,0.0,0.0,0.0,2.26,1.93,0.0
20231210:2210,0.0,0.0,0.0,2.14,1.93,0.0
20231210:2310,0.0,0.0,0.0,2.32,1.79,0.0
20231211:0010,0.0,0.0,0.0,2.38,1.59,0.0
20231211:0110,0.0,0.0,0.0,2.91,1.31,0.0
20231211:0210,0.0,0.0,0.0,2.6,1.24,0.0
20231211:0310,0.0,0.0,0.0,3.27,1.03,0.0
20231211:0410,0.0,0.0,0.0,2.11,1.38,0.0
20231211:0510,0.0,0.0,0.0,1.92,1.38,0.0
20231211:0610,0.0,0.0,0.0,1.84,1.52,0.0
20231211:0710,0.0,0.0,0.0,1.96,1.66,0.0
20231211:0810,12.08,23.29,9.07,2.99,1.17,0.0
20231211:0910,272.99,288.3,15.32,5.06,0.62,0.0
20231211:1010,375.09,387.36,19.5,6.83,0.55,0.0
20231211:1110,552.35,571.97,21.19,8.05,0.69,0.0
20231211:1210,318.13,330.78,20.21,8.85,0.62,0.0
20231211:1310,505.95,524.61,16.67,9.13,0.69,0.0
20231211:1410,399.22,415.72,10.93,9.24,0.76,0.0
20231211:1510,38.67,54.91,3.46,8.31,0.62,0.0
20231211:1610,0.0,0.0,0.0,7.56,0.48,0.0
20231211:1710,0.0,0.0,0.0,5.84,1.03,0.0
20231211:1810,0.0,0.0,0.0,4.41,1.31,0.0
20231211:1910,0.0,0.0,0.0,3.89,1.24,0.0
20231211:2010,0.0,0.0,0.0,3.59,1.31,0.0
20231211:2110,0.0,0.0,0.0,2.68,1.45,0.0
20231211:2210,0.0,0.0,0.0,2.07,1.45,0.0
20231211:2310,0.0,0.0,0.0,1.47,1.59,0.0
20231212:0010,0.0,0.0,0.0,0.89,1.45,0.0
20231212:0110,0.0,0.0,0.0,0.64,1.52,0.0
20231212:0210,0.0,0.0,0.0,0.74,1.52,0.0
20231212:0310,0.0,0.0,0.0,0.71,1.45,0.0
20231212:0410,0.0,0.0,0.0,0.7,1.38,0.0
20231212:0510,0.0,0.0,0.0,0.57,1.45,0.0
20231212:0610,0.0,0.0,0.0,0.75,1.38,0.0
20231212:0710,0.0,0.0,0.0,1.74,1.31,0.0
20231212:0810,85.81,106.28,8.95,3.05,0.97,0.0
20231212:0910,243.58,258.42,15.21,4.73,0.41,0.0
20231212:1010,370.87,383.08,19.4,6.41,0.34,0.0
20231212:1110,428.74,441.93,21.11,7.45,0.41,0.0
20231212:1210,524.24,542.29,20.15,8.17,0.55,0.0
20231212:1310,399.43,412.97,16.63,8.45,0.41,0.0
20231212:1410,208.66,222.82,10.9,8.35,0.34,0.0
20231212:1510,11.94,23.75,3.45,7.82,0.41,0.0
20231212:1610,0.0,0.0,0.0,6.93,0.41,0.0
20231212:1710,0.0,0.0,0.0,6.5,0.41,0.0
20231212:1810,0.0,0.0,0.0,5.68,0.9,0.0
20231212:1910,0.0,0.0,0.0,4.21,1.1,0.0
20231212:2010,0.0,0.0,0.0,4.0,1.24,0.0
20231212:2110,0.0,0.0,0.0,4.19,1.1,0.0
20231212:2210,0.0,0.0,0.0,4.31,1.03,0.0
20231212:2310,0.0,0.0,0.0,4.31,1.03,0.0
20231213:0010,0.0,0.0,0.0,4.43,1.03,0.0
20231213:0110,0.0,0.0,0.0,4.24,1.17,0.0
20231213:0210,0.0,0.0,0.0,4.58,0.97,0.0
20231213:0310,0.0,0.0,0.0,4.1,1.24,0.0
20231213:0410,0.0,0.0,0.0,4.25,1.1,0.0
20231213:0510,0.0,0.0,0.0,4.48,1.03,0.0
20231213:0610,0.0,0.0,0.0,4.37,1.1,0.0
20231213:0710,0.0,0.0,0.0,4.07,1.1,0.0
20231213:0810,6.7,16.5,8.83,4.69,0.83,0.0
20231213:0910,75.57,90.94,15.1,5.4,0.69,0.0
20231213:1010,48.61,64.06,19.3,7.16,0.41,0.0
20231213:1110,33.77,48.53,21.03,7.89,0.21,0.0
20231213:1210,129.35,145.17,20.09,8.16,0.48,0.0
20231213:1310,45.53,61.15,16.59,8.38,0.41,0.0
20231213:1410,20.63,33.97,10.89,8.35,0.41,0.0
20231213:1510,1.53,8.74,3.45,7.81,0.76,0.0
20231213:1610,0.0,0.0,0.0,6.43,0.69,0.0
20231213:1710,0.0,0.0,0.0,6.21,0.48,0.0
20231213:1810,0.0,0.0,0.0,4.56,1.24,0.0
20231213:1910,0.0,0.0,0.0,3.01,1.03,0.0
20231213:2010,0.0,0.0,0.0,2.79,1.1,0.0
20231213:2110,0.0,0.0,0.0,2.85,1.38,0.0
20231213:2210,0.0,0.0,0.0,2.74,1.52,0.0
20231213:2310,0.0,0.0,0.0,2.54,1.59,0.0
20231214:0010,0.0,0.0,0.0,2.27,1.72,0.0
20231214:0110,0.0,0.0,0.0,2.05,1.79,0.0
20231214:0210,0.0,0.0,0.0,2.03,1.59,0.0
20231214:0310,0.0,0.0,0.0,2.24,1.52,0.0
20231214:0410,0.0,0.0,0.0,2.37,1.59,0.0
20231214:0510,0.0,0.0,0.0,2.37,1.52,0.0
20231214:0610,0.0,0.0,0.0,2.17,1.52,0.0
20231214:0710,0.0,0.0,0.0,2.04,1.45,0.0
20231214:0810,151.99,185.9,8.72,2.69,1.38,0.0
20231214:0910,355.92,374.4,15.0,5.38,1.24,0.0
20231214:1010,504.32,520.38,19.22,7.46,1.17,0.0
20231214:1110,584.41,606.78,20.96,9.27,1.17,0.0
20231214:1210,599.46,627.19,20.05,10.71,1.1,0.0
20231214:1310,542.81,568.89,16.57,11.76,1.1,0.0
20231214:1410,388.64,408.94,10.88,11.89,1.03,0.0
20231214:1510,59.57,78.01,3.46,10.85,1.66,0.0
20231214:1610,0.0,0.0,0.0,8.46,2.28,0.0
20231214:1710,0.0,0.0,0.0,6.31,2.55,0.0
20231214:1810,0.0,0.0,0.0,5.24,2.69,0.0
20231214:1910,0.0,0.0,0.0,4.45,2.76,0.0
20231214:2010,0.0,0.0,0.0,4.3,2.9,0.0
20231214:2110,0.0,0.0,0.0,4.2,3.03,0.0
20231214:2210,0.0,0.0,0.0,4.28,3.17,0.0
20231214:2310,0.0,0.0,0.0,4.3,3.17,0.0
20231215:0010,0.0,0.0,0.0,4.3,3.17,0.0
20231215:0110,0.0,0.0,0.0,4.2,3.1,0.0
20231215:0210,0.0,0.0,0.0,4.17,3.03,0.0
20231215:0310,0.0,0.0,0.0,4.03,3.03,0.0
20231215:0410,0.0,0.0,0.0,3.92,3.03,0.0
20231215:0510,0.0,0.0,0.0,3.84,3.03,0.0
20231215:0610,0.0,0.0,0.0,3.79,3.03,0.0
20231215:0710,0.0,0.0,0.0,4.61,3.31,0.0
20231215:0810,155.03,192.24,8.62,5.58,3.38,0.0
20231215:0910,355.04,373.92,14.91,7.88,3.24,0.0
20231215:1010,510.99,525.22,19.14,9.95,3.17,0.0
20231215:1110,599.22,615.24,20.9,11.03,3.31,0.0
20231215:1210,610.73,628.23,20.01,11.45,3.17,0.0
20231215:1310,547.73,564.92,16.55,11.56,2.69,0.0
20231215:1410,395.8,410.8,10.89,11.15,2.48,0.0
20231215:1510,66.67,85.12,3.48,9.9,2.41,0.0
20231215:1610,0.0,0.0,0.0,8.01,2.48,0.0
20231215:1710,0.0,0.0,0.0,6.43,2.55,0.0
20231215:1810,0.0,0.0,0.0,5.21,2.62,0.0
20231215:1910,0.0,0.0,0.0,5.25,2.69,0.0
20231215:2010,0.0,0.0,0.0,4.38,2.69,0.0
20231215:2110,0.0,0.0,0.0,3.7,2.69,0.0
20231215:2210,0.0,0.0,0.0,2.81,2.41,0.0
20231215:2310,0.0,0.0,0.0,2.08,2.14,0.0
20231216:0010,0.0,0.0,0.0,1.48,1.86,0.0
20231216:0110,0.0,0.0,0.0,1.04,1.79,0.0
20231216:0210,0.0,0.0,0.0,0.7,1.86,0.0
20231216:0310,0.0,0.0,0.0,0.34,1.86,0.0
20231216:0410,0.0,0.0,0.0,0.02,1.79,0.0
20231216:0510,0.0,0.0,0.0,-0.28,1.66,0.0
20231216:0610,0.0,0.0,0.0,-0.43,1.66,0.0
20231216:0710,0.0,0.0,0.0,0.0,1.86,0.0
20231216:0810,147.53,180.11,8.53,0.89,1.59,0.0
20231216:0910,346.23,364.14,14.82,4.39,0.83,0.0
20231216:1010,489.79,508.66,19.07,7.03,0.41,0.0
20231216:1110,575.47,599.13,20.85,7.98,0.48,0.0
20231216:1210,588.96,610.13,19.98,8.34,0.9,0.0
20231216:1310,531.07,546.91,16.54,8.36,1.1,0.0
20231216:1410,391.53,404.25,10.89,8.02,1.1,0.0
20231216:1510,61.34,78.74,3.5,7.23,0.9,0.0
20231216:1610,0.0,0.0,0.0,5.48,1.24,0.0
20231216:1710,0.0,0.0,0.0,3.96,1.45,0.0
20231216:1810,0.0,0.0,0.0,3.08,1.45,0.0
20231216:1910,0.0,0.0,0.0,2.82,1.45,0.0
20231216:2010,0.0,0.0,0.0,2.14,1.52,0.0
20231216:2110,0.0,0.0,0.0,1.67,1.59,0.0
20231216:2210,0.0,0.0,0.0,1.39,1.59,0.0
20231216:2310,0.0,0.0,0.0,1.02,1.52,0.0
20231217:0010,0.0,0.0,0.0,0.39,1.59,0.0
20231217:0110,0.0,0.0,0.0,0.1,1.59,0.0
20231217:0210,0.0,0.0,0.0,0.0,1.52,0.0
20231217:0310,0.0,0.0,0.0,0.23,1.31,0.0
20231217:0410,0.0,0.0,0.0,-0.94,1.38,0.0
20231217:0510,0.0,0.0,0.0,-1.13,1.52,0.0
20231217:0610,0.0,0.0,0.0,-0.78,1.66,0.0
20231217:0710,0.0,0.0,0.0,0.09,1.52,0.0
20231217:0810,141.31,173.47,8.43,0.84,1.45,0.0
20231217:0910,344.32,359.45,14.75,3.15,1.17,0.0
20231217:1010,491.55,503.78,19.01,5.13,0.76,0.0
20231217:1110,573.92,593.87,20.81,6.8,0.48,0.0
20231217:1210,581.13,604.19,19.95,8.21,0.55,0.0
20231217:1310,532.36,553.09,16.54,8.93,0.62,0.0
20231217:1410,368.81,383.63,10.91,8.88,0.76,0.0
20231217:1510,46.03,62.72,3.53,7.92,0.97,0.0
20231217:1610,0.0,0.0,0.0,6.14,0.97,0.0
20231217:1710,0.0,0.0,0.0,6.34,0.69,0.0
20231217:1810,0.0,0.0,0.0,5.11,1.17,0.0
20231217:1910,0.0,0.0,0.0,2.92,1.66,0.0
20231217:2010,0.0,0.0,0.0,1.86,1.79,0.0
20231217:2110,0.0,0.0,0.0,1.21,1.79,0.0
20231217:2210,0.0,0.0,0.0,0.66,1.79,0.0
20231217:2310,0.0,0.0,0.0,0.09,1.93,0.0
20231218:0010,0.0,0.0,0.0,-0.2,2.0,0.0
20231218:0110,0.0,0.0,0.0,-0.46,2.0,0.0
20231218:0210,0.0,0.0,0.0,-0.66,2.0,0.0
20231218:0310,0.0,0.0,0.0,-0.84,2.0,0.0
20231218:0410,0.0,0.0,0.0,-0.96,2.0,0.0
20231218:0510,0.0,0.0,0.0,-1.03,2.0,0.0
20231218:0610,0.0,0.0,0.0,-1.11,2.0,0.0
20231218:0710,0.0,0.0,0.0,-0.21,2.07,0.0
20231218:0810,146.01,180.28,8.35,0.92,1.79,0.0
20231218:0910,344.76,362.45,14.67,4.41,1.1,0.0
20231218:1010,492.62,513.56,18.95,8.07,0.55,0.0
20231218:1110,559.44,590.91,20.77,9.99,0.14,0.0
20231218:1210,575.04,608.39,19.94,11.07,0.34,0.0
20231218:1310,515.81,546.8,16.54,11.54,0.07,0.0
20231218:1410,371.8,394.1,10.93,11.48,0.07,0.0
20231218:1510,104.81,125.37,3.57,10.66,0.48,0.0
20231218:1610,0.0,0.0,0.0,8.98,1.03,0.0
20231218:1710,0.0,0.0,0.0,6.8,1.45,0.0
20231218:1810,0.0,0.0,0.0,5.28,1.59,0.0
20231218:1910,0.0,0.0,0.0,3.07,1.86,0.0
20231218:2010,0.0,0.0,0.0,1.63,2.07,0.0
20231218:2110,0.0,0.0,0.0,0.92,2.21,0.0
20231218:2210,0.0,0.0,0.0,0.44,2.28,0.0
20231218:2310,0.0,0.0,0.0,-0.11,2.14,0.0
20231219:0010,0.0,0.0,0.0,-0.49,2.07,0.0
20231219:0110,0.0,0.0,0.0,-0.73,2.07,0.0
20231219:0210,0.0,0.0,0.0,-0.88,2.07,0.0
20231219:0310,0.0,0.0,0.0,-0.99,2.0,0.0
20231219:0410,0.0,0.0,0.0,-1.16,2.0,0.0
20231219:0510,0.0,0.0,0.0,-1.26,2.0,0.0
20231219:0610,0.0,0.0,0.0,-1.31,2.07,0.0
20231219:0710,0.0,0.0,0.0,-0.58,2.0,0.0
20231219:0810,144.03,177.3,8.27,0.5,1.86,0.0
20231219:0910,349.42,366.25,14.61,3.99,1.31,0.0
20231219:1010,494.49,514.81,18.9,8.06,0.69,0.0
20231219:1110,563.42,597.1,20.74,10.52,0.14,0.0
20231219:1210,584.89,620.68,19.93,11.66,0.41,0.0
20231219:1310,523.01,553.67,16.55,11.97,0.34,0.0
20231219:1410,380.45,403.04,10.96,11.68,0.21,0.0
20231219:1510,39.2,55.98,3.61,11.01,0.07,0.0
20231219:1610,0.0,0.0,0.0,10.01,0.41,0.0
20231219:1710,0.0,0.0,0.0,8.99,1.03,0.0
20231219:1810,0.0,0.0,0.0,5.76,1.59,0.0
20231219:1910,0.0,0.0,0.0,3.65,1.86,0.0
20231219:2010,0.0,0.0,0.0,2.03,2.0,0.0
20231219:2110,0.0,0.0,0.0,1.1,2.07,0.0
20231219:2210,0.0,0.0,0.0,0.39,2.07,0.0
20231219:2310,0.0,0.0,0.0,-0.11,2.07,0.0
20231220:0010,0.0,0.0,0.0,-0.58,2.0,0.0
20231220:0110,0.0,0.0,0.0,-0.99,1.93,0.0
20231220:0210,0.0,0.0,0.0,-0.79,1.79,0.0
20231220:0310,0.0,0.0,0.0,-0.2,1.66,0.0
20231220:0410,0.0,0.0,0.0,0.11,1.66,0.0
20231220:0510,0.0,0.0,0.0,0.2,1.79,0.0
20231220:0610,0.0,0.0,0.0,0.53,1.72,0.0
20231220:0710,0.0,0.0,0.0,0.82,1.66,0.0
20231220:0810,18.0,30.09,8.2,1.15,1.52,0.0
20231220:0910,116.23,130.92,14.55,4.39,1.03,0.0
20231220:1010,216.82,229.92,18.86,7.24,0.9,0.0
20231220:1110,244.51,258.7,20.72,9.35,0.83,0.0
20231220:1210,575.29,602.4,19.93,10.69,0.9,0.0
20231220:1310,522.72,548.45,16.57,11.74,0.9,0.0
20231220:1410,383.18,403.59,10.99,11.9,0.9,0.0
20231220:1510,40.05,56.71,3.66,10.69,1.72,0.0
20231220:1610,0.0,0.0,0.0,8.04,2.48,0.0
20231220:1710,0.0,0.0,0.0,5.89,2.55,0.0
20231220:1810,0.0,0.0,0.0,4.56,2.62,0.0
20231220:1910,0.0,0.0,0.0,3.16,2.48,0.0
20231220:2010,0.0,0.0,0.0,2.59,2.69,0.0
20231220:2110,0.0,0.0,0.0,2.32,2.76,0.0
20231220:2210,0.0,0.0,0.0,2.17,2.76,0.0
20231220:2310,0.0,0.0,0.0,2.15,2.69,0.0
20231221:0010,0.0,0.0,0.0,1.88,2.62,0.0
20231221:0110,0.0,0.0,0.0,1.56,2.62,0.0
20231221:0210,0.0,0.0,0.0,1.4,2.55,0.0
20231221:0310,0.0,0.0,0.0,1.54,2.41,0.0
20231221:0410,0.0,0.0,0.0,1.41,2.28,0.0
20231221:0510,0.0,0.0,0.0,1.31,2.0,0.0
20231221:0610,0.0,0.0,0.0,0.92,1.93,0.0
20231221:0710,0.0,0.0,0.0,0.52,2.0,0.0
20231221:0810,84.04,105.54,8.14,1.49,1.59,0.0
20231221:0910,240.55,255.51,14.5,4.42,0.83,0.0
20231221:1010,324.48,337.42,18.82,7.24,0.48,0.0
20231221:1110,147.31,162.82,20.7,7.87,0.21,0.0
20231221:1210,356.71,370.83,19.93,8.6,0.14,0.0
20231221:1310,393.55,408.47,16.6,8.89,0.28,0.0
20231221:1410,349.84,364.72,11.04,8.51,0.34,0.0
20231221:1510,25.7,40.19,3.71,7.88,0.69,0.0
20231221:1610,0.0,0.0,0.0,6.4,0.9,0.0
20231221:1710,0.0,0.0,0.0,5.21,1.1,0.0
20231221:1810,0.0,0.0,0.0,4.25,1.24,0.0
20231221:1910,0.0,0.0,0.0,3.29,1.52,0.0
20231221:2010,0.0,0.0,0.0,2.85,1.52,0.0
20231221:2110,0.0,0.0,0.0,2.29,1.66,0.0
20231221:2210,0.0,0.0,0.0,1.81,1.79,0.0
20231221:2310,0.0,0.0,0.0,1.54,2.0,0.0
20231222:0010,0.0,0.0,0.0,1.75,2.07,0.0
20231222:0110,0.0,0.0,0.0,1.96,2.34,0.0
20231222:0210,0.0,0.0,0.0,2.6,2.55,0.0
20231222:0310,0.0,0.0,0.0,3.27,2.69,0.0
20231222:0410,0.0,0.0,0.0,4.29,2.9,0.0
20231222:0510,0.0,0.0,0.0,5.31,3.1,0.0
20231222:0610,0.0,0.0,0.0,6.03,3.17,0.0
20231222:0710,0.0,0.0,0.0,8.02,3.66,0.0
20231222:0810,128.48,165.98,8.08,8.33,2.97,0.0
20231222:0910,314.08,336.5,14.45,8.9,1.93,0.0
20231222:1010,464.08,486.25,18.8,10.98,1.31,0.0
20231222:1110,554.19,581.25,20.7,12.19,1.38,0.0
20231222:1210,571.31,600.68,19.95,12.51,1.24,0.0
20231222:1310,516.53,541.57,16.63,12.21,1.1,0.0
20231222:1410,380.35,401.27,11.08,11.77,0.62,0.0
20231222:1510,70.2,88.98,3.77,10.57,1.1,0.0
20231222:1610,0.0,0.0,0.0,8.74,1.72,0.0
20231222:1710,0.0,0.0,0.0,7.42,1.79,0.0
20231222:1810,0.0,0.0,0.0,6.49,1.79,0.0
20231222:1910,0.0,0.0,0.0,6.69,1.79,0.0
20231222:2010,0.0,0.0,0.0,6.26,1.72,0.0
20231222:2110,0.0,0.0,0.0,5.83,1.79,0.0
20231222:2210,0.0,0.0,0.0,5.51,1.79,0.0
20231222:2310,0.0,0.0,0.0,5.01,2.0,0.0
20231223:0010,0.0,0.0,0.0,4.77,2.21,0.0
20231223:0110,0.0,0.0,0.0,4.42,2.41,0.0
20231223:0210,0.0,0.0,0.0,4.53,2.55,0.0
20231223:0310,0.0,0.0,0.0,4.85,2.97,0.0
20231223:0410,0.0,0.0,0.0,5.48,3.1,0.0
20231223:0510,0.0,0.0,0.0,5.66,3.17,0.0
20231223:0610,0.0,0.0,0.0,5.63,3.03,0.0
20231223:0710,0.0,0.0,0.0,5.6,3.03,0.0
20231223:0810,129.88,166.09,8.03,5.7,2.69,0.0
20231223:0910,317.82,338.22,14.42,7.85,2.34,0.0
20231223:1010,485.93,506.56,18.78,11.02,2.0,0.0
20231223:1110,574.52,599.68,20.7,12.72,2.21,0.0
20231223:1210,602.34,630.68,19.97,13.68,2.34,0.0
20231223:1310,528.53,552.45,16.67,14.08,2.41,0.0
20231223:1410,427.62,449.69,11.14,13.77,2.14,0.0
20231223:1510,107.65,128.52,3.84,12.57,2.28,0.0
20231223:1610,0.0,0.0,0.0,10.68,2.55,0.0
20231223:1710,0.0,0.0,0.0,8.78,2.55,0.0
20231223:1810,0.0,0.0,0.0,7.41,2.62,0.0
20231223:1910,0.0,0.0,0.0,7.53,2.48,0.0
20231223:2010,0.0,0.0,0.0,6.2,2.41,0.0
20231223:2110,0.0,0.0,0.0,5.09,2.41,0.0
20231223:2210,0.0,0.0,0.0,4.21,2.41,0.0
20231223:2310,0.0,0.0,0.0,3.33,2.41,0.0
20231224:0010,0.0,0.0,0.0,2.9,2.62,0.0
20231224:0110,0.0,0.0,0.0,2.7,2.76,0.0
20231224:0210,0.0,0.0,0.0,2.74,2.9,0.0
20231224:0310,0.0,0.0,0.0,2.63,2.9,0.0
20231224:0410,0.0,0.0,0.0,2.53,2.76,0.0
20231224:0510,0.0,0.0,0.0,1.98,2.62,0.0
20231224:0610,0.0,0.0,0.0,1.62,2.55,0.0
20231224:0710,0.0,0.0,0.0,1.59,2.41,0.0
20231224:0810,119.89,150.22,7.98,1.87,2.14,0.0
20231224:0910,331.19,348.69,14.39,4.78,1.66,0.0
20231224:1010,445.37,461.92,18.77,8.99,1.38,0.0
20231224:1110,551.79,576.25,20.71,10.78,1.17,0.0
20231224:1210,581.64,612.73,20.0,12.15,1.03,0.0
20231224:1310,526.59,554.62,16.72,12.8,1.03,0.0
20231224:1410,397.91,419.86,11.2,12.66,1.03,0.0
20231224:1510,119.36,140.1,3.91,11.31,1.1,0.0
20231224:1610,0.0,0.0,0.0,9.15,1.24,0.0
20231224:1710,0.0,0.0,0.0,8.38,1.24,0.0
20231224:1810,0.0,0.0,0.0,9.3,1.03,0.0
20231224:1910,0.0,0.0,0.0,9.05,1.24,0.0
20231224:2010,0.0,0.0,0.0,9.48,0.9,0.0
20231224:2110,0.0,0.0,0.0,8.75,1.03,0.0
20231224:2210,0.0,0.0,0.0,8.21,0.9,0.0
20231224:2310,0.0,0.0,0.0,7.8,0.97,0.0
20231225:0010,0.0,0.0,0.0,7.51,1.1,0.0
20231225:0110,0.0,0.0,0.0,6.88,1.17,0.0
20231225:0210,0.0,0.0,0.0,6.09,1.24,0.0
20231225:0310,0.0,0.0,0.0,5.64,1.24,0.0
20231225:0410,0.0,0.0,0.0,5.34,1.17,0.0
20231225:0510,0.0,0.0,0.0,4.63,1.24,0.0
20231225:0610,0.0,0.0,0.0,4.33,1.31,0.0
20231225:0710,0.0,0.0,0.0,3.33,1.38,0.0
20231225:0810,122.06,155.81,7.94,3.46,1.31,0.0
20231225:0910,306.66,327.34,14.36,5.85,0.55,0.0
20231225:1010,467.12,488.73,18.76,8.25,0.28,0.0
20231225:1110,539.04,566.73,20.72,9.5,0.14,0.0
20231225:1210,557.51,586.66,20.04,10.2,0.28,0.0
20231225:1310,542.23,571.28,16.77,10.59,0.28,0.0
20231225:1410,385.38,405.55,11.27,10.48,0.21,0.0
20231225:1510,39.02,55.29,3.99,9.65,0.41,0.0
20231225:1610,0.0,0.0,0.0,7.84,1.31,0.0
20231225:1710,0.0,0.0,0.0,5.97,1.45,0.0
20231225:1810,0.0,0.0,0.0,4.81,1.52,0.0
20231225:1910,0.0,0.0,0.0,5.47,1.31,0.0
20231225:2010,0.0,0.0,0.0,4.21,1.45,0.0
20231225:2110,0.0,0.0,0.0,3.33,1.45,0.0
20231225:2210,0.0,0.0,0.0,2.86,1.38,0.0
20231225:2310,0.0,0.0,0.0,2.19,1.38,0.0
20231226:0010,0.0,0.0,0.0,1.92,1.24,0.0
20231226:0110,0.0,0.0,0.0,2.11,1.17,0.0
20231226:0210,0.0,0.0,0.0,2.82,1.24,0.0
20231226:0310,0.0,0.0,0.0,3.45,1.24,0.0
20231226:0410,0.0,0.0,0.0,4.06,1.17,0.0
20231226:0510,0.0,0.0,0.0,4.35,1.1,0.0
20231226:0610,0.0,0.0,0.0,4.48,1.03,0.0
20231226:0710,0.0,0.0,0.0,5.44,0.83,0.0
20231226:0810,83.89,108.89,7.91,5.64,0.76,0.0
20231226:0910,15.0,27.18,14.35,6.78,0.48,0.0
20231226:1010,57.98,73.77,18.76,7.28,0.34,0.0
20231226:1110,23.26,36.88,20.75,7.65,0.41,0.0
20231226:1210,216.61,230.04,20.08,7.9,0.34,0.0
20231226:1310,84.79,101.04,16.84,8.0,0.34,0.0
20231226:1410,223.02,236.38,11.35,7.99,0.41,0.0
20231226:1510,112.33,130.99,4.08,7.64,0.21,0.0
20231226:1610,0.0,0.0,0.0,6.89,0.41,0.0
20231226:1710,0.0,0.0,0.0,6.05,0.76,0.0
20231226:1810,0.0,0.0,0.0,5.47,0.83,0.0
20231226:1910,0.0,0.0,0.0,4.79,1.03,0.0
20231226:2010,0.0,0.0,0.0,3.78,1.17,0.0
20231226:2110,0.0,0.0,0.0,3.72,1.24,0.0
20231226:2210,0.0,0.0,0.0,4.05,1.17,0.0
20231226:2310,0.0,0.0,0.0,4.18,1.31,0.0
20231227:0010,0.0,0.0,0.0,4.13,1.45,0.0
20231227:0110,0.0,0.0,0.0,4.29,1.38,0.0
20231227:0210,0.0,0.0,0.0,4.17,1.24,0.0
20231227:0310,0.0,0.0,0.0,3.77,1.24,0.0
20231227:0410,0.0,0.0,0.0,3.51,1.17,0.0
20231227:0510,0.0,0.0,0.0,3.29,0.97,0.0
20231227:0610,0.0,0.0,0.0,3.2,0.97,0.0
20231227:0710,0.0,0.0,0.0,4.39,0.83,0.0
20231227:0810,58.91,77.88,7.89,3.83,0.83,0.0
20231227:0910,90.38,106.09,14.34,5.86,0.62,0.0
20231227:1010,106.22,122.08,18.78,7.25,0.41,0.0
20231227:1110,455.64,474.37,20.78,8.16,0.0,0.0
20231227:1210,202.68,217.69,20.13,8.85,0.07,0.0
20231227:1310,422.16,439.23,16.9,9.07,0.14,0.0
20231227:1410,377.81,394.9,11.43,9.09,0.21,0.0
20231227:1510,111.4,130.35,4.17,8.49,0.34,0.0
20231227:1610,0.0,0.0,0.0,7.6,0.41,0.0
20231227:1710,0.0,0.0,0.0,6.6,0.69,0.0
20231227:1810,0.0,0.0,0.0,4.95,1.24,0.0
20231227:1910,0.0,0.0,0.0,4.33,1.31,0.0
20231227:2010,0.0,0.0,0.0,3.92,1.45,0.0
20231227:2110,0.0,0.0,0.0,3.85,1.45,0.0
20231227:2210,0.0,0.0,0.0,3.58,1.45,0.0
20231227:2310,0.0,0.0,0.0,3.23,1.45,0.0
20231228:0010,0.0,0.0,0.0,3.18,1.52,0.0
20231228:0110,0.0,0.0,0.0,2.73,1.59,0.0
20231228:0210,0.0,0.0,0.0,3.0,1.38,0.0
20231228:0310,0.0,0.0,0.0,3.17,1.45,0.0
20231228:0410,0.0,0.0,0.0,3.06,1.59,0.0
20231228:0510,0.0,0.0,0.0,3.1,1.59,0.0
20231228:0610,0.0,0.0,0.0,3.5,1.66,0.0
20231228:0710,0.0,0.0,0.0,5.09,1.38,0.0
20231228:0810,2.12,9.71,7.87,5.5,1.31,0.0
20231228:0910,77.06,92.78,14.34,6.31,1.17,0.0
20231228:1010,36.61,51.44,18.79,7.34,0.9,0.0
20231228:1110,45.64,61.15,20.82,8.01,0.76,0.0
20231228:1210,81.64,98.03,20.19,8.31,0.76,0.0
20231228:1310,68.16,84.44,16.98,8.36,0.76,0.0
20231228:1410,36.43,51.44,11.52,8.32,0.9,0.0
20231228:1510,1.01,7.76,4.27,7.98,0.97,0.0
20231228:1610,0.0,0.0,0.0,7.25,1.17,0.0
20231228:1710,0.0,0.0,0.0,6.73,1.24,0.0
20231228:1810,0.0,0.0,0.0,6.22,1.31,0.0
20231228:1910,0.0,0.0,0.0,6.19,1.17,0.0
20231228:2010,0.0,0.0,0.0,5.87,1.31,0.0
20231228:2110,0.0,0.0,0.0,6.0,1.31,0.0
20231228:2210,0.0,0.0,0.0,6.18,1.31,0.0
20231228:2310,0.0,0.0,0.0,6.27,1.24,0.0
20231229:0010,0.0,0.0,0.0,6.31,1.31,0.0
20231229:0110,0.0,0.0,0.0,6.24,1.24,0.0
20231229:0210,0.0,0.0,0.0,6.12,1.1,0.0
20231229:0310,0.0,0.0,0.0,5.97,1.03,0.0
20231229:0410,0.0,0.0,0.0,5.79,0.97,0.0
20231229:0510,0.0,0.0,0.0,5.4,0.97,0.0
20231229:0610,0.0,0.0,0.0,5.32,0.83,0.0
20231229:0710,0.0,0.0,0.0,4.87,1.1,0.0
20231229:0810,15.15,27.18,7.86,5.06,1.03,0.0
20231229:0910,47.86,63.09,14.34,6.5,0.83,0.0
20231229:1010,28.42,42.71,18.82,8.12,0.69,0.0
20231229:1110,44.52,60.18,20.87,8.85,0.55,0.0
20231229:1210,39.88,55.33,20.26,9.09,0.34,0.0
20231229:1310,23.07,36.88,17.07,9.27,0.41,0.0
20231229:1410,88.15,104.72,11.62,9.31,0.48,0.0
20231229:1510,14.93,27.44,4.38,8.99,0.76,0.0
20231229:1610,0.0,0.0,0.0,8.3,1.1,0.0
20231229:1710,0.0,0.0,0.0,7.24,1.38,0.0
20231229:1810,0.0,0.0,0.0,6.68,1.31,0.0
20231229:1910,0.0,0.0,0.0,7.0,1.1,0.0
20231229:2010,0.0,0.0,0.0,6.97,0.97,0.0
20231229:2110,0.0,0.0,0.0,6.74,1.1,0.0
20231229:2210,0.0,0.0,0.0,6.4,1.17,0.0
20231229:2310,0.0,0.0,0.0,6.16,1.17,0.0
20231230:0010,0.0,0.0,0.0,6.03,1.17,0.0
20231230:0110,0.0,0.0,0.0,5.83,1.24,0.0
20231230:0210,0.0,0.0,0.0,5.42,1.24,0.0
20231230:0310,0.0,0.0,0.0,5.04,1.24,0.0
20231230:0410,0.0,0.0,0.0,4.79,1.24,0.0
20231230:0510,0.0,0.0,0.0,4.61,1.24,0.0
20231230:0610,0.0,0.0,0.0,3.8,1.38,0.0
20231230:0710,0.0,0.0,0.0,3.35,1.24,0.0
20231230:0810,126.13,163.82,7.85,3.63,1.1,0.0
20231230:0910,326.42,349.67,14.36,6.12,0.48,0.0
20231230:1010,470.53,493.58,18.85,8.48,0.21,0.0
20231230:1110,551.22,578.87,20.92,9.49,0.28,0.0
20231230:1210,574.96,602.64,20.33,9.75,0.48,0.0
20231230:1310,495.92,516.1,17.16,9.99,0.69,0.0
20231230:1410,250.08,264.42,11.72,9.83,0.9,0.0
20231230:1510,13.19,25.32,4.49,9.26,0.76,0.0
20231230:1610,0.0,0.0,0.0,7.95,0.69,0.0
20231230:1710,0.0,0.0,0.0,7.85,0.48,0.0
20231230:1810,0.0,0.0,0.0,6.71,0.97,0.0
20231230:1910,0.0,0.0,0.0,7.11,0.76,0.0
20231230:2010,0.0,0.0,0.0,6.14,1.03,0.0
20231230:2110,0.0,0.0,0.0,5.37,1.24,0.0
20231230:2210,0.0,0.0,0.0,5.17,1.24,0.0
20231230:2310,0.0,0.0,0.0,5.04,1.17,0.0
20231231:0010,0.0,0.0,0.0,4.88,1.17,0.0
20231231:0110,0.0,0.0,0.0,5.2,1.03,0.0
20231231:0210,0.0,0.0,0.0,5.44,1.03,0.0
20231231:0310,0.0,0.0,0.0,5.48,1.1,0.0
20231231:0410,0.0,0.0,0.0,5.74,0.97,0.0
20231231:0510,0.0,0.0,0.0,5.87,0.9,0.0
20231231:0610,0.0,0.0,0.0,5.94,0.83,0.0
20231231:0710,0.0,0.0,0.0,5.53,0.83,0.0
20231231:0810,23.52,36.88,7.85,5.59,0.76,0.0
20231231:0910,15.06,27.18,14.38,6.01,0.69,0.0
20231231:1010,34.03,48.53,18.89,6.52,0.69,0.0
20231231:1110,32.19,46.59,20.98,6.7,0.55,0.0
20231231:1210,26.87,40.77,20.42,6.64,0.48,0.0
20231231:1310,44.06,59.21,17.25,6.61,0.21,0.0
20231231:1410,5.92,15.53,11.83,6.71,0.62,0.0
20231231:1510,8.79,19.41,4.6,6.69,0.9,0.0
20231231:1610,0.0,0.0,0.0,6.49,1.17,0.0
20231231:1710,0.0,0.0,0.0,6.37,1.24,0.0
20231231:1810,0.0,0.0,0.0,6.31,1.03,0.0
20231231:1910,0.0,0.0,0.0,5.99,1.72,0.0
20231231:2010,0.0,0.0,0.0,5.94,1.24,0.0
20231231:2110,0.0,0.0,0.0,5.52,0.97,0.0
20231231:2210,0.0,0.0,0.0,4.65,1.1,0.0
20231231:2310,0.0,0.0,0.0,4.12,1.03,0.0

P: PV system power (W)
G(i): Global irradiance on the inclined plane (plane of the array) (W/m2)
H_sun: Sun height (degree)
T2m: 2-m air temperature (degree Celsius)
WS10m: 10-m total wind speed (m/s)
Int: 1 means solar radiation values are reconstructed



PVGIS (c) European Union, 2001-2025