Latitude (decimal degrees):	45.937
Longitude (decimal degrees):	8.801
Elevation (m):	432
Radiation database:	PVGIS-SARAH3


Slope: 22 deg. 
Azimuth: -20 deg. 
Nominal power of the PV system (c-Si) (kWp):	1.0
System losses (%):	0.0
time,P,G(i),H_sun,T2m,WS10m,Int
20230101:0010,0.0,0.0,0.0,6.53,1.03,0.0
20230101:0110,0.0,0.0,0.0,6.5,1.03,0.0
20230101:0210,0.0,0.0,0.0,6.56,0.97,0.0
20230101:0310,0.0,0.0,0.0,6.62,0.9,0.0
20230101:0410,0.0,0.0,0.0,6.6,0.9,0.0
20230101:0510,0.0,0.0,0.0,6.55,0.97,0.0
20230101:0610,0.0,0.0,0.0,6.49,1.03,0.0
20230101:0710,0.0,0.0,0.0,6.41,0.9,0.0
20230101:0810,75.46,91.44,7.8,6.65,0.83,0.0
20230101:0910,44.9,60.18,14.32,7.19,0.69,0.0
20230101:1010,49.36,65.03,18.84,7.97,0.69,0.0
20230101:1110,78.62,95.12,20.94,8.57,0.62,0.0
20230101:1210,183.44,198.4,20.38,8.87,0.69,0.0
20230101:1310,58.42,74.74,17.24,9.13,0.62,0.0
20230101:1410,45.46,61.3,11.84,9.11,0.69,0.0
20230101:1510,16.69,31.19,4.63,8.9,0.76,0.0
20230101:1610,0.0,0.0,0.0,8.28,0.83,0.0
20230101:1710,0.0,0.0,0.0,7.56,0.83,0.0
20230101:1810,0.0,0.0,0.0,7.27,0.76,0.0
20230101:1910,0.0,0.0,0.0,7.28,0.62,0.0
20230101:2010,0.0,0.0,0.0,7.43,0.62,0.0
20230101:2110,0.0,0.0,0.0,7.56,0.55,0.0
20230101:2210,0.0,0.0,0.0,7.51,0.62,0.0
20230101:2310,0.0,0.0,0.0,7.55,0.62,0.0
20230102:0010,0.0,0.0,0.0,7.6,0.69,0.0
20230102:0110,0.0,0.0,0.0,7.77,0.62,0.0
20230102:0210,0.0,0.0,0.0,7.98,0.55,0.0
20230102:0310,0.0,0.0,0.0,7.99,0.55,0.0
20230102:0410,0.0,0.0,0.0,7.69,0.62,0.0
20230102:0510,0.0,0.0,0.0,7.51,0.69,0.0
20230102:0610,0.0,0.0,0.0,7.64,0.55,0.0
20230102:0710,0.0,0.0,0.0,7.19,0.48,0.0
20230102:0810,1.54,8.74,7.82,7.4,0.41,0.0
20230102:0910,11.78,23.29,14.36,7.46,0.28,0.0
20230102:1010,45.56,61.15,18.9,8.22,0.28,0.0
20230102:1110,77.64,94.15,21.02,8.52,0.41,0.0
20230102:1210,87.16,103.86,20.48,8.9,0.62,0.0
20230102:1310,118.31,134.78,17.35,8.93,0.69,0.0
20230102:1410,61.61,78.21,11.96,9.0,0.62,0.0
20230102:1510,11.75,23.93,4.76,8.7,0.55,0.0
20230102:1610,0.0,0.0,0.0,8.19,0.69,0.0
20230102:1710,0.0,0.0,0.0,7.83,0.83,0.0
20230102:1810,0.0,0.0,0.0,7.72,0.83,0.0
20230102:1910,0.0,0.0,0.0,7.48,0.62,0.0
20230102:2010,0.0,0.0,0.0,7.41,0.62,0.0
20230102:2110,0.0,0.0,0.0,7.35,0.62,0.0
20230102:2210,0.0,0.0,0.0,7.25,0.69,0.0
20230102:2310,0.0,0.0,0.0,7.17,0.76,0.0
20230103:0010,0.0,0.0,0.0,7.05,0.83,0.0
20230103:0110,0.0,0.0,0.0,7.01,0.76,0.0
20230103:0210,0.0,0.0,0.0,6.96,0.76,0.0
20230103:0310,0.0,0.0,0.0,6.95,0.69,0.0
20230103:0410,0.0,0.0,0.0,6.87,0.62,0.0
20230103:0510,0.0,0.0,0.0,6.84,0.48,0.0
20230103:0610,0.0,0.0,0.0,6.75,0.41,0.0
20230103:0710,0.0,0.0,0.0,6.82,0.55,0.0
20230103:0810,72.1,88.18,7.84,6.91,0.55,0.0
20230103:0910,144.71,159.17,14.4,7.31,0.48,0.0
20230103:1010,53.11,68.91,18.96,7.84,0.34,0.0
20230103:1110,33.76,48.53,21.11,7.96,0.28,0.0
20230103:1210,54.85,70.86,20.59,8.32,0.21,0.0
20230103:1310,96.29,112.8,17.47,8.41,0.28,0.0
20230103:1410,18.94,32.03,12.09,8.56,0.28,0.0
20230103:1510,0.0,4.85,4.89,8.6,0.21,0.0
20230103:1610,0.0,0.0,0.0,8.1,0.28,0.0
20230103:1710,0.0,0.0,0.0,7.3,0.48,0.0
20230103:1810,0.0,0.0,0.0,6.5,0.69,0.0
20230103:1910,0.0,0.0,0.0,6.07,0.83,0.0
20230103:2010,0.0,0.0,0.0,4.97,1.03,0.0
20230103:2110,0.0,0.0,0.0,4.12,1.1,0.0
20230103:2210,0.0,0.0,0.0,3.62,1.1,0.0
20230103:2310,0.0,0.0,0.0,3.04,1.1,0.0
20230104:0010,0.0,0.0,0.0,2.13,1.17,0.0
20230104:0110,0.0,0.0,0.0,0.92,1.38,0.0
20230104:0210,0.0,0.0,0.0,0.54,1.45,0.0
20230104:0310,0.0,0.0,0.0,0.43,1.45,0.0
20230104:0410,0.0,0.0,0.0,0.5,1.45,0.0
20230104:0510,0.0,0.0,0.0,0.15,1.45,0.0
20230104:0610,0.0,0.0,0.0,0.01,1.52,0.0
20230104:0710,0.0,0.0,0.0,1.1,1.52,0.0
20230104:0810,305.66,311.67,7.88,1.14,1.45,0.0
20230104:0910,513.27,513.39,14.45,2.45,1.31,0.0
20230104:1010,626.16,636.55,19.04,4.51,1.03,0.0
20230104:1110,627.61,648.51,21.2,6.96,0.76,0.0
20230104:1210,408.38,423.85,20.7,8.77,0.34,0.0
20230104:1310,312.26,329.55,17.6,9.5,0.07,0.0
20230104:1410,98.43,116.43,12.22,9.46,0.48,0.0
20230104:1510,30.41,49.3,5.03,8.83,0.62,0.0
20230104:1610,0.0,0.0,0.0,7.65,0.55,0.0
20230104:1710,0.0,0.0,0.0,7.14,0.34,0.0
20230104:1810,0.0,0.0,0.0,6.43,0.34,0.0
20230104:1910,0.0,0.0,0.0,6.13,0.76,0.0
20230104:2010,0.0,0.0,0.0,4.98,0.9,0.0
20230104:2110,0.0,0.0,0.0,4.1,1.03,0.0
20230104:2210,0.0,0.0,0.0,3.66,1.03,0.0
20230104:2310,0.0,0.0,0.0,3.51,1.03,0.0
20230105:0010,0.0,0.0,0.0,3.35,1.03,0.0
20230105:0110,0.0,0.0,0.0,3.49,1.03,0.0
20230105:0210,0.0,0.0,0.0,3.47,1.03,0.0
20230105:0310,0.0,0.0,0.0,3.66,1.1,0.0
20230105:0410,0.0,0.0,0.0,3.68,1.1,0.0
20230105:0510,0.0,0.0,0.0,3.77,1.1,0.0
20230105:0610,0.0,0.0,0.0,3.87,1.17,0.0
20230105:0710,0.0,0.0,0.0,4.56,1.03,0.0
20230105:0810,63.37,78.67,7.91,5.03,0.97,0.0
20230105:0910,132.74,146.6,14.51,5.94,0.76,0.0
20230105:1010,480.2,493.94,19.12,8.05,0.76,0.0
20230105:1110,446.16,462.1,21.3,9.58,0.76,0.0
20230105:1210,296.71,311.91,20.82,10.8,0.97,0.0
20230105:1310,197.55,215.02,17.74,11.67,0.97,0.0
20230105:1410,253.37,279.95,12.37,11.99,0.9,0.0
20230105:1510,86.31,127.18,5.18,11.24,0.83,0.0
20230105:1610,0.0,0.0,0.0,9.08,1.1,0.0
20230105:1710,0.0,0.0,0.0,7.61,1.31,0.0
20230105:1810,0.0,0.0,0.0,6.43,1.52,0.0
20230105:1910,0.0,0.0,0.0,6.38,1.59,0.0
20230105:2010,0.0,0.0,0.0,5.59,1.66,0.0
20230105:2110,0.0,0.0,0.0,4.85,1.59,0.0
20230105:2210,0.0,0.0,0.0,4.62,1.45,0.0
20230105:2310,0.0,0.0,0.0,3.96,1.45,0.0
20230106:0010,0.0,0.0,0.0,3.2,1.45,0.0
20230106:0110,0.0,0.0,0.0,2.62,1.45,0.0
20230106:0210,0.0,0.0,0.0,1.25,1.38,0.0
20230106:0310,0.0,0.0,0.0,-0.05,1.38,0.0
20230106:0410,0.0,0.0,0.0,-0.26,1.31,0.0
20230106:0510,0.0,0.0,0.0,-0.3,1.31,0.0
20230106:0610,0.0,0.0,0.0,-0.41,1.31,0.0
20230106:0710,0.0,0.0,0.0,-0.36,1.24,0.0
20230106:0810,184.16,193.36,7.96,0.21,1.17,0.0
20230106:0910,232.96,239.32,14.58,2.6,1.03,0.0
20230106:1010,237.11,246.68,19.2,5.39,0.69,0.0
20230106:1110,211.57,225.67,21.41,8.12,0.21,0.0
20230106:1210,155.6,172.03,20.95,9.53,0.34,0.0
20230106:1310,105.41,122.54,17.88,9.88,0.55,0.0
20230106:1410,64.12,80.97,12.52,9.72,0.69,0.0
20230106:1510,26.57,43.27,5.33,9.0,0.62,0.0
20230106:1610,0.0,0.0,0.0,7.98,0.41,0.0
20230106:1710,0.0,0.0,0.0,7.15,0.0,0.0
20230106:1810,0.0,0.0,0.0,6.33,0.48,0.0
20230106:1910,0.0,0.0,0.0,4.46,0.76,0.0
20230106:2010,0.0,0.0,0.0,3.58,0.9,0.0
20230106:2110,0.0,0.0,0.0,2.98,0.97,0.0
20230106:2210,0.0,0.0,0.0,2.72,0.97,0.0
20230106:2310,0.0,0.0,0.0,1.29,1.03,0.0
20230107:0010,0.0,0.0,0.0,-0.33,1.03,0.0
20230107:0110,0.0,0.0,0.0,-0.57,0.97,0.0
20230107:0210,0.0,0.0,0.0,-0.47,0.97,0.0
20230107:0310,0.0,0.0,0.0,-0.69,0.97,0.0
20230107:0410,0.0,0.0,0.0,-0.73,1.03,0.0
20230107:0510,0.0,0.0,0.0,-0.61,1.03,0.0
20230107:0610,0.0,0.0,0.0,-0.82,1.1,0.0
20230107:0710,0.0,0.0,0.0,0.25,1.1,0.0
20230107:0810,143.46,154.95,8.01,0.83,1.03,0.0
20230107:0910,276.89,281.16,14.65,2.4,0.9,0.0
20230107:1010,215.93,226.28,19.3,5.11,0.48,0.0
20230107:1110,201.0,213.74,21.53,6.41,0.21,0.0
20230107:1210,70.36,86.39,21.09,7.21,0.07,0.0
20230107:1310,63.59,79.59,18.02,7.47,0.07,0.0
20230107:1410,67.54,83.86,12.67,7.6,0.0,0.0
20230107:1510,83.75,119.52,5.49,7.25,0.14,0.0
20230107:1610,0.0,0.0,0.0,6.78,0.14,0.0
20230107:1710,0.0,0.0,0.0,6.4,0.28,0.0
20230107:1810,0.0,0.0,0.0,5.76,0.48,0.0
20230107:1910,0.0,0.0,0.0,4.85,0.62,0.0
20230107:2010,0.0,0.0,0.0,4.86,0.76,0.0
20230107:2110,0.0,0.0,0.0,4.72,0.83,0.0
20230107:2210,0.0,0.0,0.0,4.39,0.97,0.0
20230107:2310,0.0,0.0,0.0,4.35,1.03,0.0
20230108:0010,0.0,0.0,0.0,4.34,1.03,0.0
20230108:0110,0.0,0.0,0.0,4.28,1.03,0.0
20230108:0210,0.0,0.0,0.0,4.14,0.97,0.0
20230108:0310,0.0,0.0,0.0,4.33,0.83,0.0
20230108:0410,0.0,0.0,0.0,4.35,0.83,0.0
20230108:0510,0.0,0.0,0.0,4.37,0.83,0.0
20230108:0610,0.0,0.0,0.0,4.33,0.9,0.0
20230108:0710,0.0,0.0,0.0,4.19,0.83,0.0
20230108:0810,49.37,64.21,8.07,4.33,0.69,0.0
20230108:0910,97.86,112.36,14.73,4.81,0.62,0.0
20230108:1010,97.03,111.94,19.4,5.12,0.55,0.0
20230108:1110,61.44,76.68,21.65,5.33,0.55,0.0
20230108:1210,93.49,108.71,21.23,5.42,0.34,0.0
20230108:1310,73.98,89.3,18.18,5.38,0.55,0.0
20230108:1410,28.84,42.71,12.83,5.32,0.83,0.0
20230108:1510,2.72,10.68,5.65,5.1,0.97,0.0
20230108:1610,0.0,0.0,0.0,4.98,0.9,0.0
20230108:1710,0.0,0.0,0.0,4.88,0.9,0.0
20230108:1810,0.0,0.0,0.0,4.8,0.83,0.0
20230108:1910,0.0,0.0,0.0,4.26,0.69,0.0
20230108:2010,0.0,0.0,0.0,4.27,0.83,0.0
20230108:2110,0.0,0.0,0.0,4.09,1.24,0.0
20230108:2210,0.0,0.0,0.0,3.79,1.45,0.0
20230108:2310,0.0,0.0,0.0,3.79,1.31,0.0
20230109:0010,0.0,0.0,0.0,3.9,1.17,0.0
20230109:0110,0.0,0.0,0.0,4.01,0.97,0.0
20230109:0210,0.0,0.0,0.0,4.07,0.83,0.0
20230109:0310,0.0,0.0,0.0,4.36,0.48,0.0
20230109:0410,0.0,0.0,0.0,4.02,0.62,0.0
20230109:0510,0.0,0.0,0.0,3.25,0.83,0.0
20230109:0610,0.0,0.0,0.0,2.89,0.97,0.0
20230109:0710,0.0,0.0,0.0,4.01,0.69,0.0
20230109:0810,355.48,367.03,8.14,3.96,0.83,0.0
20230109:0910,536.32,545.17,14.81,4.63,0.9,0.0
20230109:1010,641.94,659.02,19.51,6.55,1.17,0.0
20230109:1110,671.1,693.48,21.78,7.92,1.38,0.0
20230109:1210,620.34,641.06,21.38,8.84,1.52,0.0
20230109:1310,521.18,540.28,18.34,9.3,1.66,0.0
20230109:1410,338.91,364.62,12.99,9.21,1.66,0.0
20230109:1510,112.53,153.13,5.82,8.45,1.52,0.0
20230109:1610,0.0,0.0,0.0,6.9,1.59,0.0
20230109:1710,0.0,0.0,0.0,5.17,1.66,0.0
20230109:1810,0.0,0.0,0.0,3.86,1.79,0.0
20230109:1910,0.0,0.0,0.0,4.21,1.45,0.0
20230109:2010,0.0,0.0,0.0,3.53,1.52,0.0
20230109:2110,0.0,0.0,0.0,3.06,1.59,0.0
20230109:2210,0.0,0.0,0.0,2.94,1.52,0.0
20230109:2310,0.0,0.0,0.0,2.46,1.52,0.0
20230110:0010,0.0,0.0,0.0,1.75,1.66,0.0
20230110:0110,0.0,0.0,0.0,0.97,1.79,0.0
20230110:0210,0.0,0.0,0.0,0.44,1.93,0.0
20230110:0310,0.0,0.0,0.0,0.07,2.0,0.0
20230110:0410,0.0,0.0,0.0,-0.26,2.07,0.0
20230110:0510,0.0,0.0,0.0,-0.37,2.14,0.0
20230110:0610,0.0,0.0,0.0,-0.43,2.14,0.0
20230110:0710,0.0,0.0,0.0,0.1,2.34,0.0
20230110:0810,362.12,364.75,8.21,0.81,2.41,0.0
20230110:0910,558.28,558.13,14.91,3.95,2.34,0.0
20230110:1010,649.09,656.1,19.63,5.91,2.28,0.0
20230110:1110,693.95,703.48,21.92,6.78,2.69,0.0
20230110:1210,638.58,647.69,21.53,7.27,2.69,0.0
20230110:1310,531.13,543.1,18.5,7.56,2.28,0.0
20230110:1410,349.51,372.23,13.17,7.47,1.66,0.0
20230110:1510,117.05,156.66,5.99,6.68,1.17,0.0
20230110:1610,0.0,0.0,0.0,5.2,1.17,0.0
20230110:1710,0.0,0.0,0.0,3.92,1.31,0.0
20230110:1810,0.0,0.0,0.0,3.14,1.45,0.0
20230110:1910,0.0,0.0,0.0,2.67,1.59,0.0
20230110:2010,0.0,0.0,0.0,2.34,1.59,0.0
20230110:2110,0.0,0.0,0.0,2.04,1.59,0.0
20230110:2210,0.0,0.0,0.0,1.69,1.59,0.0
20230110:2310,0.0,0.0,0.0,1.18,1.59,0.0
20230111:0010,0.0,0.0,0.0,0.63,1.66,0.0
20230111:0110,0.0,0.0,0.0,0.51,1.66,0.0
20230111:0210,0.0,0.0,0.0,0.52,1.59,0.0
20230111:0310,0.0,0.0,0.0,0.57,1.52,0.0
20230111:0410,0.0,0.0,0.0,0.54,1.45,0.0
20230111:0510,0.0,0.0,0.0,0.49,1.52,0.0
20230111:0610,0.0,0.0,0.0,-0.74,1.59,0.0
20230111:0710,0.0,0.0,0.0,-0.78,1.45,0.0
20230111:0810,136.39,147.35,8.29,-0.19,1.38,0.0
20230111:0910,175.9,184.67,15.01,1.83,1.1,0.0
20230111:1010,187.84,198.29,19.75,4.19,0.9,0.0
20230111:1110,565.76,581.01,22.07,6.51,0.69,0.0
20230111:1210,245.16,258.6,21.7,8.13,0.34,0.0
20230111:1310,348.07,364.3,18.68,8.66,0.14,0.0
20230111:1410,126.62,144.35,13.34,8.61,0.21,0.0
20230111:1510,35.27,52.66,6.17,8.11,0.28,0.0
20230111:1610,0.0,0.0,0.0,7.45,0.34,0.0
20230111:1710,0.0,0.0,0.0,6.74,0.55,0.0
20230111:1810,0.0,0.0,0.0,6.2,0.69,0.0
20230111:1910,0.0,0.0,0.0,5.51,0.28,0.0
20230111:2010,0.0,0.0,0.0,5.43,0.62,0.0
20230111:2110,0.0,0.0,0.0,4.98,0.76,0.0
20230111:2210,0.0,0.0,0.0,5.18,0.83,0.0
20230111:2310,0.0,0.0,0.0,5.09,0.83,0.0
20230112:0010,0.0,0.0,0.0,3.91,1.17,0.0
20230112:0110,0.0,0.0,0.0,2.96,1.24,0.0
20230112:0210,0.0,0.0,0.0,2.26,1.38,0.0
20230112:0310,0.0,0.0,0.0,1.86,1.38,0.0
20230112:0410,0.0,0.0,0.0,1.07,1.52,0.0
20230112:0510,0.0,0.0,0.0,0.62,1.52,0.0
20230112:0610,0.0,0.0,0.0,-0.16,1.66,0.0
20230112:0710,0.0,0.0,0.0,-1.01,1.72,0.0
20230112:0810,199.35,206.56,8.37,-0.73,1.66,0.0
20230112:0910,287.78,290.43,15.12,2.16,1.45,0.0
20230112:1010,590.59,596.77,19.88,4.37,1.24,0.0
20230112:1110,637.57,654.43,22.22,5.84,0.9,0.0
20230112:1210,533.78,551.68,21.86,7.4,0.48,0.0
20230112:1310,414.22,430.46,18.86,8.21,0.48,0.0
20230112:1410,280.23,301.88,13.53,8.32,0.48,0.0
20230112:1510,94.56,126.66,6.35,7.81,0.41,0.0
20230112:1610,0.0,0.0,0.0,7.24,0.55,0.0
20230112:1710,0.0,0.0,0.0,6.37,0.76,0.0
20230112:1810,0.0,0.0,0.0,5.52,0.83,0.0
20230112:1910,0.0,0.0,0.0,3.77,1.1,0.0
20230112:2010,0.0,0.0,0.0,3.43,1.1,0.0
20230112:2110,0.0,0.0,0.0,2.97,1.17,0.0
20230112:2210,0.0,0.0,0.0,2.52,1.17,0.0
20230112:2310,0.0,0.0,0.0,2.18,1.24,0.0
20230113:0010,0.0,0.0,0.0,1.63,1.24,0.0
20230113:0110,0.0,0.0,0.0,1.24,1.31,0.0
20230113:0210,0.0,0.0,0.0,1.09,1.31,0.0
20230113:0310,0.0,0.0,0.0,0.88,1.31,0.0
20230113:0410,0.0,0.0,0.0,0.82,1.31,0.0
20230113:0510,0.0,0.0,0.0,0.45,1.24,0.0
20230113:0610,0.0,0.0,0.0,-1.31,1.31,0.0
20230113:0710,0.0,0.0,0.0,-0.99,1.24,0.0
20230113:0810,64.64,78.18,8.47,-0.36,1.1,0.0
20230113:0910,294.81,297.3,15.23,1.7,0.97,0.0
20230113:1010,436.32,439.77,20.02,3.89,0.76,0.0
20230113:1110,660.37,688.28,22.38,6.52,0.34,0.0
20230113:1210,602.68,629.97,22.04,7.6,0.21,0.0
20230113:1310,504.58,526.87,19.04,7.96,0.28,0.0
20230113:1410,336.84,361.85,13.71,7.98,0.34,0.0
20230113:1510,121.07,159.69,6.53,7.37,0.48,0.0
20230113:1610,0.0,0.0,0.0,6.78,0.55,0.0
20230113:1710,0.0,0.0,0.0,5.68,0.76,0.0
20230113:1810,0.0,0.0,0.0,4.06,1.1,0.0
20230113:1910,0.0,0.0,0.0,4.24,1.1,0.0
20230113:2010,0.0,0.0,0.0,3.28,1.24,0.0
20230113:2110,0.0,0.0,0.0,2.05,1.52,0.0
20230113:2210,0.0,0.0,0.0,1.48,1.66,0.0
20230113:2310,0.0,0.0,0.0,1.03,1.86,0.0
20230114:0010,0.0,0.0,0.0,0.9,1.86,0.0
20230114:0110,0.0,0.0,0.0,0.82,1.93,0.0
20230114:0210,0.0,0.0,0.0,0.59,2.0,0.0
20230114:0310,0.0,0.0,0.0,0.36,2.0,0.0
20230114:0410,0.0,0.0,0.0,-0.2,2.14,0.0
20230114:0510,0.0,0.0,0.0,-0.62,2.07,0.0
20230114:0610,0.0,0.0,0.0,-1.14,2.07,0.0
20230114:0710,0.0,0.0,0.0,-0.73,1.86,0.0
20230114:0810,292.98,296.35,8.57,-0.36,1.72,0.0
20230114:0910,495.43,494.6,15.35,2.32,1.31,0.0
20230114:1010,563.82,573.88,20.17,5.52,0.97,0.0
20230114:1110,627.09,648.01,22.55,7.17,0.83,0.0
20230114:1210,500.24,514.21,22.22,8.05,1.03,0.0
20230114:1310,345.0,356.89,19.23,7.83,1.03,0.0
20230114:1410,318.91,340.28,13.91,7.35,0.62,0.0
20230114:1510,117.37,153.6,6.73,7.06,0.28,0.0
20230114:1610,0.0,0.0,0.0,6.49,0.41,0.0
20230114:1710,0.0,0.0,0.0,5.8,0.69,0.0
20230114:1810,0.0,0.0,0.0,5.12,0.76,0.0
20230114:1910,0.0,0.0,0.0,3.77,0.9,0.0
20230114:2010,0.0,0.0,0.0,3.43,0.9,0.0
20230114:2110,0.0,0.0,0.0,3.06,0.9,0.0
20230114:2210,0.0,0.0,0.0,2.9,0.83,0.0
20230114:2310,0.0,0.0,0.0,2.33,0.97,0.0
20230115:0010,0.0,0.0,0.0,2.3,0.9,0.0
20230115:0110,0.0,0.0,0.0,2.33,0.9,0.0
20230115:0210,0.0,0.0,0.0,2.62,0.83,0.0
20230115:0310,0.0,0.0,0.0,2.8,0.9,0.0
20230115:0410,0.0,0.0,0.0,2.83,0.9,0.0
20230115:0510,0.0,0.0,0.0,2.76,0.9,0.0
20230115:0610,0.0,0.0,0.0,2.67,0.9,0.0
20230115:0710,0.0,0.0,0.0,1.68,0.97,0.0
20230115:0810,33.56,47.27,8.67,2.25,0.69,0.0
20230115:0910,56.31,70.86,15.48,3.13,0.69,0.0
20230115:1010,46.4,61.15,20.32,4.72,0.76,0.0
20230115:1110,53.73,68.91,22.72,5.61,0.69,0.0
20230115:1210,49.8,65.03,22.41,6.17,0.55,0.0
20230115:1310,45.01,60.18,19.43,6.6,0.48,0.0
20230115:1410,28.67,42.71,14.11,6.44,0.62,0.0
20230115:1510,12.66,24.27,6.92,5.98,0.62,0.0
20230115:1610,0.0,0.0,0.0,5.1,0.83,0.0
20230115:1710,0.0,0.0,0.0,4.24,0.97,0.0
20230115:1810,0.0,0.0,0.0,3.68,1.03,0.0
20230115:1910,0.0,0.0,0.0,2.63,1.17,0.0
20230115:2010,0.0,0.0,0.0,1.88,1.45,0.0
20230115:2110,0.0,0.0,0.0,1.57,1.38,0.0
20230115:2210,0.0,0.0,0.0,1.57,1.38,0.0
20230115:2310,0.0,0.0,0.0,1.68,1.31,0.0
20230116:0010,0.0,0.0,0.0,1.41,1.24,0.0
20230116:0110,0.0,0.0,0.0,0.09,1.45,0.0
20230116:0210,0.0,0.0,0.0,-0.78,1.45,0.0
20230116:0310,0.0,0.0,0.0,-1.21,1.38,0.0
20230116:0410,0.0,0.0,0.0,-1.79,1.38,0.0
20230116:0510,0.0,0.0,0.0,-3.2,1.38,0.0
20230116:0610,0.0,0.0,0.0,-2.86,1.31,0.0
20230116:0710,0.0,0.0,0.0,-2.53,1.24,0.0
20230116:0810,133.19,143.23,8.78,-1.94,1.1,0.0
20230116:0910,144.59,154.19,15.62,0.14,1.1,0.0
20230116:1010,221.88,228.65,20.48,1.96,0.83,0.0
20230116:1110,136.2,148.78,22.9,2.91,0.48,0.0
20230116:1210,57.3,71.83,22.61,2.99,0.55,0.0
20230116:1310,79.98,94.15,19.63,2.54,0.76,0.0
20230116:1410,23.97,36.88,14.31,2.04,0.97,0.0
20230116:1510,1.62,8.74,7.12,1.75,0.9,0.0
20230116:1610,0.0,0.0,0.0,1.56,0.97,0.0
20230116:1710,0.0,0.0,0.0,0.93,0.97,0.0
20230116:1810,0.0,0.0,0.0,1.1,0.76,0.0
20230116:1910,0.0,0.0,0.0,1.37,0.55,0.0
20230116:2010,0.0,0.0,0.0,1.37,0.55,0.0
20230116:2110,0.0,0.0,0.0,1.18,0.55,0.0
20230116:2210,0.0,0.0,0.0,1.13,0.55,0.0
20230116:2310,0.0,0.0,0.0,0.95,0.48,0.0
20230117:0010,0.0,0.0,0.0,0.62,0.69,0.0
20230117:0110,0.0,0.0,0.0,0.45,0.69,0.0
20230117:0210,0.0,0.0,0.0,0.02,0.69,0.0
20230117:0310,0.0,0.0,0.0,-2.03,0.97,0.0
20230117:0410,0.0,0.0,0.0,-1.76,1.03,0.0
20230117:0510,0.0,0.0,0.0,-1.79,0.97,0.0
20230117:0610,0.0,0.0,0.0,-1.77,1.52,0.0
20230117:0710,0.0,0.0,0.0,-1.16,1.45,0.0
20230117:0810,24.34,36.88,8.9,-0.89,1.24,0.0
20230117:0910,35.21,48.53,15.76,-0.13,1.17,0.0
20230117:1010,22.39,34.94,20.64,0.53,0.97,0.0
20230117:1110,49.24,63.09,23.09,0.74,0.76,0.0
20230117:1210,48.24,62.12,22.81,0.94,0.97,0.0
20230117:1310,75.63,89.3,19.84,1.04,1.1,0.0
20230117:1410,80.26,94.09,14.52,1.36,0.76,0.0
20230117:1510,13.8,25.24,7.32,1.38,0.55,0.0
20230117:1610,0.0,0.0,0.0,1.03,0.55,0.0
20230117:1710,0.0,0.0,0.0,1.04,0.41,0.0
20230117:1810,0.0,0.0,0.0,1.04,0.34,0.0
20230117:1910,0.0,0.0,0.0,0.8,0.83,0.0
20230117:2010,0.0,0.0,0.0,1.33,0.62,0.0
20230117:2110,0.0,0.0,0.0,1.67,0.28,0.0
20230117:2210,0.0,0.0,0.0,1.59,0.28,0.0
20230117:2310,0.0,0.0,0.0,1.48,0.34,0.0
20230118:0010,0.0,0.0,0.0,1.24,0.28,0.0
20230118:0110,0.0,0.0,0.0,0.98,0.34,0.0
20230118:0210,0.0,0.0,0.0,0.18,0.28,0.0
20230118:0310,0.0,0.0,0.0,-1.12,0.69,0.0
20230118:0410,0.0,0.0,0.0,-1.11,0.83,0.0
20230118:0510,0.0,0.0,0.0,-1.15,0.9,0.0
20230118:0610,0.0,0.0,0.0,-1.24,1.03,0.0
20230118:0710,0.0,0.0,0.0,-2.1,0.97,0.0
20230118:0810,357.43,357.86,9.03,-1.75,1.1,0.0
20230118:0910,560.98,555.32,15.91,-0.43,1.1,0.0
20230118:1010,666.1,668.42,20.82,1.04,0.97,0.0
20230118:1110,697.03,711.25,23.28,2.32,0.55,0.0
20230118:1210,635.63,648.78,23.02,3.45,0.55,0.0
20230118:1310,448.2,455.47,20.05,4.0,0.62,0.0
20230118:1410,299.18,314.04,14.73,4.33,0.41,0.0
20230118:1510,31.51,46.03,7.53,4.14,0.41,0.0
20230118:1610,0.0,0.0,0.0,3.31,0.76,0.0
20230118:1710,0.0,0.0,0.0,3.34,0.62,0.0
20230118:1810,0.0,0.0,0.0,2.95,0.28,0.0
20230118:1910,0.0,0.0,0.0,1.71,0.83,0.0
20230118:2010,0.0,0.0,0.0,1.53,1.17,0.0
20230118:2110,0.0,0.0,0.0,0.52,1.38,0.0
20230118:2210,0.0,0.0,0.0,-0.62,1.72,0.0
20230118:2310,0.0,0.0,0.0,-0.97,1.86,0.0
20230119:0010,0.0,0.0,0.0,-0.93,2.07,0.0
20230119:0110,0.0,0.0,0.0,-0.9,2.21,0.0
20230119:0210,0.0,0.0,0.0,-0.62,2.34,0.0
20230119:0310,0.0,0.0,0.0,-0.38,2.48,0.0
20230119:0410,0.0,0.0,0.0,-0.26,2.55,0.0
20230119:0510,0.0,0.0,0.0,-0.73,2.55,0.0
20230119:0610,0.0,0.0,0.0,-0.79,2.55,0.0
20230119:0710,0.0,0.0,0.0,-1.02,2.62,0.0
20230119:0810,14.82,26.21,9.16,-0.91,2.34,0.0
20230119:0910,90.6,103.08,16.06,-0.06,2.34,0.0
20230119:1010,72.95,86.39,21.0,0.53,2.14,0.0
20230119:1110,104.89,117.45,23.48,1.08,1.93,0.0
20230119:1210,132.04,143.58,23.23,1.55,1.72,0.0
20230119:1310,146.86,157.84,20.27,1.89,1.52,0.0
20230119:1410,89.98,103.7,14.95,1.91,1.24,0.0
20230119:1510,40.06,55.12,7.75,1.63,0.83,0.0
20230119:1610,0.0,0.0,0.0,1.78,0.48,0.0
20230119:1710,0.0,0.0,0.0,1.66,0.14,0.0
20230119:1810,0.0,0.0,0.0,1.33,0.21,0.0
20230119:1910,0.0,0.0,0.0,-0.79,1.1,0.0
20230119:2010,0.0,0.0,0.0,-0.51,1.1,0.0
20230119:2110,0.0,0.0,0.0,-1.2,1.17,0.0
20230119:2210,0.0,0.0,0.0,-1.91,1.24,0.0
20230119:2310,0.0,0.0,0.0,-2.77,1.17,0.0
20230120:0010,0.0,0.0,0.0,-2.98,1.24,0.0
20230120:0110,0.0,0.0,0.0,-3.76,1.38,0.0
20230120:0210,0.0,0.0,0.0,-3.74,1.59,0.0
20230120:0310,0.0,0.0,0.0,-3.84,1.79,0.0
20230120:0410,0.0,0.0,0.0,-4.19,1.86,0.0
20230120:0510,0.0,0.0,0.0,-4.17,1.86,0.0
20230120:0610,0.0,0.0,0.0,-4.08,1.79,0.0
20230120:0710,0.0,0.0,0.0,-4.02,2.0,0.0
20230120:0810,397.84,392.25,9.3,-3.34,2.0,0.0
20230120:0910,601.86,587.45,16.23,-1.78,2.07,0.0
20230120:1010,708.33,698.83,21.18,-0.11,2.14,0.0
20230120:1110,737.5,731.71,23.69,1.06,2.34,0.0
20230120:1210,684.71,678.26,23.45,1.74,2.55,0.0
20230120:1310,561.18,555.74,20.5,1.94,2.69,0.0
20230120:1410,404.42,411.71,15.17,1.91,2.76,0.0
20230120:1510,149.84,181.04,7.96,1.5,2.48,0.0
20230120:1610,0.0,0.0,0.0,0.68,2.48,0.0
20230120:1710,0.0,0.0,0.0,-0.14,2.55,0.0
20230120:1810,0.0,0.0,0.0,-0.7,2.55,0.0
20230120:1910,0.0,0.0,0.0,-0.9,2.69,0.0
20230120:2010,0.0,0.0,0.0,-1.23,2.55,0.0
20230120:2110,0.0,0.0,0.0,-1.42,2.55,0.0
20230120:2210,0.0,0.0,0.0,-1.56,2.48,0.0
20230120:2310,0.0,0.0,0.0,-1.85,2.48,0.0
20230121:0010,0.0,0.0,0.0,-2.07,2.41,0.0
20230121:0110,0.0,0.0,0.0,-2.47,2.48,0.0
20230121:0210,0.0,0.0,0.0,-2.88,2.55,0.0
20230121:0310,0.0,0.0,0.0,-3.27,2.34,0.0
20230121:0410,0.0,0.0,0.0,-3.6,2.34,0.0
20230121:0510,0.0,0.0,0.0,-3.79,2.34,0.0
20230121:0610,0.0,0.0,0.0,-3.88,2.41,0.0
20230121:0710,0.0,0.0,0.0,-3.07,2.55,0.0
20230121:0810,416.08,409.96,9.45,-2.51,2.62,0.0
20230121:0910,617.09,601.06,16.39,-1.21,2.69,0.0
20230121:1010,716.26,703.07,21.37,0.22,2.83,0.0
20230121:1110,672.56,661.98,23.9,1.35,2.9,0.0
20230121:1210,669.69,661.87,23.68,2.07,2.9,0.0
20230121:1310,562.02,556.44,20.73,2.46,3.03,0.0
20230121:1410,376.72,384.06,15.4,2.47,2.76,0.0
20230121:1510,178.08,214.94,8.18,2.06,2.34,0.0
20230121:1610,0.0,0.0,0.0,1.31,2.34,0.0
20230121:1710,0.0,0.0,0.0,0.54,2.41,0.0
20230121:1810,0.0,0.0,0.0,0.07,2.48,0.0
20230121:1910,0.0,0.0,0.0,0.14,2.76,0.0
20230121:2010,0.0,0.0,0.0,-0.21,2.76,0.0
20230121:2110,0.0,0.0,0.0,-0.59,2.55,0.0
20230121:2210,0.0,0.0,0.0,-0.99,2.48,0.0
20230121:2310,0.0,0.0,0.0,-1.38,2.41,0.0
20230122:0010,0.0,0.0,0.0,-1.67,2.34,0.0
20230122:0110,0.0,0.0,0.0,-1.94,2.28,0.0
20230122:0210,0.0,0.0,0.0,-2.02,2.28,0.0
20230122:0310,0.0,0.0,0.0,-2.02,2.28,0.0
20230122:0410,0.0,0.0,0.0,-2.21,2.21,0.0
20230122:0510,0.0,0.0,0.0,-2.4,2.14,0.0
20230122:0610,0.0,0.0,0.0,-2.63,2.14,0.0
20230122:0710,0.0,0.0,0.0,-2.1,2.0,0.0
20230122:0810,129.74,139.76,9.6,-1.49,2.0,0.0
20230122:0910,422.56,414.74,16.57,-0.27,1.93,0.0
20230122:1010,596.3,587.99,21.57,0.75,1.93,0.0
20230122:1110,531.59,526.72,24.12,2.0,1.86,0.0
20230122:1210,679.65,683.23,23.91,2.86,1.66,0.0
20230122:1310,575.52,580.24,20.97,3.51,1.52,0.0
20230122:1410,399.47,412.72,15.63,3.74,1.38,0.0
20230122:1510,171.2,207.66,8.41,3.43,1.1,0.0
20230122:1610,0.0,0.0,0.0,2.09,1.1,0.0
20230122:1710,0.0,0.0,0.0,1.48,1.17,0.0
20230122:1810,0.0,0.0,0.0,0.56,1.31,0.0
20230122:1910,0.0,0.0,0.0,2.6,0.34,0.0
20230122:2010,0.0,0.0,0.0,2.3,0.55,0.0
20230122:2110,0.0,0.0,0.0,1.34,0.9,0.0
20230122:2210,0.0,0.0,0.0,0.01,1.31,0.0
20230122:2310,0.0,0.0,0.0,-1.1,1.52,0.0
20230123:0010,0.0,0.0,0.0,-2.6,1.86,0.0
20230123:0110,0.0,0.0,0.0,-3.23,1.93,0.0
20230123:0210,0.0,0.0,0.0,-3.75,1.93,0.0
20230123:0310,0.0,0.0,0.0,-3.82,1.93,0.0
20230123:0410,0.0,0.0,0.0,-3.74,2.0,0.0
20230123:0510,0.0,0.0,0.0,-3.15,1.93,0.0
20230123:0610,0.0,0.0,0.0,-2.95,1.93,0.0
20230123:0710,0.0,0.0,0.0,-1.27,2.07,0.0
20230123:0810,183.72,191.1,9.75,-0.65,1.93,0.0
20230123:0910,442.21,436.58,16.75,0.43,1.45,0.0
20230123:1010,422.44,419.1,21.78,1.4,1.31,0.0
20230123:1110,257.84,263.06,24.35,2.3,1.24,0.0
20230123:1210,139.71,152.16,24.15,3.07,0.76,0.0
20230123:1310,168.98,180.34,21.21,3.27,0.55,0.0
20230123:1410,77.32,92.08,15.87,3.9,0.62,0.0
20230123:1510,47.49,63.38,8.63,3.98,0.48,0.0
20230123:1610,0.0,0.0,0.0,3.33,0.76,0.0
20230123:1710,0.0,0.0,0.0,2.14,1.1,0.0
20230123:1810,0.0,0.0,0.0,1.17,1.31,0.0
20230123:1910,0.0,0.0,0.0,1.44,1.38,0.0
20230123:2010,0.0,0.0,0.0,0.95,1.45,0.0
20230123:2110,0.0,0.0,0.0,0.95,1.38,0.0
20230123:2210,0.0,0.0,0.0,0.89,1.24,0.0
20230123:2310,0.0,0.0,0.0,0.74,1.17,0.0
20230124:0010,0.0,0.0,0.0,0.76,1.1,0.0
20230124:0110,0.0,0.0,0.0,0.75,1.03,0.0
20230124:0210,0.0,0.0,0.0,0.62,1.1,0.0
20230124:0310,0.0,0.0,0.0,0.25,1.24,0.0
20230124:0410,0.0,0.0,0.0,0.0,1.24,0.0
20230124:0510,0.0,0.0,0.0,-0.34,1.31,0.0
20230124:0610,0.0,0.0,0.0,-0.65,1.38,0.0
20230124:0710,0.0,0.0,0.0,-1.48,1.52,0.0
20230124:0810,249.56,253.14,9.92,-1.27,1.38,0.0
20230124:0910,494.7,493.54,16.94,1.81,1.03,0.0
20230124:1010,549.19,557.41,21.99,4.8,0.83,0.0
20230124:1110,688.24,717.77,24.58,6.56,0.48,0.0
20230124:1210,647.63,677.59,24.39,7.2,0.28,0.0
20230124:1310,563.31,584.49,21.45,7.41,0.62,0.0
20230124:1410,394.37,417.08,16.11,7.48,0.48,0.0
20230124:1510,163.6,200.21,8.87,6.96,0.48,0.0
20230124:1610,0.0,0.0,0.0,6.6,0.55,0.0
20230124:1710,0.0,0.0,0.0,5.69,0.34,0.0
20230124:1810,0.0,0.0,0.0,4.95,0.34,0.0
20230124:1910,0.0,0.0,0.0,3.28,1.03,0.0
20230124:2010,0.0,0.0,0.0,1.84,1.24,0.0
20230124:2110,0.0,0.0,0.0,1.21,1.24,0.0
20230124:2210,0.0,0.0,0.0,0.87,1.24,0.0
20230124:2310,0.0,0.0,0.0,-0.64,1.31,0.0
20230125:0010,0.0,0.0,0.0,-1.48,1.24,0.0
20230125:0110,0.0,0.0,0.0,-1.81,1.17,0.0
20230125:0210,0.0,0.0,0.0,-1.87,1.1,0.0
20230125:0310,0.0,0.0,0.0,-2.04,1.1,0.0
20230125:0410,0.0,0.0,0.0,-2.13,1.03,0.0
20230125:0510,0.0,0.0,0.0,-2.04,1.03,0.0
20230125:0610,0.0,0.0,0.0,-2.19,1.03,0.0
20230125:0710,0.0,0.95,1.6,-1.63,1.24,0.0
20230125:0810,97.75,109.8,10.09,-1.09,1.03,0.0
20230125:0910,244.6,250.35,17.13,2.09,0.62,0.0
20230125:1010,646.47,666.73,22.21,4.62,0.28,0.0
20230125:1110,699.21,718.54,24.82,5.58,1.1,0.0
20230125:1210,600.89,611.17,24.64,6.06,1.52,0.0
20230125:1310,424.17,431.36,21.7,6.16,1.52,0.0
20230125:1410,389.98,405.56,16.35,5.61,1.24,0.0
20230125:1510,173.2,208.44,9.1,5.15,0.9,0.0
20230125:1610,0.0,0.0,0.0,4.42,0.55,0.0
20230125:1710,0.0,0.0,0.0,4.5,0.34,0.0
20230125:1810,0.0,0.0,0.0,4.24,0.28,0.0
20230125:1910,0.0,0.0,0.0,4.37,0.07,0.0
20230125:2010,0.0,0.0,0.0,4.05,0.14,0.0
20230125:2110,0.0,0.0,0.0,3.7,0.21,0.0
20230125:2210,0.0,0.0,0.0,3.34,0.34,0.0
20230125:2310,0.0,0.0,0.0,2.53,0.62,0.0
20230126:0010,0.0,0.0,0.0,1.75,0.76,0.0
20230126:0110,0.0,0.0,0.0,1.57,0.76,0.0
20230126:0210,0.0,0.0,0.0,1.63,0.69,0.0
20230126:0310,0.0,0.0,0.0,2.02,0.41,0.0
20230126:0410,0.0,0.0,0.0,2.11,0.14,0.0
20230126:0510,0.0,0.0,0.0,2.02,0.07,0.0
20230126:0610,0.0,0.0,0.0,1.93,0.34,0.0
20230126:0710,0.0,0.95,1.76,1.4,0.34,0.0
20230126:0810,84.63,98.29,10.27,1.35,0.41,0.0
20230126:0910,127.98,139.85,17.33,1.87,0.83,0.0
20230126:1010,194.72,203.35,22.43,2.03,0.83,0.0
20230126:1110,96.92,110.65,25.06,2.41,0.62,0.0
20230126:1210,66.1,80.56,24.89,2.72,0.41,0.0
20230126:1310,309.33,315.55,21.96,3.15,0.41,0.0
20230126:1410,404.14,418.44,16.6,3.44,0.48,0.0
20230126:1510,186.07,221.46,9.34,3.55,0.55,0.0
20230126:1610,0.0,0.0,0.0,3.24,0.69,0.0
20230126:1710,0.0,0.0,0.0,2.57,0.69,0.0
20230126:1810,0.0,0.0,0.0,2.36,0.62,0.0
20230126:1910,0.0,0.0,0.0,2.51,0.62,0.0
20230126:2010,0.0,0.0,0.0,0.59,0.62,0.0
20230126:2110,0.0,0.0,0.0,-0.6,0.83,0.0
20230126:2210,0.0,0.0,0.0,0.15,0.69,0.0
20230126:2310,0.0,0.0,0.0,0.31,0.69,0.0
20230127:0010,0.0,0.0,0.0,0.33,0.76,0.0
20230127:0110,0.0,0.0,0.0,0.24,0.69,0.0
20230127:0210,0.0,0.0,0.0,0.47,0.76,0.0
20230127:0310,0.0,0.0,0.0,0.19,0.76,0.0
20230127:0410,0.0,0.0,0.0,0.16,0.83,0.0
20230127:0510,0.0,0.0,0.0,-0.23,0.9,0.0
20230127:0610,0.0,0.0,0.0,-0.19,0.97,0.0
20230127:0710,0.0,1.89,1.92,0.22,1.1,0.0
20230127:0810,54.7,68.44,10.45,0.4,1.31,0.0
20230127:0910,57.07,70.86,17.54,0.53,1.17,0.0
20230127:1010,60.95,74.74,22.66,0.69,1.24,0.0
20230127:1110,77.67,91.24,25.31,0.97,1.24,0.0
20230127:1210,61.75,75.71,25.15,1.25,1.17,0.0
20230127:1310,68.57,82.5,22.22,1.45,1.17,0.0
20230127:1410,38.62,52.41,16.85,1.65,1.1,0.0
20230127:1510,13.79,25.24,9.58,1.56,1.03,0.0
20230127:1610,0.0,0.0,0.0,1.18,0.83,0.0
20230127:1710,0.0,0.0,0.0,0.38,0.69,0.0
20230127:1810,0.0,0.0,0.0,0.71,0.48,0.0
20230127:1910,0.0,0.0,0.0,1.39,0.83,0.0
20230127:2010,0.0,0.0,0.0,0.84,0.83,0.0
20230127:2110,0.0,0.0,0.0,0.4,0.83,0.0
20230127:2210,0.0,0.0,0.0,0.31,0.69,0.0
20230127:2310,0.0,0.0,0.0,0.27,0.69,0.0
20230128:0010,0.0,0.0,0.0,0.16,0.69,0.0
20230128:0110,0.0,0.0,0.0,0.32,0.55,0.0
20230128:0210,0.0,0.0,0.0,0.33,0.48,0.0
20230128:0310,0.0,0.0,0.0,0.32,0.48,0.0
20230128:0410,0.0,0.0,0.0,0.43,0.34,0.0
20230128:0510,0.0,0.0,0.0,0.51,0.14,0.0
20230128:0610,0.0,0.0,0.0,0.53,0.0,0.0
20230128:0710,1.02,7.57,2.09,-1.46,0.97,0.0
20230128:0810,387.47,389.01,10.64,-0.51,0.76,0.0
20230128:0910,577.89,578.73,17.75,0.92,0.69,0.0
20230128:1010,686.13,698.09,22.9,2.05,0.55,0.0
20230128:1110,731.39,748.42,25.57,2.6,0.69,0.0
20230128:1210,700.53,716.92,25.42,3.68,0.83,0.0
20230128:1310,593.55,605.27,22.48,4.19,0.83,0.0
20230128:1410,424.77,440.88,17.11,4.64,0.69,0.0
20230128:1510,198.35,234.63,9.82,4.49,0.55,0.0
20230128:1610,0.0,0.0,0.0,3.45,0.76,0.0
20230128:1710,0.0,0.0,0.0,3.35,0.62,0.0
20230128:1810,0.0,0.0,0.0,2.74,0.28,0.0
20230128:1910,0.0,0.0,0.0,2.11,0.21,0.0
20230128:2010,0.0,0.0,0.0,1.99,0.21,0.0
20230128:2110,0.0,0.0,0.0,1.91,0.41,0.0
20230128:2210,0.0,0.0,0.0,1.76,0.62,0.0
20230128:2310,0.0,0.0,0.0,1.53,0.69,0.0
20230129:0010,0.0,0.0,0.0,1.33,0.83,0.0
20230129:0110,0.0,0.0,0.0,1.01,0.83,0.0
20230129:0210,0.0,0.0,0.0,0.3,0.97,0.0
20230129:0310,0.0,0.0,0.0,-0.29,0.97,0.0
20230129:0410,0.0,0.0,0.0,-1.16,1.1,0.0
20230129:0510,0.0,0.0,0.0,-1.39,1.03,0.0
20230129:0610,0.0,0.0,0.0,-1.57,1.03,0.0
20230129:0710,1.55,8.52,2.26,-2.13,1.17,0.0
20230129:0810,392.4,391.18,10.83,-1.56,0.97,0.0
20230129:0910,579.84,582.29,17.97,0.87,0.48,0.0
20230129:1010,678.56,696.52,23.14,2.66,0.21,0.0
20230129:1110,730.74,752.98,25.83,3.69,0.62,0.0
20230129:1210,692.05,711.57,25.69,4.32,0.69,0.0
20230129:1310,592.67,605.86,22.75,4.55,0.76,0.0
20230129:1410,428.74,444.08,17.37,4.52,0.76,0.0
20230129:1510,163.5,191.44,10.07,4.33,0.9,0.0
20230129:1610,0.0,0.0,0.0,3.2,0.83,0.0
20230129:1710,0.0,0.0,0.0,3.14,0.62,0.0
20230129:1810,0.0,0.0,0.0,2.64,0.41,0.0
20230129:1910,0.0,0.0,0.0,2.37,0.14,0.0
20230129:2010,0.0,0.0,0.0,2.03,0.21,0.0
20230129:2110,0.0,0.0,0.0,1.8,0.21,0.0
20230129:2210,0.0,0.0,0.0,1.7,0.07,0.0
20230129:2310,0.0,0.0,0.0,1.53,0.34,0.0
20230130:0010,0.0,0.0,0.0,0.13,0.69,0.0
20230130:0110,0.0,0.0,0.0,-1.45,1.03,0.0
20230130:0210,0.0,0.0,0.0,-1.41,1.17,0.0
20230130:0310,0.0,0.0,0.0,-1.43,1.17,0.0
20230130:0410,0.0,0.0,0.0,-1.12,1.1,0.0
20230130:0510,0.0,0.0,0.0,-0.79,0.97,0.0
20230130:0610,0.0,0.0,0.0,-0.67,1.03,0.0
20230130:0710,2.1,9.47,2.44,-1.61,1.1,0.0
20230130:0810,156.97,166.11,11.03,-0.59,0.9,0.0
20230130:0910,564.18,568.71,18.2,2.09,0.55,0.0
20230130:1010,688.44,712.45,23.39,4.23,0.28,0.0
20230130:1110,726.8,758.6,26.09,5.66,0.48,0.0
20230130:1210,693.84,722.62,25.96,6.72,0.69,0.0
20230130:1310,597.17,619.17,23.02,7.52,0.83,0.0
20230130:1410,433.46,455.86,17.63,8.0,0.83,0.0
20230130:1510,209.76,249.49,10.32,7.8,0.83,0.0
20230130:1610,0.0,0.0,0.0,6.45,0.9,0.0
20230130:1710,0.0,0.0,0.0,5.0,1.17,0.0
20230130:1810,0.0,0.0,0.0,2.97,1.59,0.0
20230130:1910,0.0,0.0,0.0,2.22,1.79,0.0
20230130:2010,0.0,0.0,0.0,1.67,1.86,0.0
20230130:2110,0.0,0.0,0.0,1.38,1.86,0.0
20230130:2210,0.0,0.0,0.0,1.21,1.79,0.0
20230130:2310,0.0,0.0,0.0,0.71,1.93,0.0
20230131:0010,0.0,0.0,0.0,0.43,2.07,0.0
20230131:0110,0.0,0.0,0.0,0.39,2.14,0.0
20230131:0210,0.0,0.0,0.0,0.3,2.07,0.0
20230131:0310,0.0,0.0,0.0,0.14,1.93,0.0
20230131:0410,0.0,0.0,0.0,-0.15,1.86,0.0
20230131:0510,0.0,0.0,0.0,-0.3,1.79,0.0
20230131:0610,0.0,0.0,0.0,-0.59,1.79,0.0
20230131:0710,2.68,10.41,2.63,-0.87,1.79,0.0
20230131:0810,422.95,420.96,11.24,-0.47,1.66,0.0
20230131:0910,609.19,611.02,18.43,2.64,1.38,0.0
20230131:1010,709.32,723.89,23.64,4.39,1.24,0.0
20230131:1110,742.41,769.34,26.36,5.94,1.03,0.0
20230131:1210,704.39,733.15,26.24,7.09,0.9,0.0
20230131:1310,604.29,629.23,23.3,7.87,0.69,0.0
20230131:1410,435.96,459.65,17.9,8.1,0.55,0.0
20230131:1510,216.07,256.22,10.57,7.8,0.48,0.0
20230131:1610,0.0,3.79,1.86,6.49,0.69,0.0
20230131:1710,0.0,0.0,0.0,5.95,0.62,0.0
20230131:1810,0.0,0.0,0.0,5.15,0.55,0.0
20230131:1910,0.0,0.0,0.0,5.55,0.83,0.0
20230131:2010,0.0,0.0,0.0,4.35,1.1,0.0
20230131:2110,0.0,0.0,0.0,3.26,1.31,0.0
20230131:2210,0.0,0.0,0.0,2.38,1.38,0.0
20230131:2310,0.0,0.0,0.0,1.86,1.52,0.0
20230201:0010,0.0,0.0,0.0,1.41,1.59,0.0
20230201:0110,0.0,0.0,0.0,0.69,1.72,0.0
20230201:0210,0.0,0.0,0.0,0.18,1.86,0.0
20230201:0310,0.0,0.0,0.0,-0.29,1.86,0.0
20230201:0410,0.0,0.0,0.0,-0.62,1.93,0.0
20230201:0510,0.0,0.0,0.0,-0.64,1.86,0.0
20230201:0610,0.0,0.0,0.0,-0.66,1.72,0.0
20230201:0710,4.58,13.25,2.82,-1.14,1.86,0.0
20230201:0810,413.14,411.43,11.45,-0.27,1.66,0.0
20230201:0910,595.76,601.21,18.66,3.86,1.31,0.0
20230201:1010,689.92,709.5,23.9,6.42,1.31,0.0
20230201:1110,727.83,756.58,26.64,8.11,1.45,0.0
20230201:1210,691.05,717.16,26.53,9.01,1.66,0.0
20230201:1310,598.55,619.52,23.58,9.46,1.72,0.0
20230201:1410,438.41,460.1,18.17,9.48,1.66,0.0
20230201:1510,211.69,249.04,10.83,8.78,1.31,0.0
20230201:1610,0.1,5.82,2.1,6.54,1.38,0.0
20230201:1710,0.0,0.0,0.0,5.08,1.45,0.0
20230201:1810,0.0,0.0,0.0,3.75,1.66,0.0
20230201:1910,0.0,0.0,0.0,2.92,1.79,0.0
20230201:2010,0.0,0.0,0.0,2.15,1.79,0.0
20230201:2110,0.0,0.0,0.0,1.14,2.0,0.0
20230201:2210,0.0,0.0,0.0,0.54,2.07,0.0
20230201:2310,0.0,0.0,0.0,0.19,2.14,0.0
20230202:0010,0.0,0.0,0.0,-0.03,2.21,0.0
20230202:0110,0.0,0.0,0.0,-0.06,2.21,0.0
20230202:0210,0.0,0.0,0.0,-0.05,2.21,0.0
20230202:0310,0.0,0.0,0.0,-0.11,2.21,0.0
20230202:0410,0.0,0.0,0.0,-0.27,2.21,0.0
20230202:0510,0.0,0.0,0.0,-0.49,2.21,0.0
20230202:0610,0.0,0.0,0.0,-0.7,2.21,0.0
20230202:0710,5.21,14.2,3.01,-0.09,2.0,0.0
20230202:0810,410.81,410.12,11.67,0.78,1.93,0.0
20230202:0910,606.66,611.72,18.9,4.58,1.72,0.0
20230202:1010,702.57,717.96,24.17,6.65,1.93,0.0
20230202:1110,736.59,760.07,26.92,8.08,2.0,0.0
20230202:1210,697.38,720.28,26.82,9.21,2.14,0.0
20230202:1310,600.76,618.84,23.87,9.56,2.21,0.0
20230202:1410,434.43,453.91,18.44,9.61,2.21,0.0
20230202:1510,215.53,252.16,11.08,9.0,1.93,0.0
20230202:1610,1.54,8.74,2.35,7.32,1.86,0.0
20230202:1710,0.0,0.0,0.0,5.06,1.86,0.0
20230202:1810,0.0,0.0,0.0,3.29,1.93,0.0
20230202:1910,0.0,0.0,0.0,2.8,2.21,0.0
20230202:2010,0.0,0.0,0.0,2.26,2.14,0.0
20230202:2110,0.0,0.0,0.0,1.94,2.07,0.0
20230202:2210,0.0,0.0,0.0,1.42,2.14,0.0
20230202:2310,0.0,0.0,0.0,0.84,2.21,0.0
20230203:0010,0.0,0.0,0.0,0.58,2.34,0.0
20230203:0110,0.0,0.0,0.0,0.39,2.41,0.0
20230203:0210,0.0,0.0,0.0,0.41,2.34,0.0
20230203:0310,0.0,0.0,0.0,0.14,2.34,0.0
20230203:0410,0.0,0.0,0.0,-0.06,2.34,0.0
20230203:0510,0.0,0.0,0.0,-0.34,2.28,0.0
20230203:0610,0.0,0.0,0.0,-0.84,2.21,0.0
20230203:0710,3.28,11.36,3.22,-0.49,2.28,0.0
20230203:0810,408.37,406.69,11.89,0.53,2.07,0.0
20230203:0910,605.12,609.81,19.15,4.62,1.79,0.0
20230203:1010,684.67,702.17,24.44,6.93,1.66,0.0
20230203:1110,729.58,761.27,27.21,8.8,1.45,0.0
20230203:1210,697.21,732.93,27.11,10.19,1.24,0.0
20230203:1310,610.37,641.52,24.16,11.05,1.17,0.0
20230203:1410,388.54,411.78,18.71,11.37,1.24,0.0
20230203:1510,162.1,190.73,11.34,10.56,1.03,0.0
20230203:1610,3.15,12.57,2.59,8.87,1.1,0.0
20230203:1710,0.0,0.0,0.0,7.77,1.31,0.0
20230203:1810,0.0,0.0,0.0,6.04,1.52,0.0
20230203:1910,0.0,0.0,0.0,4.53,1.93,0.0
20230203:2010,0.0,0.0,0.0,3.49,2.07,0.0
20230203:2110,0.0,0.0,0.0,2.67,2.14,0.0
20230203:2210,0.0,0.0,0.0,2.16,2.21,0.0
20230203:2310,0.0,0.0,0.0,1.68,2.28,0.0
20230204:0010,0.0,0.0,0.0,1.49,2.34,0.0
20230204:0110,0.0,0.0,0.0,1.61,2.28,0.0
20230204:0210,0.0,0.0,0.0,1.63,2.28,0.0
20230204:0310,0.0,0.0,0.0,2.06,2.21,0.0
20230204:0410,0.0,0.0,0.0,2.29,2.14,0.0
20230204:0510,0.0,0.0,0.0,2.25,2.07,0.0
20230204:0610,0.0,0.0,0.0,2.45,2.07,0.0
20230204:0710,7.2,17.04,3.43,2.45,2.21,0.0
20230204:0810,394.78,398.93,12.12,3.74,2.07,0.0
20230204:0910,584.52,594.82,19.4,6.98,1.79,0.0
20230204:1010,675.22,702.2,24.72,10.49,1.86,0.0
20230204:1110,708.25,738.97,27.5,11.5,2.28,0.0
20230204:1210,678.67,706.36,27.41,12.02,2.55,0.0
20230204:1310,593.87,616.91,24.45,12.12,2.55,0.0
20230204:1410,443.07,466.93,18.99,12.02,2.41,0.0
20230204:1510,218.71,256.65,11.61,11.43,2.21,0.0
20230204:1610,3.1,12.46,2.84,10.15,2.14,0.0
20230204:1710,0.0,0.0,0.0,8.24,2.21,0.0
20230204:1810,0.0,0.0,0.0,6.81,2.14,0.0
20230204:1910,0.0,0.0,0.0,6.0,2.69,0.0
20230204:2010,0.0,0.0,0.0,5.01,2.48,0.0
20230204:2110,0.0,0.0,0.0,3.98,2.14,0.0
20230204:2210,0.0,0.0,0.0,4.18,1.66,0.0
20230204:2310,0.0,0.0,0.0,5.45,1.17,0.0
20230205:0010,0.0,0.0,0.0,5.69,0.83,0.0
20230205:0110,0.0,0.0,0.0,4.8,0.41,0.0
20230205:0210,0.0,0.0,0.0,4.18,0.14,0.0
20230205:0310,0.0,0.0,0.0,3.87,0.07,0.0
20230205:0410,0.0,0.0,0.0,3.81,0.14,0.0
20230205:0510,0.0,0.0,0.0,3.5,0.34,0.0
20230205:0610,0.0,0.0,0.0,3.14,0.55,0.0
20230205:0710,8.62,18.93,3.64,2.64,0.83,0.0
20230205:0810,417.43,422.9,12.36,2.06,0.62,0.0
20230205:0910,609.04,622.02,19.66,3.15,0.28,0.0
20230205:1010,703.18,722.54,25.0,4.49,0.83,0.0
20230205:1110,715.26,735.15,27.8,5.52,1.24,0.0
20230205:1210,710.88,730.81,27.71,5.84,1.31,0.0
20230205:1310,613.61,625.73,24.74,5.77,1.45,0.0
20230205:1410,447.44,459.46,19.27,5.68,1.72,0.0
20230205:1510,228.3,259.32,11.87,5.15,1.86,0.0
20230205:1610,6.4,17.9,3.09,4.23,1.52,0.0
20230205:1710,0.0,0.0,0.0,3.31,1.31,0.0
20230205:1810,0.0,0.0,0.0,2.34,1.24,0.0
20230205:1910,0.0,0.0,0.0,1.72,1.38,0.0
20230205:2010,0.0,0.0,0.0,1.49,1.38,0.0
20230205:2110,0.0,0.0,0.0,1.35,1.17,0.0
20230205:2210,0.0,0.0,0.0,1.38,1.03,0.0
20230205:2310,0.0,0.0,0.0,1.04,0.97,0.0
20230206:0010,0.0,0.0,0.0,0.93,0.76,0.0
20230206:0110,0.0,0.0,0.0,0.83,0.76,0.0
20230206:0210,0.0,0.0,0.0,0.27,0.97,0.0
20230206:0310,0.0,0.0,0.0,0.12,0.97,0.0
20230206:0410,0.0,0.0,0.0,0.29,0.9,0.0
20230206:0510,0.0,0.0,0.0,0.29,0.97,0.0
20230206:0610,0.0,0.0,0.0,0.14,0.97,0.0
20230206:0710,0.0,0.0,0.0,0.22,1.1,0.0
20230206:0810,89.95,102.94,12.6,0.76,1.24,0.0
20230206:0910,137.65,148.42,19.92,0.94,1.24,0.0
20230206:1010,149.76,160.16,25.28,0.94,1.24,0.0
20230206:1110,166.6,176.26,28.1,1.09,1.31,0.0
20230206:1210,244.56,249.47,28.02,0.88,1.31,0.0
20230206:1310,64.77,78.62,25.04,1.08,1.38,0.0
20230206:1410,41.62,55.33,19.56,0.8,1.45,0.0
20230206:1510,33.18,46.59,12.14,0.95,1.59,0.0
20230206:1610,0.0,2.91,3.34,0.62,1.66,0.0
20230206:1710,0.0,0.0,0.0,0.24,1.72,0.0
20230206:1810,0.0,0.0,0.0,-0.06,1.72,0.0
20230206:1910,0.0,0.0,0.0,0.36,1.86,0.0
20230206:2010,0.0,0.0,0.0,-0.05,1.72,0.0
20230206:2110,0.0,0.0,0.0,-0.46,1.59,0.0
20230206:2210,0.0,0.0,0.0,-0.74,1.38,0.0
20230206:2310,0.0,0.0,0.0,-0.86,0.76,0.0
20230207:0010,0.0,0.0,0.0,-1.0,0.69,0.0
20230207:0110,0.0,0.0,0.0,-1.3,1.31,0.0
20230207:0210,0.0,0.0,0.0,-1.45,1.31,0.0
20230207:0310,0.0,0.0,0.0,-2.02,1.24,0.0
20230207:0410,0.0,0.0,0.0,-2.17,1.1,0.0
20230207:0510,0.0,0.0,0.0,-1.96,1.03,0.0
20230207:0610,0.0,0.0,0.0,-1.74,1.03,0.0
20230207:0710,8.84,18.93,4.08,-1.67,0.97,0.0
20230207:0810,425.09,424.56,12.84,-0.8,0.62,0.0
20230207:0910,612.64,613.23,20.19,0.78,0.83,0.0
20230207:1010,721.98,731.21,25.57,1.66,0.97,0.0
20230207:1110,772.35,790.62,28.41,2.5,0.97,0.0
20230207:1210,738.71,755.77,28.33,3.13,0.97,0.0
20230207:1310,637.31,648.71,25.35,3.52,0.9,0.0
20230207:1410,468.05,479.31,19.84,3.7,0.9,0.0
20230207:1510,241.88,271.38,12.4,3.5,1.03,0.0
20230207:1610,9.11,22.0,3.59,2.88,1.1,0.0
20230207:1710,0.0,0.0,0.0,1.23,1.24,0.0
20230207:1810,0.0,0.0,0.0,-0.02,1.17,0.0
20230207:1910,0.0,0.0,0.0,-0.62,1.24,0.0
20230207:2010,0.0,0.0,0.0,-0.77,1.1,0.0
20230207:2110,0.0,0.0,0.0,-0.3,0.83,0.0
20230207:2210,0.0,0.0,0.0,-0.31,0.62,0.0
20230207:2310,0.0,0.0,0.0,-0.44,0.34,0.0
20230208:0010,0.0,0.0,0.0,-0.51,0.34,0.0
20230208:0110,0.0,0.0,0.0,-1.01,0.69,0.0
20230208:0210,0.0,0.0,0.0,-1.16,0.76,0.0
20230208:0310,0.0,0.0,0.0,-1.21,0.76,0.0
20230208:0410,0.0,0.0,0.0,-1.08,0.69,0.0
20230208:0510,0.0,0.0,0.0,-0.88,0.69,0.0
20230208:0610,0.0,0.0,0.0,-0.77,0.55,0.0
20230208:0710,9.54,19.88,4.31,-0.65,0.21,0.0
20230208:0810,339.5,341.1,13.09,-0.57,0.28,0.0
20230208:0910,533.24,529.49,20.47,0.18,0.83,0.0
20230208:1010,575.98,573.91,25.87,0.97,1.03,0.0
20230208:1110,787.91,802.17,28.72,1.56,1.1,0.0
20230208:1210,752.04,761.33,28.65,1.69,1.24,0.0
20230208:1310,649.99,654.26,25.65,1.87,1.17,0.0
20230208:1410,472.19,477.9,20.13,1.78,1.1,0.0
20230208:1510,237.56,262.5,12.67,1.32,1.1,0.0
20230208:1610,9.41,21.33,3.84,0.79,1.03,0.0
20230208:1710,0.0,0.0,0.0,0.04,1.1,0.0
20230208:1810,0.0,0.0,0.0,-0.97,1.17,0.0
20230208:1910,0.0,0.0,0.0,-1.44,0.97,0.0
20230208:2010,0.0,0.0,0.0,-1.97,1.03,0.0
20230208:2110,0.0,0.0,0.0,-2.06,1.03,0.0
20230208:2210,0.0,0.0,0.0,-2.1,1.17,0.0
20230208:2310,0.0,0.0,0.0,-1.69,1.17,0.0
20230209:0010,0.0,0.0,0.0,-1.87,1.17,0.0
20230209:0110,0.0,0.0,0.0,-2.04,1.1,0.0
20230209:0210,0.0,0.0,0.0,-2.27,1.1,0.0
20230209:0310,0.0,0.0,0.0,-2.53,1.1,0.0
20230209:0410,0.0,0.0,0.0,-2.71,0.97,0.0
20230209:0510,0.0,0.0,0.0,-2.9,0.76,0.0
20230209:0610,0.0,0.0,0.0,-3.05,0.69,0.0
20230209:0710,13.6,24.61,4.55,-2.96,0.55,0.0
20230209:0810,109.45,120.03,13.35,-2.69,0.69,0.0
20230209:0910,151.82,159.95,20.75,-2.05,1.03,0.0
20230209:1010,729.43,725.59,26.17,-1.67,1.1,0.0
20230209:1110,778.83,780.56,29.04,-1.32,1.1,0.0
20230209:1210,757.28,758.94,28.97,-1.33,0.97,0.0
20230209:1310,655.84,655.94,25.96,-0.51,0.83,0.0
20230209:1410,479.88,483.62,20.42,-0.27,0.55,0.0
20230209:1510,253.4,278.2,12.94,-0.23,0.55,0.0
20230209:1610,13.69,27.82,4.09,-0.44,0.48,0.0
20230209:1710,0.0,0.0,0.0,-1.45,0.69,0.0
20230209:1810,0.0,0.0,0.0,-1.11,0.55,0.0
20230209:1910,0.0,0.0,0.0,-0.68,0.48,0.0
20230209:2010,0.0,0.0,0.0,-0.85,0.41,0.0
20230209:2110,0.0,0.0,0.0,-0.99,0.34,0.0
20230209:2210,0.0,0.0,0.0,-1.17,0.28,0.0
20230209:2310,0.0,0.0,0.0,-1.24,0.28,0.0
20230210:0010,0.0,0.0,0.0,-1.32,0.21,0.0
20230210:0110,0.0,0.0,0.0,-1.35,0.21,0.0
20230210:0210,0.0,0.0,0.0,-1.51,0.34,0.0
20230210:0310,0.0,0.0,0.0,-1.59,0.41,0.0
20230210:0410,0.0,0.0,0.0,-3.36,0.76,0.0
20230210:0510,0.0,0.0,0.0,-3.44,0.97,0.0
20230210:0610,0.0,0.0,0.0,-3.08,1.03,0.0
20230210:0710,8.93,18.93,4.79,-3.35,1.24,0.0
20230210:0810,469.68,464.93,13.61,-1.75,1.03,0.0
20230210:0910,640.7,644.45,21.03,0.66,0.62,0.0
20230210:1010,744.87,774.93,26.48,2.67,0.07,0.0
20230210:1110,788.59,824.11,29.36,4.03,0.48,0.0
20230210:1210,748.88,778.51,29.29,4.91,0.69,0.0
20230210:1310,653.34,673.43,26.27,5.33,0.76,0.0
20230210:1410,483.43,498.98,20.72,5.28,0.76,0.0
20230210:1510,256.75,287.17,13.22,4.86,0.83,0.0
20230210:1610,15.47,30.85,4.35,3.93,0.76,0.0
20230210:1710,0.0,0.0,0.0,3.12,0.41,0.0
20230210:1810,0.0,0.0,0.0,2.41,0.14,0.0
20230210:1910,0.0,0.0,0.0,2.38,0.14,0.0
20230210:2010,0.0,0.0,0.0,2.02,0.41,0.0
20230210:2110,0.0,0.0,0.0,1.6,0.62,0.0
20230210:2210,0.0,0.0,0.0,1.08,0.76,0.0
20230210:2310,0.0,0.0,0.0,0.34,0.83,0.0
20230211:0010,0.0,0.0,0.0,-2.5,1.03,0.0
20230211:0110,0.0,0.0,0.0,-2.68,1.17,0.0
20230211:0210,0.0,0.0,0.0,-2.6,1.38,0.0
20230211:0310,0.0,0.0,0.0,-2.89,1.45,0.0
20230211:0410,0.0,0.0,0.0,-3.0,1.38,0.0
20230211:0510,0.0,0.0,0.0,-3.12,1.38,0.0
20230211:0610,0.0,0.0,0.0,-3.15,1.38,0.0
20230211:0710,10.42,20.83,5.03,-2.66,1.38,0.0
20230211:0810,458.17,453.89,13.87,-1.26,1.1,0.0
20230211:0910,343.59,344.98,21.32,1.86,0.76,0.0
20230211:1010,600.41,617.66,26.79,4.6,0.21,0.0
20230211:1110,744.05,784.84,29.69,6.19,0.28,0.0
20230211:1210,700.2,734.06,29.62,7.23,0.55,0.0
20230211:1310,626.17,651.82,26.59,7.68,0.69,0.0
20230211:1410,461.67,481.61,21.01,7.87,0.76,0.0
20230211:1510,247.83,280.18,13.49,7.6,0.76,0.0
20230211:1610,16.04,31.59,4.6,6.31,0.76,0.0
20230211:1710,0.0,0.0,0.0,5.78,0.48,0.0
20230211:1810,0.0,0.0,0.0,4.92,0.28,0.0
20230211:1910,0.0,0.0,0.0,4.6,0.48,0.0
20230211:2010,0.0,0.0,0.0,3.77,0.83,0.0
20230211:2110,0.0,0.0,0.0,2.44,1.03,0.0
20230211:2210,0.0,0.0,0.0,1.75,1.1,0.0
20230211:2310,0.0,0.0,0.0,1.16,1.24,0.0
20230212:0010,0.0,0.0,0.0,0.78,1.31,0.0
20230212:0110,0.0,0.0,0.0,0.42,1.38,0.0
20230212:0210,0.0,0.0,0.0,0.21,1.45,0.0
20230212:0310,0.0,0.0,0.0,0.14,1.45,0.0
20230212:0410,0.0,0.0,0.0,0.09,1.45,0.0
20230212:0510,0.0,0.0,0.0,0.02,1.45,0.0
20230212:0610,0.0,0.0,0.0,-0.04,1.52,0.0
20230212:0710,12.6,23.67,5.28,-0.04,1.52,0.0
20230212:0810,453.54,455.01,14.14,1.84,1.24,0.0
20230212:0910,627.97,645.05,21.61,6.09,0.9,0.0
20230212:1010,722.48,764.96,27.1,8.76,0.55,0.0
20230212:1110,755.52,819.08,30.01,10.61,0.21,0.0
20230212:1210,713.01,774.26,29.95,11.85,0.14,0.0
20230212:1310,619.67,662.06,26.9,12.5,0.55,0.0
20230212:1410,463.92,493.32,21.31,12.51,1.03,0.0
20230212:1510,254.02,291.72,13.77,11.87,1.24,0.0
20230212:1610,17.77,34.53,4.86,10.29,1.38,0.0
20230212:1710,0.0,0.0,0.0,7.72,1.17,0.0
20230212:1810,0.0,0.0,0.0,7.88,0.69,0.0
20230212:1910,0.0,0.0,0.0,7.89,0.28,0.0
20230212:2010,0.0,0.0,0.0,7.18,0.0,0.0
20230212:2110,0.0,0.0,0.0,6.55,0.21,0.0
20230212:2210,0.0,0.0,0.0,5.9,0.62,0.0
20230212:2310,0.0,0.0,0.0,4.32,1.1,0.0
20230213:0010,0.0,0.0,0.0,2.25,1.24,0.0
20230213:0110,0.0,0.0,0.0,0.89,1.31,0.0
20230213:0210,0.0,0.0,0.0,0.21,1.31,0.0
20230213:0310,0.0,0.0,0.0,-0.16,1.31,0.0
20230213:0410,0.0,0.0,0.0,-0.43,1.31,0.0
20230213:0510,0.0,0.0,0.0,-0.64,1.31,0.0
20230213:0610,0.0,0.0,0.0,-0.85,1.31,0.0
20230213:0710,13.55,24.61,5.54,-2.24,1.24,0.0
20230213:0810,461.28,460.01,14.42,0.23,1.03,0.0
20230213:0910,635.24,645.3,21.91,3.31,0.76,0.0
20230213:1010,729.48,774.36,27.42,6.64,0.0,0.0
20230213:1110,771.8,818.03,30.35,8.07,0.69,0.0
20230213:1210,733.41,773.24,30.28,8.83,0.9,0.0
20230213:1310,640.11,670.32,27.22,9.3,0.9,0.0
20230213:1410,474.54,498.3,21.61,9.48,0.83,0.0
20230213:1510,257.93,292.39,14.04,9.24,0.76,0.0
20230213:1610,20.05,37.4,5.12,8.4,0.76,0.0
20230213:1710,0.0,0.0,0.0,7.72,0.55,0.0
20230213:1810,0.0,0.0,0.0,6.84,0.28,0.0
20230213:1910,0.0,0.0,0.0,6.43,0.07,0.0
20230213:2010,0.0,0.0,0.0,5.65,0.62,0.0
20230213:2110,0.0,0.0,0.0,4.01,1.03,0.0
20230213:2210,0.0,0.0,0.0,2.45,1.17,0.0
20230213:2310,0.0,0.0,0.0,1.21,1.24,0.0
20230214:0010,0.0,0.0,0.0,0.6,1.24,0.0
20230214:0110,0.0,0.0,0.0,-1.22,1.31,0.0
20230214:0210,0.0,0.0,0.0,-2.13,1.24,0.0
20230214:0310,0.0,0.0,0.0,-2.03,1.24,0.0
20230214:0410,0.0,0.0,0.0,-2.02,1.24,0.0
20230214:0510,0.0,0.0,0.0,-2.11,1.31,0.0
20230214:0610,0.0,0.0,0.0,-2.12,1.24,0.0
20230214:0710,12.74,23.67,5.8,-2.07,1.24,0.0
20230214:0810,476.44,474.88,14.69,0.25,1.1,0.0
20230214:0910,649.58,660.5,22.21,3.85,0.97,0.0
20230214:1010,742.93,780.68,27.74,7.28,0.69,0.0
20230214:1110,761.58,824.14,30.68,10.34,0.28,0.0
20230214:1210,694.03,750.18,30.61,12.02,0.28,0.0
20230214:1310,622.72,667.58,27.55,12.83,0.48,0.0
20230214:1410,469.08,503.22,21.91,13.16,0.48,0.0
20230214:1510,256.98,295.93,14.32,12.97,0.55,0.0
20230214:1610,32.11,69.21,5.37,11.35,0.62,0.0
20230214:1710,0.0,0.0,0.0,10.68,0.34,0.0
20230214:1810,0.0,0.0,0.0,9.47,0.41,0.0
20230214:1910,0.0,0.0,0.0,6.01,1.38,0.0
20230214:2010,0.0,0.0,0.0,3.91,1.52,0.0
20230214:2110,0.0,0.0,0.0,2.14,1.59,0.0
20230214:2210,0.0,0.0,0.0,0.96,1.59,0.0
20230214:2310,0.0,0.0,0.0,0.31,1.59,0.0
20230215:0010,0.0,0.0,0.0,-0.21,1.59,0.0
20230215:0110,0.0,0.0,0.0,-0.57,1.66,0.0
20230215:0210,0.0,0.0,0.0,-0.8,1.66,0.0
20230215:0310,0.0,0.0,0.0,-0.88,1.59,0.0
20230215:0410,0.0,0.0,0.0,-0.91,1.59,0.0
20230215:0510,0.0,0.0,0.0,-0.86,1.59,0.0
20230215:0610,0.0,0.0,0.0,-0.88,1.52,0.0
20230215:0710,12.66,23.67,6.06,-1.0,1.59,0.0
20230215:0810,488.01,488.38,14.98,1.4,1.24,0.0
20230215:0910,647.92,670.32,22.52,7.09,0.9,0.0
20230215:1010,744.93,801.45,28.07,10.45,0.41,0.0
20230215:1110,769.02,845.29,31.02,12.55,0.21,0.0
20230215:1210,734.35,798.44,30.95,13.45,0.62,0.0
20230215:1310,645.25,694.52,27.87,13.8,0.69,0.0
20230215:1410,487.98,524.74,22.21,13.82,0.62,0.0
20230215:1510,272.87,314.21,14.6,13.41,0.62,0.0
20230215:1610,36.08,77.64,5.63,12.22,0.55,0.0
20230215:1710,0.0,0.0,0.0,11.31,0.21,0.0
20230215:1810,0.0,0.0,0.0,10.2,0.55,0.0
20230215:1910,0.0,0.0,0.0,8.06,1.24,0.0
20230215:2010,0.0,0.0,0.0,5.29,1.45,0.0
20230215:2110,0.0,0.0,0.0,3.5,1.52,0.0
20230215:2210,0.0,0.0,0.0,2.04,1.52,0.0
20230215:2310,0.0,0.0,0.0,1.13,1.52,0.0
20230216:0010,0.0,0.0,0.0,0.53,1.52,0.0
20230216:0110,0.0,0.0,0.0,0.03,1.52,0.0
20230216:0210,0.0,0.0,0.0,-0.35,1.59,0.0
20230216:0310,0.0,0.0,0.0,-0.57,1.52,0.0
20230216:0410,0.0,0.0,0.0,-0.73,1.52,0.0
20230216:0510,0.0,0.0,0.0,-1.1,1.45,0.0
20230216:0610,0.0,0.0,0.0,-1.88,1.45,0.0
20230216:0710,21.04,33.13,6.33,-2.07,1.31,0.0
20230216:0810,314.26,316.18,15.27,0.91,0.97,0.0
20230216:0910,404.2,409.8,22.83,4.54,0.62,0.0
20230216:1010,630.81,665.13,28.4,8.18,0.07,0.0
20230216:1110,770.54,825.44,31.37,10.03,0.69,0.0
20230216:1210,745.07,795.37,31.3,10.86,0.9,0.0
20230216:1310,648.85,686.92,28.2,11.28,0.9,0.0
20230216:1410,483.02,510.47,22.52,11.34,0.97,0.0
20230216:1510,272.69,308.84,14.88,11.0,0.97,0.0
20230216:1610,44.77,83.86,5.89,10.06,0.9,0.0
20230216:1710,0.0,0.0,0.0,8.47,0.83,0.0
20230216:1810,0.0,0.0,0.0,8.02,0.48,0.0
20230216:1910,0.0,0.0,0.0,7.63,0.9,0.0
20230216:2010,0.0,0.0,0.0,6.66,0.62,0.0
20230216:2110,0.0,0.0,0.0,5.81,0.28,0.0
20230216:2210,0.0,0.0,0.0,5.07,0.28,0.0
20230216:2310,0.0,0.0,0.0,4.4,0.62,0.0
20230217:0010,0.0,0.0,0.0,2.17,0.97,0.0
20230217:0110,0.0,0.0,0.0,1.21,1.03,0.0
20230217:0210,0.0,0.0,0.0,1.04,0.97,0.0
20230217:0310,0.0,0.0,0.0,1.08,0.97,0.0
20230217:0410,0.0,0.0,0.0,0.97,0.97,0.0
20230217:0510,0.0,0.0,0.0,1.12,0.9,0.0
20230217:0610,0.0,0.0,0.0,1.39,0.83,0.0
20230217:0710,16.62,28.4,6.6,0.01,0.83,0.0
20230217:0810,419.27,422.56,15.56,2.12,0.62,0.0
20230217:0910,598.88,617.44,23.14,5.22,0.21,0.0
20230217:1010,706.25,744.29,28.74,7.16,0.28,0.0
20230217:1110,744.7,792.39,31.72,8.97,0.55,0.0
20230217:1210,551.24,575.85,31.64,10.25,0.9,0.0
20230217:1310,546.52,572.08,28.53,11.04,1.03,0.0
20230217:1410,444.45,468.04,22.82,11.33,1.1,0.0
20230217:1510,250.44,282.57,15.16,11.16,1.1,0.0
20230217:1610,44.55,80.32,6.15,10.43,0.97,0.0
20230217:1710,0.0,0.0,0.0,8.78,1.03,0.0
20230217:1810,0.0,0.0,0.0,8.0,0.69,0.0
20230217:1910,0.0,0.0,0.0,8.21,0.69,0.0
20230217:2010,0.0,0.0,0.0,7.45,0.41,0.0
20230217:2110,0.0,0.0,0.0,6.75,0.14,0.0
20230217:2210,0.0,0.0,0.0,6.16,0.55,0.0
20230217:2310,0.0,0.0,0.0,5.5,0.9,0.0
20230218:0010,0.0,0.0,0.0,4.39,1.03,0.0
20230218:0110,0.0,0.0,0.0,3.69,1.1,0.0
20230218:0210,0.0,0.0,0.0,3.17,1.1,0.0
20230218:0310,0.0,0.0,0.0,2.9,1.1,0.0
20230218:0410,0.0,0.0,0.0,2.71,1.1,0.0
20230218:0510,0.0,0.0,0.0,2.65,1.03,0.0
20230218:0610,0.0,0.0,0.0,2.56,0.97,0.0
20230218:0710,25.53,38.82,6.88,3.51,0.83,0.0
20230218:0810,447.74,458.3,15.86,4.93,0.41,0.0
20230218:0910,597.17,622.04,23.46,7.3,0.21,0.0
20230218:1010,723.73,766.46,29.08,9.05,0.62,0.0
20230218:1110,693.39,733.88,32.07,10.39,0.9,0.0
20230218:1210,712.84,757.94,31.99,11.39,1.03,0.0
20230218:1310,510.98,535.33,28.86,12.01,1.24,0.0
20230218:1410,333.99,353.52,23.13,12.19,1.31,0.0
20230218:1510,127.67,147.94,15.44,11.94,1.31,0.0
20230218:1610,31.61,50.97,6.41,11.01,1.1,0.0
20230218:1710,0.0,0.0,0.0,9.47,1.03,0.0
20230218:1810,0.0,0.0,0.0,7.86,0.9,0.0
20230218:1910,0.0,0.0,0.0,6.7,0.97,0.0
20230218:2010,0.0,0.0,0.0,6.84,0.62,0.0
20230218:2110,0.0,0.0,0.0,6.05,0.28,0.0
20230218:2210,0.0,0.0,0.0,5.43,0.34,0.0
20230218:2310,0.0,0.0,0.0,5.13,0.48,0.0
20230219:0010,0.0,0.0,0.0,4.32,0.62,0.0
20230219:0110,0.0,0.0,0.0,4.03,0.69,0.0
20230219:0210,0.0,0.0,0.0,3.7,0.69,0.0
20230219:0310,0.0,0.0,0.0,3.43,0.76,0.0
20230219:0410,0.0,0.0,0.0,3.32,0.76,0.0
20230219:0510,0.0,0.0,0.0,3.43,0.76,0.0
20230219:0610,0.0,0.0,0.0,3.75,0.69,0.0
20230219:0710,23.67,36.92,7.16,4.58,0.41,0.0
20230219:0810,56.64,71.83,16.16,5.2,0.14,0.0
20230219:0910,247.84,259.85,23.78,6.9,0.34,0.0
20230219:1010,532.11,550.64,29.42,8.04,0.62,0.0
20230219:1110,674.8,711.78,32.42,9.11,0.62,0.0
20230219:1210,722.64,772.2,32.34,10.59,0.62,0.0
20230219:1310,644.42,687.7,29.19,12.33,0.69,0.0
20230219:1410,492.51,526.59,23.43,13.39,0.76,0.0
20230219:1510,281.3,320.96,15.72,13.63,0.83,0.0
20230219:1610,52.88,96.03,6.67,12.76,0.9,0.0
20230219:1710,0.0,0.0,0.0,10.9,0.76,0.0
20230219:1810,0.0,0.0,0.0,9.34,0.9,0.0
20230219:1910,0.0,0.0,0.0,9.18,0.9,0.0
20230219:2010,0.0,0.0,0.0,8.47,0.9,0.0
20230219:2110,0.0,0.0,0.0,7.67,0.97,0.0
20230219:2210,0.0,0.0,0.0,6.89,1.17,0.0
20230219:2310,0.0,0.0,0.0,6.21,1.24,0.0
20230220:0010,0.0,0.0,0.0,5.43,1.31,0.0
20230220:0110,0.0,0.0,0.0,5.33,1.24,0.0
20230220:0210,0.0,0.0,0.0,5.42,1.1,0.0
20230220:0310,0.0,0.0,0.0,4.75,1.1,0.0
20230220:0410,0.0,0.0,0.0,4.61,1.03,0.0
20230220:0510,0.0,0.0,0.0,4.56,1.03,0.0
20230220:0610,0.0,0.0,0.0,4.24,1.03,0.0
20230220:0710,32.39,46.39,7.45,4.43,0.97,0.0
20230220:0810,280.41,290.11,16.46,5.66,0.55,0.0
20230220:0910,68.33,84.44,24.11,7.69,0.34,0.0
20230220:1010,375.88,391.05,29.77,9.23,0.55,0.0
20230220:1110,191.37,208.57,32.78,10.42,0.62,0.0
20230220:1210,715.26,762.06,32.7,11.26,0.9,0.0
20230220:1310,642.48,678.86,29.53,11.82,1.1,0.0
20230220:1410,491.68,519.89,23.74,11.93,1.03,0.0
20230220:1510,229.4,257.6,16.0,11.68,0.97,0.0
20230220:1610,28.94,45.5,6.93,10.94,0.83,0.0
20230220:1710,0.0,0.0,0.0,9.68,0.76,0.0
20230220:1810,0.0,0.0,0.0,9.0,0.34,0.0
20230220:1910,0.0,0.0,0.0,8.05,0.28,0.0
20230220:2010,0.0,0.0,0.0,6.96,0.9,0.0
20230220:2110,0.0,0.0,0.0,5.58,0.97,0.0
20230220:2210,0.0,0.0,0.0,4.57,1.03,0.0
20230220:2310,0.0,0.0,0.0,3.69,1.03,0.0
20230221:0010,0.0,0.0,0.0,3.13,1.03,0.0
20230221:0110,0.0,0.0,0.0,2.8,1.1,0.0
20230221:0210,0.0,0.0,0.0,2.5,1.1,0.0
20230221:0310,0.0,0.0,0.0,2.62,1.03,0.0
20230221:0410,0.0,0.0,0.0,2.78,1.03,0.0
20230221:0510,0.0,0.0,0.0,1.51,1.03,0.0
20230221:0610,0.0,0.0,0.0,0.17,1.03,0.0
20230221:0710,29.96,43.55,7.74,2.98,0.62,0.0
20230221:0810,373.14,380.48,16.77,4.03,0.28,0.0
20230221:0910,636.79,660.17,24.44,6.05,0.34,0.0
20230221:1010,705.49,737.51,30.12,7.17,0.69,0.0
20230221:1110,673.74,703.44,33.14,8.29,0.97,0.0
20230221:1210,709.18,742.65,33.05,8.69,1.1,0.0
20230221:1310,621.72,648.42,29.86,9.11,0.97,0.0
20230221:1410,412.93,431.78,24.05,9.51,0.76,0.0
20230221:1510,254.98,282.93,16.28,9.36,0.76,0.0
20230221:1610,57.97,100.97,7.19,9.02,0.83,0.0
20230221:1710,0.0,0.0,0.0,8.16,0.69,0.0
20230221:1810,0.0,0.0,0.0,7.44,0.28,0.0
20230221:1910,0.0,0.0,0.0,8.3,0.41,0.0
20230221:2010,0.0,0.0,0.0,7.88,0.41,0.0
20230221:2110,0.0,0.0,0.0,7.47,0.41,0.0
20230221:2210,0.0,0.0,0.0,6.88,0.48,0.0
20230221:2310,0.0,0.0,0.0,6.59,0.55,0.0
20230222:0010,0.0,0.0,0.0,6.5,0.48,0.0
20230222:0110,0.0,0.0,0.0,6.28,0.48,0.0
20230222:0210,0.0,0.0,0.0,6.06,0.55,0.0
20230222:0310,0.0,0.0,0.0,6.0,0.55,0.0
20230222:0410,0.0,0.0,0.0,6.02,0.48,0.0
20230222:0510,0.0,0.0,0.0,5.6,0.55,0.0
20230222:0610,0.0,0.0,0.0,5.27,0.62,0.0
20230222:0710,11.43,22.72,8.03,5.78,0.62,0.0
20230222:0810,101.3,116.89,17.08,6.88,0.48,0.0
20230222:0910,78.96,95.12,24.77,7.64,0.55,0.0
20230222:1010,206.75,221.49,30.48,8.16,0.55,0.0
20230222:1110,190.09,205.86,33.51,8.77,0.62,0.0
20230222:1210,45.37,61.15,33.41,9.2,0.69,0.0
20230222:1310,130.88,147.53,30.2,9.32,0.97,0.0
20230222:1410,167.78,183.92,24.36,9.11,0.69,0.0
20230222:1510,133.27,151.5,16.57,9.04,0.69,0.0
20230222:1610,40.89,61.22,7.45,8.68,0.62,0.0
20230222:1710,0.0,0.0,0.0,8.25,0.48,0.0
20230222:1810,0.0,0.0,0.0,7.79,0.34,0.0
20230222:1910,0.0,0.0,0.0,7.67,0.21,0.0
20230222:2010,0.0,0.0,0.0,7.6,0.14,0.0
20230222:2110,0.0,0.0,0.0,7.48,0.21,0.0
20230222:2210,0.0,0.0,0.0,7.22,0.41,0.0
20230222:2310,0.0,0.0,0.0,7.22,0.28,0.0
20230223:0010,0.0,0.0,0.0,7.1,0.14,0.0
20230223:0110,0.0,0.0,0.0,6.91,0.21,0.0
20230223:0210,0.0,0.0,0.0,6.65,0.34,0.0
20230223:0310,0.0,0.0,0.0,6.45,0.34,0.0
20230223:0410,0.0,0.0,0.0,6.16,0.55,0.0
20230223:0510,0.0,0.0,0.0,5.92,0.55,0.0
20230223:0610,0.0,0.0,0.0,5.76,0.55,0.0
20230223:0710,27.04,40.71,8.33,5.08,0.55,0.0
20230223:0810,295.85,307.21,17.4,6.82,0.34,0.0
20230223:0910,472.35,491.54,25.11,8.35,0.0,0.0
20230223:1010,314.61,330.05,30.83,9.29,0.34,0.0
20230223:1110,258.43,274.32,33.87,9.79,0.76,0.0
20230223:1210,84.85,101.92,33.77,9.99,0.97,0.0
20230223:1310,79.07,96.09,30.54,10.02,0.9,0.0
20230223:1410,62.0,78.62,24.67,9.76,0.62,0.0
20230223:1510,99.12,116.78,16.85,9.81,0.34,0.0
20230223:1610,10.87,22.32,7.71,9.59,0.34,0.0
20230223:1710,0.0,0.0,0.0,9.06,0.28,0.0
20230223:1810,0.0,0.0,0.0,8.74,0.14,0.0
20230223:1910,0.0,0.0,0.0,7.69,0.62,0.0
20230223:2010,0.0,0.0,0.0,7.33,0.62,0.0
20230223:2110,0.0,0.0,0.0,7.2,0.48,0.0
20230223:2210,0.0,0.0,0.0,6.78,0.62,0.0
20230223:2310,0.0,0.0,0.0,6.52,0.62,0.0
20230224:0010,0.0,0.0,0.0,6.57,0.55,0.0
20230224:0110,0.0,0.0,0.0,6.39,0.55,0.0
20230224:0210,0.0,0.0,0.0,6.19,0.55,0.0
20230224:0310,0.0,0.0,0.0,6.06,0.55,0.0
20230224:0410,0.0,0.0,0.0,6.07,0.48,0.0
20230224:0510,0.0,0.0,0.0,6.13,0.34,0.0
20230224:0610,0.0,0.0,0.0,6.15,0.28,0.0
20230224:0710,24.3,37.87,8.63,6.36,0.28,0.0
20230224:0810,44.93,60.18,17.72,6.88,0.14,0.0
20230224:0910,55.13,70.86,25.45,7.36,0.41,0.0
20230224:1010,58.81,74.74,31.19,7.82,0.76,0.0
20230224:1110,43.81,59.21,34.24,7.92,0.69,0.0
20230224:1210,34.61,49.5,34.13,8.35,0.55,0.0
20230224:1310,30.08,44.65,30.88,8.76,0.34,0.0
20230224:1410,121.41,138.27,24.98,9.11,0.28,0.0
20230224:1510,27.39,41.74,17.13,9.09,0.21,0.0
20230224:1610,23.13,36.88,7.97,8.75,0.28,0.0
20230224:1710,0.0,0.0,0.0,8.01,0.28,0.0
20230224:1810,0.0,0.0,0.0,7.47,0.48,0.0
20230224:1910,0.0,0.0,0.0,6.9,0.41,0.0
20230224:2010,0.0,0.0,0.0,6.79,0.55,0.0
20230224:2110,0.0,0.0,0.0,6.67,0.55,0.0
20230224:2210,0.0,0.0,0.0,6.63,0.76,0.0
20230224:2310,0.0,0.0,0.0,6.54,0.76,0.0
20230225:0010,0.0,0.0,0.0,6.28,0.69,0.0
20230225:0110,0.0,0.0,0.0,6.27,0.76,0.0
20230225:0210,0.0,0.0,0.0,6.06,0.9,0.0
20230225:0310,0.0,0.0,0.0,5.85,0.83,0.0
20230225:0410,0.0,0.0,0.0,5.34,0.9,0.0
20230225:0510,0.0,0.0,0.0,4.46,1.03,0.0
20230225:0610,0.0,0.0,0.0,3.56,1.03,0.0
20230225:0710,34.24,48.28,8.93,4.01,0.97,0.0
20230225:0810,438.32,449.68,18.04,6.24,0.55,0.0
20230225:0910,602.73,629.8,25.8,8.91,0.55,0.0
20230225:1010,774.08,829.46,31.56,10.33,0.76,0.0
20230225:1110,800.11,865.87,34.62,11.56,0.83,0.0
20230225:1210,758.69,823.75,34.5,12.53,0.62,0.0
20230225:1310,670.35,724.18,31.22,13.36,0.48,0.0
20230225:1410,514.07,552.57,25.29,13.68,0.41,0.0
20230225:1510,301.05,339.52,17.41,13.46,0.62,0.0
20230225:1610,66.14,109.06,8.23,12.79,0.83,0.0
20230225:1710,0.0,0.0,0.0,11.12,0.83,0.0
20230225:1810,0.0,0.0,0.0,10.6,0.69,0.0
20230225:1910,0.0,0.0,0.0,7.92,1.17,0.0
20230225:2010,0.0,0.0,0.0,6.27,1.52,0.0
20230225:2110,0.0,0.0,0.0,4.83,2.0,0.0
20230225:2210,0.0,0.0,0.0,3.96,2.21,0.0
20230225:2310,0.0,0.0,0.0,3.38,2.34,0.0
20230226:0010,0.0,0.0,0.0,2.97,2.48,0.0
20230226:0110,0.0,0.0,0.0,2.51,2.48,0.0
20230226:0210,0.0,0.0,0.0,2.01,2.48,0.0
20230226:0310,0.0,0.0,0.0,1.48,2.48,0.0
20230226:0410,0.0,0.0,0.0,0.85,2.28,0.0
20230226:0510,0.0,0.0,0.0,1.4,1.52,0.0
20230226:0610,0.0,0.0,0.0,2.84,0.83,0.0
20230226:0710,51.71,65.96,9.24,1.08,1.31,0.0
20230226:0810,67.18,81.53,18.36,2.51,0.69,0.0
20230226:0910,59.34,73.77,26.14,2.61,0.48,0.0
20230226:1010,60.42,74.74,31.92,2.3,0.69,0.0
20230226:1110,74.27,88.33,34.99,1.97,0.83,0.0
20230226:1210,50.78,65.03,34.87,2.41,1.31,0.0
20230226:1310,190.4,200.01,31.56,2.69,1.72,0.0
20230226:1410,231.99,239.85,25.6,3.2,1.93,0.0
20230226:1510,176.4,190.06,17.7,3.49,1.72,0.0
20230226:1610,47.17,64.82,8.49,3.37,1.31,0.0
20230226:1710,0.0,0.0,0.0,2.92,0.62,0.0
20230226:1810,0.0,0.0,0.0,2.95,0.21,0.0
20230226:1910,0.0,0.0,0.0,1.85,0.21,0.0
20230226:2010,0.0,0.0,0.0,1.51,0.34,0.0
20230226:2110,0.0,0.0,0.0,0.97,0.48,0.0
20230226:2210,0.0,0.0,0.0,0.38,0.62,0.0
20230226:2310,0.0,0.0,0.0,0.13,0.62,0.0
20230227:0010,0.0,0.0,0.0,0.06,0.55,0.0
20230227:0110,0.0,0.0,0.0,-0.01,0.48,0.0
20230227:0210,0.0,0.0,0.0,-0.16,0.55,0.0
20230227:0310,0.0,0.0,0.0,-0.2,0.48,0.0
20230227:0410,0.0,0.0,0.0,-0.19,0.41,0.0
20230227:0510,0.0,0.0,0.0,-0.21,0.41,0.0
20230227:0610,0.0,0.0,0.0,-0.2,0.34,0.0
20230227:0710,25.95,38.82,9.55,0.32,0.34,0.0
20230227:0810,127.12,138.99,18.69,0.92,0.0,0.0
20230227:0910,177.58,187.63,26.49,1.55,0.21,0.0
20230227:1010,396.04,398.89,32.29,2.23,0.62,0.0
20230227:1110,167.89,179.57,35.37,3.3,0.9,0.0
20230227:1210,157.41,169.86,35.23,3.9,0.97,0.0
20230227:1310,153.98,166.95,31.91,4.47,0.97,0.0
20230227:1410,185.84,197.39,25.92,4.65,1.45,0.0
20230227:1510,84.56,99.31,17.98,4.4,1.52,0.0
20230227:1610,36.47,51.63,8.75,3.82,1.52,0.0
20230227:1710,0.0,0.0,0.0,3.05,1.24,0.0
20230227:1810,0.0,0.0,0.0,2.42,1.1,0.0
20230227:1910,0.0,0.0,0.0,1.96,0.9,0.0
20230227:2010,0.0,0.0,0.0,1.52,0.76,0.0
20230227:2110,0.0,0.0,0.0,1.23,0.83,0.0
20230227:2210,0.0,0.0,0.0,1.06,0.76,0.0
20230227:2310,0.0,0.0,0.0,0.94,0.62,0.0
20230228:0010,0.0,0.0,0.0,0.75,0.62,0.0
20230228:0110,0.0,0.0,0.0,0.56,0.62,0.0
20230228:0210,0.0,0.0,0.0,0.3,0.62,0.0
20230228:0310,0.0,0.0,0.0,0.18,0.55,0.0
20230228:0410,0.0,0.0,0.0,0.09,0.55,0.0
20230228:0510,0.0,0.0,0.0,-0.04,0.62,0.0
20230228:0610,0.0,0.0,0.0,-0.03,0.62,0.0
20230228:0710,79.08,93.09,9.86,0.11,0.69,0.0
20230228:0810,173.73,182.99,19.02,1.25,0.62,0.0
20230228:0910,173.22,183.72,26.85,2.36,0.76,0.0
20230228:1010,209.75,219.81,32.66,3.33,0.76,0.0
20230228:1110,337.5,345.24,35.75,4.42,0.76,0.0
20230228:1210,308.68,318.57,35.6,5.38,0.69,0.0
20230228:1310,293.8,304.43,32.25,5.91,0.69,0.0
20230228:1410,339.06,350.94,26.23,6.51,0.55,0.0
20230228:1510,279.62,302.07,18.26,6.79,0.9,0.0
20230228:1610,79.22,124.59,9.01,6.59,1.03,0.0
20230228:1710,0.0,0.0,0.0,5.61,0.97,0.0
20230228:1810,0.0,0.0,0.0,4.03,0.83,0.0
20230228:1910,0.0,0.0,0.0,4.05,0.21,0.0
20230228:2010,0.0,0.0,0.0,3.53,0.55,0.0
20230228:2110,0.0,0.0,0.0,3.08,0.55,0.0
20230228:2210,0.0,0.0,0.0,2.71,0.48,0.0
20230228:2310,0.0,0.0,0.0,2.46,0.62,0.0
20230301:0010,0.0,0.0,0.0,0.76,0.62,0.0
20230301:0110,0.0,0.0,0.0,-1.52,0.9,0.0
20230301:0210,0.0,0.0,0.0,-1.24,1.03,0.0
20230301:0310,0.0,0.0,0.0,-1.28,1.31,0.0
20230301:0410,0.0,0.0,0.0,-1.03,1.31,0.0
20230301:0510,0.0,0.0,0.0,-0.88,1.1,0.0
20230301:0610,0.0,0.0,0.0,-1.09,0.9,0.0
20230301:0710,280.51,290.13,10.18,-0.77,0.76,0.0
20230301:0810,286.88,290.08,19.36,0.83,0.48,0.0
20230301:0910,707.49,726.95,27.2,2.25,0.28,0.0
20230301:1010,796.71,831.3,33.04,3.45,0.48,0.0
20230301:1110,794.28,832.09,36.13,4.94,0.69,0.0
20230301:1210,549.84,563.64,35.97,6.35,1.03,0.0
20230301:1310,218.68,231.01,32.6,6.75,1.59,0.0
20230301:1410,306.05,316.04,26.54,6.19,1.24,0.0
20230301:1510,93.95,109.29,18.54,5.86,1.17,0.0
20230301:1610,16.77,29.12,9.27,5.3,1.24,0.0
20230301:1710,0.0,0.0,0.0,4.44,1.24,0.0
20230301:1810,0.0,0.0,0.0,3.38,1.17,0.0
20230301:1910,0.0,0.0,0.0,2.75,1.24,0.0
20230301:2010,0.0,0.0,0.0,2.5,0.9,0.0
20230301:2110,0.0,0.0,0.0,2.36,0.83,0.0
20230301:2210,0.0,0.0,0.0,2.39,0.69,0.0
20230301:2310,0.0,0.0,0.0,2.21,0.62,0.0
20230302:0010,0.0,0.0,0.0,1.9,0.55,0.0
20230302:0110,0.0,0.0,0.0,1.7,0.48,0.0
20230302:0210,0.0,0.0,0.0,1.8,0.76,0.0
20230302:0310,0.0,0.0,0.0,2.04,0.9,0.0
20230302:0410,0.0,0.0,0.0,2.18,0.69,0.0
20230302:0510,0.0,0.0,0.0,2.08,0.76,0.0
20230302:0610,0.0,0.0,0.0,1.94,0.9,0.0
20230302:0710,62.61,77.3,10.5,2.54,0.69,0.0
20230302:0810,211.16,220.95,19.7,4.17,0.76,0.0
20230302:0910,138.19,152.21,27.56,5.3,0.76,0.0
20230302:1010,153.07,167.92,33.42,6.76,0.55,0.0
20230302:1110,336.99,350.53,36.52,7.96,0.69,0.0
20230302:1210,485.07,502.71,36.35,9.02,1.03,0.0
20230302:1310,639.59,668.52,32.94,9.52,1.1,0.0
20230302:1410,130.14,146.94,26.85,9.67,1.1,0.0
20230302:1510,222.06,242.91,18.83,9.59,0.97,0.0
20230302:1610,73.31,103.54,9.53,9.08,1.17,0.0
20230302:1710,0.0,0.0,0.0,8.08,1.17,0.0
20230302:1810,0.0,0.0,0.0,6.51,0.97,0.0
20230302:1910,0.0,0.0,0.0,5.29,0.76,0.0
20230302:2010,0.0,0.0,0.0,5.42,0.21,0.0
20230302:2110,0.0,0.0,0.0,4.93,0.34,0.0
20230302:2210,0.0,0.0,0.0,4.46,0.62,0.0
20230302:2310,0.0,0.0,0.0,3.88,0.69,0.0
20230303:0010,0.0,0.0,0.0,3.48,0.76,0.0
20230303:0110,0.0,0.0,0.0,0.73,1.03,0.0
20230303:0210,0.0,0.0,0.0,0.91,1.24,0.0
20230303:0310,0.0,0.0,0.0,0.6,1.38,0.0
20230303:0410,0.0,0.0,0.0,0.69,1.45,0.0
20230303:0510,0.0,0.0,0.0,0.34,1.59,0.0
20230303:0610,0.0,0.0,0.0,-0.05,1.59,0.0
20230303:0710,202.2,213.36,10.82,1.01,1.24,0.0
20230303:0810,539.54,545.8,20.04,3.74,0.97,0.0
20230303:0910,676.8,707.82,27.92,6.95,0.41,0.0
20230303:1010,791.61,851.34,33.79,8.81,0.41,0.0
20230303:1110,833.12,898.22,36.9,10.02,0.9,0.0
20230303:1210,751.07,799.14,36.72,10.79,1.17,0.0
20230303:1310,679.51,715.2,33.29,11.23,1.45,0.0
20230303:1410,536.05,561.54,27.16,11.28,1.52,0.0
20230303:1510,145.4,163.89,19.11,11.04,1.59,0.0
20230303:1610,86.25,130.57,9.79,10.29,1.38,0.0
20230303:1710,0.0,0.0,0.0,9.18,1.31,0.0
20230303:1810,0.0,0.0,0.0,7.39,1.17,0.0
20230303:1910,0.0,0.0,0.0,7.31,0.97,0.0
20230303:2010,0.0,0.0,0.0,7.62,0.62,0.0
20230303:2110,0.0,0.0,0.0,7.05,0.34,0.0
20230303:2210,0.0,0.0,0.0,6.63,0.55,0.0
20230303:2310,0.0,0.0,0.0,5.34,0.9,0.0
20230304:0010,0.0,0.0,0.0,4.09,1.03,0.0
20230304:0110,0.0,0.0,0.0,3.23,1.17,0.0
20230304:0210,0.0,0.0,0.0,2.69,1.24,0.0
20230304:0310,0.0,0.0,0.0,2.01,1.31,0.0
20230304:0410,0.0,0.0,0.0,1.24,1.45,0.0
20230304:0510,0.0,0.0,0.0,0.61,1.52,0.0
20230304:0610,0.0,0.0,0.0,0.12,1.59,0.0
20230304:0710,309.73,320.29,11.15,1.6,1.31,0.0
20230304:0810,548.68,559.58,20.38,5.15,0.9,0.0
20230304:0910,700.52,738.36,28.29,7.81,0.41,0.0
20230304:1010,785.43,849.91,34.18,9.44,0.28,0.0
20230304:1110,812.63,880.1,37.29,10.51,0.69,0.0
20230304:1210,718.83,766.9,37.1,11.21,0.97,0.0
20230304:1310,682.21,723.96,33.63,11.71,1.1,0.0
20230304:1410,536.75,565.74,27.48,11.93,1.24,0.0
20230304:1510,329.12,362.29,19.39,11.88,1.24,0.0
20230304:1610,87.89,132.26,10.04,11.34,1.17,0.0
20230304:1710,0.0,0.0,0.0,10.21,0.97,0.0
20230304:1810,0.0,0.0,0.0,9.1,0.62,0.0
20230304:1910,0.0,0.0,0.0,9.16,0.28,0.0
20230304:2010,0.0,0.0,0.0,8.29,0.69,0.0
20230304:2110,0.0,0.0,0.0,6.98,1.03,0.0
20230304:2210,0.0,0.0,0.0,5.19,1.31,0.0
20230304:2310,0.0,0.0,0.0,4.08,1.45,0.0
20230305:0010,0.0,0.0,0.0,2.99,1.59,0.0
20230305:0110,0.0,0.0,0.0,1.85,1.79,0.0
20230305:0210,0.0,0.0,0.0,0.81,1.86,0.0
20230305:0310,0.0,0.0,0.0,-0.14,1.93,0.0
20230305:0410,0.0,0.0,0.0,-0.75,1.93,0.0
20230305:0510,0.0,0.0,0.0,-1.03,2.0,0.0
20230305:0610,0.0,0.0,0.0,-1.39,2.0,0.0
20230305:0710,326.49,333.04,11.47,-0.37,1.66,0.0
20230305:0810,576.41,581.71,20.72,3.98,1.45,0.0
20230305:0910,723.72,753.48,28.65,7.11,1.03,0.0
20230305:1010,801.77,866.86,34.56,9.35,0.41,0.0
20230305:1110,829.21,901.55,37.68,10.64,0.69,0.0
20230305:1210,773.54,828.33,37.47,11.35,1.17,0.0
20230305:1310,713.06,756.16,33.98,11.72,1.38,0.0
20230305:1410,545.8,573.79,27.79,11.77,1.45,0.0
20230305:1510,334.67,366.68,19.67,11.5,1.45,0.0
20230305:1610,91.51,135.85,10.3,10.85,1.17,0.0
20230305:1710,0.0,0.0,0.0,9.61,0.97,0.0
20230305:1810,0.0,0.0,0.0,9.03,0.69,0.0
20230305:1910,0.0,0.0,0.0,7.65,0.97,0.0
20230305:2010,0.0,0.0,0.0,7.31,0.83,0.0
20230305:2110,0.0,0.0,0.0,6.72,0.62,0.0
20230305:2210,0.0,0.0,0.0,5.96,0.48,0.0
20230305:2310,0.0,0.0,0.0,5.29,0.41,0.0
20230306:0010,0.0,0.0,0.0,4.79,0.55,0.0
20230306:0110,0.0,0.0,0.0,4.69,0.62,0.0
20230306:0210,0.0,0.0,0.0,4.42,0.62,0.0
20230306:0310,0.0,0.0,0.0,4.27,0.62,0.0
20230306:0410,0.0,0.0,0.0,4.28,0.48,0.0
20230306:0510,0.0,0.0,0.0,4.4,0.41,0.0
20230306:0610,0.0,0.95,1.77,4.18,0.55,0.0
20230306:0710,61.21,76.16,11.8,3.99,0.62,0.0
20230306:0810,148.19,161.23,21.07,4.63,0.55,0.0
20230306:0910,204.39,216.34,29.02,5.47,0.76,0.0
20230306:1010,320.22,330.75,34.94,6.44,0.9,0.0
20230306:1110,562.79,579.46,38.07,7.16,1.1,0.0
20230306:1210,541.6,557.01,37.85,7.46,1.24,0.0
20230306:1310,497.59,510.89,34.33,7.56,1.24,0.0
20230306:1410,424.87,438.37,28.1,7.67,1.03,0.0
20230306:1510,280.32,301.79,19.95,7.72,0.76,0.0
20230306:1610,86.21,118.86,10.56,7.58,0.55,0.0
20230306:1710,0.0,0.0,0.0,6.9,0.14,0.0
20230306:1810,0.0,0.0,0.0,6.02,0.41,0.0
20230306:1910,0.0,0.0,0.0,4.84,0.97,0.0
20230306:2010,0.0,0.0,0.0,4.58,0.97,0.0
20230306:2110,0.0,0.0,0.0,4.44,0.9,0.0
20230306:2210,0.0,0.0,0.0,4.34,0.9,0.0
20230306:2310,0.0,0.0,0.0,3.92,0.97,0.0
20230307:0010,0.0,0.0,0.0,3.54,1.03,0.0
20230307:0110,0.0,0.0,0.0,3.4,1.1,0.0
20230307:0210,0.0,0.0,0.0,3.2,1.17,0.0
20230307:0310,0.0,0.0,0.0,2.56,1.24,0.0
20230307:0410,0.0,0.0,0.0,2.17,1.24,0.0
20230307:0510,0.0,0.0,0.0,2.08,1.31,0.0
20230307:0610,0.0,3.79,2.09,2.29,1.31,0.0
20230307:0710,107.84,122.22,12.14,3.31,0.83,0.0
20230307:0810,219.65,229.8,21.42,4.82,0.76,0.0
20230307:0910,216.95,229.27,29.39,5.94,0.48,0.0
20230307:1010,366.97,380.37,35.33,6.97,0.21,0.0
20230307:1110,299.88,313.06,38.46,7.67,0.83,0.0
20230307:1210,422.39,436.56,38.23,8.18,1.03,0.0
20230307:1310,158.24,173.74,34.68,8.16,1.03,0.0
20230307:1410,114.96,131.03,28.41,7.98,0.83,0.0
20230307:1510,59.81,75.71,20.22,7.52,0.41,0.0
20230307:1610,50.13,66.75,10.81,7.16,0.34,0.0
20230307:1710,0.0,0.0,0.0,6.47,0.76,0.0
20230307:1810,0.0,0.0,0.0,5.81,0.9,0.0
20230307:1910,0.0,0.0,0.0,5.43,1.1,0.0
20230307:2010,0.0,0.0,0.0,5.12,1.17,0.0
20230307:2110,0.0,0.0,0.0,4.82,1.17,0.0
20230307:2210,0.0,0.0,0.0,4.57,1.03,0.0
20230307:2310,0.0,0.0,0.0,3.59,1.03,0.0
20230308:0010,0.0,0.0,0.0,2.97,1.1,0.0
20230308:0110,0.0,0.0,0.0,2.76,1.03,0.0
20230308:0210,0.0,0.0,0.0,2.22,1.03,0.0
20230308:0310,0.0,0.0,0.0,1.79,1.03,0.0
20230308:0410,0.0,0.0,0.0,0.92,1.24,0.0
20230308:0510,0.0,0.0,0.0,-0.82,1.31,0.0
20230308:0610,0.0,4.73,2.41,0.0,1.45,0.0
20230308:0710,217.87,228.91,12.47,2.24,0.9,0.0
20230308:0810,501.07,511.42,21.77,5.19,0.55,0.0
20230308:0910,677.4,711.38,29.76,7.19,0.28,0.0
20230308:1010,740.86,791.75,35.72,8.08,0.21,0.0
20230308:1110,486.62,508.19,38.86,9.29,0.55,0.0
20230308:1210,291.05,307.22,38.61,9.73,0.83,0.0
20230308:1310,133.58,150.45,35.02,9.83,1.17,0.0
20230308:1410,259.65,274.56,28.72,9.47,1.24,0.0
20230308:1510,205.93,224.6,20.5,9.0,0.48,0.0
20230308:1610,61.84,80.86,11.07,8.66,0.14,0.0
20230308:1710,0.0,0.0,0.0,7.96,0.41,0.0
20230308:1810,0.0,0.0,0.0,6.8,0.97,0.0
20230308:1910,0.0,0.0,0.0,6.32,1.24,0.0
20230308:2010,0.0,0.0,0.0,6.18,1.17,0.0
20230308:2110,0.0,0.0,0.0,6.03,1.17,0.0
20230308:2210,0.0,0.0,0.0,5.88,1.24,0.0
20230308:2310,0.0,0.0,0.0,5.65,1.03,0.0
20230309:0010,0.0,0.0,0.0,5.56,1.24,0.0
20230309:0110,0.0,0.0,0.0,5.46,1.17,0.0
20230309:0210,0.0,0.0,0.0,5.34,1.17,0.0
20230309:0310,0.0,0.0,0.0,5.26,1.17,0.0
20230309:0410,0.0,0.0,0.0,4.92,1.1,0.0
20230309:0510,0.0,0.0,0.0,4.11,1.03,0.0
20230309:0610,2.01,9.47,2.74,3.69,1.03,0.0
20230309:0710,310.46,324.15,12.81,4.48,0.76,0.0
20230309:0810,557.16,578.18,22.12,7.23,0.34,0.0
20230309:0910,713.3,753.41,30.13,8.97,0.69,0.0
20230309:1010,808.02,863.08,36.11,10.18,1.17,0.0
20230309:1110,794.75,859.49,39.25,11.28,0.83,0.0
20230309:1210,787.17,863.87,38.99,12.48,0.41,0.0
20230309:1310,696.71,760.67,35.37,13.43,0.21,0.0
20230309:1410,462.27,495.97,29.03,14.03,0.28,0.0
20230309:1510,334.87,372.94,20.78,14.26,0.48,0.0
20230309:1610,77.02,102.69,11.32,13.95,0.62,0.0
20230309:1710,0.0,0.0,0.0,12.69,0.69,0.0
20230309:1810,0.0,0.0,0.0,12.07,0.62,0.0
20230309:1910,0.0,0.0,0.0,11.81,0.41,0.0
20230309:2010,0.0,0.0,0.0,10.94,0.55,0.0
20230309:2110,0.0,0.0,0.0,9.87,0.69,0.0
20230309:2210,0.0,0.0,0.0,8.94,0.62,0.0
20230309:2310,0.0,0.0,0.0,8.27,0.55,0.0
20230310:0010,0.0,0.0,0.0,7.6,0.62,0.0
20230310:0110,0.0,0.0,0.0,6.98,0.83,0.0
20230310:0210,0.0,0.0,0.0,5.79,1.03,0.0
20230310:0310,0.0,0.0,0.0,5.84,0.83,0.0
20230310:0410,0.0,0.0,0.0,5.59,0.83,0.0
20230310:0510,0.0,0.0,0.0,5.7,0.97,0.0
20230310:0610,0.0,1.89,3.07,5.98,1.03,0.0
20230310:0710,18.31,31.06,13.14,6.53,0.55,0.0
20230310:0810,49.46,65.03,22.48,7.6,0.69,0.0
20230310:0910,78.81,95.12,30.51,8.13,0.76,0.0
20230310:1010,215.05,230.2,36.5,8.61,0.83,0.0
20230310:1110,576.54,605.99,39.65,10.11,0.76,0.0
20230310:1210,516.87,540.75,39.37,11.21,1.31,0.0
20230310:1310,505.11,527.25,35.72,12.02,1.79,0.0
20230310:1410,528.9,553.13,29.34,12.38,2.07,0.0
20230310:1510,342.7,374.88,21.06,12.62,1.66,0.0
20230310:1610,63.51,83.54,11.57,12.51,1.38,0.0
20230310:1710,0.0,0.0,0.0,11.29,0.55,0.0
20230310:1810,0.0,0.0,0.0,9.48,0.97,0.0
20230310:1910,0.0,0.0,0.0,8.88,0.97,0.0
20230310:2010,0.0,0.0,0.0,7.7,1.31,0.0
20230310:2110,0.0,0.0,0.0,7.13,1.66,0.0
20230310:2210,0.0,0.0,0.0,6.56,1.72,0.0
20230310:2310,0.0,0.0,0.0,5.92,1.66,0.0
20230311:0010,0.0,0.0,0.0,5.3,1.66,0.0
20230311:0110,0.0,0.0,0.0,4.51,1.72,0.0
20230311:0210,0.0,0.0,0.0,3.66,1.79,0.0
20230311:0310,0.0,0.0,0.0,2.88,1.93,0.0
20230311:0410,0.0,0.0,0.0,2.55,2.0,0.0
20230311:0510,0.0,0.0,0.0,2.61,1.93,0.0
20230311:0610,3.84,12.31,3.4,2.05,2.0,0.0
20230311:0710,64.21,79.11,13.48,4.42,1.72,0.0
20230311:0810,574.54,587.72,22.83,8.01,1.86,0.0
20230311:0910,459.88,471.06,30.88,9.61,2.41,0.0
20230311:1010,809.79,846.8,36.9,11.0,2.83,0.0
20230311:1110,879.82,930.96,40.05,12.07,2.97,0.0
20230311:1210,837.99,884.53,39.75,12.89,3.1,0.0
20230311:1310,730.79,764.99,36.06,13.42,3.17,0.0
20230311:1410,568.45,593.69,29.65,13.63,3.1,0.0
20230311:1510,341.76,372.19,21.33,13.43,2.97,0.0
20230311:1610,103.91,149.18,11.82,12.77,2.34,0.0
20230311:1710,0.0,0.0,0.0,11.58,2.21,0.0
20230311:1810,0.0,0.0,0.0,10.16,2.21,0.0
20230311:1910,0.0,0.0,0.0,9.8,2.55,0.0
20230311:2010,0.0,0.0,0.0,8.62,2.41,0.0
20230311:2110,0.0,0.0,0.0,7.54,2.28,0.0
20230311:2210,0.0,0.0,0.0,6.5,2.07,0.0
20230311:2310,0.0,0.0,0.0,5.56,1.79,0.0
20230312:0010,0.0,0.0,0.0,5.66,1.31,0.0
20230312:0110,0.0,0.0,0.0,6.37,0.83,0.0
20230312:0210,0.0,0.0,0.0,6.32,0.62,0.0
20230312:0310,0.0,0.0,0.0,5.95,0.55,0.0
20230312:0410,0.0,0.0,0.0,5.67,0.34,0.0
20230312:0510,0.0,0.0,0.0,5.4,0.34,0.0
20230312:0610,7.79,17.99,3.73,5.05,0.69,0.0
20230312:0710,346.38,362.11,13.82,5.61,0.55,0.0
20230312:0810,573.84,598.57,23.19,8.03,0.34,0.0
20230312:0910,743.85,786.48,31.26,9.11,0.9,0.0
20230312:1010,829.7,891.99,37.29,9.88,0.97,0.0
20230312:1110,859.7,935.99,40.44,10.85,0.9,0.0
20230312:1210,812.83,888.35,40.13,12.15,0.69,0.0
20230312:1310,715.76,770.1,36.41,12.87,0.9,0.0
20230312:1410,568.76,605.64,29.95,13.33,1.03,0.0
20230312:1510,347.55,381.16,21.6,13.25,1.38,0.0
20230312:1610,108.41,156.37,12.07,12.64,1.45,0.0
20230312:1710,0.0,4.73,1.9,11.45,1.31,0.0
20230312:1810,0.0,0.0,0.0,9.78,1.17,0.0
20230312:1910,0.0,0.0,0.0,9.22,1.1,0.0
20230312:2010,0.0,0.0,0.0,9.08,0.9,0.0
20230312:2110,0.0,0.0,0.0,8.81,0.76,0.0
20230312:2210,0.0,0.0,0.0,7.18,0.97,0.0
20230312:2310,0.0,0.0,0.0,6.12,1.03,0.0
20230313:0010,0.0,0.0,0.0,5.2,1.03,0.0
20230313:0110,0.0,0.0,0.0,4.1,1.1,0.0
20230313:0210,0.0,0.0,0.0,3.47,1.03,0.0
20230313:0310,0.0,0.0,0.0,3.01,1.1,0.0
20230313:0410,0.0,0.0,0.0,2.73,1.17,0.0
20230313:0510,0.0,0.0,0.0,2.66,1.1,0.0
20230313:0610,5.79,15.15,4.06,2.8,1.03,0.0
20230313:0710,125.31,140.36,14.17,5.7,0.55,0.0
20230313:0810,97.22,113.56,23.55,7.96,0.34,0.0
20230313:0910,449.32,467.49,31.64,9.59,0.62,0.0
20230313:1010,511.64,536.54,37.69,10.48,0.69,0.0
20230313:1110,760.78,818.64,40.84,11.38,0.9,0.0
20230313:1210,507.39,534.61,40.51,11.88,0.97,0.0
20230313:1310,385.55,406.01,36.75,11.93,1.03,0.0
20230313:1410,177.91,195.92,30.26,11.83,1.24,0.0
20230313:1510,145.94,164.37,21.88,11.54,1.17,0.0
20230313:1610,48.88,65.76,12.32,10.99,0.83,0.0
20230313:1710,0.0,0.95,2.13,10.34,0.55,0.0
20230313:1810,0.0,0.0,0.0,9.65,0.14,0.0
20230313:1910,0.0,0.0,0.0,8.56,0.21,0.0
20230313:2010,0.0,0.0,0.0,8.19,0.48,0.0
20230313:2110,0.0,0.0,0.0,8.02,0.69,0.0
20230313:2210,0.0,0.0,0.0,7.73,0.69,0.0
20230313:2310,0.0,0.0,0.0,7.47,0.76,0.0
20230314:0010,0.0,0.0,0.0,7.22,0.9,0.0
20230314:0110,0.0,0.0,0.0,7.02,0.9,0.0
20230314:0210,0.0,0.0,0.0,6.87,0.69,0.0
20230314:0310,0.0,0.0,0.0,6.61,0.97,0.0
20230314:0410,0.0,0.0,0.0,6.36,1.1,0.0
20230314:0510,0.0,0.0,0.0,6.11,1.17,0.0
20230314:0610,0.93,7.57,4.39,5.97,1.17,0.0
20230314:0710,15.1,27.18,14.51,5.66,1.1,0.0
20230314:0810,31.41,45.62,23.91,6.1,1.1,0.0
20230314:0910,132.41,147.53,32.02,6.75,0.76,0.0
20230314:1010,269.51,283.25,38.08,7.85,0.76,0.0
20230314:1110,386.11,403.7,41.24,9.5,0.69,0.0
20230314:1210,574.58,609.95,40.89,10.78,0.34,0.0
20230314:1310,594.6,636.0,37.1,11.5,0.14,0.0
20230314:1410,370.51,394.6,30.56,12.61,0.28,0.0
20230314:1510,168.24,188.49,22.15,12.93,0.69,0.0
20230314:1610,86.36,110.91,12.57,12.89,1.31,0.0
20230314:1710,0.0,3.79,2.37,12.09,1.66,0.0
20230314:1810,0.0,0.0,0.0,10.78,2.0,0.0
20230314:1910,0.0,0.0,0.0,9.52,2.21,0.0
20230314:2010,0.0,0.0,0.0,8.09,2.21,0.0
20230314:2110,0.0,0.0,0.0,7.13,2.21,0.0
20230314:2210,0.0,0.0,0.0,6.12,2.07,0.0
20230314:2310,0.0,0.0,0.0,5.27,2.0,0.0
20230315:0010,0.0,0.0,0.0,4.52,2.07,0.0
20230315:0110,0.0,0.0,0.0,4.2,1.93,0.0
20230315:0210,0.0,0.0,0.0,4.03,1.72,0.0
20230315:0310,0.0,0.0,0.0,3.29,1.66,0.0
20230315:0410,0.0,0.0,0.0,2.18,1.93,0.0
20230315:0510,0.0,0.0,0.0,2.11,2.69,0.0
20230315:0610,14.79,26.51,4.73,2.69,2.9,0.0
20230315:0710,399.29,406.42,14.85,4.24,2.97,0.0
20230315:0810,635.21,638.78,24.27,5.68,2.83,0.0
20230315:0910,808.31,823.73,32.4,6.7,3.1,0.0
20230315:1010,902.05,933.9,38.48,7.69,3.1,0.0
20230315:1110,931.87,976.25,41.64,8.63,2.9,0.0
20230315:1210,898.73,943.55,41.27,9.34,2.69,0.0
20230315:1310,782.25,814.11,37.44,9.84,2.55,0.0
20230315:1410,603.29,623.52,30.87,10.1,2.48,0.0
20230315:1510,313.99,335.39,22.42,9.99,2.14,0.0
20230315:1610,121.19,169.15,12.82,9.62,1.38,0.0
20230315:1710,1.93,9.47,2.61,8.53,0.83,0.0
20230315:1810,0.0,0.0,0.0,7.33,0.83,0.0
20230315:1910,0.0,0.0,0.0,5.78,1.31,0.0
20230315:2010,0.0,0.0,0.0,5.28,1.31,0.0
20230315:2110,0.0,0.0,0.0,4.11,1.45,0.0
20230315:2210,0.0,0.0,0.0,3.42,1.52,0.0
20230315:2310,0.0,0.0,0.0,2.74,1.59,0.0
20230316:0010,0.0,0.0,0.0,2.21,1.59,0.0
20230316:0110,0.0,0.0,0.0,1.91,1.59,0.0
20230316:0210,0.0,0.0,0.0,1.61,1.59,0.0
20230316:0310,0.0,0.0,0.0,1.34,1.59,0.0
20230316:0410,0.0,0.0,0.0,1.32,1.52,0.0
20230316:0510,0.0,0.0,0.0,1.19,1.45,0.0
20230316:0610,13.3,24.61,5.06,1.16,1.38,0.0
20230316:0710,379.11,386.14,15.2,1.92,1.03,0.0
20230316:0810,590.05,606.92,24.63,5.91,0.62,0.0
20230316:0910,750.63,790.61,32.78,7.64,0.76,0.0
20230316:1010,841.53,897.04,38.88,8.47,1.1,0.0
20230316:1110,880.73,944.53,42.04,9.16,1.31,0.0
20230316:1210,848.73,907.61,41.65,9.64,1.31,0.0
20230316:1310,731.47,772.97,37.79,10.01,1.17,0.0
20230316:1410,588.79,617.27,31.17,9.83,0.97,0.0
20230316:1510,357.06,385.93,22.69,9.9,0.69,0.0
20230316:1610,118.38,163.57,13.07,9.51,0.76,0.0
20230316:1710,2.48,10.41,2.84,8.8,0.69,0.0
20230316:1810,0.0,0.0,0.0,8.22,0.34,0.0
20230316:1910,0.0,0.0,0.0,7.86,0.28,0.0
20230316:2010,0.0,0.0,0.0,7.21,0.41,0.0
20230316:2110,0.0,0.0,0.0,6.58,0.69,0.0
20230316:2210,0.0,0.0,0.0,5.96,0.76,0.0
20230316:2310,0.0,0.0,0.0,5.53,0.76,0.0
20230317:0010,0.0,0.0,0.0,4.74,0.9,0.0
20230317:0110,0.0,0.0,0.0,4.11,0.97,0.0
20230317:0210,0.0,0.0,0.0,3.38,0.97,0.0
20230317:0310,0.0,0.0,0.0,2.85,0.97,0.0
20230317:0410,0.0,0.0,0.0,2.5,0.9,0.0
20230317:0510,0.0,0.0,0.0,2.15,0.9,0.0
20230317:0610,16.45,28.4,5.4,1.94,0.9,0.0
20230317:0710,350.98,361.32,15.54,3.45,0.55,0.0
20230317:0810,547.45,564.89,24.99,5.98,0.21,0.0
20230317:0910,686.87,721.27,33.16,7.0,0.34,0.0
20230317:1010,740.58,786.22,39.28,8.05,0.55,0.0
20230317:1110,675.26,714.6,42.44,8.95,0.62,0.0
20230317:1210,655.27,694.36,42.03,9.72,0.62,0.0
20230317:1310,628.63,663.32,38.13,10.23,0.76,0.0
20230317:1410,505.58,530.13,31.47,10.48,0.83,0.0
20230317:1510,307.51,331.36,22.96,10.41,0.9,0.0
20230317:1610,89.97,111.91,13.31,10.02,0.83,0.0
20230317:1710,0.44,6.63,3.08,9.33,0.76,0.0
20230317:1810,0.0,0.0,0.0,8.45,0.55,0.0
20230317:1910,0.0,0.0,0.0,7.6,0.14,0.0
20230317:2010,0.0,0.0,0.0,7.08,0.34,0.0
20230317:2110,0.0,0.0,0.0,6.49,0.55,0.0
20230317:2210,0.0,0.0,0.0,5.95,0.69,0.0
20230317:2310,0.0,0.0,0.0,5.49,0.76,0.0
20230318:0010,0.0,0.0,0.0,4.83,0.9,0.0
20230318:0110,0.0,0.0,0.0,3.76,1.1,0.0
20230318:0210,0.0,0.0,0.0,2.96,1.1,0.0
20230318:0310,0.0,0.0,0.0,2.46,1.17,0.0
20230318:0410,0.0,0.0,0.0,0.76,1.1,0.0
20230318:0510,0.0,0.0,0.0,0.71,1.1,0.0
20230318:0610,19.05,31.24,5.74,0.73,1.17,0.0
20230318:0710,391.16,401.98,15.89,3.92,0.83,0.0
20230318:0810,585.75,609.68,25.35,7.54,0.34,0.0
20230318:0910,746.62,796.55,33.54,9.33,0.55,0.0
20230318:1010,841.32,906.38,39.67,10.41,1.1,0.0
20230318:1110,870.25,942.62,42.84,11.24,1.31,0.0
20230318:1210,837.66,904.76,42.41,11.76,1.31,0.0
20230318:1310,708.09,755.02,38.47,12.2,1.17,0.0
20230318:1410,564.94,598.03,31.77,12.39,1.03,0.0
20230318:1510,241.93,263.94,23.23,12.38,0.9,0.0
20230318:1610,118.35,160.12,13.56,12.02,0.83,0.0
20230318:1710,3.01,11.36,3.31,11.25,0.76,0.0
20230318:1810,0.0,0.0,0.0,10.2,0.62,0.0
20230318:1910,0.0,0.0,0.0,9.54,0.07,0.0
20230318:2010,0.0,0.0,0.0,9.1,0.28,0.0
20230318:2110,0.0,0.0,0.0,8.53,0.62,0.0
20230318:2210,0.0,0.0,0.0,7.1,0.97,0.0
20230318:2310,0.0,0.0,0.0,5.97,1.03,0.0
20230319:0010,0.0,0.0,0.0,5.27,1.03,0.0
20230319:0110,0.0,0.0,0.0,4.75,1.1,0.0
20230319:0210,0.0,0.0,0.0,4.47,1.03,0.0
20230319:0310,0.0,0.0,0.0,4.22,1.03,0.0
20230319:0410,0.0,0.0,0.0,4.14,1.03,0.0
20230319:0510,0.0,0.0,0.0,4.07,1.03,0.0
20230319:0610,21.2,34.08,6.08,4.13,1.03,0.0
20230319:0710,341.81,354.9,16.24,5.84,0.69,0.0
20230319:0810,427.44,444.72,25.71,8.81,0.21,0.0
20230319:0910,705.0,754.43,33.92,10.15,0.34,0.0
20230319:1010,722.7,776.02,40.07,10.89,0.62,0.0
20230319:1110,454.13,478.15,43.25,11.52,0.9,0.0
20230319:1210,303.1,322.0,42.79,11.79,1.17,0.0
20230319:1310,230.13,247.96,38.81,11.49,1.17,0.0
20230319:1410,110.41,128.12,32.07,10.93,0.76,0.0
20230319:1510,76.97,94.15,23.49,10.32,0.48,0.0
20230319:1610,94.81,116.98,13.8,9.95,0.76,0.0
20230319:1710,4.27,13.25,3.54,9.44,0.9,0.0
20230319:1810,0.0,0.0,0.0,8.25,1.1,0.0
20230319:1910,0.0,0.0,0.0,7.72,0.97,0.0
20230319:2010,0.0,0.0,0.0,6.95,1.03,0.0
20230319:2110,0.0,0.0,0.0,6.5,0.97,0.0
20230319:2210,0.0,0.0,0.0,5.77,0.97,0.0
20230319:2310,0.0,0.0,0.0,4.86,1.1,0.0
20230320:0010,0.0,0.0,0.0,4.24,1.1,0.0
20230320:0110,0.0,0.0,0.0,3.99,1.1,0.0
20230320:0210,0.0,0.0,0.0,3.8,1.1,0.0
20230320:0310,0.0,0.0,0.0,3.44,1.1,0.0
20230320:0410,0.0,0.0,0.0,3.16,1.17,0.0
20230320:0510,0.0,0.0,0.0,3.05,1.17,0.0
20230320:0610,21.31,34.08,6.42,3.25,1.17,0.0
20230320:0710,383.33,392.19,16.59,3.47,0.9,0.0
20230320:0810,594.52,615.16,26.08,6.9,0.55,0.0
20230320:0910,746.59,798.85,34.3,9.58,0.48,0.0
20230320:1010,830.98,902.15,40.47,11.22,0.9,0.0
20230320:1110,862.56,942.23,43.65,12.41,1.17,0.0
20230320:1210,851.17,926.14,43.17,13.25,1.45,0.0
20230320:1310,743.09,793.43,39.15,13.68,1.79,0.0
20230320:1410,580.73,613.12,32.37,13.82,1.93,0.0
20230320:1510,366.04,397.62,23.76,13.42,1.93,0.0
20230320:1610,126.06,172.92,14.05,12.99,1.59,0.0
20230320:1710,5.46,15.15,3.78,12.01,1.38,0.0
20230320:1810,0.0,0.0,0.0,10.61,1.17,0.0
20230320:1910,0.0,0.0,0.0,9.51,1.03,0.0
20230320:2010,0.0,0.0,0.0,8.77,0.97,0.0
20230320:2110,0.0,0.0,0.0,8.74,0.83,0.0
20230320:2210,0.0,0.0,0.0,8.68,0.55,0.0
20230320:2310,0.0,0.0,0.0,8.19,0.48,0.0
20230321:0010,0.0,0.0,0.0,7.08,0.83,0.0
20230321:0110,0.0,0.0,0.0,4.72,1.03,0.0
20230321:0210,0.0,0.0,0.0,3.98,0.9,0.0
20230321:0310,0.0,0.0,0.0,4.28,1.03,0.0
20230321:0410,0.0,0.0,0.0,4.01,1.24,0.0
20230321:0510,0.0,0.0,0.0,3.48,1.31,0.0
20230321:0610,23.01,35.97,6.76,3.18,1.45,0.0
20230321:0710,0.0,0.0,0.0,6.35,0.9,0.0
20230321:0810,0.0,0.0,0.0,9.66,0.55,0.0
20230321:0910,613.38,655.81,34.69,11.76,0.28,0.0
20230321:1010,666.96,718.08,40.87,13.11,0.76,0.0
20230321:1110,805.02,881.48,44.05,14.07,1.1,0.0
20230321:1210,794.51,868.12,43.55,14.68,1.24,0.0
20230321:1310,621.11,665.94,39.49,15.07,1.31,0.0
20230321:1410,478.07,510.45,32.67,15.19,1.17,0.0
20230321:1510,276.39,303.31,24.02,14.95,1.1,0.0
20230321:1610,105.2,132.22,14.29,14.39,0.97,0.0
20230321:1710,5.41,15.15,4.01,13.55,0.62,0.0
20230321:1810,0.0,0.0,0.0,12.79,0.21,0.0
20230321:1910,0.0,0.0,0.0,12.57,0.14,0.0
20230321:2010,0.0,0.0,0.0,12.03,0.21,0.0
20230321:2110,0.0,0.0,0.0,11.28,0.69,0.0
20230321:2210,0.0,0.0,0.0,9.42,1.03,0.0
20230321:2310,0.0,0.0,0.0,8.01,1.17,0.0
20230322:0010,0.0,0.0,0.0,6.95,1.24,0.0
20230322:0110,0.0,0.0,0.0,6.04,1.31,0.0
20230322:0210,0.0,0.0,0.0,5.37,1.31,0.0
20230322:0310,0.0,0.0,0.0,4.73,1.38,0.0
20230322:0410,0.0,0.0,0.0,4.21,1.38,0.0
20230322:0510,0.0,0.0,0.0,3.79,1.38,0.0
20230322:0610,122.17,147.87,7.09,3.7,1.38,0.0
20230322:0710,0.0,0.0,0.0,7.09,0.97,0.0
20230322:0810,572.45,605.58,26.8,11.49,0.48,0.0
20230322:0910,718.8,785.85,35.07,13.42,0.28,0.0
20230322:1010,811.98,897.44,41.27,14.4,0.76,0.0
20230322:1110,847.84,942.53,44.45,15.1,0.97,0.0
20230322:1210,824.1,915.17,43.93,15.78,0.97,0.0
20230322:1310,718.19,784.83,39.83,16.21,1.03,0.0
20230322:1410,563.42,607.0,32.96,16.54,1.24,0.0
20230322:1510,363.42,401.73,24.28,16.43,1.31,0.0
20230322:1610,125.16,170.25,14.53,15.94,1.31,0.0
20230322:1710,10.12,21.77,4.24,15.04,0.83,0.0
20230322:1810,0.0,0.0,0.0,13.92,0.62,0.0
20230322:1910,0.0,0.0,0.0,13.71,0.34,0.0
20230322:2010,0.0,0.0,0.0,12.82,0.69,0.0
20230322:2110,0.0,0.0,0.0,11.79,0.76,0.0
20230322:2210,0.0,0.0,0.0,11.16,0.55,0.0
20230322:2310,0.0,0.0,0.0,10.18,0.55,0.0
20230323:0010,0.0,0.0,0.0,9.24,0.76,0.0
20230323:0110,0.0,0.0,0.0,8.31,0.97,0.0
20230323:0210,0.0,0.0,0.0,7.42,1.03,0.0
20230323:0310,0.0,0.0,0.0,7.13,1.1,0.0
20230323:0410,0.0,0.0,0.0,6.98,1.17,0.0
20230323:0510,0.0,0.0,0.0,6.81,1.24,0.0
20230323:0610,33.0,48.3,7.43,7.0,1.1,0.0
20230323:0710,76.58,93.06,17.63,8.51,0.48,0.0
20230323:0810,549.88,583.25,27.16,11.31,0.14,0.0
20230323:0910,722.23,781.77,35.45,12.7,0.55,0.0
20230323:1010,707.34,770.71,41.67,13.95,0.62,0.0
20230323:1110,805.21,886.27,44.85,14.76,1.03,0.0
20230323:1210,784.82,859.01,44.3,15.25,1.24,0.0
20230323:1310,715.22,775.13,40.16,15.47,1.24,0.0
20230323:1410,563.63,604.24,33.26,15.61,1.24,0.0
20230323:1510,338.43,371.97,24.54,15.54,1.17,0.0
20230323:1610,90.62,113.08,14.77,15.13,1.17,0.0
20230323:1710,10.89,22.72,4.47,14.27,0.97,0.0
20230323:1810,0.0,0.0,0.0,12.84,0.9,0.0
20230323:1910,0.0,0.0,0.0,12.72,0.62,0.0
20230323:2010,0.0,0.0,0.0,11.91,0.69,0.0
20230323:2110,0.0,0.0,0.0,11.31,0.62,0.0
20230323:2210,0.0,0.0,0.0,10.8,0.48,0.0
20230323:2310,0.0,0.0,0.0,10.17,0.48,0.0
20230324:0010,0.0,0.0,0.0,9.64,0.48,0.0
20230324:0110,0.0,0.0,0.0,9.28,0.34,0.0
20230324:0210,0.0,0.0,0.0,8.85,0.34,0.0
20230324:0310,0.0,0.0,0.0,8.19,0.34,0.0
20230324:0410,0.0,0.0,0.0,7.84,0.28,0.0
20230324:0510,0.0,0.0,0.0,7.72,0.34,0.0
20230324:0610,13.31,25.24,7.77,7.98,0.34,0.0
20230324:0710,50.02,66.0,17.98,8.94,0.28,0.0
20230324:0810,76.25,93.18,27.53,9.61,0.34,0.0
20230324:0910,54.39,70.86,35.83,10.13,0.55,0.0
20230324:1010,42.37,58.24,42.07,10.35,0.69,0.0
20230324:1110,68.32,85.41,45.25,10.76,0.83,0.0
20230324:1210,79.7,97.06,44.68,10.79,0.76,0.0
20230324:1310,62.53,79.59,40.5,11.16,0.76,0.0
20230324:1410,52.23,68.91,33.55,11.2,0.34,0.0
20230324:1510,49.49,66.0,24.8,11.01,0.07,0.0
20230324:1610,61.21,78.41,15.0,10.98,0.34,0.0
20230324:1710,9.65,20.83,4.7,10.61,0.41,0.0
20230324:1810,0.0,0.0,0.0,10.12,0.34,0.0
20230324:1910,0.0,0.0,0.0,9.88,0.14,0.0
20230324:2010,0.0,0.0,0.0,9.67,0.14,0.0
20230324:2110,0.0,0.0,0.0,9.35,0.34,0.0
20230324:2210,0.0,0.0,0.0,9.19,0.34,0.0
20230324:2310,0.0,0.0,0.0,9.15,0.41,0.0
20230325:0010,0.0,0.0,0.0,8.81,0.55,0.0
20230325:0110,0.0,0.0,0.0,8.39,0.55,0.0
20230325:0210,0.0,0.0,0.0,8.16,0.69,0.0
20230325:0310,0.0,0.0,0.0,7.59,0.9,0.0
20230325:0410,0.0,0.0,0.0,7.09,0.97,0.0
20230325:0510,0.0,0.0,0.0,6.27,1.17,0.0
20230325:0610,142.67,169.28,8.11,5.49,1.17,0.0
20230325:0710,415.11,430.83,18.32,7.47,0.97,0.0
20230325:0810,616.03,646.24,27.89,10.1,0.83,0.0
20230325:0910,775.78,838.76,36.21,12.0,0.83,0.0
20230325:1010,851.44,934.38,42.47,13.59,1.17,0.0
20230325:1110,897.42,983.71,45.65,14.59,1.86,0.0
20230325:1210,877.48,957.1,45.06,15.32,2.14,0.0
20230325:1310,677.68,722.29,40.83,15.58,2.34,0.0
20230325:1410,476.15,504.62,33.84,15.62,2.28,0.0
20230325:1510,369.25,402.66,25.06,15.41,2.21,0.0
20230325:1610,130.39,168.69,15.24,14.87,1.79,0.0
20230325:1710,10.92,22.72,4.93,13.77,1.38,0.0
20230325:1810,0.0,0.0,0.0,11.58,1.24,0.0
20230325:1910,0.0,0.0,0.0,11.38,1.1,0.0
20230325:2010,0.0,0.0,0.0,10.16,1.24,0.0
20230325:2110,0.0,0.0,0.0,8.53,1.38,0.0
20230325:2210,0.0,0.0,0.0,7.27,1.52,0.0
20230325:2310,0.0,0.0,0.0,6.0,1.66,0.0
20230326:0010,0.0,0.0,0.0,5.16,1.79,0.0
20230326:0110,0.0,0.0,0.0,4.63,1.79,0.0
20230326:0210,0.0,0.0,0.0,4.52,1.86,0.0
20230326:0310,0.0,0.0,0.0,4.54,1.79,0.0
20230326:0410,0.0,0.0,0.0,3.97,1.59,0.0
20230326:0510,0.0,0.0,0.0,4.1,1.38,0.0
20230326:0610,125.27,148.65,8.45,4.57,1.03,0.0
20230326:0710,149.07,163.87,18.67,6.93,0.69,0.0
20230326:0810,384.1,399.24,28.25,9.83,0.97,0.0
20230326:0910,192.33,209.77,36.59,10.88,0.97,0.0
20230326:1010,99.37,117.45,42.86,11.83,0.83,0.0
20230326:1110,125.06,143.65,46.05,12.18,0.55,0.0
20230326:1210,91.63,109.68,45.43,11.84,0.55,0.0
20230326:1310,92.73,110.65,41.16,11.57,0.62,0.0
20230326:1410,121.67,139.77,34.13,11.4,0.55,0.0
20230326:1510,70.91,88.33,25.31,11.38,0.62,0.0
20230326:1610,138.95,184.9,15.48,11.11,0.34,0.0
20230326:1710,15.69,28.4,5.15,10.68,0.62,0.0
20230326:1810,0.0,0.0,0.0,9.84,0.55,0.0
20230326:1910,0.0,0.0,0.0,7.14,1.1,0.0
20230326:2010,0.0,0.0,0.0,5.8,1.31,0.0
20230326:2110,0.0,0.0,0.0,4.63,1.52,0.0
20230326:2210,0.0,0.0,0.0,3.63,1.72,0.0
20230326:2310,0.0,0.0,0.0,3.14,1.86,0.0
20230327:0010,0.0,0.0,0.0,2.86,1.93,0.0
20230327:0110,0.0,0.0,0.0,2.62,2.0,0.0
20230327:0210,0.0,0.0,0.0,2.35,2.07,0.0
20230327:0310,0.0,0.0,0.0,2.08,2.07,0.0
20230327:0410,0.0,0.0,0.0,1.87,2.0,0.0
20230327:0510,0.0,0.0,0.0,1.73,2.07,0.0
20230327:0610,189.13,214.97,8.79,1.94,2.07,0.0
20230327:0710,469.25,479.59,19.01,5.65,1.72,0.0
20230327:0810,682.37,704.74,28.61,9.25,2.14,0.0
20230327:0910,835.21,872.5,36.97,10.78,3.03,0.0
20230327:1010,937.38,986.21,43.26,11.38,3.72,0.0
20230327:1110,970.67,1022.84,46.44,11.52,4.0,0.0
20230327:1210,940.37,985.1,45.8,11.49,4.14,0.0
20230327:1310,827.52,855.62,41.49,11.29,4.21,0.0
20230327:1410,649.74,665.05,34.42,10.77,4.21,0.0
20230327:1510,418.46,440.0,25.57,9.89,4.14,0.0
20230327:1610,151.63,200.04,15.71,8.8,3.79,0.0
20230327:1710,12.08,23.67,5.38,7.66,3.03,0.0
20230327:1810,0.0,0.0,0.0,6.63,3.31,0.0
20230327:1910,0.0,0.0,0.0,5.9,3.79,0.0
20230327:2010,0.0,0.0,0.0,5.41,3.72,0.0
20230327:2110,0.0,0.0,0.0,5.06,3.59,0.0
20230327:2210,0.0,0.0,0.0,4.79,3.24,0.0
20230327:2310,0.0,0.0,0.0,4.39,2.76,0.0
20230328:0010,0.0,0.0,0.0,3.69,2.28,0.0
20230328:0110,0.0,0.0,0.0,3.33,1.93,0.0
20230328:0210,0.0,0.0,0.0,2.67,1.66,0.0
20230328:0310,0.0,0.0,0.0,2.11,1.52,0.0
20230328:0410,0.0,0.0,0.0,1.79,1.52,0.0
20230328:0510,0.0,0.0,0.0,1.57,1.52,0.0
20230328:0610,195.31,221.06,9.12,1.9,1.38,0.0
20230328:0710,457.83,464.5,19.36,3.56,1.31,0.0
20230328:0810,683.44,699.1,28.97,5.79,1.52,0.0
20230328:0910,828.74,870.25,37.35,7.36,1.45,0.0
20230328:1010,902.96,976.91,43.66,8.81,1.03,0.0
20230328:1110,907.77,1008.22,46.84,10.06,0.41,0.0
20230328:1210,872.75,964.81,46.17,10.99,0.48,0.0
20230328:1310,792.99,852.07,41.82,11.54,1.17,0.0
20230328:1410,622.66,652.59,34.7,11.34,1.72,0.0
20230328:1510,361.83,385.74,25.82,10.79,1.72,0.0
20230328:1610,150.4,199.49,15.94,10.14,1.38,0.0
20230328:1710,13.46,25.56,5.61,9.51,1.03,0.0
20230328:1810,0.0,0.0,0.0,8.17,0.62,0.0
20230328:1910,0.0,0.0,0.0,9.2,0.55,0.0
20230328:2010,0.0,0.0,0.0,8.46,0.21,0.0
20230328:2110,0.0,0.0,0.0,7.92,0.14,0.0
20230328:2210,0.0,0.0,0.0,7.33,0.28,0.0
20230328:2310,0.0,0.0,0.0,6.8,0.41,0.0
20230329:0010,0.0,0.0,0.0,6.2,0.69,0.0
20230329:0110,0.0,0.0,0.0,5.76,0.69,0.0
20230329:0210,0.0,0.0,0.0,5.22,0.76,0.0
20230329:0310,0.0,0.0,0.0,4.77,0.76,0.0
20230329:0410,0.0,0.0,0.0,4.18,0.83,0.0
20230329:0510,0.0,0.0,0.0,3.5,0.9,0.0
20230329:0610,128.44,149.36,9.46,3.42,0.83,0.0
20230329:0710,383.73,395.69,19.7,5.2,0.28,0.0
20230329:0810,603.12,630.0,29.33,7.7,0.28,0.0
20230329:0910,755.81,810.43,37.73,8.95,0.34,0.0
20230329:1010,868.32,949.19,44.05,9.94,0.62,0.0
20230329:1110,865.72,948.39,47.24,11.19,0.83,0.0
20230329:1210,859.87,942.59,46.54,12.32,0.97,0.0
20230329:1310,761.68,823.22,42.15,13.04,1.03,0.0
20230329:1410,599.07,636.48,34.99,13.34,1.24,0.0
20230329:1510,386.49,418.92,26.07,13.18,1.31,0.0
20230329:1610,144.48,192.27,16.18,12.9,1.24,0.0
20230329:1710,15.56,28.4,5.83,12.19,0.69,0.0
20230329:1810,0.0,0.0,0.0,11.52,0.21,0.0
20230329:1910,0.0,0.0,0.0,10.84,0.69,0.0
20230329:2010,0.0,0.0,0.0,9.86,0.76,0.0
20230329:2110,0.0,0.0,0.0,9.46,0.76,0.0
20230329:2210,0.0,0.0,0.0,8.81,0.34,0.0
20230329:2310,0.0,0.0,0.0,8.25,0.28,0.0
20230330:0010,0.0,0.0,0.0,7.62,0.41,0.0
20230330:0110,0.0,0.0,0.0,7.19,0.48,0.0
20230330:0210,0.0,0.0,0.0,6.37,0.76,0.0
20230330:0310,0.0,0.0,0.0,5.73,0.83,0.0
20230330:0410,0.0,0.0,0.0,5.15,0.9,0.0
20230330:0510,0.0,0.0,0.0,5.01,0.9,0.0
20230330:0610,16.79,29.12,9.8,5.0,0.9,0.0
20230330:0710,124.8,140.88,20.04,8.03,0.34,0.0
20230330:0810,61.34,77.65,29.68,8.68,0.28,0.0
20230330:0910,325.31,341.29,38.11,8.99,0.41,0.0
20230330:1010,100.46,117.45,44.44,9.39,0.48,0.0
20230330:1110,103.26,120.36,47.63,9.72,0.69,0.0
20230330:1210,114.78,132.0,46.91,9.89,0.55,0.0
20230330:1310,171.93,189.27,42.47,10.25,0.55,0.0
20230330:1410,57.98,74.74,35.27,10.51,0.28,0.0
20230330:1510,157.23,175.03,26.32,10.31,0.21,0.0
20230330:1610,28.99,43.68,16.41,10.19,0.55,0.0
20230330:1710,11.16,22.72,6.06,10.0,0.62,0.0
20230330:1810,0.0,0.0,0.0,9.37,0.69,0.0
20230330:1910,0.0,0.0,0.0,9.18,0.07,0.0
20230330:2010,0.0,0.0,0.0,8.98,0.07,0.0
20230330:2110,0.0,0.0,0.0,8.83,0.07,0.0
20230330:2210,0.0,0.0,0.0,8.49,0.14,0.0
20230330:2310,0.0,0.0,0.0,8.24,0.14,0.0
20230331:0010,0.0,0.0,0.0,7.99,0.07,0.0
20230331:0110,0.0,0.0,0.0,7.68,0.21,0.0
20230331:0210,0.0,0.0,0.0,7.18,0.28,0.0
20230331:0310,0.0,0.0,0.0,6.91,0.41,0.0
20230331:0410,0.0,0.0,0.0,6.44,0.41,0.0
20230331:0510,0.0,0.0,0.0,6.51,0.48,0.0
20230331:0610,38.48,53.45,10.13,6.54,0.69,0.0
20230331:0710,107.56,123.47,20.38,7.25,0.28,0.0
20230331:0810,46.62,62.12,30.04,7.69,0.41,0.0
20230331:0910,75.92,92.21,38.48,8.03,0.55,0.0
20230331:1010,54.91,70.86,44.84,8.19,0.48,0.0
20230331:1110,63.35,79.59,48.03,8.44,0.55,0.0
20230331:1210,50.11,66.0,47.28,8.47,0.0,0.0
20230331:1310,65.12,81.53,42.8,8.7,0.21,0.0
20230331:1410,34.43,49.5,35.55,9.29,0.34,0.0
20230331:1510,34.41,49.5,26.57,9.4,0.41,0.0
20230331:1610,120.09,142.09,16.64,9.33,0.55,0.0
20230331:1710,19.83,33.13,6.28,9.1,0.69,0.0
20230331:1810,0.0,0.0,0.0,8.29,0.76,0.0
20230331:1910,0.0,0.0,0.0,7.03,1.03,0.0
20230331:2010,0.0,0.0,0.0,6.16,0.83,0.0
20230331:2110,0.0,0.0,0.0,5.73,0.55,0.0
20230331:2210,0.0,0.0,0.0,4.22,1.03,0.0
20230331:2310,0.0,0.0,0.0,3.29,1.24,0.0
20230401:0010,0.0,0.0,0.0,2.73,1.31,0.0
20230401:0110,0.0,0.0,0.0,2.23,1.45,0.0
20230401:0210,0.0,0.0,0.0,1.92,1.45,0.0
20230401:0310,0.0,0.0,0.0,1.86,1.52,0.0
20230401:0410,0.0,0.0,0.0,1.74,1.59,0.0
20230401:0510,0.0,0.0,0.0,1.78,1.59,0.0
20230401:0610,204.7,227.74,10.46,2.26,1.52,0.0
20230401:0710,471.32,482.85,20.72,5.73,1.17,0.0
20230401:0810,679.05,713.36,30.39,9.47,0.97,0.0
20230401:0910,724.4,776.2,38.85,11.8,0.97,0.0
20230401:1010,866.51,958.33,45.23,13.15,0.9,0.0
20230401:1110,530.21,565.07,48.42,14.05,1.31,0.0
20230401:1210,569.24,606.22,47.65,14.54,1.72,0.0
20230401:1310,709.61,764.72,43.12,14.68,1.45,0.0
20230401:1410,580.11,620.11,35.83,14.84,1.31,0.0
20230401:1510,370.79,404.12,26.82,14.82,1.17,0.0
20230401:1610,151.45,197.55,16.87,14.38,1.24,0.0
20230401:1710,17.79,31.24,6.5,13.56,1.1,0.0
20230401:1810,0.0,0.0,0.0,11.3,1.24,0.0
20230401:1910,0.0,0.0,0.0,9.31,1.38,0.0
20230401:2010,0.0,0.0,0.0,7.68,1.59,0.0
20230401:2110,0.0,0.0,0.0,6.13,1.79,0.0
20230401:2210,0.0,0.0,0.0,4.98,1.93,0.0
20230401:2310,0.0,0.0,0.0,4.29,2.07,0.0
20230402:0010,0.0,0.0,0.0,3.86,2.07,0.0
20230402:0110,0.0,0.0,0.0,3.45,2.0,0.0
20230402:0210,0.0,0.0,0.0,3.06,1.93,0.0
20230402:0310,0.0,0.0,0.0,2.76,1.86,0.0
20230402:0410,0.0,0.0,0.0,2.29,1.79,0.0
20230402:0510,0.0,0.0,0.0,2.02,1.72,0.0
20230402:0610,201.87,224.22,10.79,2.66,1.45,0.0
20230402:0710,471.34,484.07,21.06,6.89,1.45,0.0
20230402:0810,671.83,707.96,30.74,10.23,0.97,0.0
20230402:0910,800.3,879.86,39.23,11.98,0.34,0.0
20230402:1010,880.58,984.95,45.62,13.01,0.55,0.0
20230402:1110,712.57,781.83,48.81,13.84,0.48,0.0
20230402:1210,362.3,389.96,48.01,14.69,0.62,0.0
20230402:1310,295.95,320.52,43.44,15.16,0.83,0.0
20230402:1410,35.13,51.44,36.1,15.4,0.9,0.0
20230402:1510,394.86,432.99,27.06,15.54,1.03,0.0
20230402:1610,152.7,198.5,17.09,15.25,1.03,0.0
20230402:1710,24.96,39.76,6.72,14.24,0.76,0.0
20230402:1810,0.0,0.0,0.0,12.57,0.83,0.0
20230402:1910,0.0,0.0,0.0,12.74,0.14,0.0
20230402:2010,0.0,0.0,0.0,12.11,0.07,0.0
20230402:2110,0.0,0.0,0.0,11.42,0.21,0.0
20230402:2210,0.0,0.0,0.0,10.67,0.69,0.0
20230402:2310,0.0,0.0,0.0,7.83,1.38,0.0
20230403:0010,0.0,0.0,0.0,5.87,1.59,0.0
20230403:0110,0.0,0.0,0.0,4.93,1.79,0.0
20230403:0210,0.0,0.0,0.0,4.32,1.93,0.0
20230403:0310,0.0,0.0,0.0,3.96,2.0,0.0
20230403:0410,0.0,0.0,0.0,3.77,2.0,0.0
20230403:0510,0.0,0.0,0.0,3.68,2.0,0.0
20230403:0610,205.25,228.57,11.12,4.38,1.72,0.0
20230403:0710,474.67,491.07,21.4,8.36,1.38,0.0
20230403:0810,674.05,710.61,31.09,11.51,1.38,0.0
20230403:0910,815.23,887.04,39.6,12.39,0.97,0.0
20230403:1010,882.43,984.71,46.01,12.87,0.62,0.0
20230403:1110,908.19,1013.67,49.2,13.59,0.97,0.0
20230403:1210,883.86,979.99,48.37,14.01,1.1,0.0
20230403:1310,765.54,832.6,43.76,14.15,1.1,0.0
20230403:1410,625.65,666.58,36.38,13.77,1.38,0.0
20230403:1510,413.28,445.33,27.31,12.92,1.66,0.0
20230403:1610,155.21,193.92,17.32,11.98,2.0,0.0
20230403:1710,21.27,35.03,6.94,10.98,1.31,0.0
20230403:1810,0.0,0.0,0.0,9.46,1.1,0.0
20230403:1910,0.0,0.0,0.0,9.57,0.55,0.0
20230403:2010,0.0,0.0,0.0,8.49,0.62,0.0
20230403:2110,0.0,0.0,0.0,7.18,0.83,0.0
20230403:2210,0.0,0.0,0.0,6.15,0.9,0.0
20230403:2310,0.0,0.0,0.0,5.78,0.62,0.0
20230404:0010,0.0,0.0,0.0,5.28,0.28,0.0
20230404:0110,0.0,0.0,0.0,4.65,0.34,0.0
20230404:0210,0.0,0.0,0.0,3.67,0.55,0.0
20230404:0310,0.0,0.0,0.0,2.95,0.76,0.0
20230404:0410,0.0,0.0,0.0,2.51,0.9,0.0
20230404:0510,0.0,0.0,0.0,2.12,0.9,0.0
20230404:0610,33.91,47.56,11.45,1.95,0.83,0.0
20230404:0710,377.1,384.41,21.73,4.32,0.9,0.0
20230404:0810,631.73,640.14,31.44,4.73,1.59,0.0
20230404:0910,774.46,796.72,39.96,5.42,1.79,0.0
20230404:1010,925.62,971.98,46.39,6.32,2.0,0.0
20230404:1110,953.33,1006.21,49.58,6.91,2.14,0.0
20230404:1210,917.31,962.55,48.73,7.55,2.34,0.0
20230404:1310,800.87,831.47,44.07,8.35,2.34,0.0
20230404:1410,651.28,667.1,36.65,8.07,2.48,0.0
20230404:1510,420.47,441.74,27.55,8.76,2.34,0.0
20230404:1610,166.48,211.48,17.54,8.31,2.28,0.0
20230404:1710,22.48,35.97,7.16,7.7,1.86,0.0
20230404:1810,0.0,0.0,0.0,6.77,1.31,0.0
20230404:1910,0.0,0.0,0.0,6.58,1.1,0.0
20230404:2010,0.0,0.0,0.0,5.6,1.03,0.0
20230404:2110,0.0,0.0,0.0,5.22,0.97,0.0
20230404:2210,0.0,0.0,0.0,4.7,1.03,0.0
20230404:2310,0.0,0.0,0.0,4.23,1.03,0.0
20230405:0010,0.0,0.0,0.0,3.91,0.9,0.0
20230405:0110,0.0,0.0,0.0,3.53,0.83,0.0
20230405:0210,0.0,0.0,0.0,3.21,0.83,0.0
20230405:0310,0.0,0.0,0.0,3.05,0.9,0.0
20230405:0410,0.0,0.0,0.0,3.08,0.97,0.0
20230405:0510,0.0,0.0,0.0,2.82,0.9,0.0
20230405:0610,142.04,159.4,11.78,2.69,0.76,0.0
20230405:0710,479.02,484.37,22.06,3.31,1.17,0.0
20230405:0810,703.25,714.78,31.79,3.96,1.45,0.0
20230405:0910,848.11,883.2,40.33,4.96,1.38,0.0
20230405:1010,915.17,973.71,46.78,5.9,1.17,0.0
20230405:1110,902.13,967.0,49.97,6.79,1.03,0.0
20230405:1210,813.74,859.09,49.09,7.68,1.38,0.0
20230405:1310,802.2,837.02,44.39,8.35,2.0,0.0
20230405:1410,642.88,661.12,36.92,8.56,2.28,0.0
20230405:1510,422.44,443.74,27.79,8.63,2.21,0.0
20230405:1610,168.1,212.12,17.77,8.28,2.21,0.0
20230405:1710,22.49,35.97,7.38,7.62,1.93,0.0
20230405:1810,0.0,0.0,0.0,6.58,1.59,0.0
20230405:1910,0.0,0.0,0.0,5.96,1.38,0.0
20230405:2010,0.0,0.0,0.0,4.53,1.17,0.0
20230405:2110,0.0,0.0,0.0,3.96,1.1,0.0
20230405:2210,0.0,0.0,0.0,3.86,0.97,0.0
20230405:2310,0.0,0.0,0.0,4.11,0.83,0.0
20230406:0010,0.0,0.0,0.0,4.08,0.69,0.0
20230406:0110,0.0,0.0,0.0,3.7,0.48,0.0
20230406:0210,0.0,0.0,0.0,3.31,0.41,0.0
20230406:0310,0.0,0.0,0.0,2.99,0.34,0.0
20230406:0410,0.0,0.0,0.0,2.68,0.34,0.0
20230406:0510,0.0,0.95,1.69,2.48,0.41,0.0
20230406:0610,210.57,231.51,12.1,2.55,0.21,0.0
20230406:0710,475.31,488.07,22.39,4.17,0.14,0.0
20230406:0810,685.25,713.01,32.13,6.05,0.55,0.0
20230406:0910,835.06,884.82,40.69,7.49,1.1,0.0
20230406:1010,915.04,981.12,47.16,8.67,1.52,0.0
20230406:1110,925.44,994.36,50.35,9.67,1.79,0.0
20230406:1210,850.76,903.16,49.45,10.44,2.14,0.0
20230406:1310,599.01,622.25,44.7,10.76,2.34,0.0
20230406:1410,526.3,545.86,37.19,10.79,2.21,0.0
20230406:1510,333.04,352.88,28.03,10.92,2.14,0.0
20230406:1610,139.62,162.87,17.99,10.51,1.86,0.0
20230406:1710,28.94,43.55,7.6,9.88,1.24,0.0
20230406:1810,0.0,0.0,0.0,8.66,0.83,0.0
20230406:1910,0.0,0.0,0.0,9.13,0.41,0.0
20230406:2010,0.0,0.0,0.0,8.46,0.14,0.0
20230406:2110,0.0,0.0,0.0,7.99,0.55,0.0
20230406:2210,0.0,0.0,0.0,7.51,0.69,0.0
20230406:2310,0.0,0.0,0.0,6.98,0.69,0.0
20230407:0010,0.0,0.0,0.0,6.48,0.69,0.0
20230407:0110,0.0,0.0,0.0,6.02,0.76,0.0
20230407:0210,0.0,0.0,0.0,5.54,0.83,0.0
20230407:0310,0.0,0.0,0.0,4.97,0.9,0.0
20230407:0410,0.0,0.0,0.0,4.3,0.97,0.0
20230407:0510,0.0,4.73,2.02,3.88,1.03,0.0
20230407:0610,223.91,246.4,12.42,4.27,0.83,0.0
20230407:0710,74.81,90.27,22.72,5.71,0.41,0.0
20230407:0810,378.12,392.53,32.47,7.62,0.21,0.0
20230407:0910,314.77,329.96,41.05,8.07,0.34,0.0
20230407:1010,296.04,313.23,47.54,8.74,0.07,0.0
20230407:1110,152.4,168.89,50.74,8.85,0.34,0.0
20230407:1210,300.69,316.24,49.8,8.67,0.83,0.0
20230407:1310,410.41,426.76,45.01,8.84,1.1,0.0
20230407:1410,420.57,438.2,37.46,9.07,0.83,0.0
20230407:1510,151.19,167.89,28.27,9.07,0.34,0.0
20230407:1610,119.04,137.79,18.21,8.74,0.97,0.0
20230407:1710,34.41,49.23,7.82,8.13,1.17,0.0
20230407:1810,0.0,0.0,0.0,7.08,1.24,0.0
20230407:1910,0.0,0.0,0.0,7.0,0.9,0.0
20230407:2010,0.0,0.0,0.0,6.73,0.62,0.0
20230407:2110,0.0,0.0,0.0,6.28,0.41,0.0
20230407:2210,0.0,0.0,0.0,5.75,0.48,0.0
20230407:2310,0.0,0.0,0.0,4.9,0.76,0.0
20230408:0010,0.0,0.0,0.0,4.31,0.9,0.0
20230408:0110,0.0,0.0,0.0,3.78,1.03,0.0
20230408:0210,0.0,0.0,0.0,3.15,1.17,0.0
20230408:0310,0.0,0.0,0.0,2.56,1.31,0.0
20230408:0410,0.0,0.0,0.0,1.97,1.45,0.0
20230408:0510,0.51,6.63,2.34,1.25,1.59,0.0
20230408:0610,232.26,250.68,12.74,1.54,1.52,0.0
20230408:0710,494.02,505.14,23.05,6.08,1.31,0.0
20230408:0810,691.6,722.11,32.81,8.49,1.1,0.0
20230408:0910,813.94,882.86,41.41,10.68,0.69,0.0
20230408:1010,888.27,989.61,47.92,12.35,0.62,0.0
20230408:1110,867.32,969.84,51.12,13.47,0.62,0.0
20230408:1210,415.87,445.71,50.15,14.14,0.69,0.0
20230408:1310,421.12,451.95,45.31,14.57,0.62,0.0
20230408:1410,554.13,598.43,37.72,15.07,0.55,0.0
20230408:1510,285.7,312.34,28.5,15.27,0.69,0.0
20230408:1610,129.28,153.98,18.43,15.12,0.48,0.0
20230408:1710,32.5,48.28,8.03,14.2,0.9,0.0
20230408:1810,0.0,0.0,0.0,12.62,0.97,0.0
20230408:1910,0.0,0.0,0.0,10.3,1.17,0.0
20230408:2010,0.0,0.0,0.0,9.23,1.17,0.0
20230408:2110,0.0,0.0,0.0,8.47,1.03,0.0
20230408:2210,0.0,0.0,0.0,8.09,0.83,0.0
20230408:2310,0.0,0.0,0.0,7.85,0.69,0.0
20230409:0010,0.0,0.0,0.0,7.36,0.48,0.0
20230409:0110,0.0,0.0,0.0,7.0,0.28,0.0
20230409:0210,0.0,0.0,0.0,6.72,0.21,0.0
20230409:0310,0.0,0.0,0.0,6.48,0.14,0.0
20230409:0410,0.0,0.0,0.0,6.25,0.07,0.0
20230409:0510,1.44,8.52,2.66,5.93,0.07,0.0
20230409:0610,221.48,244.94,13.06,5.67,0.14,0.0
20230409:0710,336.98,350.84,23.37,7.62,0.34,0.0
20230409:0810,546.4,565.43,33.15,9.1,1.24,0.0
20230409:0910,645.61,676.2,41.77,10.15,1.45,0.0
20230409:1010,630.38,665.09,48.29,11.06,1.38,0.0
20230409:1110,763.0,817.63,51.49,11.38,1.38,0.0
20230409:1210,836.05,904.97,50.5,11.92,1.38,0.0
20230409:1310,763.18,818.04,45.62,12.86,1.52,0.0
20230409:1410,588.21,622.43,37.99,12.9,1.38,0.0
20230409:1510,389.81,418.71,28.74,13.17,1.66,0.0
20230409:1610,168.67,214.84,18.65,12.82,1.93,0.0
20230409:1710,26.1,40.71,8.25,12.02,1.59,0.0
20230409:1810,0.0,0.0,0.0,10.89,1.38,0.0
20230409:1910,0.0,0.0,0.0,9.79,1.45,0.0
20230409:2010,0.0,0.0,0.0,8.16,1.52,0.0
20230409:2110,0.0,0.0,0.0,7.23,1.38,0.0
20230409:2210,0.0,0.0,0.0,6.91,1.17,0.0
20230409:2310,0.0,0.0,0.0,6.84,0.97,0.0
20230410:0010,0.0,0.0,0.0,6.61,0.83,0.0
20230410:0110,0.0,0.0,0.0,6.54,0.69,0.0
20230410:0210,0.0,0.0,0.0,6.72,0.41,0.0
20230410:0310,0.0,0.0,0.0,6.32,0.0,0.0
20230410:0410,0.0,0.0,0.0,5.92,0.28,0.0
20230410:0510,0.0,1.89,2.97,5.42,0.48,0.0
20230410:0610,166.45,185.26,13.37,5.35,0.34,0.0
20230410:0710,441.24,455.99,23.69,7.22,0.62,0.0
20230410:0810,633.73,662.14,33.48,8.13,0.62,0.0
20230410:0910,809.86,869.57,42.12,9.22,0.76,0.0
20230410:1010,904.6,986.02,48.66,10.25,1.1,0.0
20230410:1110,813.85,880.07,51.87,11.44,1.24,0.0
20230410:1210,813.67,882.36,50.85,12.0,1.17,0.0
20230410:1310,768.28,828.73,45.92,12.56,1.1,0.0
20230410:1410,490.25,519.69,38.25,13.11,1.03,0.0
20230410:1510,311.58,335.72,28.97,12.92,0.9,0.0
20230410:1610,124.81,146.3,18.87,12.86,0.97,0.0
20230410:1710,37.15,53.02,8.46,12.26,0.97,0.0
20230410:1810,0.0,0.0,0.0,11.12,0.97,0.0
20230410:1910,0.0,0.0,0.0,10.36,0.62,0.0
20230410:2010,0.0,0.0,0.0,10.15,0.41,0.0
20230410:2110,0.0,0.0,0.0,9.65,0.34,0.0
20230410:2210,0.0,0.0,0.0,9.0,0.62,0.0
20230410:2310,0.0,0.0,0.0,8.19,0.62,0.0
20230411:0010,0.0,0.0,0.0,7.61,0.62,0.0
20230411:0110,0.0,0.0,0.0,6.86,0.83,0.0
20230411:0210,0.0,0.0,0.0,6.4,0.83,0.0
20230411:0310,0.0,0.0,0.0,6.13,0.9,0.0
20230411:0410,0.0,0.0,0.0,5.92,0.9,0.0
20230411:0510,1.98,9.47,3.29,5.66,0.9,0.0
20230411:0610,205.46,226.47,13.69,6.1,0.69,0.0
20230411:0710,417.36,435.85,24.01,8.76,0.28,0.0
20230411:0810,643.42,684.3,33.81,10.25,0.28,0.0
20230411:0910,719.94,774.85,42.47,11.09,0.55,0.0
20230411:1010,747.14,817.55,49.03,12.28,0.41,0.0
20230411:1110,852.1,946.18,52.24,13.4,0.76,0.0
20230411:1210,763.9,834.62,51.2,14.35,1.1,0.0
20230411:1310,705.25,762.9,46.22,15.06,1.31,0.0
20230411:1410,575.59,617.44,38.51,15.71,1.31,0.0
20230411:1510,391.19,427.04,29.2,15.99,1.31,0.0
20230411:1610,168.28,217.23,19.08,15.77,1.45,0.0
20230411:1710,28.16,43.55,8.68,15.11,1.1,0.0
20230411:1810,0.0,0.0,0.0,13.71,0.9,0.0
20230411:1910,0.0,0.0,0.0,12.16,0.55,0.0
20230411:2010,0.0,0.0,0.0,11.43,0.55,0.0
20230411:2110,0.0,0.0,0.0,10.96,0.62,0.0
20230411:2210,0.0,0.0,0.0,10.18,0.69,0.0
20230411:2310,0.0,0.0,0.0,9.5,0.62,0.0
20230412:0010,0.0,0.0,0.0,9.06,0.48,0.0
20230412:0110,0.0,0.0,0.0,8.83,0.55,0.0
20230412:0210,0.0,0.0,0.0,8.25,0.69,0.0
20230412:0310,0.0,0.0,0.0,6.96,0.97,0.0
20230412:0410,0.0,0.0,0.0,6.7,0.97,0.0
20230412:0510,0.0,2.84,3.6,7.17,0.69,0.0
20230412:0610,12.53,24.27,14.0,7.79,0.34,0.0
20230412:0710,33.57,48.53,24.32,9.11,0.34,0.0
20230412:0810,59.2,75.71,34.14,9.63,0.48,0.0
20230412:0910,145.84,163.06,42.82,10.24,0.83,0.0
20230412:1010,73.16,90.27,49.4,10.56,1.03,0.0
20230412:1110,75.03,92.21,52.61,10.62,0.97,0.0
20230412:1210,103.68,121.33,51.54,11.04,1.1,0.0
20230412:1310,185.71,203.83,46.52,11.71,1.17,0.0
20230412:1410,98.59,116.47,38.76,11.57,1.03,0.0
20230412:1510,63.33,80.56,29.43,11.65,0.9,0.0
20230412:1610,28.8,43.68,19.3,11.5,0.83,0.0
20230412:1710,8.91,19.88,8.89,11.16,0.69,0.0
20230412:1810,0.0,0.0,0.0,10.66,0.69,0.0
20230412:1910,0.0,0.0,0.0,8.73,0.28,0.0
20230412:2010,0.0,0.0,0.0,8.47,0.62,0.0
20230412:2110,0.0,0.0,0.0,8.3,0.83,0.0
20230412:2210,0.0,0.0,0.0,8.08,0.69,0.0
20230412:2310,0.0,0.0,0.0,8.04,0.62,0.0
20230413:0010,0.0,0.0,0.0,7.93,0.76,0.0
20230413:0110,0.0,0.0,0.0,7.91,0.55,0.0
20230413:0210,0.0,0.0,0.0,7.91,0.48,0.0
20230413:0310,0.0,0.0,0.0,7.95,0.48,0.0
20230413:0410,0.0,0.0,0.0,7.72,0.55,0.0
20230413:0510,3.09,11.36,3.91,7.74,0.83,0.0
20230413:0610,128.24,146.03,14.3,7.74,1.1,0.0
20230413:0710,413.51,425.91,24.63,8.08,1.38,0.0
20230413:0810,675.9,699.34,34.46,9.03,1.86,0.0
20230413:0910,444.22,457.32,43.17,9.91,2.83,0.0
20230413:1010,230.33,245.93,49.77,10.94,3.38,0.0
20230413:1110,122.81,139.77,52.98,10.74,3.1,0.0
20230413:1210,361.06,375.61,51.88,10.01,2.62,0.0
20230413:1310,262.8,276.66,46.81,9.19,2.48,0.0
20230413:1410,149.66,165.01,39.02,8.57,2.41,0.0
20230413:1510,112.19,128.12,29.65,8.29,2.14,0.0
20230413:1610,83.35,99.66,19.51,8.2,1.86,0.0
20230413:1710,32.69,47.34,9.1,8.1,1.93,0.0
20230413:1810,0.0,0.0,0.0,7.57,1.66,0.0
20230413:1910,0.0,0.0,0.0,7.59,1.79,0.0
20230413:2010,0.0,0.0,0.0,7.02,1.93,0.0
20230413:2110,0.0,0.0,0.0,6.3,1.86,0.0
20230413:2210,0.0,0.0,0.0,5.43,1.72,0.0
20230413:2310,0.0,0.0,0.0,4.91,1.66,0.0
20230414:0010,0.0,0.0,0.0,4.5,1.66,0.0
20230414:0110,0.0,0.0,0.0,4.22,1.72,0.0
20230414:0210,0.0,0.0,0.0,3.69,1.79,0.0
20230414:0310,0.0,0.0,0.0,3.29,1.86,0.0
20230414:0410,0.0,0.0,0.0,2.96,1.93,0.0
20230414:0510,9.36,19.88,4.21,2.75,2.0,0.0
20230414:0610,283.68,302.97,14.6,3.88,2.07,0.0
20230414:0710,530.35,543.67,24.94,7.74,1.86,0.0
20230414:0810,730.84,754.58,34.78,9.65,2.69,0.0
20230414:0910,809.56,845.76,43.51,11.08,3.17,0.0
20230414:1010,916.85,976.36,50.13,12.17,3.1,0.0
20230414:1110,967.58,1044.35,53.35,12.94,2.9,0.0
20230414:1210,916.19,991.12,52.22,13.77,2.55,0.0
20230414:1310,785.26,841.66,47.11,14.3,2.21,0.0
20230414:1410,650.98,690.94,39.27,14.54,2.14,0.0
20230414:1510,428.73,462.67,29.88,14.45,1.86,0.0
20230414:1610,182.87,234.54,19.72,14.11,1.52,0.0
20230414:1710,27.55,42.6,9.31,13.5,0.97,0.0
20230414:1810,0.0,0.0,0.0,11.96,0.9,0.0
20230414:1910,0.0,0.0,0.0,10.19,1.17,0.0
20230414:2010,0.0,0.0,0.0,10.33,0.97,0.0
20230414:2110,0.0,0.0,0.0,9.93,0.83,0.0
20230414:2210,0.0,0.0,0.0,8.35,1.03,0.0
20230414:2310,0.0,0.0,0.0,5.75,1.38,0.0
20230415:0010,0.0,0.0,0.0,4.14,1.59,0.0
20230415:0110,0.0,0.0,0.0,3.27,1.72,0.0
20230415:0210,0.0,0.0,0.0,2.71,1.79,0.0
20230415:0310,0.0,0.0,0.0,2.37,1.79,0.0
20230415:0410,0.0,0.0,0.0,2.25,1.66,0.0
20230415:0510,9.38,19.88,4.51,2.3,1.59,0.0
20230415:0610,110.52,125.42,14.9,3.81,1.17,0.0
20230415:0710,188.97,203.24,25.25,7.59,0.83,0.0
20230415:0810,621.49,656.85,35.1,9.79,0.41,0.0
20230415:0910,804.92,882.72,43.84,11.53,0.41,0.0
20230415:1010,769.35,843.83,50.49,12.8,0.62,0.0
20230415:1110,846.81,940.74,53.71,13.73,0.83,0.0
20230415:1210,692.91,752.5,52.55,14.3,1.03,0.0
20230415:1310,135.32,155.3,47.4,14.46,0.97,0.0
20230415:1410,355.82,381.37,39.52,14.58,0.97,0.0
20230415:1510,365.04,395.22,30.1,14.84,1.24,0.0
20230415:1610,175.89,215.46,19.93,14.27,1.66,0.0
20230415:1710,34.92,50.87,9.52,13.61,1.31,0.0
20230415:1810,0.0,0.0,0.0,12.32,1.52,0.0
20230415:1910,0.0,0.0,0.0,10.65,2.0,0.0
20230415:2010,0.0,0.0,0.0,8.69,1.66,0.0
20230415:2110,0.0,0.0,0.0,8.26,1.31,0.0
20230415:2210,0.0,0.0,0.0,8.23,1.17,0.0
20230415:2310,0.0,0.0,0.0,7.46,1.24,0.0
20230416:0010,0.0,0.0,0.0,6.37,1.38,0.0
20230416:0110,0.0,0.0,0.0,5.74,1.38,0.0
20230416:0210,0.0,0.0,0.0,5.04,1.45,0.0
20230416:0310,0.0,0.0,0.0,4.68,1.45,0.0
20230416:0410,0.0,0.0,0.0,4.55,1.45,0.0
20230416:0510,12.3,23.67,4.81,4.3,1.52,0.0
20230416:0610,278.81,299.66,15.2,5.27,1.38,0.0
20230416:0710,516.65,536.21,25.55,9.88,1.52,0.0
20230416:0810,718.49,756.73,35.42,11.82,1.86,0.0
20230416:0910,845.12,907.43,44.18,13.17,2.14,0.0
20230416:1010,768.73,825.06,50.84,14.26,2.28,0.0
20230416:1110,686.15,733.11,54.07,15.3,2.62,0.0
20230416:1210,488.2,519.03,52.89,16.26,2.9,0.0
20230416:1310,374.04,399.47,47.68,16.6,3.03,0.0
20230416:1410,507.59,536.72,39.77,16.37,3.24,0.0
20230416:1510,416.4,448.5,30.33,16.19,3.31,0.0
20230416:1610,177.39,217.18,20.14,15.33,2.9,0.0
20230416:1710,19.09,34.54,9.73,14.36,2.14,0.0
20230416:1810,0.0,0.0,0.0,12.88,1.79,0.0
20230416:1910,0.0,0.0,0.0,10.97,1.52,0.0
20230416:2010,0.0,0.0,0.0,11.54,0.83,0.0
20230416:2110,0.0,0.0,0.0,11.09,0.55,0.0
20230416:2210,0.0,0.0,0.0,10.24,0.76,0.0
20230416:2310,0.0,0.0,0.0,8.47,1.1,0.0
20230417:0010,0.0,0.0,0.0,7.24,1.24,0.0
20230417:0110,0.0,0.0,0.0,6.42,1.31,0.0
20230417:0210,0.0,0.0,0.0,5.82,1.31,0.0
20230417:0310,0.0,0.0,0.0,5.14,1.31,0.0
20230417:0410,0.0,0.0,0.0,4.62,1.38,0.0
20230417:0510,13.85,25.56,5.11,4.37,1.45,0.0
20230417:0610,275.05,295.42,15.49,5.38,1.31,0.0
20230417:0710,518.53,539.94,25.84,9.99,1.24,0.0
20230417:0810,711.6,758.89,35.73,12.1,1.1,0.0
20230417:0910,835.81,920.87,44.51,13.63,0.9,0.0
20230417:1010,891.2,1011.22,51.2,14.57,0.48,0.0
20230417:1110,916.04,1044.39,54.42,15.16,0.62,0.0
20230417:1210,850.36,956.51,53.22,15.57,0.69,0.0
20230417:1310,774.91,856.49,47.97,16.04,0.9,0.0
20230417:1410,608.32,658.46,40.01,16.06,0.97,0.0
20230417:1510,407.86,445.81,30.55,16.07,1.03,0.0
20230417:1610,181.88,231.65,20.35,15.78,1.45,0.0
20230417:1710,23.97,40.8,9.94,15.14,1.59,0.0
20230417:1810,0.0,0.0,0.0,13.75,1.52,0.0
20230417:1910,0.0,0.0,0.0,11.69,1.1,0.0
20230417:2010,0.0,0.0,0.0,11.31,0.9,0.0
20230417:2110,0.0,0.0,0.0,11.18,0.55,0.0
20230417:2210,0.0,0.0,0.0,10.43,0.48,0.0
20230417:2310,0.0,0.0,0.0,9.75,0.83,0.0
20230418:0010,0.0,0.0,0.0,7.71,1.1,0.0
20230418:0110,0.0,0.0,0.0,6.0,1.31,0.0
20230418:0210,0.0,0.0,0.0,5.17,1.38,0.0
20230418:0310,0.0,0.0,0.0,4.77,1.52,0.0
20230418:0410,0.0,0.0,0.0,4.22,1.59,0.0
20230418:0510,11.57,22.72,5.4,3.66,1.66,0.0
20230418:0610,123.13,138.65,15.78,5.55,1.45,0.0
20230418:0710,468.33,485.6,26.14,9.73,1.38,0.0
20230418:0810,701.84,747.76,36.03,12.59,1.24,0.0
20230418:0910,815.33,900.58,44.84,14.41,0.83,0.0
20230418:1010,871.24,994.64,51.54,15.58,0.34,0.0
20230418:1110,755.15,838.96,54.78,16.44,0.9,0.0
20230418:1210,445.72,481.88,53.54,16.65,1.1,0.0
20230418:1310,123.48,144.62,48.25,16.73,1.1,0.0
20230418:1410,39.24,56.3,40.26,16.8,0.76,0.0
20230418:1510,31.42,47.56,30.77,16.8,0.83,0.0
20230418:1610,86.32,106.44,20.56,16.68,0.9,0.0
20230418:1710,42.37,59.88,10.14,16.28,0.9,0.0
20230418:1810,0.0,0.0,0.0,14.74,1.1,0.0
20230418:1910,0.0,0.0,0.0,14.36,0.76,0.0
20230418:2010,0.0,0.0,0.0,12.95,0.9,0.0
20230418:2110,0.0,0.0,0.0,11.5,1.03,0.0
20230418:2210,0.0,0.0,0.0,10.6,1.1,0.0
20230418:2310,0.0,0.0,0.0,10.15,0.97,0.0
20230419:0010,0.0,0.0,0.0,10.23,0.69,0.0
20230419:0110,0.0,0.0,0.0,8.93,0.9,0.0
20230419:0210,0.0,0.0,0.0,7.41,1.1,0.0
20230419:0310,0.0,0.0,0.0,6.24,1.17,0.0
20230419:0410,0.0,0.0,0.0,5.35,1.24,0.0
20230419:0510,17.01,29.35,5.69,4.85,1.24,0.0
20230419:0610,279.36,301.38,16.07,6.58,0.9,0.0
20230419:0710,510.17,535.87,26.43,11.16,0.9,0.0
20230419:0810,689.15,747.39,36.34,13.33,0.41,0.0
20230419:0910,816.1,911.36,45.16,14.43,0.41,0.0
20230419:1010,884.91,998.36,51.89,15.58,0.83,0.0
20230419:1110,922.32,1043.55,55.13,16.38,1.17,0.0
20230419:1210,884.7,994.29,53.87,17.2,1.31,0.0
20230419:1310,770.12,850.52,48.53,17.85,1.38,0.0
20230419:1410,578.6,628.58,40.5,18.12,1.31,0.0
20230419:1510,388.43,427.26,30.98,18.33,1.38,0.0
20230419:1610,178.24,221.58,20.77,18.05,1.31,0.0
20230419:1710,31.16,50.16,10.35,17.49,1.17,0.0
20230419:1810,0.0,0.0,0.0,15.89,0.97,0.0
20230419:1910,0.0,0.0,0.0,14.26,1.03,0.0
20230419:2010,0.0,0.0,0.0,12.23,1.24,0.0
20230419:2110,0.0,0.0,0.0,10.99,1.24,0.0
20230419:2210,0.0,0.0,0.0,10.34,1.03,0.0
20230419:2310,0.0,0.0,0.0,10.69,0.69,0.0
20230420:0010,0.0,0.0,0.0,9.55,0.21,0.0
20230420:0110,0.0,0.0,0.0,9.03,0.55,0.0
20230420:0210,0.0,0.0,0.0,8.14,0.69,0.0
20230420:0310,0.0,0.0,0.0,8.03,0.55,0.0
20230420:0410,0.0,0.0,0.0,8.2,0.55,0.0
20230420:0510,7.64,17.99,5.98,8.27,0.62,0.0
20230420:0610,30.17,44.65,16.35,8.26,0.83,0.0
20230420:0710,92.41,108.71,26.71,8.23,1.1,0.0
20230420:0810,52.92,68.91,36.63,8.7,0.76,0.0
20230420:0910,92.07,108.71,45.48,8.85,0.83,0.0
20230420:1010,60.37,76.68,52.23,9.05,1.03,0.0
20230420:1110,86.15,102.89,55.48,9.18,0.97,0.0
20230420:1210,56.52,72.8,54.19,9.38,1.17,0.0
20230420:1310,85.97,102.89,48.81,9.73,1.24,0.0
20230420:1410,63.13,79.59,40.74,9.33,1.1,0.0
20230420:1510,46.25,62.12,31.2,9.49,1.17,0.0
20230420:1610,14.81,27.18,20.97,9.18,1.31,0.0
20230420:1710,10.93,22.32,10.55,8.83,1.59,0.0
20230420:1810,0.0,0.0,0.0,8.53,1.38,0.0
20230420:1910,0.0,0.0,0.0,6.86,1.38,0.0
20230420:2010,0.0,0.0,0.0,6.83,1.38,0.0
20230420:2110,0.0,0.0,0.0,6.74,1.31,0.0
20230420:2210,0.0,0.0,0.0,6.67,1.24,0.0
20230420:2310,0.0,0.0,0.0,6.58,1.1,0.0
20230421:0010,0.0,0.0,0.0,6.56,1.03,0.0
20230421:0110,0.0,0.0,0.0,6.58,0.97,0.0
20230421:0210,0.0,0.0,0.0,6.62,0.9,0.0
20230421:0310,0.0,0.0,0.0,6.73,0.76,0.0
20230421:0410,0.0,0.0,0.0,6.79,0.62,0.0
20230421:0510,0.93,7.57,6.26,6.81,0.55,0.0
20230421:0610,33.93,48.53,16.63,7.04,0.48,0.0
20230421:0710,33.09,47.56,27.0,6.82,1.03,0.0
20230421:0810,80.1,96.09,36.93,7.43,1.1,0.0
20230421:0910,89.5,105.8,45.79,8.23,1.17,0.0
20230421:1010,64.25,80.56,52.57,8.72,0.9,0.0
20230421:1110,58.39,74.74,55.82,9.24,0.62,0.0
20230421:1210,126.39,143.65,54.51,9.93,0.48,0.0
20230421:1310,484.64,511.18,49.08,10.28,0.48,0.0
20230421:1410,266.16,283.58,40.97,10.56,0.9,0.0
20230421:1510,244.6,262.35,31.41,10.79,1.17,0.0
20230421:1610,136.48,156.0,21.17,10.94,1.31,0.0
20230421:1710,40.17,56.05,10.76,10.67,1.17,0.0
20230421:1810,0.0,0.0,0.0,10.14,1.24,0.0
20230421:1910,0.0,0.0,0.0,9.36,1.1,0.0
20230421:2010,0.0,0.0,0.0,8.53,1.1,0.0
20230421:2110,0.0,0.0,0.0,7.99,1.1,0.0
20230421:2210,0.0,0.0,0.0,7.31,1.17,0.0
20230421:2310,0.0,0.0,0.0,7.26,1.17,0.0
20230422:0010,0.0,0.0,0.0,6.82,1.31,0.0
20230422:0110,0.0,0.0,0.0,6.59,1.31,0.0
20230422:0210,0.0,0.0,0.0,6.24,1.38,0.0
20230422:0310,0.0,0.0,0.0,5.82,1.38,0.0
20230422:0410,0.0,0.0,0.0,5.36,1.45,0.0
20230422:0510,20.28,33.13,6.54,4.96,1.45,0.0
20230422:0610,184.17,200.5,16.9,6.52,1.31,0.0
20230422:0710,238.77,253.9,27.27,9.61,1.1,0.0
20230422:0810,428.53,450.34,37.22,11.54,0.83,0.0
20230422:0910,564.13,602.63,46.11,12.51,0.55,0.0
20230422:1010,808.28,899.51,52.9,13.11,0.34,0.0
20230422:1110,659.08,717.79,56.16,13.7,0.55,0.0
20230422:1210,551.6,596.54,54.82,14.24,0.48,0.0
20230422:1310,333.1,358.74,49.35,14.33,0.62,0.0
20230422:1410,422.45,449.93,41.21,13.85,0.97,0.0
20230422:1510,296.13,320.0,31.62,13.89,0.97,0.0
20230422:1610,148.45,171.29,21.37,13.64,0.97,0.0
20230422:1710,51.04,69.53,10.96,13.35,0.83,0.0
20230422:1810,0.0,0.0,0.0,12.5,0.97,0.0
20230422:1910,0.0,0.0,0.0,12.39,0.83,0.0
20230422:2010,0.0,0.0,0.0,11.35,0.97,0.0
20230422:2110,0.0,0.0,0.0,10.62,1.03,0.0
20230422:2210,0.0,0.0,0.0,9.83,1.17,0.0
20230422:2310,0.0,0.0,0.0,9.33,1.17,0.0
20230423:0010,0.0,0.0,0.0,8.72,1.17,0.0
20230423:0110,0.0,0.0,0.0,8.62,1.1,0.0
20230423:0210,0.0,0.0,0.0,8.33,1.1,0.0
20230423:0310,0.0,0.0,0.0,8.27,1.1,0.0
20230423:0410,0.0,0.0,0.0,7.87,1.17,0.0
20230423:0510,26.7,40.71,6.81,7.6,1.17,0.0
20230423:0610,109.09,126.29,17.17,9.0,0.76,0.0
20230423:0710,186.67,205.32,27.55,12.17,0.55,0.0
20230423:0810,154.3,173.74,37.51,13.15,0.69,0.0
20230423:0910,423.41,449.91,46.41,13.78,1.17,0.0
20230423:1010,629.51,675.02,53.23,14.26,1.45,0.0
20230423:1110,712.93,773.22,56.5,15.21,1.59,0.0
20230423:1210,817.72,894.21,55.13,15.2,1.66,0.0
20230423:1310,420.54,449.95,49.62,15.47,1.52,0.0
20230423:1410,159.54,180.54,41.44,15.6,1.38,0.0
20230423:1510,148.89,169.69,31.83,15.39,1.1,0.0
20230423:1610,36.03,52.41,21.57,15.25,0.83,0.0
20230423:1710,9.11,20.38,11.16,14.51,0.62,0.0
20230423:1810,0.0,0.0,0.0,13.4,0.41,0.0
20230423:1910,0.0,0.0,0.0,12.83,0.48,0.0
20230423:2010,0.0,0.0,0.0,12.3,0.14,0.0
20230423:2110,0.0,0.0,0.0,11.46,0.21,0.0
20230423:2210,0.0,0.0,0.0,10.58,0.48,0.0
20230423:2310,0.0,0.0,0.0,10.16,0.34,0.0
20230424:0010,0.0,0.0,0.0,10.23,0.14,0.0
20230424:0110,0.0,0.0,0.0,9.45,0.69,0.0
20230424:0210,0.0,0.0,0.0,9.35,0.55,0.0
20230424:0310,0.0,0.0,0.0,8.61,0.9,0.0
20230424:0410,0.0,0.0,0.0,8.46,0.76,0.0
20230424:0510,22.47,35.97,7.08,7.66,1.03,0.0
20230424:0610,304.69,330.28,17.44,9.04,0.69,0.0
20230424:0710,536.84,564.73,27.82,11.09,0.83,0.0
20230424:0810,714.4,765.79,37.79,13.0,1.1,0.0
20230424:0910,837.1,921.87,46.71,14.6,1.17,0.0
20230424:1010,908.93,1012.82,53.56,15.89,1.59,0.0
20230424:1110,894.04,994.08,56.83,16.99,1.93,0.0
20230424:1210,834.01,925.49,55.44,17.61,1.72,0.0
20230424:1310,713.06,777.85,49.89,18.08,1.93,0.0
20230424:1410,532.06,572.57,41.67,17.94,2.0,0.0
20230424:1510,435.39,474.32,32.04,17.21,2.0,0.0
20230424:1610,192.63,242.98,21.77,16.84,1.79,0.0
20230424:1710,23.12,45.69,11.36,16.05,1.52,0.0
20230424:1810,0.0,0.0,0.0,14.59,1.59,0.0
20230424:1910,0.0,0.0,0.0,13.03,1.93,0.0
20230424:2010,0.0,0.0,0.0,11.56,2.0,0.0
20230424:2110,0.0,0.0,0.0,10.51,1.93,0.0
20230424:2210,0.0,0.0,0.0,9.4,2.0,0.0
20230424:2310,0.0,0.0,0.0,8.23,1.93,0.0
20230425:0010,0.0,0.0,0.0,7.88,1.59,0.0
20230425:0110,0.0,0.0,0.0,7.89,1.31,0.0
20230425:0210,0.0,0.0,0.0,7.97,1.1,0.0
20230425:0310,0.0,0.0,0.0,8.38,0.9,0.0
20230425:0410,0.0,0.0,0.0,8.19,0.76,0.0
20230425:0510,29.24,43.55,7.34,7.74,0.62,0.0
20230425:0610,314.8,339.02,17.7,7.42,0.34,0.0
20230425:0710,538.58,568.05,28.08,10.0,0.28,0.0
20230425:0810,696.44,751.86,38.06,11.27,0.21,0.0
20230425:0910,799.4,885.08,47.01,12.53,0.28,0.0
20230425:1010,670.9,731.87,53.88,13.77,0.55,0.0
20230425:1110,699.38,760.2,57.16,14.84,1.31,0.0
20230425:1210,899.55,994.1,55.75,15.55,1.79,0.0
20230425:1310,818.15,885.18,50.15,15.68,2.28,0.0
20230425:1410,649.14,690.97,41.9,15.7,2.34,0.0
20230425:1510,442.27,475.99,32.25,15.66,2.62,0.0
20230425:1610,199.25,248.53,21.97,15.32,2.62,0.0
20230425:1710,28.71,51.65,11.56,14.43,1.93,0.0
20230425:1810,0.0,0.0,0.0,12.97,2.07,0.0
20230425:1910,0.0,0.0,0.0,11.18,1.72,0.0
20230425:2010,0.0,0.0,0.0,9.84,1.24,0.0
20230425:2110,0.0,0.0,0.0,10.2,0.97,0.0
20230425:2210,0.0,0.0,0.0,9.21,1.03,0.0
20230425:2310,0.0,0.0,0.0,7.49,1.38,0.0
20230426:0010,0.0,0.0,0.0,6.33,1.59,0.0
20230426:0110,0.0,0.0,0.0,5.38,1.66,0.0
20230426:0210,0.0,0.0,0.0,4.65,1.72,0.0
20230426:0310,0.0,0.0,0.0,3.69,1.79,0.0
20230426:0410,0.0,0.0,0.0,3.38,1.93,0.0
20230426:0510,27.35,40.71,7.61,3.07,1.86,0.0
20230426:0610,327.73,346.29,17.96,5.59,1.66,0.0
20230426:0710,559.37,579.3,28.34,9.32,1.52,0.0
20230426:0810,732.26,782.02,38.34,11.54,1.03,0.0
20230426:0910,838.93,943.0,47.3,13.18,0.14,0.0
20230426:1010,922.32,1039.86,54.2,14.42,0.9,0.0
20230426:1110,952.45,1070.69,57.49,15.1,1.38,0.0
20230426:1210,842.44,926.63,56.05,15.64,1.72,0.0
20230426:1310,773.39,839.11,50.41,15.94,1.93,0.0
20230426:1410,602.25,642.65,42.12,15.89,2.07,0.0
20230426:1510,426.29,459.41,32.45,15.18,1.93,0.0
20230426:1610,198.27,241.9,22.17,15.11,1.66,0.0
20230426:1710,41.63,64.44,11.76,14.61,1.1,0.0
20230426:1810,0.0,0.0,0.0,13.59,0.55,0.0
20230426:1910,0.0,0.0,0.0,13.67,0.34,0.0
20230426:2010,0.0,0.0,0.0,12.82,0.55,0.0
20230426:2110,0.0,0.0,0.0,11.99,0.69,0.0
20230426:2210,0.0,0.0,0.0,11.36,0.83,0.0
20230426:2310,0.0,0.0,0.0,10.31,0.9,0.0
20230427:0010,0.0,0.0,0.0,8.93,1.1,0.0
20230427:0110,0.0,0.0,0.0,7.46,1.24,0.0
20230427:0210,0.0,0.0,0.0,6.69,1.24,0.0
20230427:0310,0.0,0.0,0.0,6.29,1.17,0.0
20230427:0410,0.0,0.0,0.0,5.97,1.17,0.0
20230427:0510,72.34,103.04,7.86,5.92,1.1,0.0
20230427:0610,308.14,330.85,18.21,7.63,0.55,0.0
20230427:0710,525.26,555.76,28.6,11.13,0.34,0.0
20230427:0810,652.95,697.46,38.6,12.51,0.83,0.0
20230427:0910,745.15,808.43,47.59,13.66,1.1,0.0
20230427:1010,726.21,789.03,54.51,14.66,1.38,0.0
20230427:1110,906.27,1006.56,57.81,15.45,1.66,0.0
20230427:1210,847.07,936.8,56.35,15.93,1.52,0.0
20230427:1310,679.98,737.61,50.67,16.07,1.45,0.0
20230427:1410,539.04,578.25,42.35,16.37,1.59,0.0
20230427:1510,386.83,419.9,32.65,16.25,1.45,0.0
20230427:1610,197.45,246.06,22.36,16.11,1.24,0.0
20230427:1710,34.08,58.38,11.95,15.64,0.83,0.0
20230427:1810,0.0,2.84,1.8,14.82,0.41,0.0
20230427:1910,0.0,0.0,0.0,14.18,0.55,0.0
20230427:2010,0.0,0.0,0.0,13.34,0.62,0.0
20230427:2110,0.0,0.0,0.0,12.66,0.62,0.0
20230427:2210,0.0,0.0,0.0,12.1,0.69,0.0
20230427:2310,0.0,0.0,0.0,11.16,0.83,0.0
20230428:0010,0.0,0.0,0.0,10.58,0.9,0.0
20230428:0110,0.0,0.0,0.0,9.83,0.97,0.0
20230428:0210,0.0,0.0,0.0,9.26,1.03,0.0
20230428:0310,0.0,0.0,0.0,8.61,1.03,0.0
20230428:0410,0.0,0.0,0.0,8.16,1.03,0.0
20230428:0510,65.85,93.08,8.12,8.01,0.97,0.0
20230428:0610,77.5,94.56,18.46,9.86,0.48,0.0
20230428:0710,180.9,199.18,28.85,11.88,0.76,0.0
20230428:0810,369.29,390.83,38.87,12.64,0.97,0.0
20230428:0910,734.97,797.17,47.88,13.49,0.97,0.0
20230428:1010,644.68,696.08,54.82,13.88,0.97,0.0
20230428:1110,644.55,697.44,58.13,14.51,1.1,0.0
20230428:1210,394.03,423.14,56.64,15.16,1.17,0.0
20230428:1310,593.4,642.53,50.92,15.72,0.97,0.0
20230428:1410,497.98,537.25,42.57,15.73,0.69,0.0
20230428:1510,363.21,397.36,32.85,16.12,0.41,0.0
20230428:1610,189.2,227.7,22.55,16.28,0.14,0.0
20230428:1710,41.68,65.79,12.15,15.89,0.21,0.0
20230428:1810,0.0,2.84,2.0,15.13,0.34,0.0
20230428:1910,0.0,0.0,0.0,15.49,0.21,0.0
20230428:2010,0.0,0.0,0.0,14.68,0.14,0.0
20230428:2110,0.0,0.0,0.0,13.81,0.28,0.0
20230428:2210,0.0,0.0,0.0,13.04,0.34,0.0
20230428:2310,0.0,0.0,0.0,12.26,0.55,0.0
20230429:0010,0.0,0.0,0.0,11.58,0.69,0.0
20230429:0110,0.0,0.0,0.0,11.47,0.69,0.0
20230429:0210,0.0,0.0,0.0,11.59,0.48,0.0
20230429:0310,0.0,0.0,0.0,11.56,0.21,0.0
20230429:0410,0.0,0.0,0.0,11.36,0.21,0.0
20230429:0510,0.98,7.76,8.36,11.18,0.07,0.0
20230429:0610,49.47,66.0,18.7,11.13,0.21,0.0
20230429:0710,150.54,170.06,29.1,12.81,0.0,0.0
20230429:0810,245.31,266.96,39.12,13.74,0.34,0.0
20230429:0910,565.7,609.59,48.15,15.31,0.97,0.0
20230429:1010,572.74,620.87,55.12,16.76,1.31,0.0
20230429:1110,502.66,546.63,58.44,18.19,1.45,0.0
20230429:1210,616.13,674.03,56.93,18.59,1.59,0.0
20230429:1310,312.66,342.3,51.18,19.03,1.79,0.0
20230429:1410,238.91,265.33,42.79,19.36,1.93,0.0
20230429:1510,304.35,334.91,33.05,19.4,2.0,0.0
20230429:1610,191.21,234.35,22.75,19.28,2.0,0.0
20230429:1710,48.72,72.72,12.34,18.66,1.72,0.0
20230429:1810,0.0,3.79,2.21,17.56,1.45,0.0
20230429:1910,0.0,0.0,0.0,15.31,0.83,0.0
20230429:2010,0.0,0.0,0.0,14.46,0.83,0.0
20230429:2110,0.0,0.0,0.0,13.66,0.9,0.0
20230429:2210,0.0,0.0,0.0,13.28,0.76,0.0
20230429:2310,0.0,0.0,0.0,12.74,0.69,0.0
20230430:0010,0.0,0.0,0.0,12.14,0.76,0.0
20230430:0110,0.0,0.0,0.0,12.09,0.62,0.0
20230430:0210,0.0,0.0,0.0,11.99,0.55,0.0
20230430:0310,0.0,0.0,0.0,11.82,0.55,0.0
20230430:0410,0.0,0.0,0.0,11.35,0.69,0.0
20230430:0510,45.28,64.64,8.61,11.52,0.55,0.0
20230430:0610,11.46,23.29,18.94,12.33,0.28,0.0
20230430:0710,85.28,103.86,29.34,13.29,0.48,0.0
20230430:0810,115.55,134.92,39.38,13.74,0.62,0.0
20230430:0910,162.96,183.45,48.43,14.28,0.62,0.0
20230430:1010,369.04,397.61,55.42,15.13,0.83,0.0
20230430:1110,225.17,247.51,58.75,14.65,0.55,0.0
20230430:1210,223.62,246.54,57.22,15.12,0.48,0.0
20230430:1310,118.42,138.8,51.42,15.46,0.76,0.0
20230430:1410,126.27,146.56,43.0,14.85,0.48,0.0
20230430:1510,46.84,64.06,33.25,14.71,0.97,0.0
20230430:1610,25.75,40.77,22.94,14.9,1.03,0.0
20230430:1710,13.62,26.21,12.53,14.29,0.55,0.0
20230430:1810,0.0,2.84,2.41,13.71,0.83,0.0
20230430:1910,0.0,0.0,0.0,12.33,0.83,0.0
20230430:2010,0.0,0.0,0.0,11.67,1.1,0.0
20230430:2110,0.0,0.0,0.0,11.16,1.17,0.0
20230430:2210,0.0,0.0,0.0,11.2,1.24,0.0
20230430:2310,0.0,0.0,0.0,11.17,1.24,0.0
20230501:0010,0.0,0.0,0.0,11.08,1.1,0.0
20230501:0110,0.0,0.0,0.0,10.75,1.03,0.0
20230501:0210,0.0,0.0,0.0,10.51,0.9,0.0
20230501:0310,0.0,0.0,0.0,10.29,0.83,0.0
20230501:0410,0.0,0.0,0.0,10.16,0.83,0.0
20230501:0510,8.62,19.41,8.85,9.92,0.69,0.0
20230501:0610,57.94,74.74,19.18,10.71,0.34,0.0
20230501:0710,94.06,111.62,29.58,10.97,1.03,0.0
20230501:0810,103.56,121.33,39.63,11.33,1.17,0.0
20230501:0910,88.9,106.77,48.7,11.8,1.1,0.0
20230501:1010,116.76,134.92,55.71,12.0,1.31,0.0
20230501:1110,212.74,231.01,59.06,11.93,1.38,0.0
20230501:1210,150.14,167.92,57.5,11.47,1.45,0.0
20230501:1310,173.39,191.21,51.67,11.53,1.38,0.0
20230501:1410,137.45,155.3,43.22,11.54,1.45,0.0
20230501:1510,201.41,219.24,33.45,11.54,1.45,0.0
20230501:1610,160.07,180.82,23.12,11.78,1.45,0.0
20230501:1710,18.62,32.03,12.72,11.86,1.31,0.0
20230501:1810,0.0,1.89,2.61,11.69,1.1,0.0
20230501:1910,0.0,0.0,0.0,10.77,0.9,0.0
20230501:2010,0.0,0.0,0.0,10.35,0.69,0.0
20230501:2110,0.0,0.0,0.0,10.59,0.48,0.0
20230501:2210,0.0,0.0,0.0,10.5,0.41,0.0
20230501:2310,0.0,0.0,0.0,10.3,0.28,0.0
20230502:0010,0.0,0.0,0.0,10.09,0.41,0.0
20230502:0110,0.0,0.0,0.0,9.76,0.55,0.0
20230502:0210,0.0,0.0,0.0,9.44,0.62,0.0
20230502:0310,0.0,0.0,0.0,9.12,0.76,0.0
20230502:0410,0.0,0.0,0.0,8.76,0.83,0.0
20230502:0510,2.65,10.68,9.08,8.61,0.83,0.0
20230502:0610,273.7,296.1,19.41,10.09,0.55,0.0
20230502:0710,0.0,0.0,0.0,12.0,0.83,0.0
20230502:0810,701.75,757.22,39.87,13.96,0.97,0.0
20230502:0910,842.25,934.35,48.96,15.68,1.17,0.0
20230502:1010,899.63,1010.88,56.0,17.27,1.52,0.0
20230502:1110,914.15,1039.54,59.36,18.57,1.45,0.0
20230502:1210,877.16,1002.0,57.79,19.55,1.17,0.0
20230502:1310,766.84,864.01,51.91,19.94,0.97,0.0
20230502:1410,563.45,623.64,43.43,20.09,0.69,0.0
20230502:1510,272.24,303.96,33.64,19.61,0.34,0.0
20230502:1610,202.77,248.38,23.31,18.5,1.52,0.0
20230502:1710,46.51,73.16,12.91,17.08,1.86,0.0
20230502:1810,1.82,9.47,2.81,15.54,1.59,0.0
20230502:1910,0.0,0.0,0.0,13.96,1.31,0.0
20230502:2010,0.0,0.0,0.0,12.64,0.9,0.0
20230502:2110,0.0,0.0,0.0,12.2,0.76,0.0
20230502:2210,0.0,0.0,0.0,11.95,0.62,0.0
20230502:2310,0.0,0.0,0.0,11.27,0.48,0.0
20230503:0010,0.0,0.0,0.0,10.78,0.28,0.0
20230503:0110,0.0,0.0,0.0,10.38,0.07,0.0
20230503:0210,0.0,0.0,0.0,9.98,0.41,0.0
20230503:0310,0.0,0.0,0.0,8.84,0.83,0.0
20230503:0410,0.0,0.0,0.0,7.27,1.17,0.0
20230503:0510,85.14,114.1,9.31,7.16,1.17,0.0
20230503:0610,254.11,273.17,19.63,9.11,1.03,0.0
20230503:0710,498.48,525.78,30.04,11.57,0.62,0.0
20230503:0810,672.37,729.26,40.11,13.46,0.41,0.0
20230503:0910,837.12,920.22,49.22,14.92,1.38,0.0
20230503:1010,896.56,994.16,56.29,15.95,1.79,0.0
20230503:1110,892.77,991.81,59.66,16.7,1.93,0.0
20230503:1210,887.86,982.19,58.06,16.94,2.07,0.0
20230503:1310,786.43,856.65,52.15,16.95,2.07,0.0
20230503:1410,628.29,675.55,43.64,17.32,2.07,0.0
20230503:1510,406.63,441.57,33.83,17.38,2.0,0.0
20230503:1610,207.94,255.04,23.49,17.04,2.07,0.0
20230503:1710,44.22,71.95,13.1,16.43,1.66,0.0
20230503:1810,2.36,10.41,3.01,15.55,1.24,0.0
20230503:1910,0.0,0.0,0.0,14.63,1.52,0.0
20230503:2010,0.0,0.0,0.0,13.46,1.45,0.0
20230503:2110,0.0,0.0,0.0,12.48,1.24,0.0
20230503:2210,0.0,0.0,0.0,11.9,0.97,0.0
20230503:2310,0.0,0.0,0.0,12.11,0.62,0.0
20230504:0010,0.0,0.0,0.0,12.23,0.21,0.0
20230504:0110,0.0,0.0,0.0,12.1,0.07,0.0
20230504:0210,0.0,0.0,0.0,11.69,0.34,0.0
20230504:0310,0.0,0.0,0.0,11.42,0.48,0.0
20230504:0410,0.0,0.0,0.0,11.32,0.62,0.0
20230504:0510,27.91,42.99,9.54,11.58,0.62,0.0
20230504:0610,139.38,158.78,19.85,12.54,0.69,0.0
20230504:0710,254.48,274.3,30.26,12.76,0.55,0.0
20230504:0810,646.26,700.81,40.34,13.52,0.28,0.0
20230504:0910,747.52,832.49,49.47,14.05,0.07,0.0
20230504:1010,779.0,874.26,56.57,14.91,0.28,0.0
20230504:1110,752.84,840.67,59.95,15.53,0.48,0.0
20230504:1210,557.34,609.06,58.33,16.19,0.55,0.0
20230504:1310,618.03,680.97,52.39,16.75,0.41,0.0
20230504:1410,596.94,655.06,43.84,17.1,0.41,0.0
20230504:1510,402.57,443.99,34.02,17.51,0.34,0.0
20230504:1610,204.46,250.39,23.68,17.51,0.41,0.0
20230504:1710,40.24,69.5,13.29,17.42,0.48,0.0
20230504:1810,0.0,2.84,3.21,16.59,0.48,0.0
20230504:1910,0.0,0.0,0.0,17.19,0.55,0.0
20230504:2010,0.0,0.0,0.0,16.15,0.62,0.0
20230504:2110,0.0,0.0,0.0,15.27,0.69,0.0
20230504:2210,0.0,0.0,0.0,13.93,0.83,0.0
20230504:2310,0.0,0.0,0.0,12.94,0.97,0.0
20230505:0010,0.0,0.0,0.0,11.79,1.1,0.0
20230505:0110,0.0,0.0,0.0,10.57,1.24,0.0
20230505:0210,0.0,0.0,0.0,9.7,1.31,0.0
20230505:0310,0.0,0.0,0.0,8.88,1.31,0.0
20230505:0410,0.0,0.0,0.0,8.08,1.31,0.0
20230505:0510,33.81,48.81,9.76,7.85,1.24,0.0
20230505:0610,140.64,159.23,20.07,11.41,0.69,0.0
20230505:0710,490.95,528.83,30.47,15.24,0.34,0.0
20230505:0810,648.05,705.49,40.56,16.49,0.9,0.0
20230505:0910,754.3,837.35,49.72,17.5,1.03,0.0
20230505:1010,780.15,873.52,56.84,18.08,1.1,0.0
20230505:1110,761.16,853.54,60.24,18.88,1.17,0.0
20230505:1210,718.32,801.93,58.6,19.05,1.1,0.0
20230505:1310,624.94,690.67,52.62,19.53,1.1,0.0
20230505:1410,606.33,666.82,44.05,19.9,1.17,0.0
20230505:1510,409.31,452.98,34.21,19.63,1.03,0.0
20230505:1610,203.63,252.7,23.86,19.32,0.97,0.0
20230505:1710,41.4,71.21,13.47,19.07,0.62,0.0
20230505:1810,4.02,13.25,3.4,18.05,0.83,0.0
20230505:1910,0.0,0.0,0.0,16.67,1.03,0.0
20230505:2010,0.0,0.0,0.0,16.29,0.9,0.0
20230505:2110,0.0,0.0,0.0,15.73,0.9,0.0
20230505:2210,0.0,0.0,0.0,14.84,0.9,0.0
20230505:2310,0.0,0.0,0.0,13.41,1.03,0.0
20230506:0010,0.0,0.0,0.0,12.27,1.1,0.0
20230506:0110,0.0,0.0,0.0,11.48,1.17,0.0
20230506:0210,0.0,0.0,0.0,11.0,1.24,0.0
20230506:0310,0.0,0.0,0.0,10.62,1.17,0.0
20230506:0410,0.0,0.0,0.0,10.43,1.31,0.0
20230506:0510,73.32,97.59,9.97,10.35,1.31,0.0
20230506:0610,283.28,307.71,20.28,12.21,0.97,0.0
20230506:0710,493.17,532.84,30.69,16.24,0.48,0.0
20230506:0810,675.01,750.85,40.79,17.72,0.28,0.0
20230506:0910,766.33,871.28,49.96,18.94,0.41,0.0
20230506:1010,833.76,954.1,57.11,20.05,0.97,0.0
20230506:1110,852.63,978.3,60.52,20.74,1.17,0.0
20230506:1210,819.9,933.31,58.87,21.13,1.31,0.0
20230506:1310,718.55,805.98,52.85,21.23,1.24,0.0
20230506:1410,584.5,645.82,44.25,21.21,1.24,0.0
20230506:1510,378.06,420.64,34.39,21.25,1.17,0.0
20230506:1610,202.93,253.29,24.04,20.87,0.69,0.0
20230506:1710,62.77,84.14,13.66,20.41,0.14,0.0
20230506:1810,3.4,12.31,3.59,19.42,0.48,0.0
20230506:1910,0.0,0.0,0.0,18.64,0.48,0.0
20230506:2010,0.0,0.0,0.0,18.0,0.48,0.0
20230506:2110,0.0,0.0,0.0,16.76,0.83,0.0
20230506:2210,0.0,0.0,0.0,16.03,0.76,0.0
20230506:2310,0.0,0.0,0.0,15.38,0.41,0.0
20230507:0010,0.0,0.0,0.0,14.64,0.55,0.0
20230507:0110,0.0,0.0,0.0,13.07,0.9,0.0
20230507:0210,0.0,0.0,0.0,12.12,0.97,0.0
20230507:0310,0.0,0.0,0.0,11.77,1.1,0.0
20230507:0410,0.0,0.0,0.0,11.63,1.03,0.0
20230507:0510,81.08,108.04,10.18,11.66,0.97,0.0
20230507:0610,160.7,181.34,20.48,13.74,0.83,0.0
20230507:0710,413.47,440.43,30.89,14.84,1.03,0.0
20230507:0810,372.46,402.73,41.0,16.57,0.69,0.0
20230507:0910,414.65,454.57,50.19,18.04,0.28,0.0
20230507:1010,820.12,933.16,57.37,19.14,0.9,0.0
20230507:1110,847.69,961.18,60.8,19.9,1.45,0.0
20230507:1210,537.09,587.42,59.13,19.62,1.72,0.0
20230507:1310,652.72,718.17,53.08,19.27,1.45,0.0
20230507:1410,322.78,355.26,44.44,18.74,0.55,0.0
20230507:1510,357.35,393.42,34.57,18.44,0.76,0.0
20230507:1610,175.56,203.46,24.22,17.92,0.9,0.0
20230507:1710,11.15,23.29,13.84,17.1,0.62,0.0
20230507:1810,0.0,5.68,3.78,15.77,0.55,0.0
20230507:1910,0.0,0.0,0.0,15.06,0.97,0.0
20230507:2010,0.0,0.0,0.0,14.17,1.03,0.0
20230507:2110,0.0,0.0,0.0,13.91,0.9,0.0
20230507:2210,0.0,0.0,0.0,13.39,0.97,0.0
20230507:2310,0.0,0.0,0.0,13.02,1.03,0.0
20230508:0010,0.0,0.0,0.0,12.58,1.03,0.0
20230508:0110,0.0,0.0,0.0,12.43,0.9,0.0
20230508:0210,0.0,0.0,0.0,12.21,0.97,0.0
20230508:0310,0.0,0.0,0.0,12.17,0.9,0.0
20230508:0410,0.0,0.0,0.0,12.43,0.69,0.0
20230508:0510,83.19,110.74,10.39,12.7,0.55,0.0
20230508:0610,306.56,335.67,20.68,13.55,0.48,0.0
20230508:0710,505.09,541.69,31.09,14.65,0.48,0.0
20230508:0810,479.26,519.27,41.21,16.42,0.41,0.0
20230508:0910,353.25,384.51,50.42,17.57,0.97,0.0
20230508:1010,493.66,539.06,57.63,18.36,1.1,0.0
20230508:1110,642.86,705.48,61.07,19.03,1.79,0.0
20230508:1210,796.43,881.21,59.39,19.16,2.14,0.0
20230508:1310,639.9,695.39,53.3,18.09,1.86,0.0
20230508:1410,105.09,126.18,44.64,17.88,1.66,0.0
20230508:1510,30.39,46.59,34.75,17.95,1.03,0.0
20230508:1610,208.91,251.97,24.39,17.04,0.76,0.0
20230508:1710,46.96,77.56,14.02,16.92,0.41,0.0
20230508:1810,6.61,17.04,3.97,16.38,0.83,0.0
20230508:1910,0.0,0.0,0.0,14.71,0.69,0.0
20230508:2010,0.0,0.0,0.0,13.87,0.69,0.0
20230508:2110,0.0,0.0,0.0,13.31,0.69,0.0
20230508:2210,0.0,0.0,0.0,13.61,0.28,0.0
20230508:2310,0.0,0.0,0.0,13.57,0.28,0.0
20230509:0010,0.0,0.0,0.0,13.53,0.34,0.0
20230509:0110,0.0,0.0,0.0,13.0,0.41,0.0
20230509:0210,0.0,0.0,0.0,12.97,0.55,0.0
20230509:0310,0.0,0.0,0.0,12.7,0.69,0.0
20230509:0410,0.0,0.0,0.0,12.62,0.76,0.0
20230509:0510,15.32,28.15,10.58,12.53,0.76,0.0
20230509:0610,13.75,26.21,20.88,12.57,0.76,0.0
20230509:0710,55.37,72.8,31.29,13.42,0.83,0.0
20230509:0810,141.77,161.12,41.42,13.41,0.97,0.0
20230509:0910,149.53,169.86,50.65,14.74,1.1,0.0
20230509:1010,160.42,180.54,57.88,14.15,0.97,0.0
20230509:1110,151.17,171.8,61.34,15.17,1.17,0.0
20230509:1210,306.87,332.22,59.64,15.47,1.17,0.0
20230509:1310,325.55,351.58,53.52,15.73,1.31,0.0
20230509:1410,216.93,239.78,44.83,15.97,1.03,0.0
20230509:1510,108.83,129.09,34.93,15.84,1.03,0.0
20230509:1610,43.08,60.18,24.57,15.45,0.97,0.0
20230509:1710,33.49,49.5,14.2,14.8,0.9,0.0
20230509:1810,1.33,8.52,4.16,14.0,0.97,0.0
20230509:1910,0.0,0.0,0.0,13.38,0.97,0.0
20230509:2010,0.0,0.0,0.0,13.06,0.97,0.0
20230509:2110,0.0,0.0,0.0,12.85,1.03,0.0
20230509:2210,0.0,0.0,0.0,12.66,1.1,0.0
20230509:2310,0.0,0.0,0.0,12.34,1.24,0.0
20230510:0010,0.0,0.0,0.0,12.06,1.1,0.0
20230510:0110,0.0,0.0,0.0,11.79,0.9,0.0
20230510:0210,0.0,0.0,0.0,11.51,0.28,0.0
20230510:0310,0.0,0.0,0.0,11.46,0.14,0.0
20230510:0410,0.0,0.0,0.0,11.43,0.07,0.0
20230510:0510,6.43,16.5,10.78,11.35,0.21,0.0
20230510:0610,31.43,46.59,21.06,11.38,0.48,0.0
20230510:0710,119.53,137.83,31.48,11.85,0.69,0.0
20230510:0810,147.47,165.98,41.62,12.16,0.97,0.0
20230510:0910,144.68,163.06,50.87,12.19,1.24,0.0
20230510:1010,119.44,137.83,58.13,12.46,1.45,0.0
20230510:1110,321.93,343.47,61.61,13.12,1.52,0.0
20230510:1210,282.65,303.35,59.89,13.26,1.52,0.0
20230510:1310,505.9,537.35,53.73,13.59,1.45,0.0
20230510:1410,330.49,352.95,45.02,13.91,1.52,0.0
20230510:1510,270.28,291.35,35.11,13.71,1.59,0.0
20230510:1610,82.63,100.94,24.74,13.21,1.31,0.0
20230510:1710,76.56,98.2,14.37,12.54,0.83,0.0
20230510:1810,4.2,13.25,4.35,11.76,0.69,0.0
20230510:1910,0.0,0.0,0.0,11.77,0.48,0.0
20230510:2010,0.0,0.0,0.0,10.68,0.76,0.0
20230510:2110,0.0,0.0,0.0,10.15,0.69,0.0
20230510:2210,0.0,0.0,0.0,9.84,0.69,0.0
20230510:2310,0.0,0.0,0.0,9.93,0.55,0.0
20230511:0010,0.0,0.0,0.0,9.69,0.34,0.0
20230511:0110,0.0,0.0,0.0,9.46,0.48,0.0
20230511:0210,0.0,0.0,0.0,8.82,0.69,0.0
20230511:0310,0.0,0.0,0.0,8.08,0.9,0.0
20230511:0410,0.0,0.0,0.0,7.7,0.97,0.0
20230511:0510,24.96,38.82,10.97,7.98,0.97,0.0
20230511:0610,95.68,112.89,21.25,9.99,0.76,0.0
20230511:0710,350.69,371.26,31.66,12.25,0.76,0.0
20230511:0810,407.34,434.18,41.81,13.84,0.76,0.0
20230511:0910,392.27,422.95,51.08,15.22,0.62,0.0
20230511:1010,557.72,609.9,58.37,16.31,0.55,0.0
20230511:1110,808.83,926.57,61.86,17.02,0.21,0.0
20230511:1210,572.81,635.73,60.13,17.67,0.21,0.0
20230511:1310,77.99,98.03,53.95,17.58,0.76,0.0
20230511:1410,43.48,61.15,45.21,17.48,0.34,0.0
20230511:1510,58.54,76.68,35.28,15.48,1.79,0.0
20230511:1610,44.46,61.15,24.91,13.49,1.79,0.0
20230511:1710,36.59,52.41,14.55,12.4,1.59,0.0
20230511:1810,4.83,14.2,4.53,11.7,1.03,0.0
20230511:1910,0.0,0.0,0.0,10.96,0.9,0.0
20230511:2010,0.0,0.0,0.0,10.64,0.69,0.0
20230511:2110,0.0,0.0,0.0,10.23,0.34,0.0
20230511:2210,0.0,0.0,0.0,9.94,0.14,0.0
20230511:2310,0.0,0.0,0.0,9.77,0.14,0.0
20230512:0010,0.0,0.0,0.0,9.36,0.34,0.0
20230512:0110,0.0,0.0,0.0,9.41,0.34,0.0
20230512:0210,0.0,0.0,0.0,9.33,0.34,0.0
20230512:0310,0.0,0.0,0.0,9.02,0.34,0.0
20230512:0410,0.0,0.0,0.0,8.61,0.48,0.0
20230512:0510,20.61,33.97,11.15,8.6,0.41,0.0
20230512:0610,63.77,80.56,21.43,9.95,0.14,0.0
20230512:0710,170.61,188.59,31.84,10.92,0.28,0.0
20230512:0810,238.19,257.45,42.0,12.02,0.62,0.0
20230512:0910,383.37,407.93,51.29,12.79,0.83,0.0
20230512:1010,246.03,267.17,58.6,14.11,1.38,0.0
20230512:1110,424.13,452.42,62.12,14.75,1.79,0.0
20230512:1210,334.7,358.29,60.37,14.98,2.21,0.0
20230512:1310,141.34,161.12,54.16,14.45,1.59,0.0
20230512:1410,180.08,199.95,45.4,13.9,1.38,0.0
20230512:1510,62.97,80.56,35.46,12.87,1.1,0.0
20230512:1610,79.12,97.06,25.08,12.51,1.31,0.0
20230512:1710,79.2,99.72,14.72,12.32,0.55,0.0
20230512:1810,0.01,5.68,4.71,12.04,0.21,0.0
20230512:1910,0.0,0.0,0.0,10.78,0.76,0.0
20230512:2010,0.0,0.0,0.0,10.08,0.62,0.0
20230512:2110,0.0,0.0,0.0,9.74,0.48,0.0
20230512:2210,0.0,0.0,0.0,9.62,0.34,0.0
20230512:2310,0.0,0.0,0.0,9.59,0.34,0.0
20230513:0010,0.0,0.0,0.0,9.29,0.41,0.0
20230513:0110,0.0,0.0,0.0,9.35,0.41,0.0
20230513:0210,0.0,0.0,0.0,9.29,0.55,0.0
20230513:0310,0.0,0.0,0.0,9.07,0.48,0.0
20230513:0410,0.0,0.95,1.54,9.21,0.34,0.0
20230513:0510,5.82,15.53,11.33,9.31,0.34,0.0
20230513:0610,36.19,51.44,21.6,9.52,0.55,0.0
20230513:0710,203.5,219.96,32.01,9.96,0.83,0.0
20230513:0810,247.44,265.51,42.18,11.0,0.69,0.0
20230513:0910,433.46,458.97,51.49,11.37,0.55,0.0
20230513:1010,344.65,367.93,58.83,12.83,0.9,0.0
20230513:1110,487.39,519.2,62.37,13.24,1.17,0.0
20230513:1210,583.49,625.05,60.61,13.34,1.1,0.0
20230513:1310,682.58,739.78,54.36,13.76,0.83,0.0
20230513:1410,625.45,672.37,45.58,13.8,0.76,0.0
20230513:1510,403.19,433.9,35.63,13.95,0.83,0.0
20230513:1610,223.77,262.95,25.25,13.75,0.62,0.0
20230513:1710,68.67,87.46,14.89,13.31,0.28,0.0
20230513:1810,1.35,8.52,4.89,12.94,0.28,0.0
20230513:1910,0.0,0.0,0.0,11.65,0.48,0.0
20230513:2010,0.0,0.0,0.0,11.01,0.28,0.0
20230513:2110,0.0,0.0,0.0,10.57,0.21,0.0
20230513:2210,0.0,0.0,0.0,9.64,0.62,0.0
20230513:2310,0.0,0.0,0.0,9.29,0.76,0.0
20230514:0010,0.0,0.0,0.0,9.23,0.69,0.0
20230514:0110,0.0,0.0,0.0,9.17,0.69,0.0
20230514:0210,0.0,0.0,0.0,9.24,0.62,0.0
20230514:0310,0.0,0.0,0.0,9.01,0.62,0.0
20230514:0410,0.0,0.95,1.72,8.87,0.62,0.0
20230514:0510,15.64,28.15,11.5,8.83,0.48,0.0
20230514:0610,177.0,195.14,21.77,10.32,0.41,0.0
20230514:0710,119.04,136.86,32.18,10.63,0.14,0.0
20230514:0810,475.47,502.16,42.36,12.1,0.83,0.0
20230514:0910,491.6,521.52,51.68,13.15,1.24,0.0
20230514:1010,693.0,747.83,59.05,13.83,1.38,0.0
20230514:1110,671.11,722.21,62.61,14.63,1.79,0.0
20230514:1210,756.82,817.09,60.84,15.36,2.28,0.0
20230514:1310,558.15,594.22,54.57,15.1,2.14,0.0
20230514:1410,459.72,489.32,45.76,15.32,1.93,0.0
20230514:1510,245.26,267.4,35.79,14.9,1.38,0.0
20230514:1610,197.54,223.62,25.41,14.29,0.76,0.0
20230514:1710,82.84,105.53,15.06,13.11,0.69,0.0
20230514:1810,14.0,26.51,5.07,12.49,0.69,0.0
20230514:1910,0.0,0.0,0.0,11.97,0.83,0.0
20230514:2010,0.0,0.0,0.0,11.01,0.55,0.0
20230514:2110,0.0,0.0,0.0,10.79,0.48,0.0
20230514:2210,0.0,0.0,0.0,10.14,0.55,0.0
20230514:2310,0.0,0.0,0.0,9.74,0.48,0.0
20230515:0010,0.0,0.0,0.0,9.57,0.34,0.0
20230515:0110,0.0,0.0,0.0,9.29,0.48,0.0
20230515:0210,0.0,0.0,0.0,8.85,0.62,0.0
20230515:0310,0.0,0.0,0.0,8.27,0.83,0.0
20230515:0410,0.0,2.84,1.9,7.76,0.97,0.0
20230515:0510,121.61,155.47,11.67,7.78,0.97,0.0
20230515:0610,361.93,387.67,21.93,10.04,0.69,0.0
20230515:0710,568.62,600.46,32.34,12.94,1.31,0.0
20230515:0810,731.47,794.72,42.53,14.74,1.03,0.0
20230515:0910,838.03,945.71,51.87,16.33,0.62,0.0
20230515:1010,882.07,1018.77,59.27,17.7,0.48,0.0
20230515:1110,881.42,1021.96,62.85,18.61,0.55,0.0
20230515:1210,843.71,975.07,61.07,19.28,0.48,0.0
20230515:1310,748.05,848.64,54.76,19.54,0.48,0.0
20230515:1410,643.05,719.07,45.94,19.77,0.41,0.0
20230515:1510,245.56,275.65,35.96,19.57,0.07,0.0
20230515:1610,224.88,277.07,25.57,19.32,0.41,0.0
20230515:1710,40.98,80.17,15.22,18.95,0.21,0.0
20230515:1810,14.34,27.45,5.24,17.71,0.76,0.0
20230515:1910,0.0,0.0,0.0,14.44,0.97,0.0
20230515:2010,0.0,0.0,0.0,13.83,0.55,0.0
20230515:2110,0.0,0.0,0.0,12.02,1.1,0.0
20230515:2210,0.0,0.0,0.0,11.35,1.24,0.0
20230515:2310,0.0,0.0,0.0,10.56,1.31,0.0
20230516:0010,0.0,0.0,0.0,9.75,1.38,0.0
20230516:0110,0.0,0.0,0.0,8.83,1.59,0.0
20230516:0210,0.0,0.0,0.0,7.98,1.79,0.0
20230516:0310,0.0,0.0,0.0,7.7,1.86,0.0
20230516:0410,0.0,4.73,2.07,7.58,1.93,0.0
20230516:0510,108.52,136.59,11.83,8.66,2.0,0.0
20230516:0610,263.34,283.04,22.09,11.42,1.79,0.0
20230516:0710,354.62,374.08,32.5,13.41,2.07,0.0
20230516:0810,382.62,406.95,42.69,15.2,2.07,0.0
20230516:0910,376.88,405.24,52.06,16.45,1.79,0.0
20230516:1010,191.41,214.51,59.48,17.18,1.38,0.0
20230516:1110,456.86,497.44,63.08,17.05,0.83,0.0
20230516:1210,283.58,312.04,61.29,16.94,0.28,0.0
20230516:1310,187.32,210.62,54.96,16.9,0.69,0.0
20230516:1410,185.27,207.71,46.11,16.66,1.38,0.0
20230516:1510,205.47,227.92,36.12,16.2,1.45,0.0
20230516:1610,201.61,228.52,25.73,15.83,1.66,0.0
20230516:1710,62.13,80.68,15.39,15.26,1.93,0.0
20230516:1810,0.0,4.73,5.42,14.55,2.07,0.0
20230516:1910,0.0,0.0,0.0,14.06,1.93,0.0
20230516:2010,0.0,0.0,0.0,13.22,1.72,0.0
20230516:2110,0.0,0.0,0.0,12.34,1.59,0.0
20230516:2210,0.0,0.0,0.0,11.73,1.45,0.0
20230516:2310,0.0,0.0,0.0,11.25,1.59,0.0
20230517:0010,0.0,0.0,0.0,11.0,1.72,0.0
20230517:0110,0.0,0.0,0.0,10.62,1.72,0.0
20230517:0210,0.0,0.0,0.0,10.61,1.86,0.0
20230517:0310,0.0,0.0,0.0,10.79,2.0,0.0
20230517:0410,0.0,3.79,2.24,10.9,2.14,0.0
20230517:0510,4.44,13.59,11.99,11.07,2.14,0.0
20230517:0610,72.93,90.27,22.24,11.56,2.14,0.0
20230517:0710,120.53,138.8,32.65,12.52,2.0,0.0
20230517:0810,135.48,154.33,42.85,13.39,2.07,0.0
20230517:0910,110.85,130.06,52.23,14.35,2.07,0.0
20230517:1010,134.52,154.33,59.69,14.65,1.66,0.0
20230517:1110,88.41,107.74,63.31,15.17,1.24,0.0
20230517:1210,168.72,190.24,61.51,15.27,0.48,0.0
20230517:1310,175.39,197.04,55.15,15.36,0.62,0.0
20230517:1410,275.09,297.96,46.28,15.01,1.38,0.0
20230517:1510,220.79,241.88,36.28,14.44,1.31,0.0
20230517:1610,159.64,180.8,25.89,14.14,1.1,0.0
20230517:1710,75.05,94.38,15.55,13.92,0.9,0.0
20230517:1810,15.44,28.4,5.59,13.62,0.76,0.0
20230517:1910,0.0,0.0,0.0,12.66,1.1,0.0
20230517:2010,0.0,0.0,0.0,11.49,1.1,0.0
20230517:2110,0.0,0.0,0.0,11.12,1.1,0.0
20230517:2210,0.0,0.0,0.0,10.7,1.1,0.0
20230517:2310,0.0,0.0,0.0,10.62,1.1,0.0
20230518:0010,0.0,0.0,0.0,10.77,1.03,0.0
20230518:0110,0.0,0.0,0.0,10.72,1.03,0.0
20230518:0210,0.0,0.0,0.0,10.67,0.83,0.0
20230518:0310,0.0,0.0,0.0,10.83,0.62,0.0
20230518:0410,0.0,0.95,2.4,10.83,0.34,0.0
20230518:0510,25.43,39.8,12.14,10.76,0.14,0.0
20230518:0610,30.56,45.62,22.38,11.29,0.34,0.0
20230518:0710,68.25,85.41,32.8,10.73,0.28,0.0
20230518:0810,171.18,189.27,43.0,10.82,0.21,0.0
20230518:0910,254.32,273.54,52.4,10.98,0.21,0.0
20230518:1010,615.07,664.88,59.89,11.54,0.14,0.0
20230518:1110,759.15,840.3,63.53,11.75,0.07,0.0
20230518:1210,839.12,934.41,61.72,12.28,0.34,0.0
20230518:1310,515.19,551.2,55.34,12.56,0.48,0.0
20230518:1410,341.97,365.87,46.45,13.09,0.62,0.0
20230518:1510,192.27,212.81,36.44,13.76,0.62,0.0
20230518:1610,185.23,208.53,26.05,13.74,0.48,0.0
20230518:1710,40.69,57.27,15.71,13.97,0.41,0.0
20230518:1810,15.43,28.4,5.75,13.7,0.28,0.0
20230518:1910,0.0,0.0,0.0,13.05,0.41,0.0
20230518:2010,0.0,0.0,0.0,12.31,0.62,0.0
20230518:2110,0.0,0.0,0.0,11.52,0.83,0.0
20230518:2210,0.0,0.0,0.0,11.03,0.9,0.0
20230518:2310,0.0,0.0,0.0,10.73,1.03,0.0
20230519:0010,0.0,0.0,0.0,10.89,0.97,0.0
20230519:0110,0.0,0.0,0.0,10.64,0.97,0.0
20230519:0210,0.0,0.0,0.0,10.71,0.9,0.0
20230519:0310,0.0,0.0,0.0,10.68,0.9,0.0
20230519:0410,0.0,3.79,2.56,10.64,0.83,0.0
20230519:0510,17.09,30.09,12.29,10.74,0.69,0.0
20230519:0610,27.09,41.74,22.52,11.26,0.28,0.0
20230519:0710,63.2,80.56,32.94,12.04,0.83,0.0
20230519:0810,180.76,199.95,43.15,12.51,0.69,0.0
20230519:0910,205.07,225.18,52.57,13.01,0.55,0.0
20230519:1010,405.82,433.85,60.08,13.25,0.69,0.0
20230519:1110,119.77,138.8,63.74,13.31,1.03,0.0
20230519:1210,108.44,127.15,61.93,13.12,1.31,0.0
20230519:1310,150.78,169.86,55.52,13.22,1.38,0.0
20230519:1410,80.13,98.03,46.61,12.27,1.1,0.0
20230519:1510,75.4,93.18,36.59,11.98,0.48,0.0
20230519:1610,65.07,82.5,26.2,11.88,0.41,0.0
20230519:1710,21.09,34.94,15.86,11.83,0.69,0.0
20230519:1810,9.6,20.83,5.92,11.61,0.55,0.0
20230519:1910,0.0,0.0,0.0,11.26,0.83,0.0
20230519:2010,0.0,0.0,0.0,11.14,1.03,0.0
20230519:2110,0.0,0.0,0.0,11.05,1.1,0.0
20230519:2210,0.0,0.0,0.0,10.93,1.03,0.0
20230519:2310,0.0,0.0,0.0,10.74,0.9,0.0
20230520:0010,0.0,0.0,0.0,10.83,0.83,0.0
20230520:0110,0.0,0.0,0.0,10.66,0.76,0.0
20230520:0210,0.0,0.0,0.0,10.6,0.83,0.0
20230520:0310,0.0,0.0,0.0,10.43,0.83,0.0
20230520:0410,0.0,1.89,2.71,10.39,0.97,0.0
20230520:0510,9.31,20.38,12.43,10.84,0.97,0.0
20230520:0610,30.55,45.62,22.66,11.47,0.76,0.0
20230520:0710,101.04,119.39,33.07,12.55,1.24,0.0
20230520:0810,103.26,122.3,43.29,13.79,1.1,0.0
20230520:0910,89.51,108.71,52.73,14.49,0.55,0.0
20230520:1010,178.07,198.98,60.26,14.32,0.48,0.0
20230520:1110,158.14,178.59,63.95,14.46,0.76,0.0
20230520:1210,141.73,162.09,62.13,14.82,0.9,0.0
20230520:1310,136.93,157.24,55.7,15.1,1.24,0.0
20230520:1410,83.74,102.89,46.78,15.08,1.24,0.0
20230520:1510,43.25,60.18,36.75,14.69,1.1,0.0
20230520:1610,37.08,53.38,26.35,14.41,1.1,0.0
20230520:1710,29.27,44.65,16.02,14.16,1.03,0.0
20230520:1810,10.93,22.72,6.08,13.58,0.97,0.0
20230520:1910,0.0,0.0,0.0,12.78,1.1,0.0
20230520:2010,0.0,0.0,0.0,12.42,1.31,0.0
20230520:2110,0.0,0.0,0.0,12.22,1.45,0.0
20230520:2210,0.0,0.0,0.0,12.0,1.38,0.0
20230520:2310,0.0,0.0,0.0,11.81,1.03,0.0
20230521:0010,0.0,0.0,0.0,11.82,0.9,0.0
20230521:0110,0.0,0.0,0.0,11.7,1.03,0.0
20230521:0210,0.0,0.0,0.0,11.76,1.17,0.0
20230521:0310,0.0,0.0,0.0,11.56,1.24,0.0
20230521:0410,0.0,2.84,2.85,11.46,1.24,0.0
20230521:0510,6.42,16.5,12.56,11.73,1.17,0.0
20230521:0610,96.6,114.77,22.78,12.27,1.24,0.0
20230521:0710,249.7,268.33,33.2,12.81,1.52,0.0
20230521:0810,216.2,236.68,43.43,14.08,1.31,0.0
20230521:0910,112.1,132.0,52.88,15.24,1.38,0.0
20230521:1010,101.94,122.3,60.44,16.7,1.72,0.0
20230521:1110,127.91,149.48,64.16,17.57,1.72,0.0
20230521:1210,358.73,390.39,62.33,18.4,1.79,0.0
20230521:1310,474.82,517.21,55.88,19.3,1.72,0.0
20230521:1410,540.46,588.49,46.93,19.3,1.59,0.0
20230521:1510,435.63,480.57,36.9,19.88,1.24,0.0
20230521:1610,228.07,276.37,26.5,20.01,1.1,0.0
20230521:1710,71.48,105.69,16.17,19.86,0.76,0.0
20230521:1810,18.79,33.13,6.24,19.02,0.41,0.0
20230521:1910,0.0,0.0,0.0,18.22,0.55,0.0
20230521:2010,0.0,0.0,0.0,17.33,0.76,0.0
20230521:2110,0.0,0.0,0.0,15.1,1.17,0.0
20230521:2210,0.0,0.0,0.0,13.68,1.31,0.0
20230521:2310,0.0,0.0,0.0,12.76,1.45,0.0
20230522:0010,0.0,0.0,0.0,11.77,1.45,0.0
20230522:0110,0.0,0.0,0.0,10.93,1.38,0.0
20230522:0210,0.0,0.0,0.0,10.35,1.45,0.0
20230522:0310,0.0,0.0,0.0,9.81,1.59,0.0
20230522:0410,0.0,1.89,2.99,9.78,1.66,0.0
20230522:0510,10.07,21.35,12.69,10.58,1.52,0.0
20230522:0610,86.51,104.83,22.91,12.99,1.24,0.0
20230522:0710,62.73,81.53,33.32,16.53,0.97,0.0
20230522:0810,205.82,231.55,43.56,18.7,0.69,0.0
20230522:0910,599.16,669.27,53.03,19.89,0.48,0.0
20230522:1010,862.68,998.2,60.62,20.79,0.9,0.0
20230522:1110,909.97,1054.35,64.35,21.35,1.31,0.0
20230522:1210,858.62,984.68,62.53,21.65,1.38,0.0
20230522:1310,764.07,858.28,56.05,21.94,1.66,0.0
20230522:1410,626.95,696.33,47.09,21.05,1.03,0.0
20230522:1510,341.27,380.09,37.04,20.48,0.41,0.0
20230522:1610,221.34,260.46,26.64,19.81,0.21,0.0
20230522:1710,60.75,99.05,16.32,19.62,0.76,0.0
20230522:1810,19.58,34.08,6.4,19.01,0.69,0.0
20230522:1910,0.0,0.0,0.0,18.84,0.28,0.0
20230522:2010,0.0,0.0,0.0,18.0,0.62,0.0
20230522:2110,0.0,0.0,0.0,16.17,0.97,0.0
20230522:2210,0.0,0.0,0.0,14.99,1.1,0.0
20230522:2310,0.0,0.0,0.0,13.85,1.17,0.0
20230523:0010,0.0,0.0,0.0,13.29,1.24,0.0
20230523:0110,0.0,0.0,0.0,12.45,1.38,0.0
20230523:0210,0.0,0.0,0.0,11.75,1.45,0.0
20230523:0310,0.0,0.0,0.0,10.96,1.52,0.0
20230523:0410,1.38,8.52,3.12,10.47,1.52,0.0
20230523:0510,117.25,146.85,12.81,11.28,1.45,0.0
20230523:0610,334.92,363.85,23.03,14.35,1.17,0.0
20230523:0710,535.97,583.31,33.44,18.35,0.9,0.0
20230523:0810,693.09,777.8,43.68,20.7,0.76,0.0
20230523:0910,794.36,918.82,53.17,22.02,0.62,0.0
20230523:1010,859.48,1006.56,60.78,22.93,0.9,0.0
20230523:1110,900.57,1057.5,64.55,23.57,1.24,0.0
20230523:1210,876.46,1017.4,62.72,24.07,1.59,0.0
20230523:1310,742.41,841.96,56.22,24.08,1.66,0.0
20230523:1410,442.19,492.53,47.24,24.0,1.59,0.0
20230523:1510,383.6,429.75,37.19,23.42,1.31,0.0
20230523:1610,177.8,208.22,26.79,22.73,0.9,0.0
20230523:1710,40.76,59.21,16.46,22.02,0.55,0.0
20230523:1810,20.17,35.03,6.55,20.72,0.62,0.0
20230523:1910,0.0,0.0,0.0,20.84,0.21,0.0
20230523:2010,0.0,0.0,0.0,19.94,0.21,0.0
20230523:2110,0.0,0.0,0.0,18.87,0.48,0.0
20230523:2210,0.0,0.0,0.0,17.39,0.97,0.0
20230523:2310,0.0,0.0,0.0,15.53,1.17,0.0
20230524:0010,0.0,0.0,0.0,14.69,1.24,0.0
20230524:0110,0.0,0.0,0.0,13.98,1.31,0.0
20230524:0210,0.0,0.0,0.0,13.38,1.31,0.0
20230524:0310,0.0,0.0,0.0,12.64,1.38,0.0
20230524:0410,2.42,10.41,3.25,12.06,1.45,0.0
20230524:0510,124.94,158.52,12.93,12.42,1.31,0.0
20230524:0610,32.47,48.53,23.14,15.74,1.03,0.0
20230524:0710,236.09,259.79,33.55,16.78,1.1,0.0
20230524:0810,276.9,304.96,43.8,18.17,0.76,0.0
20230524:0910,516.94,572.56,53.3,19.22,0.34,0.0
20230524:1010,523.75,577.28,60.95,19.44,0.97,0.0
20230524:1110,751.63,844.91,64.73,19.69,1.24,0.0
20230524:1210,744.36,842.26,62.9,18.96,0.62,0.0
20230524:1310,750.36,852.28,56.39,19.53,0.41,0.0
20230524:1410,501.28,552.85,47.39,20.04,0.76,0.0
20230524:1510,69.94,90.27,37.33,19.38,0.48,0.0
20230524:1610,90.68,111.62,26.93,18.19,0.62,0.0
20230524:1710,31.45,47.56,16.61,16.58,0.62,0.0
20230524:1810,3.5,12.31,6.7,15.26,0.83,0.0
20230524:1910,0.0,0.0,0.0,14.78,1.31,0.0
20230524:2010,0.0,0.0,0.0,14.3,0.97,0.0
20230524:2110,0.0,0.0,0.0,13.85,0.69,0.0
20230524:2210,0.0,0.0,0.0,13.56,0.83,0.0
20230524:2310,0.0,0.0,0.0,13.07,0.97,0.0
20230525:0010,0.0,0.0,0.0,12.95,0.83,0.0
20230525:0110,0.0,0.0,0.0,12.49,0.97,0.0
20230525:0210,0.0,0.0,0.0,12.53,0.9,0.0
20230525:0310,0.0,0.0,0.0,12.44,1.17,0.0
20230525:0410,0.87,7.57,3.37,12.45,1.24,0.0
20230525:0510,15.3,28.15,13.04,12.86,0.97,0.0
20230525:0610,18.45,32.03,23.24,13.47,0.76,0.0
20230525:0710,79.54,98.03,33.66,13.55,0.62,0.0
20230525:0810,174.77,195.09,43.91,14.1,0.9,0.0
20230525:0910,194.28,215.48,53.43,15.12,1.38,0.0
20230525:1010,206.14,229.07,61.1,16.59,1.38,0.0
20230525:1110,725.96,802.91,64.91,17.44,1.31,0.0
20230525:1210,856.43,972.5,63.08,18.57,1.03,0.0
20230525:1310,755.03,845.29,56.55,19.06,0.97,0.0
20230525:1410,640.01,708.69,47.54,19.35,0.76,0.0
20230525:1510,451.34,502.25,37.47,19.71,0.41,0.0
20230525:1610,237.63,289.7,27.07,19.65,0.41,0.0
20230525:1710,52.96,96.19,16.75,19.36,0.83,0.0
20230525:1810,24.38,39.76,6.85,18.65,0.76,0.0
20230525:1910,0.0,0.0,0.0,18.15,0.48,0.0
20230525:2010,0.0,0.0,0.0,17.78,0.41,0.0
20230525:2110,0.0,0.0,0.0,16.79,0.76,0.0
20230525:2210,0.0,0.0,0.0,15.06,1.03,0.0
20230525:2310,0.0,0.0,0.0,13.83,1.17,0.0
20230526:0010,0.0,0.0,0.0,13.02,1.24,0.0
20230526:0110,0.0,0.0,0.0,12.21,1.31,0.0
20230526:0210,0.0,0.0,0.0,11.3,1.45,0.0
20230526:0310,0.0,0.0,0.0,10.52,1.52,0.0
20230526:0410,3.63,12.31,3.49,10.11,1.59,0.0
20230526:0510,136.1,172.49,13.15,10.98,1.45,0.0
20230526:0610,362.09,392.6,23.35,14.01,1.17,0.0
20230526:0710,564.55,613.18,33.76,17.35,0.83,0.0
20230526:0810,706.43,799.31,44.02,19.54,0.21,0.0
20230526:0910,808.21,937.32,53.55,21.03,0.41,0.0
20230526:1010,876.91,1026.67,61.25,21.97,0.83,0.0
20230526:1110,904.28,1060.47,65.08,22.58,1.1,0.0
20230526:1210,874.93,1017.16,63.25,22.94,1.24,0.0
20230526:1310,786.42,897.07,56.71,23.22,1.38,0.0
20230526:1410,648.2,726.97,47.68,23.34,1.31,0.0
20230526:1510,448.45,502.63,37.61,23.12,1.24,0.0
20230526:1610,239.09,294.87,27.2,22.89,1.17,0.0
20230526:1710,54.25,98.26,16.89,22.34,0.9,0.0
20230526:1810,21.67,36.92,6.99,21.28,0.48,0.0
20230526:1910,0.0,0.0,0.0,20.76,0.55,0.0
20230526:2010,0.0,0.0,0.0,20.04,0.62,0.0
20230526:2110,0.0,0.0,0.0,18.99,0.76,0.0
20230526:2210,0.0,0.0,0.0,17.92,0.9,0.0
20230526:2310,0.0,0.0,0.0,17.02,1.03,0.0
20230527:0010,0.0,0.0,0.0,16.03,1.1,0.0
20230527:0110,0.0,0.0,0.0,14.88,1.24,0.0
20230527:0210,0.0,0.0,0.0,13.99,1.45,0.0
20230527:0310,0.0,0.0,0.0,13.28,1.45,0.0
20230527:0410,2.42,10.41,3.6,12.44,1.45,0.0
20230527:0510,108.42,135.44,13.25,12.98,0.97,0.0
20230527:0610,233.55,257.54,23.44,15.0,0.69,0.0
20230527:0710,256.68,281.78,33.85,17.02,0.76,0.0
20230527:0810,428.38,463.13,44.12,16.91,0.83,0.0
20230527:0910,312.49,340.65,53.67,17.29,1.17,0.0
20230527:1010,775.29,862.32,61.39,17.64,1.31,0.0
20230527:1110,829.6,935.73,65.25,17.94,1.1,0.0
20230527:1210,718.61,812.7,63.42,18.63,0.41,0.0
20230527:1310,662.74,748.98,56.86,19.09,0.07,0.0
20230527:1410,564.0,627.9,47.82,19.84,0.28,0.0
20230527:1510,282.46,314.38,37.74,19.9,0.62,0.0
20230527:1610,207.6,239.69,27.33,19.86,0.62,0.0
20230527:1710,63.3,103.92,17.02,19.58,0.34,0.0
20230527:1810,23.68,38.82,7.13,17.77,0.48,0.0
20230527:1910,0.0,0.0,0.0,15.92,1.38,0.0
20230527:2010,0.0,0.0,0.0,15.76,1.17,0.0
20230527:2110,0.0,0.0,0.0,15.11,1.17,0.0
20230527:2210,0.0,0.0,0.0,14.29,1.45,0.0
20230527:2310,0.0,0.0,0.0,14.16,1.31,0.0
20230528:0010,0.0,0.0,0.0,13.61,1.24,0.0
20230528:0110,0.0,0.0,0.0,12.92,1.38,0.0
20230528:0210,0.0,0.0,0.0,12.91,1.17,0.0
20230528:0310,0.0,0.0,0.0,12.73,1.52,0.0
20230528:0410,0.0,4.73,3.71,12.65,1.45,0.0
20230528:0510,41.82,58.24,13.35,13.07,1.31,0.0
20230528:0610,247.67,270.61,23.53,14.26,1.24,0.0
20230528:0710,446.47,482.15,33.94,16.87,0.69,0.0
20230528:0810,680.8,756.91,44.21,17.66,0.34,0.0
20230528:0910,755.44,860.06,53.77,18.4,0.21,0.0
20230528:1010,851.25,986.97,61.52,19.12,0.41,0.0
20230528:1110,809.19,937.13,65.41,20.03,0.41,0.0
20230528:1210,779.48,892.72,63.59,20.85,0.76,0.0
20230528:1310,694.12,778.93,57.01,21.13,1.1,0.0
20230528:1410,580.48,642.65,47.96,20.95,1.03,0.0
20230528:1510,430.32,480.54,37.87,20.44,0.28,0.0
20230528:1610,21.12,35.91,27.46,18.85,0.9,0.0
20230528:1710,21.14,35.91,17.15,18.61,0.41,0.0
20230528:1810,18.1,32.19,7.27,18.2,0.48,0.0
20230528:1910,0.0,0.0,0.0,15.36,1.31,0.0
20230528:2010,0.0,0.0,0.0,14.62,1.24,0.0
20230528:2110,0.0,0.0,0.0,14.1,1.38,0.0
20230528:2210,0.0,0.0,0.0,13.64,1.24,0.0
20230528:2310,0.0,0.0,0.0,12.94,1.24,0.0
20230529:0010,0.0,0.0,0.0,12.28,1.31,0.0
20230529:0110,0.0,0.0,0.0,11.7,1.38,0.0
20230529:0210,0.0,0.0,0.0,11.2,1.31,0.0
20230529:0310,0.0,0.0,0.0,10.75,1.38,0.0
20230529:0410,0.0,2.84,3.8,10.48,1.52,0.0
20230529:0510,110.18,135.87,13.44,11.36,1.52,0.0
20230529:0610,29.27,44.65,23.62,14.21,1.17,0.0
20230529:0710,71.87,91.24,34.03,16.73,0.97,0.0
20230529:0810,183.01,207.71,44.3,17.96,0.14,0.0
20230529:0910,627.35,694.99,53.88,18.67,0.76,0.0
20230529:1010,748.48,849.17,61.65,19.19,0.62,0.0
20230529:1110,889.71,1042.44,65.57,19.83,0.48,0.0
20230529:1210,852.19,995.81,63.74,20.22,0.34,0.0
20230529:1310,767.53,880.53,57.15,20.76,0.41,0.0
20230529:1410,640.45,719.85,48.09,20.9,0.41,0.0
20230529:1510,446.58,498.34,38.0,20.84,0.55,0.0
20230529:1610,241.22,292.16,27.59,20.43,0.83,0.0
20230529:1710,87.88,121.8,17.28,19.67,0.9,0.0
20230529:1810,24.34,39.76,7.4,18.9,0.48,0.0
20230529:1910,0.0,0.0,0.0,18.77,0.34,0.0
20230529:2010,0.0,0.0,0.0,16.07,0.83,0.0
20230529:2110,0.0,0.0,0.0,14.86,1.31,0.0
20230529:2210,0.0,0.0,0.0,14.13,1.59,0.0
20230529:2310,0.0,0.0,0.0,13.42,1.72,0.0
20230530:0010,0.0,0.0,0.0,13.25,1.66,0.0
20230530:0110,0.0,0.0,0.0,12.58,1.59,0.0
20230530:0210,0.0,0.0,0.0,12.06,1.59,0.0
20230530:0310,0.0,0.0,0.0,11.48,1.59,0.0
20230530:0410,8.92,19.88,3.9,11.06,1.59,0.0
20230530:0510,55.59,72.91,13.52,11.88,1.45,0.0
20230530:0610,221.92,243.95,23.69,14.31,1.17,0.0
20230530:0710,471.57,512.9,34.1,17.48,0.41,0.0
20230530:0810,485.15,528.47,44.38,18.26,0.83,0.0
20230530:0910,645.02,711.98,53.97,18.75,1.1,0.0
20230530:1010,814.57,917.9,61.77,19.32,1.38,0.0
20230530:1110,757.35,848.49,65.72,19.38,1.38,0.0
20230530:1210,816.79,929.7,63.9,19.95,1.03,0.0
20230530:1310,747.2,857.68,57.29,20.13,0.14,0.0
20230530:1410,628.75,702.47,48.22,20.55,0.55,0.0
20230530:1510,422.66,467.83,38.12,19.95,0.76,0.0
20230530:1610,219.79,251.67,27.71,18.64,0.97,0.0
20230530:1710,8.92,20.38,17.41,17.97,0.9,0.0
20230530:1810,29.49,45.44,7.54,17.19,0.62,0.0
20230530:1910,0.0,0.0,0.0,16.67,0.83,0.0
20230530:2010,0.0,0.0,0.0,15.11,1.17,0.0
20230530:2110,0.0,0.0,0.0,14.15,1.72,0.0
20230530:2210,0.0,0.0,0.0,13.93,1.72,0.0
20230530:2310,0.0,0.0,0.0,13.91,1.59,0.0
20230531:0010,0.0,0.0,0.0,13.66,1.52,0.0
20230531:0110,0.0,0.0,0.0,13.32,1.52,0.0
20230531:0210,0.0,0.0,0.0,13.27,1.52,0.0
20230531:0310,0.0,0.0,0.0,12.83,1.66,0.0
20230531:0410,0.0,3.79,3.98,12.5,1.66,0.0
20230531:0510,5.69,15.53,13.6,13.07,1.38,0.0
20230531:0610,138.84,159.12,23.77,14.8,1.24,0.0
20230531:0710,38.84,55.33,34.18,14.53,1.31,0.0
20230531:0810,126.65,146.56,44.46,14.9,1.52,0.0
20230531:0910,327.71,352.72,54.06,15.53,1.66,0.0
20230531:1010,478.06,513.72,61.89,16.26,1.72,0.0
20230531:1110,915.88,1024.43,65.86,17.02,1.79,0.0
20230531:1210,875.53,985.4,64.04,18.96,1.66,0.0
20230531:1310,679.93,755.1,57.43,19.57,1.17,0.0
20230531:1410,631.9,702.97,48.35,20.16,0.69,0.0
20230531:1510,92.51,114.53,38.24,20.22,0.55,0.0
20230531:1610,241.57,290.18,27.83,19.87,0.14,0.0
20230531:1710,82.49,104.52,17.53,19.48,0.69,0.0
20230531:1810,25.97,41.66,7.66,18.84,0.62,0.0
20230531:1910,0.0,0.0,0.0,17.9,0.07,0.0
20230531:2010,0.0,0.0,0.0,17.26,0.41,0.0
20230531:2110,0.0,0.0,0.0,15.95,0.83,0.0
20230531:2210,0.0,0.0,0.0,14.48,1.03,0.0
20230531:2310,0.0,0.0,0.0,13.7,1.1,0.0
20230601:0010,0.0,0.0,0.0,13.03,1.17,0.0
20230601:0110,0.0,0.0,0.0,12.44,1.17,0.0
20230601:0210,0.0,0.0,0.0,11.79,1.24,0.0
20230601:0310,0.0,0.0,0.0,10.8,1.31,0.0
20230601:0410,10.41,21.77,4.07,10.21,1.38,0.0
20230601:0510,127.91,158.89,13.67,11.26,1.1,0.0
20230601:0610,347.93,378.94,23.84,14.67,0.9,0.0
20230601:0710,554.92,603.81,34.24,17.46,0.69,0.0
20230601:0810,701.77,785.98,44.53,18.74,0.41,0.0
20230601:0910,807.06,915.52,54.15,19.76,0.97,0.0
20230601:1010,876.2,1009.34,62.0,20.54,1.1,0.0
20230601:1110,883.16,1019.92,65.99,20.97,1.17,0.0
20230601:1210,855.09,981.29,64.19,21.28,1.24,0.0
20230601:1310,769.05,872.51,57.56,21.65,1.1,0.0
20230601:1410,623.56,700.96,48.47,21.53,0.48,0.0
20230601:1510,451.68,502.09,38.36,20.62,0.76,0.0
20230601:1610,244.86,296.4,27.95,20.53,0.34,0.0
20230601:1710,86.34,123.02,17.65,20.31,1.03,0.0
20230601:1810,27.46,43.55,7.79,19.67,0.34,0.0
20230601:1910,0.0,0.0,0.0,19.89,0.34,0.0
20230601:2010,0.0,0.0,0.0,19.17,0.28,0.0
20230601:2110,0.0,0.0,0.0,18.37,0.76,0.0
20230601:2210,0.0,0.0,0.0,16.65,0.97,0.0
20230601:2310,0.0,0.0,0.0,15.7,1.03,0.0
20230602:0010,0.0,0.0,0.0,14.9,1.1,0.0
20230602:0110,0.0,0.0,0.0,14.02,1.24,0.0
20230602:0210,0.0,0.0,0.0,13.15,1.38,0.0
20230602:0310,0.0,0.0,0.0,12.46,1.38,0.0
20230602:0410,5.46,15.15,4.14,12.16,1.31,0.0
20230602:0510,30.32,45.62,13.74,13.0,1.1,0.0
20230602:0610,345.85,379.58,23.9,16.01,0.76,0.0
20230602:0710,555.82,606.9,34.3,17.94,0.62,0.0
20230602:0810,697.67,790.39,44.6,19.74,0.14,0.0
20230602:0910,808.5,927.35,54.23,20.8,0.76,0.0
20230602:1010,861.69,997.93,62.1,21.63,1.03,0.0
20230602:1110,874.31,1015.76,66.12,22.28,1.17,0.0
20230602:1210,839.15,971.93,64.32,22.49,1.03,0.0
20230602:1310,766.21,878.91,57.69,22.89,0.9,0.0
20230602:1410,621.34,698.69,48.59,22.86,0.83,0.0
20230602:1510,454.21,503.33,38.47,21.07,1.24,0.0
20230602:1610,247.72,298.26,28.06,19.89,0.69,0.0
20230602:1710,16.28,30.09,17.77,19.63,0.9,0.0
20230602:1810,0.8,7.57,7.91,19.22,0.9,0.0
20230602:1910,0.0,0.0,0.0,18.37,1.24,0.0
20230602:2010,0.0,0.0,0.0,16.89,1.31,0.0
20230602:2110,0.0,0.0,0.0,15.71,1.45,0.0
20230602:2210,0.0,0.0,0.0,14.57,1.52,0.0
20230602:2310,0.0,0.0,0.0,13.82,1.38,0.0
20230603:0010,0.0,0.0,0.0,13.17,1.45,0.0
20230603:0110,0.0,0.0,0.0,12.66,1.45,0.0
20230603:0210,0.0,0.0,0.0,12.25,1.45,0.0
20230603:0310,0.0,0.0,0.0,11.71,1.45,0.0
20230603:0410,0.0,2.84,4.21,11.19,1.38,0.0
20230603:0510,80.27,100.49,13.8,12.56,1.1,0.0
20230603:0610,309.62,338.2,23.96,15.2,0.9,0.0
20230603:0710,501.16,541.74,34.36,16.42,0.55,0.0
20230603:0810,569.31,621.4,44.66,17.64,0.76,0.0
20230603:0910,753.86,839.81,54.3,18.56,1.17,0.0
20230603:1010,790.67,886.53,62.19,19.24,1.45,0.0
20230603:1110,684.07,756.54,66.24,19.86,1.86,0.0
20230603:1210,700.83,779.26,64.45,20.23,1.66,0.0
20230603:1310,452.95,496.06,57.81,19.84,1.45,0.0
20230603:1410,309.33,341.1,48.7,19.49,1.03,0.0
20230603:1510,128.12,151.42,38.59,19.21,0.21,0.0
20230603:1610,93.13,114.53,28.17,18.85,0.48,0.0
20230603:1710,92.03,114.66,17.88,18.27,0.55,0.0
20230603:1810,31.88,48.28,8.02,17.83,0.69,0.0
20230603:1910,0.0,0.0,0.0,16.85,0.55,0.0
20230603:2010,0.0,0.0,0.0,16.05,0.55,0.0
20230603:2110,0.0,0.0,0.0,14.89,0.9,0.0
20230603:2210,0.0,0.0,0.0,14.05,1.03,0.0
20230603:2310,0.0,0.0,0.0,13.62,0.97,0.0
20230604:0010,0.0,0.0,0.0,12.99,0.83,0.0
20230604:0110,0.0,0.0,0.0,13.17,0.83,0.0
20230604:0210,0.0,0.0,0.0,13.46,1.03,0.0
20230604:0310,0.0,0.0,0.0,13.53,0.97,0.0
20230604:0410,9.51,20.83,4.28,13.18,0.97,0.0
20230604:0510,5.67,15.53,13.86,13.4,0.62,0.0
20230604:0610,69.92,88.33,24.01,14.07,0.28,0.0
20230604:0710,165.45,187.8,34.41,16.02,0.07,0.0
20230604:0810,515.32,561.55,44.71,16.57,0.28,0.0
20230604:0910,570.72,626.23,54.37,17.41,0.62,0.0
20230604:1010,330.38,362.93,62.28,18.54,0.83,0.0
20230604:1110,235.65,263.04,66.36,18.51,0.48,0.0
20230604:1210,314.8,346.59,64.58,19.49,1.38,0.0
20230604:1310,591.72,650.74,57.93,19.0,1.17,0.0
20230604:1410,581.53,641.51,48.81,18.97,0.62,0.0
20230604:1510,451.59,500.29,38.69,19.02,0.34,0.0
20230604:1610,186.54,214.02,28.28,19.09,0.41,0.0
20230604:1710,41.54,59.21,17.99,18.34,0.48,0.0
20230604:1810,22.2,36.92,8.14,16.78,0.48,0.0
20230604:1910,0.0,0.0,0.0,16.06,0.48,0.0
20230604:2010,0.0,0.0,0.0,15.08,0.83,0.0
20230604:2110,0.0,0.0,0.0,14.42,0.83,0.0
20230604:2210,0.0,0.0,0.0,14.27,0.48,0.0
20230604:2310,0.0,0.0,0.0,13.89,0.55,0.0
20230605:0010,0.0,0.0,0.0,13.25,0.69,0.0
20230605:0110,0.0,0.0,0.0,12.86,0.76,0.0
20230605:0210,0.0,0.0,0.0,12.49,0.76,0.0
20230605:0310,0.0,0.0,0.0,11.8,0.83,0.0
20230605:0410,2.99,11.36,4.34,12.03,0.76,0.0
20230605:0510,17.74,31.06,13.91,12.46,0.69,0.0
20230605:0610,178.87,199.35,24.05,13.43,0.55,0.0
20230605:0710,459.67,496.96,34.46,15.39,0.07,0.0
20230605:0810,557.77,606.67,44.76,16.48,0.55,0.0
20230605:0910,436.17,473.58,54.43,17.67,1.1,0.0
20230605:1010,440.47,479.36,62.36,18.29,1.38,0.0
20230605:1110,336.08,367.91,66.47,18.66,1.38,0.0
20230605:1210,494.59,542.17,64.7,19.43,1.38,0.0
20230605:1310,462.24,506.22,58.05,19.39,1.24,0.0
20230605:1410,334.06,367.95,48.92,19.54,0.9,0.0
20230605:1510,237.37,266.09,38.8,19.3,0.28,0.0
20230605:1610,93.86,115.5,28.38,19.14,0.28,0.0
20230605:1710,103.9,132.22,18.1,18.46,0.48,0.0
20230605:1810,26.91,42.6,8.25,17.87,0.34,0.0
20230605:1910,0.0,0.0,0.0,15.74,0.55,0.0
20230605:2010,0.0,0.0,0.0,15.21,0.14,0.0
20230605:2110,0.0,0.0,0.0,14.98,0.28,0.0
20230605:2210,0.0,0.0,0.0,14.82,0.34,0.0
20230605:2310,0.0,0.0,0.0,13.89,0.48,0.0
20230606:0010,0.0,0.0,0.0,13.49,0.48,0.0
20230606:0110,0.0,0.0,0.0,13.02,0.55,0.0
20230606:0210,0.0,0.0,0.0,12.87,0.55,0.0
20230606:0310,0.0,0.0,0.0,12.34,0.69,0.0
20230606:0410,10.3,21.77,4.39,12.03,0.76,0.0
20230606:0510,113.42,140.22,13.96,12.81,0.62,0.0
20230606:0610,312.75,341.07,24.09,14.13,0.41,0.0
20230606:0710,0.0,0.0,0.0,15.55,0.14,0.0
20230606:0810,614.92,674.35,44.81,16.85,0.48,0.0
20230606:0910,710.34,790.83,54.48,18.56,0.97,0.0
20230606:1010,833.56,945.27,62.44,19.43,1.24,0.0
20230606:1110,845.13,962.52,66.57,20.3,1.38,0.0
20230606:1210,852.03,968.27,64.81,20.97,1.59,0.0
20230606:1310,754.98,845.04,58.15,21.3,1.66,0.0
20230606:1410,580.79,652.34,49.03,20.92,0.21,0.0
20230606:1510,448.3,498.9,38.9,20.34,0.48,0.0
20230606:1610,253.37,305.25,28.49,20.42,0.28,0.0
20230606:1710,83.92,124.35,18.2,20.06,0.34,0.0
20230606:1810,28.29,44.5,8.35,19.56,0.21,0.0
20230606:1910,0.0,0.0,0.0,17.21,0.83,0.0
20230606:2010,0.0,0.0,0.0,16.17,0.55,0.0
20230606:2110,0.0,0.0,0.0,15.18,0.83,0.0
20230606:2210,0.0,0.0,0.0,14.52,0.97,0.0
20230606:2310,0.0,0.0,0.0,14.22,1.03,0.0
20230607:0010,0.0,0.0,0.0,14.0,0.97,0.0
20230607:0110,0.0,0.0,0.0,13.84,0.9,0.0
20230607:0210,0.0,0.0,0.0,13.13,1.03,0.0
20230607:0310,0.0,0.0,0.0,13.18,0.9,0.0
20230607:0410,12.44,24.61,4.44,13.08,0.83,0.0
20230607:0510,67.44,86.51,14.0,13.81,0.55,0.0
20230607:0610,280.57,309.6,24.13,15.8,0.14,0.0
20230607:0710,538.04,586.41,34.53,17.22,0.41,0.0
20230607:0810,714.02,786.25,44.84,17.97,1.1,0.0
20230607:0910,804.24,905.74,54.53,18.56,0.97,0.0
20230607:1010,842.11,956.64,62.51,19.31,1.17,0.0
20230607:1110,866.53,986.35,66.67,20.01,1.45,0.0
20230607:1210,831.47,941.39,64.92,19.73,1.31,0.0
20230607:1310,760.3,854.62,58.26,19.65,0.97,0.0
20230607:1410,624.47,693.29,49.12,19.64,0.62,0.0
20230607:1510,456.51,507.36,38.99,19.67,0.34,0.0
20230607:1610,253.19,303.59,28.58,19.76,0.28,0.0
20230607:1710,74.05,118.3,18.3,19.32,0.34,0.0
20230607:1810,30.08,46.39,8.45,18.63,0.34,0.0
20230607:1910,0.0,0.0,0.0,18.42,0.21,0.0
20230607:2010,0.0,0.0,0.0,17.82,0.48,0.0
20230607:2110,0.0,0.0,0.0,16.69,0.55,0.0
20230607:2210,0.0,0.0,0.0,15.75,0.83,0.0
20230607:2310,0.0,0.0,0.0,14.71,1.03,0.0
20230608:0010,0.0,0.0,0.0,13.85,1.17,0.0
20230608:0110,0.0,0.0,0.0,12.78,1.17,0.0
20230608:0210,0.0,0.0,0.0,12.95,1.17,0.0
20230608:0310,0.0,0.0,0.0,12.15,1.24,0.0
20230608:0410,5.47,15.15,4.48,11.78,1.24,0.0
20230608:0510,101.7,124.95,14.03,12.16,1.1,0.0
20230608:0610,194.97,215.53,24.16,13.56,1.03,0.0
20230608:0710,349.78,378.22,34.56,16.5,0.69,0.0
20230608:0810,662.83,745.56,44.88,18.72,0.0,0.0
20230608:0910,787.06,902.82,54.57,19.85,0.41,0.0
20230608:1010,774.14,888.49,62.57,20.57,0.62,0.0
20230608:1110,862.77,1002.51,66.75,21.4,0.9,0.0
20230608:1210,820.84,944.39,65.02,21.49,0.97,0.0
20230608:1310,752.96,858.26,58.36,21.25,0.69,0.0
20230608:1410,615.29,685.34,49.22,20.87,0.76,0.0
20230608:1510,433.86,483.4,39.09,21.43,0.76,0.0
20230608:1610,250.13,298.67,28.67,21.24,0.62,0.0
20230608:1710,75.48,119.98,18.39,20.99,0.55,0.0
20230608:1810,32.24,49.23,8.55,20.54,0.21,0.0
20230608:1910,0.0,0.0,0.0,19.6,0.21,0.0
20230608:2010,0.0,0.0,0.0,18.52,0.69,0.0
20230608:2110,0.0,0.0,0.0,17.76,0.69,0.0
20230608:2210,0.0,0.0,0.0,16.61,0.83,0.0
20230608:2310,0.0,0.0,0.0,15.55,0.9,0.0
20230609:0010,0.0,0.0,0.0,14.44,0.97,0.0
20230609:0110,0.0,0.0,0.0,13.07,1.03,0.0
20230609:0210,0.0,0.0,0.0,13.22,1.1,0.0
20230609:0310,0.0,0.0,0.0,12.84,1.17,0.0
20230609:0410,12.49,24.61,4.51,12.47,1.24,0.0
20230609:0510,110.81,136.76,14.06,12.97,1.03,0.0
20230609:0610,313.29,341.64,24.19,14.74,0.83,0.0
20230609:0710,421.21,454.15,34.58,16.67,0.76,0.0
20230609:0810,666.14,744.42,44.9,18.99,0.34,0.0
20230609:0910,756.34,867.98,54.61,20.17,0.28,0.0
20230609:1010,608.91,680.66,62.62,21.08,1.03,0.0
20230609:1110,610.31,682.6,66.84,21.56,1.24,0.0
20230609:1210,540.64,600.44,65.12,21.79,1.45,0.0
20230609:1310,519.75,576.79,58.45,21.37,1.1,0.0
20230609:1410,378.91,421.37,49.31,21.92,0.83,0.0
20230609:1510,203.67,232.95,39.18,21.88,0.48,0.0
20230609:1610,167.58,195.46,28.76,21.6,0.34,0.0
20230609:1710,89.71,112.61,18.48,20.1,0.62,0.0
20230609:1810,20.38,35.03,8.64,18.79,0.21,0.0
20230609:1910,0.0,0.0,0.0,18.66,0.28,0.0
20230609:2010,0.0,0.0,0.0,18.16,0.48,0.0
20230609:2110,0.0,0.0,0.0,17.58,0.55,0.0
20230609:2210,0.0,0.0,0.0,17.34,0.28,0.0
20230609:2310,0.0,0.0,0.0,16.86,0.28,0.0
20230610:0010,0.0,0.0,0.0,15.83,0.41,0.0
20230610:0110,0.0,0.0,0.0,15.83,0.48,0.0
20230610:0210,0.0,0.0,0.0,15.55,0.48,0.0
20230610:0310,0.0,0.0,0.0,15.44,0.41,0.0
20230610:0410,13.02,25.56,4.55,15.33,0.41,0.0
20230610:0510,21.48,35.91,14.08,15.57,0.34,0.0
20230610:0610,106.21,126.53,24.21,15.53,0.28,0.0
20230610:0710,206.67,230.67,34.6,17.47,0.9,0.0
20230610:0810,135.19,157.24,44.93,17.53,0.97,0.0
20230610:0910,250.74,277.3,54.64,18.02,1.03,0.0
20230610:1010,395.19,432.07,62.67,18.26,0.9,0.0
20230610:1110,493.51,544.65,66.91,18.92,0.62,0.0
20230610:1210,705.15,806.13,65.21,20.31,0.28,0.0
20230610:1310,662.14,751.79,58.54,21.64,0.48,0.0
20230610:1410,597.46,668.5,49.4,22.44,0.9,0.0
20230610:1510,450.0,505.05,39.26,22.5,0.62,0.0
20230610:1610,247.7,295.03,28.85,22.27,0.55,0.0
20230610:1710,105.69,134.88,18.57,22.16,0.07,0.0
20230610:1810,2.25,10.41,8.73,21.53,0.41,0.0
20230610:1910,0.0,0.0,0.0,19.0,0.83,0.0
20230610:2010,0.0,0.0,0.0,17.19,0.9,0.0
20230610:2110,0.0,0.0,0.0,16.18,1.1,0.0
20230610:2210,0.0,0.0,0.0,15.81,0.9,0.0
20230610:2310,0.0,0.0,0.0,15.55,0.9,0.0
20230611:0010,0.0,0.0,0.0,14.74,1.1,0.0
20230611:0110,0.0,0.0,0.0,14.19,1.1,0.0
20230611:0210,0.0,0.0,0.0,13.6,1.1,0.0
20230611:0310,0.0,0.0,0.0,13.1,1.17,0.0
20230611:0410,4.8,14.2,4.57,12.65,1.17,0.0
20230611:0510,137.21,173.78,14.1,13.23,1.1,0.0
20230611:0610,354.08,385.42,24.22,14.54,0.97,0.0
20230611:0710,528.46,583.43,34.62,19.02,0.14,0.0
20230611:0810,648.86,726.08,44.94,20.39,0.55,0.0
20230611:0910,732.91,830.16,54.66,21.35,0.97,0.0
20230611:1010,753.6,858.25,62.72,22.23,1.24,0.0
20230611:1110,793.68,907.79,66.98,22.89,1.52,0.0
20230611:1210,826.1,945.67,65.29,22.96,1.59,0.0
20230611:1310,662.55,753.66,58.63,23.0,0.76,0.0
20230611:1410,512.15,572.78,49.48,22.5,0.69,0.0
20230611:1510,318.61,352.76,39.35,20.61,1.24,0.0
20230611:1610,252.63,296.12,28.93,20.35,1.38,0.0
20230611:1710,104.04,137.33,18.65,20.51,0.76,0.0
20230611:1810,1.26,8.52,8.81,19.51,0.69,0.0
20230611:1910,0.0,0.0,0.0,18.03,1.31,0.0
20230611:2010,0.0,0.0,0.0,17.23,1.1,0.0
20230611:2110,0.0,0.0,0.0,16.44,1.24,0.0
20230611:2210,0.0,0.0,0.0,16.09,1.45,0.0
20230611:2310,0.0,0.0,0.0,15.81,1.45,0.0
20230612:0010,0.0,0.0,0.0,15.69,1.38,0.0
20230612:0110,0.0,0.0,0.0,14.91,1.38,0.0
20230612:0210,0.0,0.0,0.0,14.54,1.31,0.0
20230612:0310,0.0,0.0,0.0,14.77,1.31,0.0
20230612:0410,5.36,15.15,4.59,14.98,1.17,0.0
20230612:0510,135.71,173.53,14.12,15.39,1.1,0.0
20230612:0610,294.64,324.28,24.23,16.68,0.97,0.0
20230612:0710,546.03,599.13,34.63,18.19,0.34,0.0
20230612:0810,672.75,746.62,44.95,19.11,0.76,0.0
20230612:0910,0.0,0.0,0.0,19.47,0.97,0.0
20230612:1010,869.62,1004.93,62.75,20.41,0.9,0.0
20230612:1110,811.23,935.27,67.04,21.13,0.83,0.0
20230612:1210,840.37,970.42,65.37,21.65,0.97,0.0
20230612:1310,726.01,825.28,58.71,22.14,0.9,0.0
20230612:1410,578.16,646.18,49.56,21.71,0.69,0.0
20230612:1510,354.56,397.12,39.42,21.21,0.07,0.0
20230612:1610,215.89,248.88,29.01,21.17,0.48,0.0
20230612:1710,72.41,119.89,18.73,20.81,0.83,0.0
20230612:1810,35.86,53.02,8.89,19.0,0.62,0.0
20230612:1910,0.0,0.0,0.0,17.8,0.69,0.0
20230612:2010,0.0,0.0,0.0,17.2,1.03,0.0
20230612:2110,0.0,0.0,0.0,16.58,1.17,0.0
20230612:2210,0.0,0.0,0.0,16.09,1.1,0.0
20230612:2310,0.0,0.0,0.0,16.18,1.03,0.0
20230613:0010,0.0,0.0,0.0,16.28,0.97,0.0
20230613:0110,0.0,0.0,0.0,16.12,0.76,0.0
20230613:0210,0.0,0.0,0.0,15.88,0.55,0.0
20230613:0310,0.0,0.0,0.0,15.82,0.83,0.0
20230613:0410,0.0,3.79,4.6,15.64,1.1,0.0
20230613:0510,5.6,15.53,14.13,15.63,1.31,0.0
20230613:0610,24.77,39.8,24.24,15.97,1.24,0.0
20230613:0710,33.34,49.5,34.63,15.82,1.72,0.0
20230613:0810,69.32,88.33,44.96,16.26,1.45,0.0
20230613:0910,136.64,158.21,54.7,16.87,1.1,0.0
20230613:1010,151.29,173.74,62.78,17.68,1.31,0.0
20230613:1110,246.87,273.72,67.09,18.29,1.03,0.0
20230613:1210,329.31,362.47,65.44,18.98,0.9,0.0
20230613:1310,540.24,596.47,58.79,19.42,0.83,0.0
20230613:1410,588.37,651.26,49.64,19.74,0.69,0.0
20230613:1510,403.09,444.87,39.5,19.44,0.62,0.0
20230613:1610,249.3,288.81,29.08,19.32,0.62,0.0
20230613:1710,107.07,139.24,18.8,19.11,0.83,0.0
20230613:1810,36.86,53.96,8.97,18.2,0.76,0.0
20230613:1910,0.0,0.0,0.0,17.58,0.83,0.0
20230613:2010,0.0,0.0,0.0,16.87,0.69,0.0
20230613:2110,0.0,0.0,0.0,16.34,0.48,0.0
20230613:2210,0.0,0.0,0.0,15.95,0.55,0.0
20230613:2310,0.0,0.0,0.0,15.99,0.62,0.0
20230614:0010,0.0,0.0,0.0,15.76,0.69,0.0
20230614:0110,0.0,0.0,0.0,15.63,0.69,0.0
20230614:0210,0.0,0.0,0.0,15.57,0.62,0.0
20230614:0310,0.0,0.0,0.0,15.73,0.55,0.0
20230614:0410,0.0,3.79,4.61,15.47,0.48,0.0
20230614:0510,6.26,16.5,14.13,15.53,0.21,0.0
20230614:0610,135.72,157.67,24.24,16.52,0.14,0.0
20230614:0710,254.1,278.9,34.63,16.1,0.28,0.0
20230614:0810,652.97,718.08,44.96,16.22,0.34,0.0
20230614:0910,715.16,791.85,54.71,16.5,0.69,0.0
20230614:1010,763.65,854.51,62.81,16.62,0.69,0.0
20230614:1110,758.86,849.93,67.14,17.27,0.83,0.0
20230614:1210,754.57,845.4,65.51,18.23,0.97,0.0
20230614:1310,656.31,729.18,58.86,18.63,0.76,0.0
20230614:1410,553.23,609.05,49.71,18.98,0.69,0.0
20230614:1510,469.85,518.89,39.57,19.51,0.76,0.0
20230614:1610,266.98,317.44,29.15,18.84,0.62,0.0
20230614:1710,70.88,120.45,18.87,18.27,0.62,0.0
20230614:1810,1.28,8.52,9.04,18.08,0.69,0.0
20230614:1910,0.0,0.0,0.0,18.18,0.83,0.0
20230614:2010,0.0,0.0,0.0,16.38,1.17,0.0
20230614:2110,0.0,0.0,0.0,15.47,1.03,0.0
20230614:2210,0.0,0.0,0.0,15.17,0.9,0.0
20230614:2310,0.0,0.0,0.0,14.78,1.03,0.0
20230615:0010,0.0,0.0,0.0,14.35,1.03,0.0
20230615:0110,0.0,0.0,0.0,14.56,0.9,0.0
20230615:0210,0.0,0.0,0.0,14.15,0.97,0.0
20230615:0310,0.0,0.0,0.0,14.19,0.9,0.0
20230615:0410,0.4,6.63,4.62,14.3,0.76,0.0
20230615:0510,137.84,176.69,14.13,14.74,0.55,0.0
20230615:0610,349.24,384.88,24.23,16.03,0.41,0.0
20230615:0710,522.62,568.09,34.62,17.03,0.48,0.0
20230615:0810,700.84,784.57,44.96,18.68,0.41,0.0
20230615:0910,810.24,925.51,54.71,20.01,0.76,0.0
20230615:1010,876.39,1015.41,62.82,20.9,0.97,0.0
20230615:1110,887.25,1028.57,67.18,21.79,1.24,0.0
20230615:1210,847.47,970.73,65.57,21.95,1.45,0.0
20230615:1310,753.1,850.1,58.92,22.65,1.59,0.0
20230615:1410,611.01,679.75,49.77,22.77,1.52,0.0
20230615:1510,466.13,518.28,39.63,22.7,1.59,0.0
20230615:1610,261.25,310.3,29.22,20.94,0.9,0.0
20230615:1710,110.46,142.98,18.94,20.32,1.31,0.0
20230615:1810,39.27,56.8,9.1,19.06,1.52,0.0
20230615:1910,0.0,0.0,0.0,18.63,0.97,0.0
20230615:2010,0.0,0.0,0.0,17.21,0.9,0.0
20230615:2110,0.0,0.0,0.0,16.21,1.03,0.0
20230615:2210,0.0,0.0,0.0,16.07,0.9,0.0
20230615:2310,0.0,0.0,0.0,15.44,0.9,0.0
20230616:0010,0.0,0.0,0.0,14.81,0.97,0.0
20230616:0110,0.0,0.0,0.0,14.4,0.97,0.0
20230616:0210,0.0,0.0,0.0,13.97,1.03,0.0
20230616:0310,0.0,0.0,0.0,13.31,1.1,0.0
20230616:0410,13.2,25.56,4.61,12.96,1.1,0.0
20230616:0510,147.72,189.79,14.12,13.65,0.9,0.0
20230616:0610,358.34,395.1,24.22,16.71,0.76,0.0
20230616:0710,548.7,603.29,34.61,18.67,0.41,0.0
20230616:0810,707.74,798.88,44.95,20.25,0.48,0.0
20230616:0910,814.1,943.11,54.71,21.31,0.55,0.0
20230616:1010,872.58,1027.93,62.84,22.44,0.69,0.0
20230616:1110,880.28,1036.15,67.22,23.29,0.97,0.0
20230616:1210,852.94,999.58,65.62,23.99,1.03,0.0
20230616:1310,785.91,907.66,58.98,24.56,1.17,0.0
20230616:1410,648.52,734.52,49.83,24.93,1.24,0.0
20230616:1510,467.74,527.37,39.7,24.9,1.31,0.0
20230616:1610,261.57,316.96,29.28,24.46,1.1,0.0
20230616:1710,77.39,126.52,19.0,24.01,0.83,0.0
20230616:1810,36.82,54.91,9.16,22.74,0.62,0.0
20230616:1910,0.0,0.0,0.0,21.15,1.03,0.0
20230616:2010,0.0,0.0,0.0,19.54,1.24,0.0
20230616:2110,0.0,0.0,0.0,18.35,1.45,0.0
20230616:2210,0.0,0.0,0.0,17.91,1.31,0.0
20230616:2310,0.0,0.0,0.0,17.71,1.17,0.0
20230617:0010,0.0,0.0,0.0,16.91,1.17,0.0
20230617:0110,0.0,0.0,0.0,15.76,1.24,0.0
20230617:0210,0.0,0.0,0.0,14.35,1.38,0.0
20230617:0310,0.0,0.0,0.0,13.34,1.45,0.0
20230617:0410,0.0,4.73,4.61,12.75,1.45,0.0
20230617:0510,99.15,122.34,14.11,13.25,1.31,0.0
20230617:0610,280.67,309.26,24.21,16.75,1.03,0.0
20230617:0710,528.51,584.06,34.6,19.3,0.21,0.0
20230617:0810,704.12,798.67,44.94,20.93,0.41,0.0
20230617:0910,802.99,932.01,54.7,21.99,0.55,0.0
20230617:1010,866.77,1023.01,62.84,22.94,0.69,0.0
20230617:1110,886.09,1048.45,67.24,23.63,0.9,0.0
20230617:1210,867.35,1016.6,65.67,23.88,1.1,0.0
20230617:1310,778.65,894.81,59.04,24.12,1.24,0.0
20230617:1410,633.27,713.58,49.89,24.23,1.24,0.0
20230617:1510,448.06,503.28,39.75,24.15,1.24,0.0
20230617:1610,260.56,312.03,29.34,23.82,0.9,0.0
20230617:1710,93.29,136.62,19.06,23.43,0.62,0.0
20230617:1810,40.23,58.7,9.22,22.38,0.62,0.0
20230617:1910,0.0,0.0,0.0,22.36,0.55,0.0
20230617:2010,0.0,0.0,0.0,21.04,0.76,0.0
20230617:2110,0.0,0.0,0.0,18.91,1.1,0.0
20230617:2210,0.0,0.0,0.0,17.87,1.17,0.0
20230617:2310,0.0,0.0,0.0,17.37,1.1,0.0
20230618:0010,0.0,0.0,0.0,16.94,1.03,0.0
20230618:0110,0.0,0.0,0.0,16.63,1.03,0.0
20230618:0210,0.0,0.0,0.0,16.14,1.03,0.0
20230618:0310,0.0,0.0,0.0,15.25,1.17,0.0
20230618:0410,7.36,17.99,4.59,14.38,1.24,0.0
20230618:0510,108.31,134.9,14.09,14.75,1.03,0.0
20230618:0610,204.66,230.77,24.19,18.33,0.76,0.0
20230618:0710,251.77,281.23,34.58,20.13,0.48,0.0
20230618:0810,644.71,732.33,44.92,21.64,0.14,0.0
20230618:0910,775.64,901.13,54.68,22.48,0.41,0.0
20230618:1010,853.01,1001.32,62.84,22.96,0.76,0.0
20230618:1110,858.61,1004.58,67.26,23.68,1.1,0.0
20230618:1210,815.7,942.36,65.71,24.05,1.38,0.0
20230618:1310,767.46,877.8,59.09,23.93,1.31,0.0
20230618:1410,626.54,703.27,49.94,23.75,1.24,0.0
20230618:1510,370.67,415.3,39.81,23.35,1.03,0.0
20230618:1610,231.79,269.17,29.39,22.42,0.55,0.0
20230618:1710,99.05,124.04,19.11,21.96,0.62,0.0
20230618:1810,5.14,15.15,9.27,21.47,0.76,0.0
20230618:1910,0.0,0.0,0.0,20.44,1.1,0.0
20230618:2010,0.0,0.0,0.0,19.23,1.17,0.0
20230618:2110,0.0,0.0,0.0,18.38,1.24,0.0
20230618:2210,0.0,0.0,0.0,18.01,1.17,0.0
20230618:2310,0.0,0.0,0.0,17.59,1.17,0.0
20230619:0010,0.0,0.0,0.0,17.38,1.03,0.0
20230619:0110,0.0,0.0,0.0,16.98,1.03,0.0
20230619:0210,0.0,0.0,0.0,16.19,1.17,0.0
20230619:0310,0.0,0.0,0.0,15.76,1.17,0.0
20230619:0410,0.0,3.79,4.58,15.62,1.03,0.0
20230619:0510,86.0,108.67,14.07,16.14,0.9,0.0
20230619:0610,317.86,353.35,24.17,18.46,0.83,0.0
20230619:0710,523.84,578.07,34.55,20.33,0.55,0.0
20230619:0810,684.25,772.61,44.89,21.91,0.69,0.0
20230619:0910,786.8,903.98,54.67,22.73,0.97,0.0
20230619:1010,843.01,987.4,62.83,23.61,0.9,0.0
20230619:1110,863.11,1018.58,67.27,24.45,0.97,0.0
20230619:1210,781.22,903.68,65.74,24.85,1.31,0.0
20230619:1310,509.06,572.26,59.13,24.98,1.52,0.0
20230619:1410,464.17,519.41,49.99,24.49,1.38,0.0
20230619:1510,34.5,52.41,39.85,23.68,1.17,0.0
20230619:1610,258.07,307.49,29.44,22.02,0.83,0.0
20230619:1710,78.84,126.45,19.16,21.87,1.24,0.0
20230619:1810,24.81,40.71,9.32,21.54,1.1,0.0
20230619:1910,0.0,0.0,0.0,20.25,1.03,0.0
20230619:2010,0.0,0.0,0.0,19.11,1.17,0.0
20230619:2110,0.0,0.0,0.0,18.36,1.17,0.0
20230619:2210,0.0,0.0,0.0,18.09,1.03,0.0
20230619:2310,0.0,0.0,0.0,17.6,1.1,0.0
20230620:0010,0.0,0.0,0.0,17.23,1.17,0.0
20230620:0110,0.0,0.0,0.0,17.07,1.1,0.0
20230620:0210,0.0,0.0,0.0,16.74,1.17,0.0
20230620:0310,0.0,0.0,0.0,16.51,1.17,0.0
20230620:0410,0.0,4.73,4.55,16.32,1.17,0.0
20230620:0510,70.57,91.2,14.04,16.88,1.03,0.0
20230620:0610,263.92,295.56,24.14,19.22,0.69,0.0
20230620:0710,471.11,517.7,34.52,20.8,0.9,0.0
20230620:0810,544.43,608.11,44.87,22.32,0.69,0.0
20230620:0910,706.8,810.94,54.64,23.31,0.69,0.0
20230620:1010,787.57,924.24,62.82,24.22,0.62,0.0
20230620:1110,745.52,873.71,67.28,24.94,0.62,0.0
20230620:1210,536.25,611.21,65.77,25.3,0.83,0.0
20230620:1310,520.38,592.18,59.17,25.56,0.83,0.0
20230620:1410,594.13,675.97,50.03,25.69,0.9,0.0
20230620:1510,408.66,463.13,39.9,25.62,0.97,0.0
20230620:1610,253.78,305.3,29.49,25.42,1.03,0.0
20230620:1710,78.2,127.07,19.2,24.59,1.24,0.0
20230620:1810,35.85,53.96,9.36,23.66,1.31,0.0
20230620:1910,0.0,0.0,0.0,21.74,1.1,0.0
20230620:2010,0.0,0.0,0.0,20.61,1.03,0.0
20230620:2110,0.0,0.0,0.0,19.59,1.17,0.0
20230620:2210,0.0,0.0,0.0,18.8,1.24,0.0
20230620:2310,0.0,0.0,0.0,18.35,1.24,0.0
20230621:0010,0.0,0.0,0.0,17.95,1.17,0.0
20230621:0110,0.0,0.0,0.0,17.31,1.17,0.0
20230621:0210,0.0,0.0,0.0,16.55,1.24,0.0
20230621:0310,0.0,0.0,0.0,16.17,1.24,0.0
20230621:0410,8.68,19.88,4.52,15.63,1.31,0.0
20230621:0510,105.63,132.8,14.01,16.21,1.17,0.0
20230621:0610,290.69,324.61,24.1,19.23,0.83,0.0
20230621:0710,459.23,506.58,34.49,20.92,0.62,0.0
20230621:0810,574.64,645.44,44.83,22.93,0.69,0.0
20230621:0910,695.78,806.03,54.61,24.41,0.48,0.0
20230621:1010,754.94,889.05,62.8,25.68,0.62,0.0
20230621:1110,811.66,963.36,67.28,26.51,0.9,0.0
20230621:1210,643.1,749.18,65.79,27.13,0.76,0.0
20230621:1310,572.08,658.55,59.2,27.42,0.97,0.0
20230621:1410,525.75,601.51,50.07,27.55,0.97,0.0
20230621:1510,348.36,397.59,39.94,27.25,1.17,0.0
20230621:1610,247.93,296.5,29.53,26.79,0.97,0.0
20230621:1710,75.1,126.98,19.24,26.1,0.55,0.0
20230621:1810,37.09,55.86,9.4,25.61,0.55,0.0
20230621:1910,0.0,0.0,0.0,24.45,0.69,0.0
20230621:2010,0.0,0.0,0.0,24.5,0.55,0.0
20230621:2110,0.0,0.0,0.0,23.41,0.76,0.0
20230621:2210,0.0,0.0,0.0,21.72,0.97,0.0
20230621:2310,0.0,0.0,0.0,20.26,1.17,0.0
20230622:0010,0.0,0.0,0.0,19.3,1.31,0.0
20230622:0110,0.0,0.0,0.0,18.78,1.31,0.0
20230622:0210,0.0,0.0,0.0,18.33,1.38,0.0
20230622:0310,0.0,0.0,0.0,18.04,1.38,0.0
20230622:0410,10.67,22.72,4.49,17.82,1.45,0.0
20230622:0510,106.32,135.62,13.98,18.38,1.24,0.0
20230622:0610,151.36,177.48,24.07,21.69,0.83,0.0
20230622:0710,422.88,471.81,34.45,23.98,0.9,0.0
20230622:0810,593.01,678.43,44.8,25.2,0.41,0.0
20230622:0910,725.26,858.32,54.58,26.2,0.21,0.0
20230622:1010,820.87,975.57,62.77,27.07,0.97,0.0
20230622:1110,832.57,995.94,67.27,27.68,0.97,0.0
20230622:1210,776.85,925.16,65.8,28.16,0.83,0.0
20230622:1310,411.58,470.78,59.23,28.61,1.45,0.0
20230622:1410,337.61,387.09,50.11,28.82,1.45,0.0
20230622:1510,326.47,374.58,39.97,28.72,1.59,0.0
20230622:1610,196.99,233.83,29.56,28.44,1.52,0.0
20230622:1710,27.21,44.65,19.28,27.9,0.97,0.0
20230622:1810,37.61,56.8,9.43,27.2,0.83,0.0
20230622:1910,0.0,0.0,0.0,24.24,0.76,0.0
20230622:2010,0.0,0.0,0.0,22.47,1.1,0.0
20230622:2110,0.0,0.0,0.0,20.66,1.24,0.0
20230622:2210,0.0,0.0,0.0,20.03,1.24,0.0
20230622:2310,0.0,0.0,0.0,19.18,1.38,0.0
20230623:0010,0.0,0.0,0.0,18.4,1.52,0.0
20230623:0110,0.0,0.0,0.0,17.88,1.66,0.0
20230623:0210,0.0,0.0,0.0,17.71,1.66,0.0
20230623:0310,0.0,0.0,0.0,17.62,1.52,0.0
20230623:0410,12.16,24.61,4.45,17.21,1.31,0.0
20230623:0510,93.21,118.26,13.94,17.86,1.17,0.0
20230623:0610,344.59,385.16,24.02,20.16,1.31,0.0
20230623:0710,554.86,609.17,34.41,22.08,1.86,0.0
20230623:0810,726.31,807.43,44.76,23.68,2.55,0.0
20230623:0910,840.89,944.45,54.54,24.62,3.31,0.0
20230623:1010,900.03,1021.02,62.74,25.25,3.52,0.0
20230623:1110,917.52,1047.73,67.26,25.94,3.52,0.0
20230623:1210,889.08,1017.13,65.81,26.63,3.31,0.0
20230623:1310,795.89,901.46,59.25,27.07,3.24,0.0
20230623:1410,659.52,738.26,50.13,27.4,3.24,0.0
20230623:1510,475.33,532.81,40.01,27.19,3.31,0.0
20230623:1610,266.54,322.04,29.59,26.62,3.1,0.0
20230623:1710,82.62,132.17,19.31,25.68,3.31,0.0
20230623:1810,38.24,56.8,9.46,24.44,2.97,0.0
20230623:1910,0.0,0.0,0.0,23.37,2.9,0.0
20230623:2010,0.0,0.0,0.0,22.03,2.83,0.0
20230623:2110,0.0,0.0,0.0,20.97,2.76,0.0
20230623:2210,0.0,0.0,0.0,19.99,2.62,0.0
20230623:2310,0.0,0.0,0.0,19.09,2.48,0.0
20230624:0010,0.0,0.0,0.0,18.2,2.28,0.0
20230624:0110,0.0,0.0,0.0,17.39,2.21,0.0
20230624:0210,0.0,0.0,0.0,16.65,2.07,0.0
20230624:0310,0.0,0.0,0.0,15.78,2.0,0.0
20230624:0410,10.13,21.77,4.41,15.01,1.86,0.0
20230624:0510,141.7,184.73,13.89,15.47,1.59,0.0
20230624:0610,356.77,395.64,23.98,18.46,1.31,0.0
20230624:0710,554.68,604.27,34.36,20.96,2.07,0.0
20230624:0810,710.58,792.68,44.71,22.39,1.72,0.0
20230624:0910,812.2,938.35,54.5,23.67,1.17,0.0
20230624:1010,854.27,1018.73,62.7,24.75,0.62,0.0
20230624:1110,866.5,1052.37,67.24,25.65,0.34,0.0
20230624:1210,841.56,1022.65,65.81,26.52,0.28,0.0
20230624:1310,769.2,901.8,59.27,27.07,1.03,0.0
20230624:1410,648.4,742.22,50.16,27.55,1.45,0.0
20230624:1510,471.33,537.47,40.03,27.54,1.45,0.0
20230624:1610,267.04,326.98,29.62,27.4,1.38,0.0
20230624:1710,75.7,129.11,19.33,26.86,1.1,0.0
20230624:1810,33.81,52.07,9.48,25.77,0.76,0.0
20230624:1910,0.0,0.0,0.0,24.76,1.03,0.0
20230624:2010,0.0,0.0,0.0,23.45,1.24,0.0
20230624:2110,0.0,0.0,0.0,21.57,1.52,0.0
20230624:2210,0.0,0.0,0.0,21.66,1.31,0.0
20230624:2310,0.0,0.0,0.0,21.74,0.97,0.0
20230625:0010,0.0,0.0,0.0,20.87,0.9,0.0
20230625:0110,0.0,0.0,0.0,20.37,0.83,0.0
20230625:0210,0.0,0.0,0.0,20.02,0.76,0.0
20230625:0310,0.0,0.0,0.0,19.54,0.76,0.0
20230625:0410,10.61,22.72,4.36,18.83,0.83,0.0
20230625:0510,134.12,178.96,13.84,19.14,0.62,0.0
20230625:0610,344.73,389.02,23.93,20.26,0.34,0.0
20230625:0710,537.87,598.9,34.31,21.54,0.48,0.0
20230625:0810,703.25,797.18,44.66,22.35,0.76,0.0
20230625:0910,790.87,917.48,54.45,23.05,0.69,0.0
20230625:1010,836.97,986.3,62.66,23.77,0.69,0.0
20230625:1110,851.5,1013.36,67.21,24.48,0.62,0.0
20230625:1210,841.7,996.34,65.8,25.17,0.83,0.0
20230625:1310,758.14,888.02,59.28,25.88,0.69,0.0
20230625:1410,631.86,731.46,50.18,26.28,0.34,0.0
20230625:1510,460.91,529.87,40.05,26.21,0.21,0.0
20230625:1610,262.53,322.03,29.64,26.13,0.07,0.0
20230625:1710,77.14,129.02,19.35,25.84,0.28,0.0
20230625:1810,36.35,54.91,9.5,25.15,0.48,0.0
20230625:1910,0.0,0.0,0.0,24.15,0.55,0.0
20230625:2010,0.0,0.0,0.0,23.37,0.69,0.0
20230625:2110,0.0,0.0,0.0,22.96,0.62,0.0
20230625:2210,0.0,0.0,0.0,22.18,0.62,0.0
20230625:2310,0.0,0.0,0.0,21.5,0.62,0.0
20230626:0010,0.0,0.0,0.0,20.92,0.69,0.0
20230626:0110,0.0,0.0,0.0,19.97,0.83,0.0
20230626:0210,0.0,0.0,0.0,19.23,0.9,0.0
20230626:0310,0.0,0.0,0.0,18.67,0.97,0.0
20230626:0410,9.23,20.83,4.31,18.26,1.03,0.0
20230626:0510,128.73,169.54,13.79,17.55,0.76,0.0
20230626:0610,336.87,378.82,23.87,20.06,0.62,0.0
20230626:0710,521.99,585.66,34.26,22.85,0.34,0.0
20230626:0810,682.56,779.24,44.6,24.19,0.76,0.0
20230626:0910,782.07,913.05,54.39,25.34,0.9,0.0
20230626:1010,841.7,1004.68,62.61,26.47,0.83,0.0
20230626:1110,856.91,1031.95,67.17,27.31,0.83,0.0
20230626:1210,830.76,998.82,65.79,28.14,0.83,0.0
20230626:1310,748.48,880.35,59.28,28.59,1.1,0.0
20230626:1410,626.86,725.5,50.19,28.84,1.03,0.0
20230626:1510,451.55,521.49,40.07,29.07,0.9,0.0
20230626:1610,256.86,316.28,29.66,28.82,0.9,0.0
20230626:1710,85.03,134.18,19.37,27.9,0.34,0.0
20230626:1810,37.57,56.8,9.51,27.3,0.55,0.0
20230626:1910,0.0,0.0,0.0,25.08,1.1,0.0
20230626:2010,0.0,0.0,0.0,23.24,1.03,0.0
20230626:2110,0.0,0.0,0.0,22.66,0.97,0.0
20230626:2210,0.0,0.0,0.0,22.31,0.9,0.0
20230626:2310,0.0,0.0,0.0,21.44,0.97,0.0
20230627:0010,0.0,0.0,0.0,20.48,1.1,0.0
20230627:0110,0.0,0.0,0.0,19.88,1.17,0.0
20230627:0210,0.0,0.0,0.0,19.34,1.31,0.0
20230627:0310,0.0,0.0,0.0,19.0,1.38,0.0
20230627:0410,4.61,14.2,4.25,18.63,1.45,0.0
20230627:0510,98.05,125.89,13.73,19.04,1.31,0.0
20230627:0610,248.96,282.93,23.81,22.23,1.1,0.0
20230627:0710,417.89,467.27,34.2,23.63,0.55,0.0
20230627:0810,505.99,567.87,44.54,24.46,0.97,0.0
20230627:0910,666.63,766.51,54.34,25.14,0.83,0.0
20230627:1010,812.5,966.66,62.56,26.19,0.69,0.0
20230627:1110,821.27,988.66,67.13,27.04,0.55,0.0
20230627:1210,785.88,947.25,65.77,27.98,0.41,0.0
20230627:1310,695.34,823.54,59.28,28.27,0.41,0.0
20230627:1410,574.09,665.79,50.2,28.63,0.62,0.0
20230627:1510,418.23,481.4,40.08,28.76,0.97,0.0
20230627:1610,251.52,303.64,29.67,28.58,1.38,0.0
20230627:1710,107.96,139.46,19.38,28.01,1.24,0.0
20230627:1810,38.46,57.75,9.52,26.97,0.55,0.0
20230627:1910,0.0,0.0,0.0,25.46,1.1,0.0
20230627:2010,0.0,0.0,0.0,24.25,1.1,0.0
20230627:2110,0.0,0.0,0.0,23.12,1.31,0.0
20230627:2210,0.0,0.0,0.0,21.84,1.45,0.0
20230627:2310,0.0,0.0,0.0,22.13,1.1,0.0
20230628:0010,0.0,0.0,0.0,22.72,0.62,0.0
20230628:0110,0.0,0.0,0.0,21.36,0.48,0.0
20230628:0210,0.0,0.0,0.0,20.38,0.55,0.0
20230628:0310,0.0,0.0,0.0,19.65,0.48,0.0
20230628:0410,5.86,16.09,4.19,18.87,0.41,0.0
20230628:0510,116.7,152.6,13.66,18.61,0.34,0.0
20230628:0610,281.06,316.14,23.75,19.43,0.28,0.0
20230628:0710,422.6,468.94,34.14,21.04,0.14,0.0
20230628:0810,570.9,642.21,44.48,22.2,0.34,0.0
20230628:0910,695.53,803.22,54.27,23.34,0.34,0.0
20230628:1010,716.97,826.71,62.5,24.39,0.97,0.0
20230628:1110,505.13,565.17,67.08,24.67,2.0,0.0
20230628:1210,489.0,542.88,65.75,24.39,2.69,0.0
20230628:1310,646.18,718.93,59.27,24.1,2.62,0.0
20230628:1410,588.26,650.12,50.2,23.76,2.41,0.0
20230628:1510,427.84,476.1,40.09,23.42,1.72,0.0
20230628:1610,237.6,275.57,29.68,23.36,1.38,0.0
20230628:1710,97.11,122.19,19.38,22.96,1.17,0.0
20230628:1810,40.24,58.7,9.52,22.45,1.1,0.0
20230628:1910,0.0,0.0,0.0,21.6,1.31,0.0
20230628:2010,0.0,0.0,0.0,20.79,1.38,0.0
20230628:2110,0.0,0.0,0.0,20.24,1.52,0.0
20230628:2210,0.0,0.0,0.0,19.82,1.59,0.0
20230628:2310,0.0,0.0,0.0,19.3,1.31,0.0
20230629:0010,0.0,0.0,0.0,19.14,1.17,0.0
20230629:0110,0.0,0.0,0.0,18.76,0.9,0.0
20230629:0210,0.0,0.0,0.0,18.5,0.69,0.0
20230629:0310,0.0,0.0,0.0,18.25,0.34,0.0
20230629:0410,0.0,2.84,4.12,18.15,0.14,0.0
20230629:0510,15.61,29.12,13.6,18.31,0.07,0.0
20230629:0610,51.24,69.88,23.68,18.42,0.21,0.0
20230629:0710,110.08,132.0,34.07,18.41,0.48,0.0
20230629:0810,165.03,189.27,44.41,18.66,0.48,0.0
20230629:0910,257.58,286.27,54.21,18.76,0.55,0.0
20230629:1010,325.81,359.73,62.43,19.17,0.62,0.0
20230629:1110,519.24,574.53,67.03,19.52,0.76,0.0
20230629:1210,807.99,930.49,65.71,19.87,0.48,0.0
20230629:1310,691.89,787.35,59.26,20.55,0.28,0.0
20230629:1410,463.28,514.82,50.2,20.99,0.48,0.0
20230629:1510,236.48,266.56,40.09,21.13,0.76,0.0
20230629:1610,248.37,286.54,29.68,20.93,0.9,0.0
20230629:1710,38.44,56.3,19.38,20.79,0.76,0.0
20230629:1810,34.76,52.07,9.51,20.52,0.83,0.0
20230629:1910,0.0,0.0,0.0,20.13,1.1,0.0
20230629:2010,0.0,0.0,0.0,19.2,1.1,0.0
20230629:2110,0.0,0.0,0.0,18.64,1.1,0.0
20230629:2210,0.0,0.0,0.0,18.36,1.03,0.0
20230629:2310,0.0,0.0,0.0,18.58,0.83,0.0
20230630:0010,0.0,0.0,0.0,18.42,0.9,0.0
20230630:0110,0.0,0.0,0.0,17.94,1.03,0.0
20230630:0210,0.0,0.0,0.0,18.41,0.83,0.0
20230630:0310,0.0,0.0,0.0,18.6,0.55,0.0
20230630:0410,4.02,13.25,4.05,18.16,0.41,0.0
20230630:0510,40.72,58.24,13.53,18.04,0.41,0.0
20230630:0610,96.11,117.61,23.61,18.74,0.55,0.0
20230630:0710,78.54,99.0,34.0,18.41,0.48,0.0
20230630:0810,515.68,565.7,44.34,18.61,0.48,0.0
20230630:0910,199.65,225.18,54.13,18.84,0.83,0.0
20230630:1010,161.23,185.39,62.36,18.93,0.69,0.0
20230630:1110,0.0,0.0,0.0,19.42,0.83,0.0
20230630:1210,74.71,95.12,65.67,18.94,0.76,0.0
20230630:1310,91.23,112.59,59.24,19.08,0.69,0.0
20230630:1410,95.7,117.45,50.19,19.2,0.34,0.0
20230630:1510,81.59,102.89,40.09,20.04,0.62,0.0
20230630:1610,55.28,74.74,29.68,20.21,0.76,0.0
20230630:1710,42.15,60.18,19.38,19.76,1.17,0.0
20230630:1810,9.89,21.77,9.5,19.09,0.76,0.0
20230630:1910,0.0,0.0,0.0,17.1,0.9,0.0
20230630:2010,0.0,0.0,0.0,16.74,0.9,0.0
20230630:2110,0.0,0.0,0.0,16.45,0.9,0.0
20230630:2210,0.0,0.0,0.0,16.31,0.97,0.0
20230630:2310,0.0,0.0,0.0,16.42,0.9,0.0
20230701:0010,0.0,0.0,0.0,16.37,0.69,0.0
20230701:0110,0.0,0.0,0.0,16.1,0.62,0.0
20230701:0210,0.0,0.0,0.0,16.1,0.55,0.0
20230701:0310,0.0,0.0,0.0,16.15,0.55,0.0
20230701:0410,0.0,3.79,3.97,16.17,0.55,0.0
20230701:0510,19.8,33.97,13.45,16.07,0.62,0.0
20230701:0610,203.81,229.64,23.54,17.58,0.55,0.0
20230701:0710,448.42,490.26,33.92,18.68,0.41,0.0
20230701:0810,567.25,627.66,44.27,19.82,0.55,0.0
20230701:0910,699.93,797.13,54.06,21.35,0.48,0.0
20230701:1010,793.49,923.89,62.28,22.41,0.55,0.0
20230701:1110,823.05,963.41,66.9,23.25,0.76,0.0
20230701:1210,806.84,935.81,65.63,24.2,1.17,0.0
20230701:1310,755.64,860.35,59.22,24.62,1.66,0.0
20230701:1410,628.24,699.81,50.18,24.47,2.07,0.0
20230701:1510,342.96,383.64,40.08,24.31,2.0,0.0
20230701:1610,216.47,250.64,29.67,23.76,1.45,0.0
20230701:1710,78.23,129.29,19.37,23.38,0.9,0.0
20230701:1810,33.51,51.12,9.49,22.78,0.48,0.0
20230701:1910,0.0,0.0,0.0,21.97,0.21,0.0
20230701:2010,0.0,0.0,0.0,21.62,0.14,0.0
20230701:2110,0.0,0.0,0.0,21.15,0.41,0.0
20230701:2210,0.0,0.0,0.0,20.62,0.48,0.0
20230701:2310,0.0,0.0,0.0,18.59,0.69,0.0
20230702:0010,0.0,0.0,0.0,16.84,0.83,0.0
20230702:0110,0.0,0.0,0.0,16.55,0.83,0.0
20230702:0210,0.0,0.0,0.0,16.26,0.83,0.0
20230702:0310,0.0,0.0,0.0,15.91,0.9,0.0
20230702:0410,4.09,13.25,3.89,15.55,0.97,0.0
20230702:0510,128.03,170.49,13.37,16.13,0.76,0.0
20230702:0610,339.26,379.51,23.46,18.17,0.41,0.0
20230702:0710,510.17,564.89,33.84,20.29,0.28,0.0
20230702:0810,665.26,751.27,44.19,21.65,0.48,0.0
20230702:0910,755.93,875.17,53.98,22.86,0.48,0.0
20230702:1010,801.67,936.92,62.2,23.78,0.76,0.0
20230702:1110,834.64,977.0,66.82,24.47,1.1,0.0
20230702:1210,835.85,975.83,65.57,24.9,1.24,0.0
20230702:1310,740.75,847.82,59.19,24.91,1.38,0.0
20230702:1410,620.97,701.21,50.16,25.0,1.24,0.0
20230702:1510,440.7,497.63,40.06,24.77,0.9,0.0
20230702:1610,239.65,280.7,29.65,24.69,0.9,0.0
20230702:1710,77.43,129.38,19.35,24.38,0.69,0.0
20230702:1810,32.53,50.18,9.47,23.71,0.41,0.0
20230702:1910,0.0,0.0,0.0,22.49,0.76,0.0
20230702:2010,0.0,0.0,0.0,22.18,0.62,0.0
20230702:2110,0.0,0.0,0.0,21.9,0.48,0.0
20230702:2210,0.0,0.0,0.0,21.29,0.21,0.0
20230702:2310,0.0,0.0,0.0,20.8,0.14,0.0
20230703:0010,0.0,0.0,0.0,20.32,0.14,0.0
20230703:0110,0.0,0.0,0.0,19.9,0.21,0.0
20230703:0210,0.0,0.0,0.0,19.79,0.28,0.0
20230703:0310,0.0,0.0,0.0,19.57,0.34,0.0
20230703:0410,0.0,2.84,3.8,19.09,0.41,0.0
20230703:0510,19.51,33.97,13.29,18.8,0.55,0.0
20230703:0610,217.65,246.3,23.37,19.38,0.69,0.0
20230703:0710,221.78,250.31,33.76,20.75,0.55,0.0
20230703:0810,319.49,354.78,44.11,20.86,0.55,0.0
20230703:0910,643.49,729.54,53.89,21.31,0.34,0.0
20230703:1010,829.41,977.48,62.11,22.38,0.34,0.0
20230703:1110,840.05,982.41,66.74,23.26,0.9,0.0
20230703:1210,614.36,696.09,65.51,23.91,1.17,0.0
20230703:1310,384.04,431.52,59.15,24.42,1.17,0.0
20230703:1410,349.68,393.25,50.13,24.79,1.31,0.0
20230703:1510,311.23,351.86,40.04,24.09,0.69,0.0
20230703:1610,217.59,251.95,29.64,23.2,0.9,0.0
20230703:1710,26.54,42.71,19.33,21.2,0.62,0.0
20230703:1810,4.56,14.2,9.44,20.34,1.24,0.0
20230703:1910,0.0,0.0,0.0,20.36,0.97,0.0
20230703:2010,0.0,0.0,0.0,20.33,0.14,0.0
20230703:2110,0.0,0.0,0.0,18.35,1.1,0.0
20230703:2210,0.0,0.0,0.0,17.46,0.83,0.0
20230703:2310,0.0,0.0,0.0,17.19,0.28,0.0
20230704:0010,0.0,0.0,0.0,16.6,0.69,0.0
20230704:0110,0.0,0.0,0.0,16.0,0.83,0.0
20230704:0210,0.0,0.0,0.0,15.96,0.69,0.0
20230704:0310,0.0,0.0,0.0,15.65,0.83,0.0
20230704:0410,5.98,16.09,3.71,15.71,0.69,0.0
20230704:0510,120.79,160.33,13.2,16.01,0.34,0.0
20230704:0610,331.31,368.62,23.29,16.98,0.41,0.0
20230704:0710,442.2,479.4,33.68,17.47,0.62,0.0
20230704:0810,528.8,581.27,44.02,18.4,0.34,0.0
20230704:0910,701.58,800.83,53.8,19.84,0.07,0.0
20230704:1010,737.71,843.57,62.02,20.71,0.55,0.0
20230704:1110,777.1,892.39,66.65,21.37,0.83,0.0
20230704:1210,749.13,853.76,65.45,22.27,1.17,0.0
20230704:1310,652.08,734.56,59.11,22.47,1.1,0.0
20230704:1410,599.32,678.09,50.1,21.82,0.14,0.0
20230704:1510,385.53,425.99,40.02,20.41,0.9,0.0
20230704:1610,262.41,302.73,29.61,19.88,1.31,0.0
20230704:1710,108.25,145.34,19.3,19.9,1.03,0.0
20230704:1810,32.38,49.23,9.41,19.86,0.97,0.0
20230704:1910,0.0,0.0,0.0,18.72,1.17,0.0
20230704:2010,0.0,0.0,0.0,18.08,1.1,0.0
20230704:2110,0.0,0.0,0.0,17.61,1.03,0.0
20230704:2210,0.0,0.0,0.0,16.9,1.31,0.0
20230704:2310,0.0,0.0,0.0,16.41,1.24,0.0
20230705:0010,0.0,0.0,0.0,16.4,0.97,0.0
20230705:0110,0.0,0.0,0.0,15.73,1.03,0.0
20230705:0210,0.0,0.0,0.0,15.75,1.24,0.0
20230705:0310,0.0,0.0,0.0,16.18,1.24,0.0
20230705:0410,6.62,17.04,3.62,16.01,0.97,0.0
20230705:0510,91.21,117.37,13.11,16.95,0.62,0.0
20230705:0610,219.38,246.56,23.2,17.76,0.55,0.0
20230705:0710,0.0,0.0,0.0,18.13,0.21,0.0
20230705:0810,668.5,747.85,43.93,18.68,0.21,0.0
20230705:0910,767.62,878.0,53.71,18.68,0.14,0.0
20230705:1010,831.35,968.72,61.92,19.61,0.21,0.0
20230705:1110,869.79,1016.31,66.56,20.87,0.62,0.0
20230705:1210,744.36,853.21,65.37,21.84,0.76,0.0
20230705:1310,87.09,109.68,59.06,22.19,0.69,0.0
20230705:1410,46.68,66.0,50.07,22.48,0.0,0.0
20230705:1510,149.39,175.68,39.99,22.18,0.55,0.0
20230705:1610,33.05,50.47,29.58,22.22,0.62,0.0
20230705:1710,83.13,132.12,19.27,22.13,0.69,0.0
20230705:1810,40.38,58.7,9.38,21.67,0.55,0.0
20230705:1910,0.0,0.0,0.0,21.3,0.76,0.0
20230705:2010,0.0,0.0,0.0,20.47,0.9,0.0
20230705:2110,0.0,0.0,0.0,20.18,0.9,0.0
20230705:2210,0.0,0.0,0.0,19.54,0.97,0.0
20230705:2310,0.0,0.0,0.0,18.86,1.1,0.0
20230706:0010,0.0,0.0,0.0,18.69,1.1,0.0
20230706:0110,0.0,0.0,0.0,17.78,1.24,0.0
20230706:0210,0.0,0.0,0.0,17.13,1.31,0.0
20230706:0310,0.0,0.0,0.0,17.11,1.17,0.0
20230706:0410,4.04,13.25,3.52,17.56,0.9,0.0
20230706:0510,109.48,144.39,13.01,17.3,0.9,0.0
20230706:0610,277.72,309.21,23.1,18.12,1.17,0.0
20230706:0710,299.54,328.02,33.49,18.88,1.24,0.0
20230706:0810,504.97,550.49,43.83,19.41,1.24,0.0
20230706:0910,658.71,729.74,53.61,19.35,1.1,0.0
20230706:1010,796.21,902.32,61.82,19.9,1.1,0.0
20230706:1110,857.56,985.42,66.46,20.31,1.03,0.0
20230706:1210,60.69,80.56,65.29,20.16,0.97,0.0
20230706:1310,138.45,162.09,59.0,19.9,1.31,0.0
20230706:1410,514.28,560.36,50.03,18.97,1.38,0.0
20230706:1510,209.72,235.96,39.96,19.05,0.76,0.0
20230706:1610,87.56,108.71,29.55,18.86,0.41,0.0
20230706:1710,79.74,129.76,19.24,19.04,0.76,0.0
20230706:1810,32.5,49.23,9.33,19.14,0.76,0.0
20230706:1910,0.0,0.0,0.0,19.22,0.76,0.0
20230706:2010,0.0,0.0,0.0,18.93,0.28,0.0
20230706:2110,0.0,0.0,0.0,17.84,0.83,0.0
20230706:2210,0.0,0.0,0.0,17.79,0.76,0.0
20230706:2310,0.0,0.0,0.0,17.36,0.76,0.0
20230707:0010,0.0,0.0,0.0,16.36,0.76,0.0
20230707:0110,0.0,0.0,0.0,15.28,0.9,0.0
20230707:0210,0.0,0.0,0.0,14.71,1.03,0.0
20230707:0310,0.0,0.0,0.0,14.1,1.17,0.0
20230707:0410,0.85,7.57,3.42,13.64,1.24,0.0
20230707:0510,119.93,158.82,12.91,14.43,1.1,0.0
20230707:0610,330.91,364.32,23.01,15.64,1.03,0.0
20230707:0710,527.49,580.43,33.4,19.38,0.48,0.0
20230707:0810,681.03,778.14,43.74,21.2,0.0,0.0
20230707:0910,794.57,919.58,53.51,22.27,0.62,0.0
20230707:1010,859.41,1008.73,61.71,23.1,0.83,0.0
20230707:1110,885.29,1043.99,66.35,23.9,1.03,0.0
20230707:1210,863.44,1011.5,65.21,24.33,1.17,0.0
20230707:1310,774.06,890.12,58.94,24.7,1.31,0.0
20230707:1410,641.41,723.62,49.98,24.66,1.31,0.0
20230707:1510,464.6,523.64,39.92,24.59,1.03,0.0
20230707:1610,262.33,312.77,29.51,24.44,0.97,0.0
20230707:1710,86.61,134.55,19.2,24.08,0.97,0.0
20230707:1810,34.22,52.07,9.29,23.38,0.48,0.0
20230707:1910,0.0,0.0,0.0,21.78,0.55,0.0
20230707:2010,0.0,0.0,0.0,20.86,0.69,0.0
20230707:2110,0.0,0.0,0.0,20.5,0.69,0.0
20230707:2210,0.0,0.0,0.0,19.95,0.69,0.0
20230707:2310,0.0,0.0,0.0,19.56,0.69,0.0
20230708:0010,0.0,0.0,0.0,18.89,0.76,0.0
20230708:0110,0.0,0.0,0.0,17.71,1.17,0.0
20230708:0210,0.0,0.0,0.0,17.71,1.1,0.0
20230708:0310,0.0,0.0,0.0,17.62,1.17,0.0
20230708:0410,0.0,1.89,3.31,17.16,1.17,0.0
20230708:0510,69.32,91.26,12.81,17.7,0.97,0.0
20230708:0610,133.3,157.17,22.91,19.83,0.83,0.0
20230708:0710,171.1,196.27,33.3,19.92,0.83,0.0
20230708:0810,401.03,441.04,43.64,20.45,0.83,0.0
20230708:0910,423.69,467.46,53.4,20.64,0.9,0.0
20230708:1010,680.47,761.7,61.6,20.53,1.17,0.0
20230708:1110,759.83,859.57,66.24,21.49,1.45,0.0
20230708:1210,663.7,749.67,65.11,22.68,1.24,0.0
20230708:1310,742.03,855.43,58.87,23.9,0.76,0.0
20230708:1410,603.94,692.78,49.93,24.45,0.14,0.0
20230708:1510,439.02,498.57,39.87,24.6,0.34,0.0
20230708:1610,263.94,318.77,29.47,24.34,0.48,0.0
20230708:1710,78.44,129.23,19.15,24.15,0.69,0.0
20230708:1810,33.38,51.12,9.23,23.5,0.48,0.0
20230708:1910,0.0,0.0,0.0,22.39,0.83,0.0
20230708:2010,0.0,0.0,0.0,21.99,0.69,0.0
20230708:2110,0.0,0.0,0.0,21.29,0.76,0.0
20230708:2210,0.0,0.0,0.0,20.31,0.9,0.0
20230708:2310,0.0,0.0,0.0,19.62,0.97,0.0
20230709:0010,0.0,0.0,0.0,19.04,0.97,0.0
20230709:0110,0.0,0.0,0.0,17.94,1.03,0.0
20230709:0210,0.0,0.0,0.0,16.67,1.1,0.0
20230709:0310,0.0,0.0,0.0,16.85,1.17,0.0
20230709:0410,4.07,13.25,3.2,16.54,1.31,0.0
20230709:0510,119.16,162.01,12.7,16.73,1.17,0.0
20230709:0610,326.89,364.49,22.8,18.08,1.03,0.0
20230709:0710,519.92,574.81,33.2,21.4,0.83,0.0
20230709:0810,670.29,767.8,43.53,24.11,0.48,0.0
20230709:0910,770.29,914.28,53.29,25.71,0.28,0.0
20230709:1010,830.36,1003.58,61.48,26.86,0.41,0.0
20230709:1110,859.29,1040.11,66.12,27.75,0.76,0.0
20230709:1210,837.48,1002.39,65.01,28.16,1.03,0.0
20230709:1310,746.51,876.43,58.8,28.34,1.1,0.0
20230709:1410,628.96,724.75,49.87,28.66,1.24,0.0
20230709:1510,459.11,528.58,39.82,28.66,0.97,0.0
20230709:1610,259.93,319.69,29.42,28.3,0.69,0.0
20230709:1710,73.84,128.43,19.1,27.92,0.62,0.0
20230709:1810,34.41,53.02,9.17,26.81,0.41,0.0
20230709:1910,0.0,0.0,0.0,26.15,0.41,0.0
20230709:2010,0.0,0.0,0.0,24.7,0.76,0.0
20230709:2110,0.0,0.0,0.0,24.1,0.69,0.0
20230709:2210,0.0,0.0,0.0,22.92,0.9,0.0
20230709:2310,0.0,0.0,0.0,21.93,0.97,0.0
20230710:0010,0.0,0.0,0.0,21.11,1.03,0.0
20230710:0110,0.0,0.0,0.0,20.58,1.03,0.0
20230710:0210,0.0,0.0,0.0,20.02,1.1,0.0
20230710:0310,0.0,0.0,0.0,19.56,1.1,0.0
20230710:0410,2.29,10.41,3.09,19.21,1.17,0.0
20230710:0510,106.33,144.0,12.59,19.43,1.1,0.0
20230710:0610,302.51,344.71,22.7,22.04,0.76,0.0
20230710:0710,492.46,555.95,33.09,24.92,0.48,0.0
20230710:0810,622.74,721.43,43.42,26.24,0.21,0.0
20230710:0910,751.85,898.5,53.18,27.19,0.21,0.0
20230710:1010,815.49,987.06,61.36,28.06,0.48,0.0
20230710:1110,837.71,1017.31,65.99,28.75,0.69,0.0
20230710:1210,810.89,981.66,64.91,29.36,0.69,0.0
20230710:1310,718.56,858.9,58.71,29.41,0.41,0.0
20230710:1410,604.37,709.8,49.81,29.38,0.28,0.0
20230710:1510,443.46,516.25,39.76,29.43,0.34,0.0
20230710:1610,255.35,314.32,29.36,28.91,0.62,0.0
20230710:1710,83.12,132.47,19.04,27.92,0.62,0.0
20230710:1810,35.17,53.96,9.11,27.14,0.69,0.0
20230710:1910,0.0,0.0,0.0,26.88,0.62,0.0
20230710:2010,0.0,0.0,0.0,25.5,0.76,0.0
20230710:2110,0.0,0.0,0.0,24.27,0.9,0.0
20230710:2210,0.0,0.0,0.0,23.16,1.03,0.0
20230710:2310,0.0,0.0,0.0,22.57,0.97,0.0
20230711:0010,0.0,0.0,0.0,21.69,1.17,0.0
20230711:0110,0.0,0.0,0.0,21.28,1.17,0.0
20230711:0210,0.0,0.0,0.0,21.13,1.17,0.0
20230711:0310,0.0,0.0,0.0,20.84,1.24,0.0
20230711:0410,0.78,7.57,2.97,20.53,1.24,0.0
20230711:0510,80.92,108.01,12.48,20.93,1.1,0.0
20230711:0610,190.27,221.73,22.59,23.67,0.62,0.0
20230711:0710,455.32,511.43,32.98,24.79,0.69,0.0
20230711:0810,610.43,694.7,43.31,25.51,0.83,0.0
20230711:0910,747.04,878.54,53.06,26.3,0.55,0.0
20230711:1010,799.0,966.45,61.23,27.45,0.28,0.0
20230711:1110,822.32,991.64,65.86,28.12,0.69,0.0
20230711:1210,761.14,908.88,64.79,28.48,0.69,0.0
20230711:1310,702.34,832.08,58.63,28.87,0.55,0.0
20230711:1410,597.47,696.97,49.74,29.07,0.48,0.0
20230711:1510,450.86,521.45,39.7,29.17,0.76,0.0
20230711:1610,249.43,304.46,29.3,29.36,0.83,0.0
20230711:1710,55.38,77.65,18.97,28.92,0.34,0.0
20230711:1810,31.02,49.23,9.04,28.04,1.17,0.0
20230711:1910,0.0,0.0,0.0,25.71,0.97,0.0
20230711:2010,0.0,0.0,0.0,24.07,1.1,0.0
20230711:2110,0.0,0.0,0.0,23.43,1.1,0.0
20230711:2210,0.0,0.0,0.0,23.08,1.03,0.0
20230711:2310,0.0,0.0,0.0,23.35,0.48,0.0
20230712:0010,0.0,0.0,0.0,20.96,1.72,0.0
20230712:0110,0.0,0.0,0.0,20.61,1.72,0.0
20230712:0210,0.0,0.0,0.0,20.1,1.52,0.0
20230712:0310,0.0,0.0,0.0,19.69,1.1,0.0
20230712:0410,0.0,1.89,2.85,19.36,1.17,0.0
20230712:0510,6.77,17.47,12.36,19.74,1.24,0.0
20230712:0610,14.66,28.15,22.47,20.51,0.9,0.0
20230712:0710,119.63,143.65,32.87,21.47,0.9,0.0
20230712:0810,309.8,347.56,43.2,22.13,0.14,0.0
20230712:0910,104.33,128.12,52.94,22.13,0.28,0.0
20230712:1010,556.44,625.89,61.1,22.54,0.76,0.0
20230712:1110,358.07,402.43,65.72,21.99,0.07,0.0
20230712:1210,346.03,383.11,64.67,20.82,1.1,0.0
20230712:1310,99.28,121.33,58.53,20.38,2.21,0.0
20230712:1410,69.76,90.27,49.66,20.54,2.28,0.0
20230712:1510,84.17,105.8,39.63,20.94,1.72,0.0
20230712:1610,167.77,193.4,29.24,20.28,1.66,0.0
20230712:1710,81.91,103.52,18.9,20.03,1.59,0.0
20230712:1810,21.07,35.97,8.96,19.79,1.24,0.0
20230712:1910,0.0,0.0,0.0,20.15,1.31,0.0
20230712:2010,0.0,0.0,0.0,19.13,1.45,0.0
20230712:2110,0.0,0.0,0.0,18.82,1.1,0.0
20230712:2210,0.0,0.0,0.0,18.65,1.03,0.0
20230712:2310,0.0,0.0,0.0,18.71,1.24,0.0
20230713:0010,0.0,0.0,0.0,18.17,1.1,0.0
20230713:0110,0.0,0.0,0.0,17.92,0.9,0.0
20230713:0210,0.0,0.0,0.0,18.04,0.34,0.0
20230713:0310,0.0,0.0,0.0,17.39,0.76,0.0
20230713:0410,1.79,9.47,2.72,17.29,0.69,0.0
20230713:0510,110.59,152.48,12.24,17.16,0.07,0.0
20230713:0610,314.22,352.08,22.36,17.83,0.48,0.0
20230713:0710,504.77,553.36,32.75,20.59,1.1,0.0
20230713:0810,665.36,750.88,43.08,21.85,0.55,0.0
20230713:0910,777.33,891.51,52.81,23.05,1.03,0.0
20230713:1010,788.0,908.94,60.96,22.77,0.97,0.0
20230713:1110,638.4,726.33,65.58,23.29,0.9,0.0
20230713:1210,58.67,79.59,64.55,23.77,0.69,0.0
20230713:1310,584.73,667.61,58.43,24.41,0.55,0.0
20230713:1410,625.99,706.56,49.58,24.85,1.24,0.0
20230713:1510,465.25,525.76,39.56,25.43,1.17,0.0
20230713:1610,263.6,319.54,29.16,25.59,1.03,0.0
20230713:1710,76.38,127.53,18.83,25.51,0.97,0.0
20230713:1810,31.56,49.23,8.88,24.64,0.55,0.0
20230713:1910,0.0,0.0,0.0,23.59,0.62,0.0
20230713:2010,0.0,0.0,0.0,23.42,0.14,0.0
20230713:2110,0.0,0.0,0.0,22.06,0.55,0.0
20230713:2210,0.0,0.0,0.0,21.29,0.69,0.0
20230713:2310,0.0,0.0,0.0,20.7,0.76,0.0
20230714:0010,0.0,0.0,0.0,20.2,0.83,0.0
20230714:0110,0.0,0.0,0.0,19.82,0.69,0.0
20230714:0210,0.0,0.0,0.0,19.53,0.62,0.0
20230714:0310,0.0,0.0,0.0,17.19,0.76,0.0
20230714:0410,0.0,2.84,2.59,17.06,0.97,0.0
20230714:0510,9.68,21.35,12.12,17.23,0.9,0.0
20230714:0610,163.28,187.18,22.24,17.64,0.76,0.0
20230714:0710,96.61,118.42,32.63,19.52,0.83,0.0
20230714:0810,69.81,90.27,42.96,19.8,0.62,0.0
20230714:0910,99.72,122.3,52.69,20.51,0.48,0.0
20230714:1010,94.29,116.47,60.82,20.37,0.55,0.0
20230714:1110,139.24,164.04,65.43,21.07,0.76,0.0
20230714:1210,149.26,174.71,64.41,21.55,1.1,0.0
20230714:1310,139.7,165.01,58.33,22.14,1.31,0.0
20230714:1410,62.74,83.47,49.49,22.35,1.38,0.0
20230714:1510,131.06,156.27,39.48,22.46,1.03,0.0
20230714:1610,136.3,162.03,29.09,22.25,0.62,0.0
20230714:1710,83.19,129.54,18.75,22.29,0.83,0.0
20230714:1810,33.65,51.12,8.8,22.07,0.97,0.0
20230714:1910,0.0,0.0,0.0,20.77,1.1,0.0
20230714:2010,0.0,0.0,0.0,20.33,1.17,0.0
20230714:2110,0.0,0.0,0.0,19.53,1.31,0.0
20230714:2210,0.0,0.0,0.0,18.83,1.31,0.0
20230714:2310,0.0,0.0,0.0,18.46,1.24,0.0
20230715:0010,0.0,0.0,0.0,18.14,1.24,0.0
20230715:0110,0.0,0.0,0.0,17.86,1.24,0.0
20230715:0210,0.0,0.0,0.0,17.69,1.24,0.0
20230715:0310,0.0,0.0,0.0,17.51,1.24,0.0
20230715:0410,0.38,6.63,2.46,17.35,1.24,0.0
20230715:0510,30.44,46.59,11.99,17.67,1.17,0.0
20230715:0610,202.62,230.54,22.12,19.49,1.03,0.0
20230715:0710,325.67,360.71,32.51,21.36,0.76,0.0
20230715:0810,577.41,648.16,42.83,22.59,0.55,0.0
20230715:0910,732.48,847.72,52.55,23.25,0.41,0.0
20230715:1010,797.14,934.11,60.67,24.18,0.69,0.0
20230715:1110,785.28,907.47,65.27,25.1,1.52,0.0
20230715:1210,454.43,509.48,64.27,25.16,1.86,0.0
20230715:1310,533.09,598.17,58.21,25.11,1.79,0.0
20230715:1410,423.24,473.58,49.4,24.91,1.59,0.0
20230715:1510,371.34,419.14,39.4,25.03,1.03,0.0
20230715:1610,237.27,280.19,29.01,24.77,0.34,0.0
20230715:1710,91.2,134.47,18.66,24.65,0.69,0.0
20230715:1810,34.13,52.07,8.7,24.01,1.03,0.0
20230715:1910,0.0,0.0,0.0,23.01,1.17,0.0
20230715:2010,0.0,0.0,0.0,21.95,1.03,0.0
20230715:2110,0.0,0.0,0.0,21.21,0.97,0.0
20230715:2210,0.0,0.0,0.0,20.83,0.9,0.0
20230715:2310,0.0,0.0,0.0,20.42,0.9,0.0
20230716:0010,0.0,0.0,0.0,20.18,0.9,0.0
20230716:0110,0.0,0.0,0.0,19.46,1.03,0.0
20230716:0210,0.0,0.0,0.0,19.04,1.1,0.0
20230716:0310,0.0,0.0,0.0,18.8,1.17,0.0
20230716:0410,0.0,1.89,2.32,18.5,1.17,0.0
20230716:0510,78.14,104.62,11.86,18.92,1.03,0.0
20230716:0610,226.73,259.03,21.99,21.17,0.76,0.0
20230716:0710,461.19,512.87,32.39,22.76,0.69,0.0
20230716:0810,639.44,728.88,42.71,23.8,0.41,0.0
20230716:0910,735.59,860.7,52.42,24.77,0.34,0.0
20230716:1010,692.07,797.5,60.52,25.49,1.1,0.0
20230716:1110,756.72,879.11,65.11,25.95,1.31,0.0
20230716:1210,791.56,923.87,64.13,26.29,1.31,0.0
20230716:1310,691.95,796.22,58.1,26.36,1.24,0.0
20230716:1410,572.0,651.59,49.3,26.21,0.9,0.0
20230716:1510,381.39,436.08,39.31,26.07,0.28,0.0
20230716:1610,246.95,296.5,28.92,26.03,0.21,0.0
20230716:1710,104.05,140.25,18.57,25.5,0.9,0.0
20230716:1810,34.02,52.07,8.6,24.63,1.1,0.0
20230716:1910,0.0,0.0,0.0,24.1,1.17,0.0
20230716:2010,0.0,0.0,0.0,22.89,1.31,0.0
20230716:2110,0.0,0.0,0.0,22.0,1.31,0.0
20230716:2210,0.0,0.0,0.0,21.35,1.38,0.0
20230716:2310,0.0,0.0,0.0,20.58,1.31,0.0
20230717:0010,0.0,0.0,0.0,20.54,1.17,0.0
20230717:0110,0.0,0.0,0.0,20.4,1.17,0.0
20230717:0210,0.0,0.0,0.0,19.96,1.38,0.0
20230717:0310,0.0,0.0,0.0,19.95,1.38,0.0
20230717:0410,0.0,1.89,2.18,19.72,1.38,0.0
20230717:0510,83.12,112.84,11.73,20.07,1.17,0.0
20230717:0610,274.52,314.02,21.86,22.28,0.83,0.0
20230717:0710,481.03,538.8,32.26,23.68,0.55,0.0
20230717:0810,641.0,735.78,42.58,25.08,0.41,0.0
20230717:0910,735.95,864.79,52.28,25.84,0.41,0.0
20230717:1010,804.2,964.64,60.36,26.63,0.41,0.0
20230717:1110,834.83,1013.39,64.94,27.36,0.41,0.0
20230717:1210,808.08,967.85,63.97,27.69,0.69,0.0
20230717:1310,719.17,850.57,57.97,27.89,0.48,0.0
20230717:1410,566.61,653.97,49.19,27.72,0.55,0.0
20230717:1510,422.03,485.28,39.21,27.86,0.62,0.0
20230717:1610,246.36,297.79,28.82,27.89,0.9,0.0
20230717:1710,73.32,124.05,18.48,27.48,0.83,0.0
20230717:1810,31.25,49.23,8.5,26.56,0.76,0.0
20230717:1910,0.0,0.0,0.0,25.55,1.31,0.0
20230717:2010,0.0,0.0,0.0,23.95,1.31,0.0
20230717:2110,0.0,0.0,0.0,23.12,1.24,0.0
20230717:2210,0.0,0.0,0.0,22.88,1.1,0.0
20230717:2310,0.0,0.0,0.0,22.72,1.03,0.0
20230718:0010,0.0,0.0,0.0,22.61,1.03,0.0
20230718:0110,0.0,0.0,0.0,22.24,1.1,0.0
20230718:0210,0.0,0.0,0.0,21.38,1.24,0.0
20230718:0310,0.0,0.0,0.0,20.58,1.38,0.0
20230718:0410,0.0,2.84,2.04,20.05,1.45,0.0
20230718:0510,90.17,124.26,11.6,20.04,1.38,0.0
20230718:0610,276.63,316.69,21.73,22.69,1.1,0.0
20230718:0710,469.52,528.17,32.13,24.07,0.34,0.0
20230718:0810,621.88,717.42,42.44,25.91,0.28,0.0
20230718:0910,740.87,865.35,52.13,27.06,0.97,0.0
20230718:1010,812.03,960.03,60.21,27.76,1.24,0.0
20230718:1110,831.59,986.51,64.77,28.16,1.38,0.0
20230718:1210,722.98,848.68,63.81,28.63,1.24,0.0
20230718:1310,546.22,627.95,57.84,29.15,1.52,0.0
20230718:1410,287.64,332.01,49.08,28.28,0.83,0.0
20230718:1510,359.18,414.07,39.11,28.02,0.41,0.0
20230718:1610,238.0,287.02,28.72,28.3,0.69,0.0
20230718:1710,92.21,134.43,18.37,28.03,0.34,0.0
20230718:1810,28.67,46.39,8.39,27.62,0.14,0.0
20230718:1910,0.0,0.0,0.0,25.94,0.83,0.0
20230718:2010,0.0,0.0,0.0,24.44,0.69,0.0
20230718:2110,0.0,0.0,0.0,23.57,1.17,0.0
20230718:2210,0.0,0.0,0.0,22.51,1.72,0.0
20230718:2310,0.0,0.0,0.0,21.92,2.21,0.0
20230719:0010,0.0,0.0,0.0,20.55,2.62,0.0
20230719:0110,0.0,0.0,0.0,20.05,2.34,0.0
20230719:0210,0.0,0.0,0.0,19.87,2.14,0.0
20230719:0310,0.0,0.0,0.0,19.81,1.93,0.0
20230719:0410,0.0,0.95,1.89,19.87,1.72,0.0
20230719:0510,57.29,79.02,11.46,20.03,1.59,0.0
20230719:0610,16.15,30.09,21.6,21.13,1.38,0.0
20230719:0710,36.97,55.33,32.0,23.72,0.07,0.0
20230719:0810,636.22,726.89,42.31,25.14,0.62,0.0
20230719:0910,749.58,882.2,51.99,26.4,0.55,0.0
20230719:1010,795.51,967.49,60.04,27.34,0.07,0.0
20230719:1110,749.97,904.43,64.59,27.94,0.21,0.0
20230719:1210,129.27,159.18,63.65,28.55,0.0,0.0
20230719:1310,324.88,373.82,57.7,28.74,1.17,0.0
20230719:1410,474.09,541.49,48.96,27.58,0.9,0.0
20230719:1510,426.91,486.92,39.0,26.86,0.9,0.0
20230719:1610,241.45,287.14,28.62,26.77,1.86,0.0
20230719:1710,102.3,136.95,18.26,26.65,1.52,0.0
20230719:1810,33.06,51.12,8.28,25.58,1.59,0.0
20230719:1910,0.0,0.0,0.0,24.08,1.1,0.0
20230719:2010,0.0,0.0,0.0,23.06,1.1,0.0
20230719:2110,0.0,0.0,0.0,22.39,1.17,0.0
20230719:2210,0.0,0.0,0.0,22.21,1.1,0.0
20230719:2310,0.0,0.0,0.0,21.73,1.1,0.0
20230720:0010,0.0,0.0,0.0,21.09,1.1,0.0
20230720:0110,0.0,0.0,0.0,20.93,1.03,0.0
20230720:0210,0.0,0.0,0.0,20.28,1.1,0.0
20230720:0310,0.0,0.0,0.0,19.76,1.1,0.0
20230720:0410,0.0,0.95,1.75,18.98,1.24,0.0
20230720:0510,95.13,132.15,11.32,18.5,1.31,0.0
20230720:0610,297.64,338.0,21.46,20.91,1.1,0.0
20230720:0710,505.02,557.02,31.87,22.08,1.24,0.0
20230720:0810,666.47,747.07,42.17,23.4,1.38,0.0
20230720:0910,779.5,900.5,51.84,24.81,1.17,0.0
20230720:1010,836.87,998.66,59.87,25.99,0.69,0.0
20230720:1110,839.49,1025.0,64.41,26.88,0.21,0.0
20230720:1210,800.78,962.13,63.48,27.36,0.48,0.0
20230720:1310,741.86,874.24,57.56,27.75,0.76,0.0
20230720:1410,624.64,721.03,48.84,27.76,0.83,0.0
20230720:1510,453.03,519.57,38.89,27.58,0.83,0.0
20230720:1610,255.23,313.42,28.51,27.1,0.55,0.0
20230720:1710,74.73,123.87,18.15,26.49,0.55,0.0
20230720:1810,28.98,46.39,8.15,25.66,0.28,0.0
20230720:1910,0.0,0.0,0.0,24.49,0.69,0.0
20230720:2010,0.0,0.0,0.0,23.65,0.76,0.0
20230720:2110,0.0,0.0,0.0,24.23,0.28,0.0
20230720:2210,0.0,0.0,0.0,22.45,0.55,0.0
20230720:2310,0.0,0.0,0.0,22.19,0.48,0.0
20230721:0010,0.0,0.0,0.0,22.27,0.34,0.0
20230721:0110,0.0,0.0,0.0,20.5,0.55,0.0
20230721:0210,0.0,0.0,0.0,20.27,0.69,0.0
20230721:0310,0.0,0.0,0.0,19.73,0.62,0.0
20230721:0410,0.0,0.95,1.59,19.21,0.55,0.0
20230721:0510,12.55,25.24,11.17,18.45,0.69,0.0
20230721:0610,313.41,354.33,21.33,19.34,0.76,0.0
20230721:0710,59.68,79.59,31.73,20.47,0.83,0.0
20230721:0810,66.91,87.36,42.03,20.45,0.9,0.0
20230721:0910,105.04,128.12,51.68,21.0,0.62,0.0
20230721:1010,857.94,989.31,59.7,21.17,1.03,0.0
20230721:1110,882.1,1010.07,64.22,21.12,1.52,0.0
20230721:1210,799.27,909.12,63.3,21.4,1.31,0.0
20230721:1310,627.39,703.05,57.4,21.97,1.1,0.0
20230721:1410,416.72,463.12,48.71,22.31,0.97,0.0
20230721:1510,366.33,409.45,38.77,22.31,0.69,0.0
20230721:1610,258.77,308.9,28.39,22.2,0.69,0.0
20230721:1710,76.51,123.18,18.03,21.82,0.21,0.0
20230721:1810,28.79,45.44,8.03,21.83,1.03,0.0
20230721:1910,0.0,0.0,0.0,22.91,0.55,0.0
20230721:2010,0.0,0.0,0.0,22.52,0.48,0.0
20230721:2110,0.0,0.0,0.0,21.89,0.48,0.0
20230721:2210,0.0,0.0,0.0,21.23,0.69,0.0
20230721:2310,0.0,0.0,0.0,21.19,0.55,0.0
20230722:0010,0.0,0.0,0.0,20.96,0.69,0.0
20230722:0110,0.0,0.0,0.0,20.44,0.62,0.0
20230722:0210,0.0,0.0,0.0,19.99,0.62,0.0
20230722:0310,0.0,0.0,0.0,19.55,0.62,0.0
20230722:0410,0.0,0.95,1.44,19.02,0.76,0.0
20230722:0510,79.43,109.04,11.03,18.53,0.83,0.0
20230722:0610,232.59,263.26,21.19,19.2,0.97,0.0
20230722:0710,431.18,470.48,31.59,19.43,0.9,0.0
20230722:0810,656.52,733.94,41.89,20.29,0.55,0.0
20230722:0910,702.07,802.06,51.53,21.63,0.41,0.0
20230722:1010,741.32,867.33,59.52,22.79,0.14,0.0
20230722:1110,770.29,900.0,64.03,23.77,0.62,0.0
20230722:1210,770.1,891.0,63.11,24.31,1.1,0.0
20230722:1310,561.67,632.56,57.25,24.57,1.38,0.0
20230722:1410,595.19,671.51,48.57,24.02,0.9,0.0
20230722:1510,448.51,507.96,38.65,24.07,0.41,0.0
20230722:1610,233.41,274.74,28.27,23.86,0.21,0.0
20230722:1710,100.84,129.01,17.91,23.4,0.48,0.0
20230722:1810,31.05,48.28,7.89,22.83,0.55,0.0
20230722:1910,0.0,0.0,0.0,22.92,0.55,0.0
20230722:2010,0.0,0.0,0.0,22.26,0.55,0.0
20230722:2110,0.0,0.0,0.0,22.04,0.41,0.0
20230722:2210,0.0,0.0,0.0,21.57,0.41,0.0
20230722:2310,0.0,0.0,0.0,21.15,0.41,0.0
20230723:0010,0.0,0.0,0.0,20.28,0.28,0.0
20230723:0110,0.0,0.0,0.0,19.26,0.55,0.0
20230723:0210,0.0,0.0,0.0,18.5,0.69,0.0
20230723:0310,0.0,0.0,0.0,18.51,0.48,0.0
20230723:0410,0.0,0.0,0.0,18.38,0.41,0.0
20230723:0510,98.21,141.11,10.88,18.33,0.34,0.0
20230723:0610,294.06,332.69,21.04,18.66,0.34,0.0
20230723:0710,59.26,78.62,31.45,18.95,0.97,0.0
20230723:0810,333.46,367.29,41.74,19.96,0.76,0.0
20230723:0910,626.53,704.79,51.37,21.15,0.55,0.0
20230723:1010,637.56,713.44,59.34,21.78,1.31,0.0
20230723:1110,751.79,851.34,63.83,22.34,1.59,0.0
20230723:1210,604.21,678.36,62.92,23.01,1.38,0.0
20230723:1310,645.61,731.19,57.08,23.49,1.03,0.0
20230723:1410,561.85,634.68,48.43,23.83,0.62,0.0
20230723:1510,444.12,502.31,38.52,24.02,0.48,0.0
20230723:1610,249.3,298.22,28.14,24.09,0.48,0.0
20230723:1710,89.32,129.77,17.78,23.89,0.0,0.0
20230723:1810,30.14,47.34,7.76,23.44,0.62,0.0
20230723:1910,0.0,0.0,0.0,22.69,1.17,0.0
20230723:2010,0.0,0.0,0.0,21.51,0.97,0.0
20230723:2110,0.0,0.0,0.0,21.39,0.83,0.0
20230723:2210,0.0,0.0,0.0,20.55,0.97,0.0
20230723:2310,0.0,0.0,0.0,20.23,0.97,0.0
20230724:0010,0.0,0.0,0.0,19.87,0.97,0.0
20230724:0110,0.0,0.0,0.0,19.78,0.97,0.0
20230724:0210,0.0,0.0,0.0,19.86,1.03,0.0
20230724:0310,0.0,0.0,0.0,19.64,1.1,0.0
20230724:0410,0.0,0.0,0.0,19.41,1.1,0.0
20230724:0510,3.0,11.65,10.73,19.61,0.97,0.0
20230724:0610,13.12,26.21,20.9,20.88,0.97,0.0
20230724:0710,37.55,55.33,31.31,21.0,0.97,0.0
20230724:0810,45.13,64.06,41.59,21.9,0.76,0.0
20230724:0910,52.01,71.83,51.21,22.59,1.24,0.0
20230724:1010,71.59,93.18,59.16,22.8,1.52,0.0
20230724:1110,58.06,78.62,63.62,23.18,1.66,0.0
20230724:1210,76.8,99.0,62.73,23.48,1.93,0.0
20230724:1310,52.66,72.8,56.91,23.65,2.0,0.0
20230724:1410,65.11,86.39,48.28,23.15,0.9,0.0
20230724:1510,57.22,77.65,38.38,22.83,1.03,0.0
20230724:1610,120.16,144.29,28.01,21.76,1.31,0.0
20230724:1710,71.76,92.61,17.64,19.96,1.45,0.0
20230724:1810,30.08,46.39,7.61,18.9,1.86,0.0
20230724:1910,0.0,0.0,0.0,19.52,1.1,0.0
20230724:2010,0.0,0.0,0.0,18.95,0.76,0.0
20230724:2110,0.0,0.0,0.0,18.5,0.76,0.0
20230724:2210,0.0,0.0,0.0,18.37,0.62,0.0
20230724:2310,0.0,0.0,0.0,18.63,0.14,0.0
20230725:0010,0.0,0.0,0.0,17.78,1.03,0.0
20230725:0110,0.0,0.0,0.0,17.42,0.69,0.0
20230725:0210,0.0,0.0,0.0,16.71,0.83,0.0
20230725:0310,0.0,0.0,0.0,16.83,0.83,0.0
20230725:0410,0.0,0.0,0.0,16.91,0.34,0.0
20230725:0510,48.74,68.45,10.57,17.23,0.55,0.0
20230725:0610,25.37,40.77,20.75,17.64,0.62,0.0
20230725:0710,499.6,546.41,31.16,18.7,0.55,0.0
20230725:0810,668.63,751.16,41.44,20.41,0.41,0.0
20230725:0910,780.86,902.13,51.04,21.51,0.41,0.0
20230725:1010,834.84,989.3,58.97,22.37,0.21,0.0
20230725:1110,832.1,992.89,63.41,23.42,0.21,0.0
20230725:1210,805.89,958.59,62.52,24.09,0.21,0.0
20230725:1310,673.29,776.03,56.74,24.48,0.55,0.0
20230725:1410,492.64,555.7,48.13,24.8,0.83,0.0
20230725:1510,251.39,286.85,38.24,24.74,0.97,0.0
20230725:1610,96.13,120.36,27.87,24.57,1.31,0.0
20230725:1710,66.67,88.53,17.5,24.13,1.52,0.0
20230725:1810,10.36,22.72,7.46,22.99,1.86,0.0
20230725:1910,0.0,0.0,0.0,21.89,2.55,0.0
20230725:2010,0.0,0.0,0.0,20.79,2.97,0.0
20230725:2110,0.0,0.0,0.0,19.75,2.97,0.0
20230725:2210,0.0,0.0,0.0,18.75,2.9,0.0
20230725:2310,0.0,0.0,0.0,17.89,2.83,0.0
20230726:0010,0.0,0.0,0.0,17.21,2.76,0.0
20230726:0110,0.0,0.0,0.0,16.65,2.76,0.0
20230726:0210,0.0,0.0,0.0,16.18,2.69,0.0
20230726:0310,0.0,0.0,0.0,15.84,2.62,0.0
20230726:0410,0.0,0.0,0.0,15.54,2.55,0.0
20230726:0510,93.72,132.45,10.42,15.66,2.62,0.0
20230726:0610,313.77,346.39,20.6,16.49,2.76,0.0
20230726:0710,544.85,578.24,31.01,17.23,3.03,0.0
20230726:0810,720.14,773.35,41.28,18.56,3.17,0.0
20230726:0910,849.54,932.68,50.87,19.76,3.1,0.0
20230726:1010,911.88,1022.62,58.77,21.05,2.83,0.0
20230726:1110,931.44,1061.15,63.2,22.18,2.48,0.0
20230726:1210,890.41,1023.36,62.31,23.13,1.93,0.0
20230726:1310,788.23,899.95,56.56,23.67,1.52,0.0
20230726:1410,655.71,737.47,47.97,24.07,1.45,0.0
20230726:1510,478.53,535.99,38.09,24.15,1.59,0.0
20230726:1610,263.59,318.47,27.73,23.9,1.66,0.0
20230726:1710,65.08,115.63,17.35,23.25,1.59,0.0
20230726:1810,23.97,39.76,7.31,22.02,1.79,0.0
20230726:1910,0.0,0.0,0.0,20.03,2.21,0.0
20230726:2010,0.0,0.0,0.0,18.42,2.14,0.0
20230726:2110,0.0,0.0,0.0,17.4,2.14,0.0
20230726:2210,0.0,0.0,0.0,16.4,2.0,0.0
20230726:2310,0.0,0.0,0.0,15.57,1.93,0.0
20230727:0010,0.0,0.0,0.0,14.83,1.93,0.0
20230727:0110,0.0,0.0,0.0,14.31,1.79,0.0
20230727:0210,0.0,0.0,0.0,14.22,1.52,0.0
20230727:0310,0.0,0.0,0.0,14.07,1.38,0.0
20230727:0410,0.0,0.0,0.0,14.05,1.24,0.0
20230727:0510,22.49,36.88,10.26,14.16,1.1,0.0
20230727:0610,163.4,186.18,20.45,15.88,0.9,0.0
20230727:0710,272.46,297.19,30.86,16.73,0.97,0.0
20230727:0810,625.97,685.86,41.13,17.99,0.83,0.0
20230727:0910,807.66,915.37,50.7,18.9,0.76,0.0
20230727:1010,855.03,980.84,58.58,19.36,0.83,0.0
20230727:1110,669.71,751.37,62.98,20.5,1.03,0.0
20230727:1210,624.89,700.7,62.1,21.17,0.97,0.0
20230727:1310,681.51,767.69,56.37,21.52,0.97,0.0
20230727:1410,628.03,700.65,47.81,22.09,1.1,0.0
20230727:1510,463.02,515.76,37.94,22.21,1.1,0.0
20230727:1610,256.57,307.87,27.58,21.96,0.9,0.0
20230727:1710,66.34,113.92,17.2,21.68,0.69,0.0
20230727:1810,25.64,41.66,7.15,21.14,0.21,0.0
20230727:1910,0.0,0.0,0.0,20.17,0.48,0.0
20230727:2010,0.0,0.0,0.0,18.83,0.9,0.0
20230727:2110,0.0,0.0,0.0,18.25,1.03,0.0
20230727:2210,0.0,0.0,0.0,18.35,0.9,0.0
20230727:2310,0.0,0.0,0.0,18.26,0.83,0.0
20230728:0010,0.0,0.0,0.0,18.0,0.83,0.0
20230728:0110,0.0,0.0,0.0,17.45,0.83,0.0
20230728:0210,0.0,0.0,0.0,17.13,0.9,0.0
20230728:0310,0.0,0.0,0.0,16.74,0.9,0.0
20230728:0410,0.0,0.0,0.0,16.35,0.97,0.0
20230728:0510,57.01,79.16,10.1,16.28,0.9,0.0
20230728:0610,234.18,264.22,20.3,17.59,0.62,0.0
20230728:0710,488.13,537.55,30.71,19.36,0.28,0.0
20230728:0810,663.83,745.93,40.97,20.29,0.34,0.0
20230728:0910,667.96,755.41,50.52,21.25,0.55,0.0
20230728:1010,792.26,918.61,58.38,22.09,0.62,0.0
20230728:1110,741.85,852.01,62.75,22.95,0.97,0.0
20230728:1210,692.81,788.36,61.88,23.53,1.24,0.0
20230728:1310,414.04,463.39,56.17,23.96,1.24,0.0
20230728:1410,501.54,562.11,47.63,24.17,1.1,0.0
20230728:1510,298.09,336.79,37.78,24.42,1.17,0.0
20230728:1610,224.87,264.58,27.42,24.16,0.9,0.0
20230728:1710,59.55,80.76,17.04,23.76,0.34,0.0
20230728:1810,25.37,41.66,6.98,23.14,0.28,0.0
20230728:1910,0.0,0.0,0.0,21.96,0.41,0.0
20230728:2010,0.0,0.0,0.0,21.61,0.41,0.0
20230728:2110,0.0,0.0,0.0,21.01,0.28,0.0
20230728:2210,0.0,0.0,0.0,20.31,0.28,0.0
20230728:2310,0.0,0.0,0.0,19.75,0.28,0.0
20230729:0010,0.0,0.0,0.0,19.3,0.28,0.0
20230729:0110,0.0,0.0,0.0,18.96,0.34,0.0
20230729:0210,0.0,0.0,0.0,18.73,0.41,0.0
20230729:0310,0.0,0.0,0.0,18.51,0.34,0.0
20230729:0410,0.0,0.0,0.0,18.38,0.41,0.0
20230729:0510,45.24,64.8,9.94,17.34,0.62,0.0
20230729:0610,126.6,149.53,20.14,18.1,0.48,0.0
20230729:0710,328.13,363.68,30.55,20.45,0.14,0.0
20230729:0810,641.03,724.81,40.81,21.25,0.14,0.0
20230729:0910,592.71,670.29,50.35,22.23,0.34,0.0
20230729:1010,443.07,496.76,58.17,23.25,0.76,0.0
20230729:1110,542.04,610.04,62.52,23.85,1.17,0.0
20230729:1210,623.98,702.88,61.65,23.42,1.38,0.0
20230729:1310,174.54,202.86,55.97,22.88,0.62,0.0
20230729:1410,508.74,568.58,47.46,22.59,0.69,0.0
20230729:1510,211.72,241.42,37.61,22.45,1.03,0.0
20230729:1610,232.89,273.51,27.26,22.38,1.1,0.0
20230729:1710,86.26,122.85,16.88,22.07,0.69,0.0
20230729:1810,23.24,38.82,6.81,21.32,0.76,0.0
20230729:1910,0.0,0.0,0.0,22.04,0.76,0.0
20230729:2010,0.0,0.0,0.0,21.26,0.9,0.0
20230729:2110,0.0,0.0,0.0,20.6,0.97,0.0
20230729:2210,0.0,0.0,0.0,21.18,0.69,0.0
20230729:2310,0.0,0.0,0.0,20.8,0.62,0.0
20230730:0010,0.0,0.0,0.0,20.25,0.48,0.0
20230730:0110,0.0,0.0,0.0,19.93,0.41,0.0
20230730:0210,0.0,0.0,0.0,19.59,0.55,0.0
20230730:0310,0.0,0.0,0.0,19.05,0.48,0.0
20230730:0410,0.0,0.0,0.0,18.8,0.55,0.0
20230730:0510,81.54,119.21,9.77,17.59,0.76,0.0
20230730:0610,290.22,328.9,19.98,18.65,0.62,0.0
20230730:0710,498.19,551.1,30.4,20.5,0.41,0.0
20230730:0810,655.0,737.96,40.64,21.83,0.55,0.0
20230730:0910,768.52,889.37,50.17,23.16,0.62,0.0
20230730:1010,827.8,976.81,57.96,24.45,0.69,0.0
20230730:1110,864.74,1027.64,62.29,25.25,0.9,0.0
20230730:1210,825.04,975.02,61.42,26.12,0.97,0.0
20230730:1310,745.42,869.63,55.77,26.75,0.97,0.0
20230730:1410,612.25,703.19,47.27,27.08,0.83,0.0
20230730:1510,438.6,502.45,37.44,27.11,0.76,0.0
20230730:1610,235.03,285.45,27.09,27.07,0.69,0.0
20230730:1710,77.32,118.63,16.71,26.44,0.48,0.0
20230730:1810,22.67,38.82,6.63,25.84,0.41,0.0
20230730:1910,0.0,0.0,0.0,25.01,0.28,0.0
20230730:2010,0.0,0.0,0.0,23.89,0.62,0.0
20230730:2110,0.0,0.0,0.0,22.43,0.83,0.0
20230730:2210,0.0,0.0,0.0,21.39,0.97,0.0
20230730:2310,0.0,0.0,0.0,20.96,1.03,0.0
20230731:0010,0.0,0.0,0.0,20.73,1.03,0.0
20230731:0110,0.0,0.0,0.0,20.91,0.83,0.0
20230731:0210,0.0,0.0,0.0,20.45,0.76,0.0
20230731:0310,0.0,0.0,0.0,20.02,0.76,0.0
20230731:0410,0.0,0.0,0.0,19.76,0.76,0.0
20230731:0510,16.3,30.09,9.61,19.39,0.83,0.0
20230731:0610,41.33,59.21,19.82,19.41,0.83,0.0
20230731:0710,322.01,355.8,30.24,20.96,0.83,0.0
20230731:0810,572.4,641.17,40.48,21.9,0.41,0.0
20230731:0910,754.2,865.29,49.98,22.69,0.76,0.0
20230731:1010,731.06,834.21,57.75,23.38,1.24,0.0
20230731:1110,651.16,736.51,62.05,23.8,1.45,0.0
20230731:1210,665.67,755.36,61.18,24.07,1.38,0.0
20230731:1310,621.2,702.59,55.55,24.36,1.24,0.0
20230731:1410,467.05,523.81,47.08,24.38,1.03,0.0
20230731:1510,339.91,384.28,37.26,24.28,0.62,0.0
20230731:1610,81.58,104.83,26.92,24.49,0.62,0.0
20230731:1710,88.18,115.11,16.53,24.19,0.41,0.0
20230731:1810,22.18,37.87,6.45,23.48,0.34,0.0
20230731:1910,0.0,0.0,0.0,22.96,0.34,0.0
20230731:2010,0.0,0.0,0.0,22.73,0.48,0.0
20230731:2110,0.0,0.0,0.0,21.99,0.62,0.0
20230731:2210,0.0,0.0,0.0,21.5,0.69,0.0
20230731:2310,0.0,0.0,0.0,21.01,0.55,0.0
20230801:0010,0.0,0.0,0.0,20.78,0.55,0.0
20230801:0110,0.0,0.0,0.0,20.31,0.55,0.0
20230801:0210,0.0,0.0,0.0,19.85,0.69,0.0
20230801:0310,0.0,0.0,0.0,19.84,0.97,0.0
20230801:0410,0.0,0.0,0.0,19.49,0.97,0.0
20230801:0510,2.44,10.68,9.44,19.31,0.83,0.0
20230801:0610,45.71,64.06,19.66,19.41,0.69,0.0
20230801:0710,245.57,272.34,30.08,19.26,1.1,0.0
20230801:0810,377.14,411.23,40.31,19.65,1.31,0.0
20230801:0910,350.8,385.78,49.79,19.92,1.03,0.0
20230801:1010,189.04,215.48,57.53,20.1,0.69,0.0
20230801:1110,513.03,572.66,61.8,20.57,0.41,0.0
20230801:1210,685.61,779.84,60.94,21.01,0.48,0.0
20230801:1310,655.96,737.07,55.34,21.99,1.03,0.0
20230801:1410,436.39,486.15,46.89,22.83,0.9,0.0
20230801:1510,316.16,355.47,37.08,23.45,0.97,0.0
20230801:1610,236.65,285.04,26.74,23.53,0.9,0.0
20230801:1710,61.73,105.67,16.35,23.34,0.9,0.0
20230801:1810,19.94,35.03,6.26,22.9,0.9,0.0
20230801:1910,0.0,0.0,0.0,21.45,0.76,0.0
20230801:2010,0.0,0.0,0.0,20.76,0.9,0.0
20230801:2110,0.0,0.0,0.0,20.16,1.03,0.0
20230801:2210,0.0,0.0,0.0,19.36,1.17,0.0
20230801:2310,0.0,0.0,0.0,18.87,1.24,0.0
20230802:0010,0.0,0.0,0.0,18.69,1.31,0.0
20230802:0110,0.0,0.0,0.0,18.81,1.31,0.0
20230802:0210,0.0,0.0,0.0,19.01,1.24,0.0
20230802:0310,0.0,0.0,0.0,18.67,1.17,0.0
20230802:0410,0.0,0.0,0.0,19.31,0.9,0.0
20230802:0510,54.25,78.52,9.27,19.42,0.62,0.0
20230802:0610,119.17,142.52,19.5,19.49,0.76,0.0
20230802:0710,283.33,312.36,29.92,19.59,0.97,0.0
20230802:0810,285.45,315.07,40.14,19.54,0.97,0.0
20230802:0910,633.62,699.69,49.6,19.92,1.24,0.0
20230802:1010,714.96,796.69,57.31,20.31,1.52,0.0
20230802:1110,506.56,559.07,61.56,20.78,1.31,0.0
20230802:1210,305.72,340.39,60.69,21.35,1.1,0.0
20230802:1310,62.79,83.47,55.11,22.19,1.38,0.0
20230802:1410,89.82,112.59,46.69,22.44,1.17,0.0
20230802:1510,99.77,123.27,36.89,22.65,1.17,0.0
20230802:1610,134.85,161.08,26.56,23.11,1.17,0.0
20230802:1710,58.12,78.8,16.17,22.82,1.1,0.0
20230802:1810,20.78,35.97,6.07,22.27,0.76,0.0
20230802:1910,0.0,0.0,0.0,21.04,0.83,0.0
20230802:2010,0.0,0.0,0.0,20.53,0.55,0.0
20230802:2110,0.0,0.0,0.0,20.78,0.28,0.0
20230802:2210,0.0,0.0,0.0,19.86,0.62,0.0
20230802:2310,0.0,0.0,0.0,19.67,0.62,0.0
20230803:0010,0.0,0.0,0.0,19.36,0.62,0.0
20230803:0110,0.0,0.0,0.0,19.36,0.55,0.0
20230803:0210,0.0,0.0,0.0,19.39,0.48,0.0
20230803:0310,0.0,0.0,0.0,19.19,0.48,0.0
20230803:0410,0.0,0.0,0.0,19.53,0.34,0.0
20230803:0510,46.99,69.03,9.1,19.21,0.34,0.0
20230803:0610,196.72,226.53,19.33,19.74,0.48,0.0
20230803:0710,105.97,128.12,29.75,19.46,1.03,0.0
20230803:0810,322.47,356.18,39.97,20.57,0.83,0.0
20230803:0910,384.93,428.54,49.41,21.44,0.34,0.0
20230803:1010,536.59,608.32,57.09,22.75,0.21,0.0
20230803:1110,599.23,681.92,61.3,23.63,0.69,0.0
20230803:1210,664.49,756.23,60.44,24.02,1.17,0.0
20230803:1310,245.3,279.89,54.88,24.14,0.76,0.0
20230803:1410,361.3,408.35,46.48,24.01,0.21,0.0
20230803:1510,31.9,49.5,36.7,24.17,1.31,0.0
20230803:1610,41.49,60.18,26.37,22.81,1.24,0.0
20230803:1710,62.3,104.15,15.98,21.14,1.31,0.0
20230803:1810,18.71,33.13,5.87,19.97,1.45,0.0
20230803:1910,0.0,0.0,0.0,19.28,1.52,0.0
20230803:2010,0.0,0.0,0.0,18.84,1.24,0.0
20230803:2110,0.0,0.0,0.0,18.75,1.52,0.0
20230803:2210,0.0,0.0,0.0,18.8,1.79,0.0
20230803:2310,0.0,0.0,0.0,18.43,1.79,0.0
20230804:0010,0.0,0.0,0.0,17.79,1.59,0.0
20230804:0110,0.0,0.0,0.0,16.84,1.59,0.0
20230804:0210,0.0,0.0,0.0,15.98,1.59,0.0
20230804:0310,0.0,0.0,0.0,15.41,1.38,0.0
20230804:0410,0.0,0.0,0.0,15.01,1.59,0.0
20230804:0510,33.16,49.89,8.93,15.39,1.38,0.0
20230804:0610,206.15,232.95,19.17,16.98,1.38,0.0
20230804:0710,280.85,307.6,29.58,18.66,1.45,0.0
20230804:0810,397.33,429.0,39.79,19.05,2.14,0.0
20230804:0910,315.88,344.72,49.22,19.24,2.34,0.0
20230804:1010,424.94,461.86,56.86,19.51,2.14,0.0
20230804:1110,705.3,780.29,61.05,19.97,1.93,0.0
20230804:1210,508.63,555.9,60.18,19.52,1.66,0.0
20230804:1310,377.61,412.21,54.65,19.53,1.79,0.0
20230804:1410,227.65,254.43,46.27,19.82,1.72,0.0
20230804:1510,55.46,74.74,36.5,19.83,1.59,0.0
20230804:1610,19.39,33.97,26.18,20.02,1.03,0.0
20230804:1710,25.93,41.74,15.78,19.65,0.69,0.0
20230804:1810,18.02,32.19,5.67,19.0,0.48,0.0
20230804:1910,0.0,0.0,0.0,19.73,0.55,0.0
20230804:2010,0.0,0.0,0.0,19.5,0.48,0.0
20230804:2110,0.0,0.0,0.0,18.65,0.76,0.0
20230804:2210,0.0,0.0,0.0,17.49,1.03,0.0
20230804:2310,0.0,0.0,0.0,17.38,0.97,0.0
20230805:0010,0.0,0.0,0.0,16.57,1.24,0.0
20230805:0110,0.0,0.0,0.0,15.87,1.59,0.0
20230805:0210,0.0,0.0,0.0,15.57,1.86,0.0
20230805:0310,0.0,0.0,0.0,15.13,2.0,0.0
20230805:0410,0.0,0.0,0.0,14.55,2.0,0.0
20230805:0510,77.15,116.24,8.75,14.76,2.28,0.0
20230805:0610,292.19,326.42,19.0,17.08,2.34,0.0
20230805:0710,511.72,548.45,29.42,17.94,2.14,0.0
20230805:0810,690.78,747.62,39.61,19.35,2.55,0.0
20230805:0910,817.3,901.6,49.02,20.61,2.76,0.0
20230805:1010,890.38,997.24,56.63,21.69,2.9,0.0
20230805:1110,908.05,1024.23,60.78,22.6,2.97,0.0
20230805:1210,865.73,975.86,59.91,23.66,2.97,0.0
20230805:1310,775.38,869.66,54.4,24.39,2.69,0.0
20230805:1410,639.79,711.54,46.05,24.78,2.41,0.0
20230805:1510,457.26,511.29,36.3,24.86,2.28,0.0
20230805:1610,240.78,295.67,25.98,24.66,1.93,0.0
20230805:1710,51.22,96.48,15.58,24.07,1.52,0.0
20230805:1810,16.21,30.29,5.46,22.23,1.03,0.0
20230805:1910,0.0,0.0,0.0,20.52,1.31,0.0
20230805:2010,0.0,0.0,0.0,19.15,1.17,0.0
20230805:2110,0.0,0.0,0.0,19.3,0.62,0.0
20230805:2210,0.0,0.0,0.0,18.86,0.48,0.0
20230805:2310,0.0,0.0,0.0,17.55,0.83,0.0
20230806:0010,0.0,0.0,0.0,16.09,1.1,0.0
20230806:0110,0.0,0.0,0.0,15.2,1.31,0.0
20230806:0210,0.0,0.0,0.0,14.62,1.38,0.0
20230806:0310,0.0,0.0,0.0,14.26,1.45,0.0
20230806:0410,0.0,0.0,0.0,14.0,1.52,0.0
20230806:0510,73.6,109.63,8.58,13.85,1.59,0.0
20230806:0610,298.39,333.35,18.83,16.02,1.38,0.0
20230806:0710,523.07,565.04,29.25,18.97,1.93,0.0
20230806:0810,701.37,764.9,39.43,19.88,2.28,0.0
20230806:0910,829.57,920.98,48.82,20.85,2.55,0.0
20230806:1010,901.83,1012.19,56.4,21.49,2.83,0.0
20230806:1110,923.9,1038.79,60.52,22.13,3.17,0.0
20230806:1210,886.64,990.87,59.64,22.41,3.31,0.0
20230806:1310,798.97,881.76,54.16,22.46,3.38,0.0
20230806:1410,662.1,721.64,45.82,22.51,3.45,0.0
20230806:1510,475.78,520.46,36.09,22.0,3.52,0.0
20230806:1610,247.74,298.12,25.77,21.24,3.31,0.0
20230806:1710,49.93,94.49,15.37,20.18,3.17,0.0
20230806:1810,15.76,29.35,5.25,18.92,3.03,0.0
20230806:1910,0.0,0.0,0.0,18.07,3.24,0.0
20230806:2010,0.0,0.0,0.0,16.94,3.03,0.0
20230806:2110,0.0,0.0,0.0,16.02,2.9,0.0
20230806:2210,0.0,0.0,0.0,15.2,2.83,0.0
20230806:2310,0.0,0.0,0.0,14.42,2.62,0.0
20230807:0010,0.0,0.0,0.0,13.74,2.41,0.0
20230807:0110,0.0,0.0,0.0,13.17,2.28,0.0
20230807:0210,0.0,0.0,0.0,12.66,2.21,0.0
20230807:0310,0.0,0.0,0.0,12.29,2.14,0.0
20230807:0410,0.0,0.0,0.0,11.95,2.14,0.0
20230807:0510,71.87,105.35,8.4,11.91,2.07,0.0
20230807:0610,303.18,333.65,18.66,13.49,1.93,0.0
20230807:0710,534.8,565.69,29.08,15.48,2.41,0.0
20230807:0810,716.01,765.56,39.25,16.76,2.69,0.0
20230807:0910,852.33,928.12,48.62,17.85,2.97,0.0
20230807:1010,919.95,1019.19,56.16,18.89,2.9,0.0
20230807:1110,936.01,1046.56,60.25,20.02,2.9,0.0
20230807:1210,892.99,997.17,59.37,20.8,2.83,0.0
20230807:1310,802.39,887.59,53.9,21.49,2.83,0.0
20230807:1410,667.97,729.67,45.59,21.8,2.9,0.0
20230807:1510,476.33,522.89,35.87,21.72,2.83,0.0
20230807:1610,247.49,299.5,25.56,21.33,2.62,0.0
20230807:1710,49.43,93.34,15.16,20.55,2.21,0.0
20230807:1810,14.97,28.4,5.03,19.32,1.93,0.0
20230807:1910,0.0,0.0,0.0,17.94,2.34,0.0
20230807:2010,0.0,0.0,0.0,16.41,2.14,0.0
20230807:2110,0.0,0.0,0.0,15.39,2.0,0.0
20230807:2210,0.0,0.0,0.0,14.64,1.93,0.0
20230807:2310,0.0,0.0,0.0,13.94,1.86,0.0
20230808:0010,0.0,0.0,0.0,13.44,1.86,0.0
20230808:0110,0.0,0.0,0.0,13.27,1.86,0.0
20230808:0210,0.0,0.0,0.0,13.01,1.72,0.0
20230808:0310,0.0,0.0,0.0,12.86,1.66,0.0
20230808:0410,0.0,0.0,0.0,12.42,1.66,0.0
20230808:0510,14.57,27.18,8.22,12.14,1.66,0.0
20230808:0610,131.65,152.23,18.49,14.35,1.38,0.0
20230808:0710,468.3,502.4,28.9,16.24,1.1,0.0
20230808:0810,455.48,494.71,39.07,18.05,0.76,0.0
20230808:0910,798.43,906.73,48.41,19.54,0.76,0.0
20230808:1010,850.0,978.6,55.92,20.44,0.9,0.0
20230808:1110,863.48,999.8,59.97,21.12,0.97,0.0
20230808:1210,747.28,852.47,59.09,21.52,0.9,0.0
20230808:1310,668.42,757.85,53.65,21.83,0.62,0.0
20230808:1410,631.29,709.32,45.36,22.05,0.69,0.0
20230808:1510,403.5,452.1,35.65,22.43,0.69,0.0
20230808:1610,235.4,289.71,25.35,22.34,0.48,0.0
20230808:1710,46.79,89.93,14.94,21.77,0.62,0.0
20230808:1810,14.11,27.45,4.8,20.55,0.9,0.0
20230808:1910,0.0,0.0,0.0,18.31,1.1,0.0
20230808:2010,0.0,0.0,0.0,17.9,1.03,0.0
20230808:2110,0.0,0.0,0.0,17.94,0.97,0.0
20230808:2210,0.0,0.0,0.0,17.72,0.97,0.0
20230808:2310,0.0,0.0,0.0,17.4,0.97,0.0
20230809:0010,0.0,0.0,0.0,17.29,0.83,0.0
20230809:0110,0.0,0.0,0.0,17.36,0.69,0.0
20230809:0210,0.0,0.0,0.0,17.19,0.76,0.0
20230809:0310,0.0,0.0,0.0,16.61,0.9,0.0
20230809:0410,0.0,0.0,0.0,16.24,0.9,0.0
20230809:0510,39.6,59.59,8.04,16.37,0.76,0.0
20230809:0610,201.95,229.64,18.31,16.86,0.62,0.0
20230809:0710,440.71,482.08,28.73,18.61,0.34,0.0
20230809:0810,644.18,720.59,38.88,20.04,0.34,0.0
20230809:0910,741.14,843.7,48.2,21.04,0.62,0.0
20230809:1010,801.32,928.2,55.67,21.76,0.62,0.0
20230809:1110,837.87,986.99,59.69,22.65,0.48,0.0
20230809:1210,798.98,933.73,58.81,23.45,0.62,0.0
20230809:1310,730.17,835.62,53.38,24.01,1.03,0.0
20230809:1410,611.7,686.92,45.12,24.34,1.31,0.0
20230809:1510,438.75,495.33,35.43,24.54,1.1,0.0
20230809:1610,226.54,281.23,25.13,24.38,0.83,0.0
20230809:1710,47.64,88.84,14.72,24.0,0.34,0.0
20230809:1810,13.18,26.51,4.57,23.12,0.48,0.0
20230809:1910,0.0,0.0,0.0,23.51,0.0,0.0
20230809:2010,0.0,0.0,0.0,22.83,0.41,0.0
20230809:2110,0.0,0.0,0.0,21.93,0.62,0.0
20230809:2210,0.0,0.0,0.0,21.16,0.62,0.0
20230809:2310,0.0,0.0,0.0,20.34,0.62,0.0
20230810:0010,0.0,0.0,0.0,20.05,0.62,0.0
20230810:0110,0.0,0.0,0.0,19.81,0.55,0.0
20230810:0210,0.0,0.0,0.0,19.34,0.55,0.0
20230810:0310,0.0,0.0,0.0,18.88,0.55,0.0
20230810:0410,0.0,0.0,0.0,18.44,0.48,0.0
20230810:0510,54.01,83.15,7.86,18.19,0.34,0.0
20230810:0610,267.26,304.88,18.14,17.99,0.28,0.0
20230810:0710,479.86,528.83,28.55,19.97,0.41,0.0
20230810:0810,639.71,713.63,38.7,21.19,0.76,0.0
20230810:0910,768.7,879.93,47.99,22.26,0.83,0.0
20230810:1010,835.84,974.93,55.43,23.3,0.9,0.0
20230810:1110,846.89,996.19,59.41,24.23,0.9,0.0
20230810:1210,813.36,948.36,58.52,24.88,1.1,0.0
20230810:1310,730.26,837.5,53.11,25.48,1.31,0.0
20230810:1410,581.42,656.61,44.87,25.82,1.31,0.0
20230810:1510,247.54,283.97,35.2,25.56,0.9,0.0
20230810:1610,185.75,221.87,24.9,25.36,0.9,0.0
20230810:1710,69.79,94.04,14.5,24.96,0.69,0.0
20230810:1810,10.29,22.72,4.34,23.95,0.69,0.0
20230810:1910,0.0,0.0,0.0,23.68,0.62,0.0
20230810:2010,0.0,0.0,0.0,22.76,0.69,0.0
20230810:2110,0.0,0.0,0.0,21.86,0.76,0.0
20230810:2210,0.0,0.0,0.0,21.43,0.69,0.0
20230810:2310,0.0,0.0,0.0,21.23,0.69,0.0
20230811:0010,0.0,0.0,0.0,20.87,0.62,0.0
20230811:0110,0.0,0.0,0.0,20.3,0.69,0.0
20230811:0210,0.0,0.0,0.0,20.1,0.62,0.0
20230811:0310,0.0,0.0,0.0,19.82,0.48,0.0
20230811:0410,0.0,0.0,0.0,19.39,0.28,0.0
20230811:0510,43.42,66.83,7.67,18.49,0.28,0.0
20230811:0610,222.82,255.77,17.96,18.75,0.28,0.0
20230811:0710,292.07,322.42,28.37,19.95,0.76,0.0
20230811:0810,463.53,510.51,38.51,21.36,0.9,0.0
20230811:0910,519.68,579.45,47.77,22.39,0.83,0.0
20230811:1010,648.89,739.98,55.17,23.33,0.69,0.0
20230811:1110,806.56,952.31,59.12,24.48,0.55,0.0
20230811:1210,792.46,936.22,58.22,25.66,0.62,0.0
20230811:1310,715.79,831.48,52.84,26.39,0.83,0.0
20230811:1410,595.79,680.27,44.62,26.84,0.97,0.0
20230811:1510,419.48,481.39,34.96,26.93,0.69,0.0
20230811:1610,215.64,271.25,24.67,26.67,0.83,0.0
20230811:1710,45.79,84.81,14.26,26.13,0.69,0.0
20230811:1810,10.24,22.72,4.1,24.84,0.55,0.0
20230811:1910,0.0,0.0,0.0,24.5,0.48,0.0
20230811:2010,0.0,0.0,0.0,23.69,0.55,0.0
20230811:2110,0.0,0.0,0.0,23.02,0.62,0.0
20230811:2210,0.0,0.0,0.0,22.49,0.62,0.0
20230811:2310,0.0,0.0,0.0,22.33,0.48,0.0
20230812:0010,0.0,0.0,0.0,21.94,0.55,0.0
20230812:0110,0.0,0.0,0.0,21.6,0.48,0.0
20230812:0210,0.0,0.0,0.0,21.46,0.41,0.0
20230812:0310,0.0,0.0,0.0,21.19,0.34,0.0
20230812:0410,0.0,0.0,0.0,20.98,0.48,0.0
20230812:0510,28.12,44.5,7.49,20.75,0.48,0.0
20230812:0610,219.79,255.19,17.78,20.98,0.34,0.0
20230812:0710,443.63,492.67,28.19,21.89,0.41,0.0
20230812:0810,572.56,643.91,38.32,22.87,0.41,0.0
20230812:0910,688.44,789.29,47.56,23.83,0.62,0.0
20230812:1010,718.95,833.63,54.92,24.4,0.62,0.0
20230812:1110,762.03,891.66,58.83,24.89,0.69,0.0
20230812:1210,730.94,850.62,57.93,25.57,0.83,0.0
20230812:1310,662.03,762.36,52.56,26.21,0.9,0.0
20230812:1410,500.39,569.43,44.37,26.82,0.83,0.0
20230812:1510,405.98,464.46,34.72,26.98,0.97,0.0
20230812:1610,211.29,265.82,24.44,26.56,0.9,0.0
20230812:1710,60.23,93.46,14.03,26.25,0.69,0.0
20230812:1810,8.17,19.88,3.86,25.72,0.62,0.0
20230812:1910,0.0,0.0,0.0,23.59,0.62,0.0
20230812:2010,0.0,0.0,0.0,22.88,0.76,0.0
20230812:2110,0.0,0.0,0.0,22.28,0.83,0.0
20230812:2210,0.0,0.0,0.0,21.99,0.76,0.0
20230812:2310,0.0,0.0,0.0,21.6,0.76,0.0
20230813:0010,0.0,0.0,0.0,20.92,0.83,0.0
20230813:0110,0.0,0.0,0.0,20.51,0.97,0.0
20230813:0210,0.0,0.0,0.0,18.51,1.1,0.0
20230813:0310,0.0,0.0,0.0,18.56,1.1,0.0
20230813:0410,0.0,0.0,0.0,18.37,1.1,0.0
20230813:0510,27.71,43.55,7.3,18.17,1.1,0.0
20230813:0610,218.82,250.99,17.61,18.93,0.9,0.0
20230813:0710,436.56,480.69,28.01,21.19,0.83,0.0
20230813:0810,622.64,703.94,38.12,23.42,0.55,0.0
20230813:0910,736.49,865.21,47.34,25.01,0.21,0.0
20230813:1010,794.37,952.87,54.66,26.04,0.21,0.0
20230813:1110,812.33,968.23,58.54,27.0,0.76,0.0
20230813:1210,774.75,914.98,57.62,27.69,0.97,0.0
20230813:1310,698.43,817.07,52.28,27.31,0.62,0.0
20230813:1410,566.42,652.91,44.11,27.34,0.41,0.0
20230813:1510,397.32,451.62,34.47,25.54,0.9,0.0
20230813:1610,212.19,265.29,24.2,24.56,1.38,0.0
20230813:1710,46.59,82.48,13.79,24.39,1.1,0.0
20230813:1810,7.6,18.93,3.61,23.79,0.9,0.0
20230813:1910,0.0,0.0,0.0,24.67,0.69,0.0
20230813:2010,0.0,0.0,0.0,22.81,0.83,0.0
20230813:2110,0.0,0.0,0.0,21.42,1.1,0.0
20230813:2210,0.0,0.0,0.0,21.47,0.97,0.0
20230813:2310,0.0,0.0,0.0,20.78,1.17,0.0
20230814:0010,0.0,0.0,0.0,20.29,1.17,0.0
20230814:0110,0.0,0.0,0.0,20.08,1.17,0.0
20230814:0210,0.0,0.0,0.0,19.93,1.24,0.0
20230814:0310,0.0,0.0,0.0,19.77,1.17,0.0
20230814:0410,0.0,0.0,0.0,19.11,1.31,0.0
20230814:0510,2.3,10.41,7.11,18.72,1.38,0.0
20230814:0610,139.06,164.87,17.43,20.35,1.17,0.0
20230814:0710,260.93,291.51,27.83,21.91,1.17,0.0
20230814:0810,589.69,656.43,37.93,21.61,0.69,0.0
20230814:0910,748.91,844.42,47.12,21.79,1.24,0.0
20230814:1010,763.64,869.75,54.4,22.8,1.31,0.0
20230814:1110,777.44,902.28,58.24,24.27,0.97,0.0
20230814:1210,770.0,903.66,57.32,25.26,0.62,0.0
20230814:1310,691.94,806.48,51.99,26.28,0.48,0.0
20230814:1410,575.17,662.0,43.84,26.74,0.34,0.0
20230814:1510,404.52,465.36,34.22,26.7,0.41,0.0
20230814:1610,205.24,258.45,23.95,26.29,0.76,0.0
20230814:1710,64.41,93.33,13.54,25.96,0.83,0.0
20230814:1810,0.0,1.89,3.35,25.24,1.1,0.0
20230814:1910,0.0,0.0,0.0,23.88,1.38,0.0
20230814:2010,0.0,0.0,0.0,22.91,1.45,0.0
20230814:2110,0.0,0.0,0.0,22.14,1.31,0.0
20230814:2210,0.0,0.0,0.0,21.69,1.24,0.0
20230814:2310,0.0,0.0,0.0,21.11,1.38,0.0
20230815:0010,0.0,0.0,0.0,20.92,1.31,0.0
20230815:0110,0.0,0.0,0.0,20.77,1.24,0.0
20230815:0210,0.0,0.0,0.0,20.79,1.17,0.0
20230815:0310,0.0,0.0,0.0,20.45,1.17,0.0
20230815:0410,0.0,0.0,0.0,20.13,1.24,0.0
20230815:0510,25.02,40.71,6.93,19.97,1.17,0.0
20230815:0610,225.14,260.66,17.24,20.9,1.03,0.0
20230815:0710,409.87,458.84,27.65,22.96,0.14,0.0
20230815:0810,602.02,685.53,37.73,23.93,0.21,0.0
20230815:0910,726.7,851.27,46.89,24.87,0.21,0.0
20230815:1010,785.12,937.86,54.14,25.7,0.21,0.0
20230815:1110,791.49,946.41,57.94,26.15,0.34,0.0
20230815:1210,774.19,916.8,57.0,26.7,0.62,0.0
20230815:1310,697.37,808.04,51.7,26.19,0.76,0.0
20230815:1410,575.64,659.27,43.57,26.48,0.55,0.0
20230815:1510,406.84,465.2,33.96,26.77,1.03,0.0
20230815:1610,199.6,247.65,23.7,26.19,1.24,0.0
20230815:1710,46.33,79.82,13.29,25.77,0.9,0.0
20230815:1810,5.64,16.09,3.1,24.77,0.9,0.0
20230815:1910,0.0,0.0,0.0,25.98,0.48,0.0
20230815:2010,0.0,0.0,0.0,24.92,0.55,0.0
20230815:2110,0.0,0.0,0.0,24.51,0.55,0.0
20230815:2210,0.0,0.0,0.0,23.48,0.55,0.0
20230815:2310,0.0,0.0,0.0,23.4,0.28,0.0
20230816:0010,0.0,0.0,0.0,22.86,0.07,0.0
20230816:0110,0.0,0.0,0.0,21.09,0.76,0.0
20230816:0210,0.0,0.0,0.0,19.6,1.03,0.0
20230816:0310,0.0,0.0,0.0,19.42,1.03,0.0
20230816:0410,0.0,0.0,0.0,19.64,1.03,0.0
20230816:0510,1.76,9.47,6.74,19.72,1.03,0.0
20230816:0610,222.4,257.33,17.06,20.42,0.83,0.0
20230816:0710,438.03,488.74,27.46,22.82,0.41,0.0
20230816:0810,607.33,687.71,37.53,24.03,0.55,0.0
20230816:0910,736.63,854.81,46.67,25.09,0.69,0.0
20230816:1010,802.14,948.04,53.87,26.06,0.76,0.0
20230816:1110,806.04,955.2,57.63,26.82,0.9,0.0
20230816:1210,782.26,924.95,56.69,27.43,0.9,0.0
20230816:1310,698.67,809.63,51.4,27.19,1.03,0.0
20230816:1410,540.04,616.83,43.29,26.18,0.48,0.0
20230816:1510,329.15,376.83,33.7,26.47,0.69,0.0
20230816:1610,200.5,255.19,23.45,26.68,0.48,0.0
20230816:1710,45.09,65.09,13.04,25.24,0.21,0.0
20230816:1810,5.03,15.15,2.84,24.67,0.48,0.0
20230816:1910,0.0,0.0,0.0,23.7,0.76,0.0
20230816:2010,0.0,0.0,0.0,23.84,0.69,0.0
20230816:2110,0.0,0.0,0.0,23.76,0.62,0.0
20230816:2210,0.0,0.0,0.0,22.69,0.76,0.0
20230816:2310,0.0,0.0,0.0,20.36,1.45,0.0
20230817:0010,0.0,0.0,0.0,20.64,1.24,0.0
20230817:0110,0.0,0.0,0.0,21.36,0.76,0.0
20230817:0210,0.0,0.0,0.0,20.94,0.9,0.0
20230817:0310,0.0,0.0,0.0,20.58,0.97,0.0
20230817:0410,0.0,0.0,0.0,20.62,0.9,0.0
20230817:0510,0.79,7.57,6.55,19.53,0.97,0.0
20230817:0610,150.07,177.57,16.88,20.71,0.76,0.0
20230817:0710,384.69,426.79,27.28,21.82,0.41,0.0
20230817:0810,534.28,600.63,37.33,23.48,0.41,0.0
20230817:0910,684.32,791.39,46.44,24.97,0.48,0.0
20230817:1010,750.67,880.28,53.6,26.14,0.76,0.0
20230817:1110,812.08,967.0,57.32,27.17,0.83,0.0
20230817:1210,766.65,918.32,56.37,27.88,0.41,0.0
20230817:1310,686.89,802.28,51.09,28.65,0.97,0.0
20230817:1410,450.25,508.39,43.01,27.34,1.66,0.0
20230817:1510,299.4,344.07,33.44,26.43,0.41,0.0
20230817:1610,116.95,144.61,23.19,26.54,0.76,0.0
20230817:1710,56.1,78.7,12.78,26.18,0.76,0.0
20230817:1810,1.68,9.47,2.57,25.15,0.76,0.0
20230817:1910,0.0,0.0,0.0,23.75,0.83,0.0
20230817:2010,0.0,0.0,0.0,22.96,0.97,0.0
20230817:2110,0.0,0.0,0.0,22.27,1.03,0.0
20230817:2210,0.0,0.0,0.0,22.46,0.9,0.0
20230817:2310,0.0,0.0,0.0,22.54,0.55,0.0
20230818:0010,0.0,0.0,0.0,21.97,0.83,0.0
20230818:0110,0.0,0.0,0.0,21.25,0.9,0.0
20230818:0210,0.0,0.0,0.0,21.23,0.76,0.0
20230818:0310,0.0,0.0,0.0,20.86,0.69,0.0
20230818:0410,0.0,0.0,0.0,18.55,0.97,0.0
20230818:0510,22.97,37.87,6.36,17.18,1.1,0.0
20230818:0610,237.72,272.56,16.69,18.68,0.97,0.0
20230818:0710,460.61,505.54,27.09,20.35,0.83,0.0
20230818:0810,629.06,710.95,37.13,23.17,0.55,0.0
20230818:0910,731.87,859.62,46.21,25.1,0.21,0.0
20230818:1010,796.89,952.78,53.33,26.48,0.41,0.0
20230818:1110,823.96,984.54,57.01,27.66,0.9,0.0
20230818:1210,786.73,929.97,56.04,28.35,1.17,0.0
20230818:1310,700.16,816.53,50.79,28.79,1.17,0.0
20230818:1410,538.14,618.03,42.73,29.01,1.1,0.0
20230818:1510,378.7,437.66,33.17,29.07,1.17,0.0
20230818:1610,194.52,252.75,22.93,28.83,0.34,0.0
20230818:1710,39.85,71.78,12.51,28.01,0.34,0.0
20230818:1810,2.66,11.36,2.3,27.6,0.07,0.0
20230818:1910,0.0,0.0,0.0,26.99,0.48,0.0
20230818:2010,0.0,0.0,0.0,25.33,0.76,0.0
20230818:2110,0.0,0.0,0.0,24.25,0.76,0.0
20230818:2210,0.0,0.0,0.0,23.59,0.76,0.0
20230818:2310,0.0,0.0,0.0,23.1,0.76,0.0
20230819:0010,0.0,0.0,0.0,22.44,0.83,0.0
20230819:0110,0.0,0.0,0.0,21.7,0.97,0.0
20230819:0210,0.0,0.0,0.0,21.28,1.03,0.0
20230819:0310,0.0,0.0,0.0,21.03,1.03,0.0
20230819:0410,0.0,0.0,0.0,20.54,1.1,0.0
20230819:0510,21.0,35.97,6.16,20.33,1.03,0.0
20230819:0610,227.71,264.0,16.51,20.38,0.76,0.0
20230819:0710,451.5,499.85,26.9,22.01,0.76,0.0
20230819:0810,616.59,701.05,36.92,24.35,0.48,0.0
20230819:0910,731.68,858.69,45.97,26.3,0.48,0.0
20230819:1010,790.79,946.43,53.05,27.58,0.55,0.0
20230819:1110,811.96,971.96,56.69,28.7,0.97,0.0
20230819:1210,775.84,922.77,55.72,29.5,1.1,0.0
20230819:1310,695.57,819.8,50.48,30.11,0.97,0.0
20230819:1410,569.51,661.39,42.44,30.27,0.9,0.0
20230819:1510,395.95,462.27,32.89,30.4,0.97,0.0
20230819:1610,193.17,254.81,22.66,29.97,0.69,0.0
20230819:1710,36.79,67.96,12.24,29.65,0.21,0.0
20230819:1810,0.71,7.57,2.02,28.66,0.55,0.0
20230819:1910,0.0,0.0,0.0,27.91,0.55,0.0
20230819:2010,0.0,0.0,0.0,26.84,0.62,0.0
20230819:2110,0.0,0.0,0.0,25.64,0.76,0.0
20230819:2210,0.0,0.0,0.0,24.92,0.76,0.0
20230819:2310,0.0,0.0,0.0,24.6,0.69,0.0
20230820:0010,0.0,0.0,0.0,23.99,0.69,0.0
20230820:0110,0.0,0.0,0.0,23.28,0.76,0.0
20230820:0210,0.0,0.0,0.0,22.81,0.76,0.0
20230820:0310,0.0,0.0,0.0,22.3,0.83,0.0
20230820:0410,0.0,0.0,0.0,21.1,0.9,0.0
20230820:0510,20.29,35.03,5.97,19.72,0.97,0.0
20230820:0610,207.97,242.88,16.32,21.25,0.76,0.0
20230820:0710,426.82,481.96,26.71,24.35,0.07,0.0
20230820:0810,597.15,683.37,36.72,25.78,0.41,0.0
20230820:0910,710.44,834.45,45.74,26.8,0.41,0.0
20230820:1010,776.66,931.84,52.77,27.83,0.41,0.0
20230820:1110,795.89,963.26,56.37,28.82,0.48,0.0
20230820:1210,764.95,919.35,55.38,29.58,0.62,0.0
20230820:1310,684.32,811.64,50.16,30.23,0.62,0.0
20230820:1410,564.56,660.71,42.14,30.72,0.55,0.0
20230820:1510,392.59,460.11,32.61,30.78,0.83,0.0
20230820:1610,184.52,240.76,22.39,30.51,1.17,0.0
20230820:1710,35.73,65.66,11.97,30.05,1.24,0.0
20230820:1810,0.0,5.68,1.75,28.44,1.03,0.0
20230820:1910,0.0,0.0,0.0,26.98,0.97,0.0
20230820:2010,0.0,0.0,0.0,26.21,0.83,0.0
20230820:2110,0.0,0.0,0.0,25.66,0.76,0.0
20230820:2210,0.0,0.0,0.0,24.84,0.9,0.0
20230820:2310,0.0,0.0,0.0,24.74,0.76,0.0
20230821:0010,0.0,0.0,0.0,24.49,0.76,0.0
20230821:0110,0.0,0.0,0.0,23.96,0.83,0.0
20230821:0210,0.0,0.0,0.0,23.39,0.9,0.0
20230821:0310,0.0,0.0,0.0,22.93,0.9,0.0
20230821:0410,0.0,0.0,0.0,22.38,0.97,0.0
20230821:0510,14.8,28.4,5.78,21.29,1.1,0.0
20230821:0610,199.49,235.17,16.13,22.84,0.83,0.0
20230821:0710,419.06,471.79,26.51,25.23,0.62,0.0
20230821:0810,589.18,675.66,36.51,26.6,0.48,0.0
20230821:0910,698.44,824.45,45.5,27.74,0.34,0.0
20230821:1010,764.72,922.11,52.49,28.73,0.34,0.0
20230821:1110,783.25,953.99,56.05,29.6,0.34,0.0
20230821:1210,749.26,910.46,55.05,30.27,0.28,0.0
20230821:1310,670.1,802.15,49.84,30.48,0.21,0.0
20230821:1410,549.21,645.74,41.84,30.7,0.21,0.0
20230821:1510,377.51,446.28,32.33,30.93,0.14,0.0
20230821:1610,180.52,238.97,22.11,30.76,0.14,0.0
20230821:1710,38.68,66.92,11.69,30.28,0.28,0.0
20230821:1810,0.0,3.79,1.46,29.18,0.48,0.0
20230821:1910,0.0,0.0,0.0,29.06,0.41,0.0
20230821:2010,0.0,0.0,0.0,28.44,0.48,0.0
20230821:2110,0.0,0.0,0.0,27.52,0.55,0.0
20230821:2210,0.0,0.0,0.0,26.74,0.55,0.0
20230821:2310,0.0,0.0,0.0,26.14,0.69,0.0
20230822:0010,0.0,0.0,0.0,25.51,0.76,0.0
20230822:0110,0.0,0.0,0.0,24.65,0.83,0.0
20230822:0210,0.0,0.0,0.0,24.18,0.9,0.0
20230822:0310,0.0,0.0,0.0,23.76,0.97,0.0
20230822:0410,0.0,0.0,0.0,22.43,1.03,0.0
20230822:0510,17.83,32.19,5.58,21.09,1.1,0.0
20230822:0610,221.63,259.82,15.94,22.26,0.97,0.0
20230822:0710,444.06,496.73,26.32,24.27,0.83,0.0
20230822:0810,603.06,689.78,36.3,26.78,0.76,0.0
20230822:0910,712.67,842.25,45.26,28.45,0.55,0.0
20230822:1010,766.32,934.71,52.2,29.49,0.14,0.0
20230822:1110,781.01,959.35,55.72,30.34,0.21,0.0
20230822:1210,745.85,915.29,54.71,30.93,0.07,0.0
20230822:1310,668.54,806.32,49.51,31.5,0.14,0.0
20230822:1410,549.06,647.12,41.54,31.63,0.34,0.0
20230822:1510,376.41,444.36,32.04,31.68,0.62,0.0
20230822:1610,178.13,236.6,21.83,31.35,1.17,0.0
20230822:1710,35.15,62.19,11.41,29.54,1.03,0.0
20230822:1810,0.0,0.0,0.0,28.54,1.31,0.0
20230822:1910,0.0,0.0,0.0,29.5,0.21,0.0
20230822:2010,0.0,0.0,0.0,28.55,0.48,0.0
20230822:2110,0.0,0.0,0.0,27.09,0.69,0.0
20230822:2210,0.0,0.0,0.0,26.73,0.62,0.0
20230822:2310,0.0,0.0,0.0,25.83,0.76,0.0
20230823:0010,0.0,0.0,0.0,24.88,0.9,0.0
20230823:0110,0.0,0.0,0.0,24.31,0.97,0.0
20230823:0210,0.0,0.0,0.0,23.57,1.03,0.0
20230823:0310,0.0,0.0,0.0,23.01,1.1,0.0
20230823:0410,0.0,0.0,0.0,20.86,1.1,0.0
20230823:0510,16.33,30.29,5.39,20.86,1.1,0.0
20230823:0610,212.86,249.37,15.75,21.91,1.03,0.0
20230823:0710,435.21,490.06,26.13,24.98,0.55,0.0
20230823:0810,595.87,686.36,36.08,27.02,0.41,0.0
20230823:0910,707.85,837.68,45.01,28.52,0.48,0.0
20230823:1010,760.51,924.3,51.92,29.81,0.28,0.0
20230823:1110,767.08,949.3,55.4,30.85,0.0,0.0
20230823:1210,745.67,911.12,54.37,31.65,0.34,0.0
20230823:1310,675.88,802.35,49.19,32.19,1.03,0.0
20230823:1410,546.11,640.25,41.23,32.02,0.76,0.0
20230823:1510,372.81,438.39,31.75,31.67,1.03,0.0
20230823:1610,175.3,231.86,21.55,30.92,0.97,0.0
20230823:1710,38.21,63.96,11.13,29.99,1.03,0.0
20230823:1810,0.0,0.0,0.0,28.61,1.17,0.0
20230823:1910,0.0,0.0,0.0,28.68,0.76,0.0
20230823:2010,0.0,0.0,0.0,27.42,0.9,0.0
20230823:2110,0.0,0.0,0.0,25.81,0.97,0.0
20230823:2210,0.0,0.0,0.0,25.04,0.97,0.0
20230823:2310,0.0,0.0,0.0,24.67,0.9,0.0
20230824:0010,0.0,0.0,0.0,24.28,0.9,0.0
20230824:0110,0.0,0.0,0.0,23.61,0.97,0.0
20230824:0210,0.0,0.0,0.0,23.37,0.97,0.0
20230824:0310,0.0,0.0,0.0,22.51,1.17,0.0
20230824:0410,0.0,0.0,0.0,22.09,1.24,0.0
20230824:0510,14.74,28.4,5.19,22.0,1.17,0.0
20230824:0610,196.55,232.39,15.56,22.91,0.83,0.0
20230824:0710,413.47,469.08,25.93,26.08,0.34,0.0
20230824:0810,577.17,669.93,35.87,27.79,0.14,0.0
20230824:0910,699.81,830.16,44.77,28.87,0.41,0.0
20230824:1010,763.59,915.71,51.62,29.78,0.76,0.0
20230824:1110,787.77,946.68,55.06,30.73,1.1,0.0
20230824:1210,748.43,902.14,54.02,30.91,0.69,0.0
20230824:1310,666.01,788.99,48.85,31.03,0.76,0.0
20230824:1410,66.04,90.27,40.92,30.94,1.24,0.0
20230824:1510,59.27,82.5,31.45,30.4,0.69,0.0
20230824:1610,151.12,191.06,21.26,30.46,0.28,0.0
20230824:1710,46.71,69.89,10.84,29.04,0.83,0.0
20230824:1810,0.0,0.0,0.0,27.25,1.17,0.0
20230824:1910,0.0,0.0,0.0,26.57,1.17,0.0
20230824:2010,0.0,0.0,0.0,25.76,1.03,0.0
20230824:2110,0.0,0.0,0.0,25.25,1.03,0.0
20230824:2210,0.0,0.0,0.0,24.53,1.17,0.0
20230824:2310,0.0,0.0,0.0,23.94,1.24,0.0
20230825:0010,0.0,0.0,0.0,23.49,1.31,0.0
20230825:0110,0.0,0.0,0.0,23.11,1.31,0.0
20230825:0210,0.0,0.0,0.0,22.66,1.31,0.0
20230825:0310,0.0,0.0,0.0,22.28,1.38,0.0
20230825:0410,0.0,0.0,0.0,22.02,1.31,0.0
20230825:0510,13.29,26.51,4.99,21.81,1.24,0.0
20230825:0610,197.52,233.77,15.37,23.19,1.03,0.0
20230825:0710,426.76,473.01,25.73,23.5,1.31,0.0
20230825:0810,584.89,660.84,35.65,25.27,0.9,0.0
20230825:0910,698.16,821.23,44.52,27.15,0.34,0.0
20230825:1010,759.76,911.76,51.33,28.44,0.41,0.0
20230825:1110,777.85,942.85,54.73,29.0,0.34,0.0
20230825:1210,749.34,898.26,53.67,29.65,0.62,0.0
20230825:1310,665.55,790.0,48.52,29.75,0.34,0.0
20230825:1410,542.15,628.52,40.6,29.57,0.62,0.0
20230825:1510,366.13,425.83,31.15,29.04,0.9,0.0
20230825:1610,170.9,225.39,20.97,28.54,1.03,0.0
20230825:1710,30.73,53.82,10.55,27.72,1.31,0.0
20230825:1810,0.0,0.0,0.0,25.4,1.45,0.0
20230825:1910,0.0,0.0,0.0,24.83,1.79,0.0
20230825:2010,0.0,0.0,0.0,23.7,1.31,0.0
20230825:2110,0.0,0.0,0.0,22.99,1.45,0.0
20230825:2210,0.0,0.0,0.0,21.95,1.52,0.0
20230825:2310,0.0,0.0,0.0,21.83,1.66,0.0
20230826:0010,0.0,0.0,0.0,21.49,1.66,0.0
20230826:0110,0.0,0.0,0.0,20.9,1.45,0.0
20230826:0210,0.0,0.0,0.0,20.37,1.24,0.0
20230826:0310,0.0,0.0,0.0,20.13,1.38,0.0
20230826:0410,0.0,0.0,0.0,19.91,1.31,0.0
20230826:0510,11.97,24.61,4.79,19.91,1.24,0.0
20230826:0610,20.89,35.91,15.17,20.93,1.03,0.0
20230826:0710,123.32,147.06,25.53,21.24,1.52,0.0
20230826:0810,360.59,396.19,35.44,21.59,1.38,0.0
20230826:0910,291.24,326.36,44.27,22.85,1.03,0.0
20230826:1010,491.48,553.41,51.04,23.44,0.48,0.0
20230826:1110,106.24,131.03,54.39,24.15,0.97,0.0
20230826:1210,289.18,327.28,53.32,24.26,0.9,0.0
20230826:1310,58.79,79.59,48.18,23.29,0.41,0.0
20230826:1410,36.41,54.35,40.28,22.22,0.07,0.0
20230826:1510,41.7,60.18,30.85,21.73,0.83,0.0
20230826:1610,22.52,37.85,20.67,20.8,1.59,0.0
20230826:1710,43.81,62.67,10.25,20.13,1.52,0.0
20230826:1810,0.0,0.0,0.0,19.53,1.31,0.0
20230826:1910,0.0,0.0,0.0,19.06,1.38,0.0
20230826:2010,0.0,0.0,0.0,18.44,1.66,0.0
20230826:2110,0.0,0.0,0.0,18.38,1.38,0.0
20230826:2210,0.0,0.0,0.0,18.52,1.1,0.0
20230826:2310,0.0,0.0,0.0,18.4,0.9,0.0
20230827:0010,0.0,0.0,0.0,18.4,1.31,0.0
20230827:0110,0.0,0.0,0.0,18.11,1.17,0.0
20230827:0210,0.0,0.0,0.0,18.05,1.1,0.0
20230827:0310,0.0,0.0,0.0,17.97,0.97,0.0
20230827:0410,0.0,0.0,0.0,17.85,0.83,0.0
20230827:0510,0.81,7.57,4.6,17.78,0.62,0.0
20230827:0610,39.84,57.27,14.98,18.09,0.55,0.0
20230827:0710,25.14,40.77,25.33,19.28,0.34,0.0
20230827:0810,47.33,66.0,35.22,19.9,0.34,0.0
20230827:0910,59.95,79.59,44.01,19.62,0.9,0.0
20230827:1010,84.63,105.8,50.74,19.58,1.1,0.0
20230827:1110,275.98,305.01,54.05,19.31,1.31,0.0
20230827:1210,146.67,169.86,52.96,18.76,1.17,0.0
20230827:1310,44.96,63.09,47.83,19.1,1.66,0.0
20230827:1410,36.27,53.38,39.96,18.78,1.45,0.0
20230827:1510,57.43,76.68,30.54,19.15,1.38,0.0
20230827:1610,108.32,131.32,20.37,19.12,1.17,0.0
20230827:1710,29.98,46.47,9.96,19.54,0.76,0.0
20230827:1810,0.0,0.0,0.0,19.24,0.48,0.0
20230827:1910,0.0,0.0,0.0,18.29,2.21,0.0
20230827:2010,0.0,0.0,0.0,17.97,2.48,0.0
20230827:2110,0.0,0.0,0.0,17.49,2.28,0.0
20230827:2210,0.0,0.0,0.0,16.92,2.14,0.0
20230827:2310,0.0,0.0,0.0,16.48,2.28,0.0
20230828:0010,0.0,0.0,0.0,16.16,2.41,0.0
20230828:0110,0.0,0.0,0.0,15.79,2.62,0.0
20230828:0210,0.0,0.0,0.0,15.41,2.48,0.0
20230828:0310,0.0,0.0,0.0,15.01,2.14,0.0
20230828:0410,0.0,0.0,0.0,14.77,2.55,0.0
20230828:0510,12.36,24.61,4.4,14.48,2.97,0.0
20230828:0610,71.3,89.81,14.79,14.24,2.9,0.0
20230828:0710,19.14,33.0,25.13,14.89,2.21,0.0
20230828:0810,30.86,46.59,35.0,15.24,2.34,0.0
20230828:0910,78.24,97.06,43.76,15.14,2.34,0.0
20230828:1010,49.55,66.97,50.43,15.15,2.83,0.0
20230828:1110,72.68,91.24,53.71,15.05,2.76,0.0
20230828:1210,541.3,572.38,52.6,15.25,2.83,0.0
20230828:1310,114.16,133.95,47.49,15.51,2.62,0.0
20230828:1410,87.65,106.77,39.63,15.26,2.62,0.0
20230828:1510,50.57,67.94,30.23,14.69,2.62,0.0
20230828:1610,40.68,57.27,20.07,14.49,2.55,0.0
20230828:1710,20.02,33.97,9.65,14.3,2.76,0.0
20230828:1810,0.0,0.0,0.0,13.88,2.69,0.0
20230828:1910,0.0,0.0,0.0,13.96,2.76,0.0
20230828:2010,0.0,0.0,0.0,13.38,2.83,0.0
20230828:2110,0.0,0.0,0.0,13.16,2.76,0.0
20230828:2210,0.0,0.0,0.0,13.2,2.69,0.0
20230828:2310,0.0,0.0,0.0,13.09,2.62,0.0
20230829:0010,0.0,0.0,0.0,13.24,2.62,0.0
20230829:0110,0.0,0.0,0.0,13.31,2.55,0.0
20230829:0210,0.0,0.0,0.0,13.46,2.48,0.0
20230829:0310,0.0,0.0,0.0,13.41,2.41,0.0
20230829:0410,0.0,0.0,0.0,13.33,2.41,0.0
20230829:0510,0.86,7.57,4.2,13.28,2.34,0.0
20230829:0610,139.6,161.17,14.59,13.48,2.34,0.0
20230829:0710,362.04,382.2,24.93,14.39,2.48,0.0
20230829:0810,658.13,695.11,34.77,15.55,2.76,0.0
20230829:0910,774.44,829.97,43.5,16.84,3.1,0.0
20230829:1010,864.88,941.03,50.13,18.1,3.31,0.0
20230829:1110,734.93,797.39,53.36,19.32,3.31,0.0
20230829:1210,717.89,780.85,52.24,20.12,3.24,0.0
20230829:1310,682.05,739.82,47.14,20.51,3.17,0.0
20230829:1410,491.73,530.53,39.3,20.59,3.17,0.0
20230829:1510,396.4,436.81,29.92,20.41,2.97,0.0
20230829:1610,167.4,208.28,19.76,19.67,2.48,0.0
20230829:1710,30.34,46.92,9.35,18.77,2.55,0.0
20230829:1810,0.0,0.0,0.0,17.71,2.34,0.0
20230829:1910,0.0,0.0,0.0,16.72,2.34,0.0
20230829:2010,0.0,0.0,0.0,15.98,2.34,0.0
20230829:2110,0.0,0.0,0.0,15.21,2.21,0.0
20230829:2210,0.0,0.0,0.0,14.45,2.07,0.0
20230829:2310,0.0,0.0,0.0,13.88,2.0,0.0
20230830:0010,0.0,0.0,0.0,13.36,1.86,0.0
20230830:0110,0.0,0.0,0.0,12.94,1.86,0.0
20230830:0210,0.0,0.0,0.0,12.74,1.86,0.0
20230830:0310,0.0,0.0,0.0,12.47,1.93,0.0
20230830:0410,0.0,0.0,0.0,12.11,1.93,0.0
20230830:0510,10.32,21.77,4.0,11.79,1.93,0.0
20230830:0610,242.93,272.35,14.39,13.0,1.79,0.0
20230830:0710,480.21,509.96,24.72,15.34,1.79,0.0
20230830:0810,665.37,716.41,34.55,16.86,1.72,0.0
20230830:0910,770.96,852.67,43.24,18.37,1.45,0.0
20230830:1010,809.6,918.86,49.82,19.64,0.97,0.0
20230830:1110,805.95,935.59,53.01,20.63,0.34,0.0
20230830:1210,769.29,890.04,51.88,21.13,0.28,0.0
20230830:1310,684.72,771.13,46.78,21.27,0.76,0.0
20230830:1410,535.52,592.37,38.97,21.35,0.97,0.0
20230830:1510,345.74,387.15,29.6,21.22,1.03,0.0
20230830:1610,163.68,210.22,19.45,21.03,1.24,0.0
20230830:1710,36.49,53.96,9.04,20.27,1.1,0.0
20230830:1810,0.0,0.0,0.0,18.78,1.1,0.0
20230830:1910,0.0,0.0,0.0,18.75,0.69,0.0
20230830:2010,0.0,0.0,0.0,18.37,0.41,0.0
20230830:2110,0.0,0.0,0.0,17.77,0.21,0.0
20230830:2210,0.0,0.0,0.0,17.33,0.07,0.0
20230830:2310,0.0,0.0,0.0,16.93,0.28,0.0
20230831:0010,0.0,0.0,0.0,16.56,0.55,0.0
20230831:0110,0.0,0.0,0.0,16.17,0.9,0.0
20230831:0210,0.0,0.0,0.0,15.18,1.03,0.0
20230831:0310,0.0,0.0,0.0,14.28,1.17,0.0
20230831:0410,0.0,0.0,0.0,13.49,1.31,0.0
20230831:0510,1.35,8.52,3.79,12.88,1.38,0.0
20230831:0610,201.8,228.23,14.19,13.06,1.31,0.0
20230831:0710,412.29,441.21,24.52,15.49,0.97,0.0
20230831:0810,625.62,685.6,34.32,17.49,0.55,0.0
20230831:0910,721.57,820.7,42.98,19.14,0.07,0.0
20230831:1010,779.4,887.66,49.52,19.95,0.69,0.0
20230831:1110,775.83,877.79,52.66,20.36,1.1,0.0
20230831:1210,654.6,728.74,51.51,20.72,1.24,0.0
20230831:1310,478.87,527.56,46.43,20.8,1.03,0.0
20230831:1410,236.72,265.59,38.63,20.61,0.97,0.0
20230831:1510,225.98,254.75,29.28,20.36,1.03,0.0
20230831:1610,95.11,117.75,19.14,19.95,0.83,0.0
20230831:1710,34.93,52.07,8.73,19.51,0.62,0.0
20230831:1810,0.0,0.0,0.0,18.73,0.48,0.0
20230831:1910,0.0,0.0,0.0,17.87,0.76,0.0
20230831:2010,0.0,0.0,0.0,17.66,0.83,0.0
20230831:2110,0.0,0.0,0.0,17.67,0.76,0.0
20230831:2210,0.0,0.0,0.0,17.35,0.83,0.0
20230831:2310,0.0,0.0,0.0,17.32,0.76,0.0
20230901:0010,0.0,0.0,0.0,17.45,0.55,0.0
20230901:0110,0.0,0.0,0.0,17.27,0.34,0.0
20230901:0210,0.0,0.0,0.0,17.13,0.21,0.0
20230901:0310,0.0,0.0,0.0,17.03,0.34,0.0
20230901:0410,0.0,0.0,0.0,16.89,0.48,0.0
20230901:0510,4.06,13.25,3.59,16.82,0.48,0.0
20230901:0610,85.06,106.09,13.99,16.94,0.34,0.0
20230901:0710,253.18,278.84,24.31,17.23,0.21,0.0
20230901:0810,371.43,405.49,34.09,18.07,0.14,0.0
20230901:0910,615.7,686.63,42.71,19.02,0.21,0.0
20230901:1010,627.42,703.01,49.2,19.85,0.41,0.0
20230901:1110,601.12,669.99,52.3,20.14,0.69,0.0
20230901:1210,676.24,760.59,51.14,20.92,0.83,0.0
20230901:1310,556.43,615.98,46.07,21.15,1.03,0.0
20230901:1410,395.94,436.4,38.29,21.46,1.17,0.0
20230901:1510,332.11,372.48,28.95,21.2,1.03,0.0
20230901:1610,155.15,203.54,18.82,20.73,0.83,0.0
20230901:1710,33.94,51.12,8.41,20.34,0.55,0.0
20230901:1810,0.0,0.0,0.0,19.37,0.62,0.0
20230901:1910,0.0,0.0,0.0,18.18,0.97,0.0
20230901:2010,0.0,0.0,0.0,17.78,0.97,0.0
20230901:2110,0.0,0.0,0.0,17.6,0.97,0.0
20230901:2210,0.0,0.0,0.0,17.8,0.9,0.0
20230901:2310,0.0,0.0,0.0,17.88,0.83,0.0
20230902:0010,0.0,0.0,0.0,17.82,0.83,0.0
20230902:0110,0.0,0.0,0.0,17.26,0.9,0.0
20230902:0210,0.0,0.0,0.0,16.88,0.97,0.0
20230902:0310,0.0,0.0,0.0,16.41,1.03,0.0
20230902:0410,0.0,0.0,0.0,16.05,1.1,0.0
20230902:0510,6.63,17.04,3.39,15.78,1.1,0.0
20230902:0610,213.2,244.75,13.79,16.0,1.03,0.0
20230902:0710,440.55,480.85,24.1,18.72,0.62,0.0
20230902:0810,610.84,676.75,33.86,19.89,0.55,0.0
20230902:0910,713.41,811.0,42.45,20.93,0.41,0.0
20230902:1010,744.16,851.38,48.89,21.79,0.69,0.0
20230902:1110,666.17,752.49,51.95,22.22,0.97,0.0
20230902:1210,679.49,766.86,50.77,22.66,1.17,0.0
20230902:1310,635.21,712.89,45.71,22.86,1.1,0.0
20230902:1410,520.55,581.86,37.95,22.86,0.69,0.0
20230902:1510,338.16,385.35,28.63,23.06,0.41,0.0
20230902:1610,150.02,201.43,18.5,22.94,0.41,0.0
20230902:1710,31.93,49.23,8.1,22.42,0.48,0.0
20230902:1810,0.0,0.0,0.0,21.39,0.62,0.0
20230902:1910,0.0,0.0,0.0,21.25,0.55,0.0
20230902:2010,0.0,0.0,0.0,20.64,0.69,0.0
20230902:2110,0.0,0.0,0.0,19.97,0.76,0.0
20230902:2210,0.0,0.0,0.0,19.09,0.83,0.0
20230902:2310,0.0,0.0,0.0,18.69,0.83,0.0
20230903:0010,0.0,0.0,0.0,18.74,0.76,0.0
20230903:0110,0.0,0.0,0.0,17.38,0.83,0.0
20230903:0210,0.0,0.0,0.0,15.22,1.1,0.0
20230903:0310,0.0,0.0,0.0,15.32,1.24,0.0
20230903:0410,0.0,0.0,0.0,15.25,1.24,0.0
20230903:0510,4.11,13.25,3.19,14.96,1.31,0.0
20230903:0610,172.78,199.79,13.59,15.6,1.17,0.0
20230903:0710,310.33,336.34,23.89,17.15,1.1,0.0
20230903:0810,510.17,557.81,33.63,19.51,0.76,0.0
20230903:0910,672.51,760.01,42.18,21.72,0.62,0.0
20230903:1010,727.6,834.41,48.57,23.46,0.9,0.0
20230903:1110,728.86,837.24,51.59,24.56,1.17,0.0
20230903:1210,677.3,773.2,50.39,25.27,1.31,0.0
20230903:1310,662.94,756.07,45.34,25.61,1.17,0.0
20230903:1410,536.89,604.77,37.61,25.67,1.24,0.0
20230903:1510,310.48,355.44,28.3,25.39,1.24,0.0
20230903:1610,143.47,188.34,18.18,25.05,0.97,0.0
20230903:1710,31.65,49.23,7.78,24.13,0.55,0.0
20230903:1810,0.0,0.0,0.0,23.5,0.48,0.0
20230903:1910,0.0,0.0,0.0,23.08,0.48,0.0
20230903:2010,0.0,0.0,0.0,22.05,0.62,0.0
20230903:2110,0.0,0.0,0.0,20.93,0.83,0.0
20230903:2210,0.0,0.0,0.0,20.48,0.83,0.0
20230903:2310,0.0,0.0,0.0,20.11,0.83,0.0
20230904:0010,0.0,0.0,0.0,19.64,0.9,0.0
20230904:0110,0.0,0.0,0.0,19.47,0.9,0.0
20230904:0210,0.0,0.0,0.0,19.32,0.9,0.0
20230904:0310,0.0,0.0,0.0,19.1,0.83,0.0
20230904:0410,0.0,0.0,0.0,18.8,0.83,0.0
20230904:0510,3.46,12.31,2.98,16.89,0.97,0.0
20230904:0610,188.16,219.77,13.39,17.99,0.76,0.0
20230904:0710,334.19,369.79,23.68,20.77,0.34,0.0
20230904:0810,587.69,651.98,33.4,22.19,1.03,0.0
20230904:0910,708.49,801.05,41.91,22.87,1.1,0.0
20230904:1010,721.88,822.15,48.25,23.51,1.17,0.0
20230904:1110,641.9,724.93,51.23,23.89,1.31,0.0
20230904:1210,544.31,607.39,50.02,23.74,1.52,0.0
20230904:1310,398.48,443.0,44.97,23.73,1.52,0.0
20230904:1410,433.45,481.22,37.26,23.46,1.31,0.0
20230904:1510,326.87,371.68,27.96,23.22,0.97,0.0
20230904:1610,140.13,189.76,17.86,22.78,0.48,0.0
20230904:1710,29.47,46.39,7.45,22.46,0.21,0.0
20230904:1810,0.0,0.0,0.0,21.88,0.34,0.0
20230904:1910,0.0,0.0,0.0,21.55,0.48,0.0
20230904:2010,0.0,0.0,0.0,21.01,0.62,0.0
20230904:2110,0.0,0.0,0.0,20.84,0.55,0.0
20230904:2210,0.0,0.0,0.0,20.46,0.62,0.0
20230904:2310,0.0,0.0,0.0,19.48,0.97,0.0
20230905:0010,0.0,0.0,0.0,19.16,1.24,0.0
20230905:0110,0.0,0.0,0.0,19.24,1.31,0.0
20230905:0210,0.0,0.0,0.0,18.81,1.17,0.0
20230905:0310,0.0,0.0,0.0,18.47,0.97,0.0
20230905:0410,0.0,0.0,0.0,18.22,0.76,0.0
20230905:0510,0.0,2.84,2.78,17.96,0.69,0.0
20230905:0610,33.8,50.47,13.19,17.94,0.55,0.0
20230905:0710,96.78,118.02,23.47,18.35,0.69,0.0
20230905:0810,107.47,129.09,33.16,18.31,0.9,0.0
20230905:0910,104.67,126.18,41.63,18.53,1.31,0.0
20230905:1010,192.21,216.45,47.93,18.46,1.52,0.0
20230905:1110,152.73,175.68,50.86,18.42,1.52,0.0
20230905:1210,137.45,160.15,49.64,18.69,1.45,0.0
20230905:1310,239.38,266.32,44.61,19.18,1.31,0.0
20230905:1410,178.11,203.11,36.91,19.48,1.03,0.0
20230905:1510,129.99,153.31,27.63,19.48,0.76,0.0
20230905:1610,126.55,156.98,17.53,19.32,0.62,0.0
20230905:1710,28.4,44.5,7.13,18.94,0.55,0.0
20230905:1810,0.0,0.0,0.0,18.35,0.48,0.0
20230905:1910,0.0,0.0,0.0,18.16,0.21,0.0
20230905:2010,0.0,0.0,0.0,17.16,0.76,0.0
20230905:2110,0.0,0.0,0.0,16.21,1.1,0.0
20230905:2210,0.0,0.0,0.0,15.8,1.24,0.0
20230905:2310,0.0,0.0,0.0,15.51,1.24,0.0
20230906:0010,0.0,0.0,0.0,15.32,1.24,0.0
20230906:0110,0.0,0.0,0.0,15.14,1.24,0.0
20230906:0210,0.0,0.0,0.0,14.95,1.24,0.0
20230906:0310,0.0,0.0,0.0,14.73,1.24,0.0
20230906:0410,0.0,0.0,0.0,14.59,1.24,0.0
20230906:0510,2.94,11.36,2.57,14.28,1.24,0.0
20230906:0610,230.57,263.07,12.98,14.63,1.17,0.0
20230906:0710,448.77,488.03,23.25,17.84,0.62,0.0
20230906:0810,620.22,690.74,32.92,19.12,0.14,0.0
20230906:0910,739.02,836.14,41.36,20.02,0.55,0.0
20230906:1010,801.11,914.9,47.61,20.86,0.9,0.0
20230906:1110,820.78,942.79,50.5,21.46,0.97,0.0
20230906:1210,767.39,879.43,49.26,21.96,0.76,0.0
20230906:1310,680.69,774.38,44.23,22.4,0.48,0.0
20230906:1410,536.39,603.64,36.55,22.69,0.28,0.0
20230906:1510,348.47,400.39,27.29,22.83,0.14,0.0
20230906:1610,135.1,187.66,17.2,22.8,0.21,0.0
20230906:1710,25.49,41.66,6.8,22.25,0.28,0.0
20230906:1810,0.0,0.0,0.0,21.94,0.34,0.0
20230906:1910,0.0,0.0,0.0,21.4,0.07,0.0
20230906:2010,0.0,0.0,0.0,21.0,0.14,0.0
20230906:2110,0.0,0.0,0.0,20.62,0.21,0.0
20230906:2210,0.0,0.0,0.0,20.31,0.34,0.0
20230906:2310,0.0,0.0,0.0,19.74,0.62,0.0
20230907:0010,0.0,0.0,0.0,17.11,1.03,0.0
20230907:0110,0.0,0.0,0.0,14.95,1.1,0.0
20230907:0210,0.0,0.0,0.0,15.29,1.31,0.0
20230907:0310,0.0,0.0,0.0,15.27,1.38,0.0
20230907:0410,0.0,0.0,0.0,15.06,1.45,0.0
20230907:0510,1.83,9.47,2.37,15.02,1.52,0.0
20230907:0610,219.47,251.37,12.78,15.21,1.52,0.0
20230907:0710,446.44,479.35,23.04,16.61,1.24,0.0
20230907:0810,622.53,684.54,32.68,18.94,0.76,0.0
20230907:0910,727.55,833.66,41.08,21.05,0.21,0.0
20230907:1010,797.9,919.99,47.29,22.03,0.76,0.0
20230907:1110,798.96,921.1,50.13,22.71,0.97,0.0
20230907:1210,763.81,876.85,48.87,23.22,0.97,0.0
20230907:1310,676.24,765.63,43.86,23.44,0.97,0.0
20230907:1410,533.07,596.51,36.2,23.67,0.97,0.0
20230907:1510,339.62,388.7,26.95,23.59,0.97,0.0
20230907:1610,131.22,181.55,16.87,23.29,0.97,0.0
20230907:1710,23.86,39.76,6.47,22.65,0.69,0.0
20230907:1810,0.0,0.0,0.0,22.2,0.34,0.0
20230907:1910,0.0,0.0,0.0,21.65,0.28,0.0
20230907:2010,0.0,0.0,0.0,21.26,0.0,0.0
20230907:2110,0.0,0.0,0.0,20.84,0.34,0.0
20230907:2210,0.0,0.0,0.0,20.02,0.69,0.0
20230907:2310,0.0,0.0,0.0,19.3,0.76,0.0
20230908:0010,0.0,0.0,0.0,18.91,0.83,0.0
20230908:0110,0.0,0.0,0.0,18.53,0.83,0.0
20230908:0210,0.0,0.0,0.0,18.23,0.83,0.0
20230908:0310,0.0,0.0,0.0,17.94,0.9,0.0
20230908:0410,0.0,0.0,0.0,17.74,0.9,0.0
20230908:0510,0.81,7.57,2.16,17.62,0.83,0.0
20230908:0610,197.75,231.43,12.57,18.04,0.69,0.0
20230908:0710,290.02,321.34,22.82,19.5,0.0,0.0
20230908:0810,594.83,662.39,32.44,20.73,0.41,0.0
20230908:0910,728.48,826.11,40.8,21.03,0.62,0.0
20230908:1010,784.42,903.72,46.96,21.37,0.55,0.0
20230908:1110,783.4,905.01,49.76,22.01,0.62,0.0
20230908:1210,727.36,833.33,48.49,22.4,0.62,0.0
20230908:1310,655.06,742.38,43.48,23.07,0.69,0.0
20230908:1410,525.26,588.27,35.84,23.54,0.83,0.0
20230908:1510,335.97,385.64,26.61,23.52,0.76,0.0
20230908:1610,127.06,177.96,16.54,23.33,0.48,0.0
20230908:1710,21.49,36.92,6.14,22.77,0.34,0.0
20230908:1810,0.0,0.0,0.0,22.29,0.21,0.0
20230908:1910,0.0,0.0,0.0,21.92,0.28,0.0
20230908:2010,0.0,0.0,0.0,21.44,0.21,0.0
20230908:2110,0.0,0.0,0.0,20.88,0.41,0.0
20230908:2210,0.0,0.0,0.0,20.02,0.69,0.0
20230908:2310,0.0,0.0,0.0,19.06,0.83,0.0
20230909:0010,0.0,0.0,0.0,18.16,0.9,0.0
20230909:0110,0.0,0.0,0.0,17.81,0.9,0.0
20230909:0210,0.0,0.0,0.0,16.56,1.03,0.0
20230909:0310,0.0,0.0,0.0,15.98,1.17,0.0
20230909:0410,0.0,0.0,0.0,16.22,1.17,0.0
20230909:0510,0.39,6.63,1.95,16.21,1.17,0.0
20230909:0610,209.53,242.65,12.37,16.48,1.1,0.0
20230909:0710,431.8,470.37,22.6,18.24,0.62,0.0
20230909:0810,601.51,672.37,32.2,20.28,0.14,0.0
20230909:0910,728.63,832.89,40.52,22.14,0.55,0.0
20230909:1010,788.48,911.59,46.63,23.08,0.83,0.0
20230909:1110,798.62,923.84,49.39,23.64,1.03,0.0
20230909:1210,753.53,866.52,48.1,24.09,1.03,0.0
20230909:1310,668.01,760.67,43.1,24.69,0.97,0.0
20230909:1410,522.14,586.71,35.48,24.73,1.03,0.0
20230909:1510,334.06,385.48,26.26,24.65,0.97,0.0
20230909:1610,123.11,173.84,16.21,24.15,0.76,0.0
20230909:1710,19.87,35.03,5.81,23.4,0.41,0.0
20230909:1810,0.0,0.0,0.0,23.08,0.07,0.0
20230909:1910,0.0,0.0,0.0,22.43,0.34,0.0
20230909:2010,0.0,0.0,0.0,21.72,0.55,0.0
20230909:2110,0.0,0.0,0.0,21.05,0.69,0.0
20230909:2210,0.0,0.0,0.0,19.88,0.83,0.0
20230909:2310,0.0,0.0,0.0,19.13,0.83,0.0
20230910:0010,0.0,0.0,0.0,18.54,0.9,0.0
20230910:0110,0.0,0.0,0.0,18.22,0.97,0.0
20230910:0210,0.0,0.0,0.0,16.84,1.03,0.0
20230910:0310,0.0,0.0,0.0,16.07,1.1,0.0
20230910:0410,0.0,0.0,0.0,16.31,1.17,0.0
20230910:0510,0.0,5.68,1.74,16.16,1.17,0.0
20230910:0610,207.14,239.98,12.16,16.33,1.1,0.0
20230910:0710,430.2,469.06,22.38,18.42,0.62,0.0
20230910:0810,600.24,672.31,31.96,20.93,0.21,0.0
20230910:0910,721.51,825.68,40.24,22.85,0.62,0.0
20230910:1010,785.52,909.5,46.3,23.74,0.9,0.0
20230910:1110,800.3,928.82,49.02,24.46,1.1,0.0
20230910:1210,754.34,870.93,47.71,25.05,1.1,0.0
20230910:1310,668.71,763.35,42.72,25.37,1.03,0.0
20230910:1410,519.18,586.48,35.12,25.6,0.97,0.0
20230910:1510,328.5,381.66,25.92,25.52,0.83,0.0
20230910:1610,118.55,169.86,15.87,25.13,0.62,0.0
20230910:1710,18.25,33.13,5.48,24.39,0.41,0.0
20230910:1810,0.0,0.0,0.0,23.77,0.14,0.0
20230910:1910,0.0,0.0,0.0,22.77,0.34,0.0
20230910:2010,0.0,0.0,0.0,22.02,0.48,0.0
20230910:2110,0.0,0.0,0.0,21.29,0.69,0.0
20230910:2210,0.0,0.0,0.0,20.19,0.83,0.0
20230910:2310,0.0,0.0,0.0,19.53,0.83,0.0
20230911:0010,0.0,0.0,0.0,18.93,0.9,0.0
20230911:0110,0.0,0.0,0.0,17.88,0.97,0.0
20230911:0210,0.0,0.0,0.0,16.39,1.03,0.0
20230911:0310,0.0,0.0,0.0,16.74,1.17,0.0
20230911:0410,0.0,0.0,0.0,16.34,1.24,0.0
20230911:0510,0.0,2.84,1.53,16.13,1.17,0.0
20230911:0610,192.58,223.86,11.95,16.19,1.1,0.0
20230911:0710,417.48,453.85,22.16,18.17,0.76,0.0
20230911:0810,596.5,664.35,31.71,20.48,0.34,0.0
20230911:0910,711.73,816.38,39.95,22.96,0.48,0.0
20230911:1010,765.75,887.42,45.96,24.16,0.83,0.0
20230911:1110,783.83,912.82,48.65,24.95,0.97,0.0
20230911:1210,729.41,842.93,47.32,25.59,1.03,0.0
20230911:1310,658.25,754.5,42.34,25.88,0.9,0.0
20230911:1410,513.35,581.69,34.75,26.07,0.9,0.0
20230911:1510,321.0,374.12,25.57,25.91,0.83,0.0
20230911:1610,115.4,163.45,15.53,25.47,0.62,0.0
20230911:1710,16.7,31.24,5.14,24.85,0.21,0.0
20230911:1810,0.0,0.0,0.0,24.14,0.21,0.0
20230911:1910,0.0,0.0,0.0,23.09,0.41,0.0
20230911:2010,0.0,0.0,0.0,22.45,0.48,0.0
20230911:2110,0.0,0.0,0.0,21.46,0.83,0.0
20230911:2210,0.0,0.0,0.0,21.16,0.76,0.0
20230911:2310,0.0,0.0,0.0,20.79,0.76,0.0
20230912:0010,0.0,0.0,0.0,20.26,0.83,0.0
20230912:0110,0.0,0.0,0.0,20.01,0.83,0.0
20230912:0210,0.0,0.0,0.0,19.98,0.76,0.0
20230912:0310,0.0,0.0,0.0,19.91,0.76,0.0
20230912:0410,0.0,0.0,0.0,18.1,0.97,0.0
20230912:0510,0.0,0.0,0.0,16.77,1.03,0.0
20230912:0610,34.73,51.44,11.74,17.63,0.83,0.0
20230912:0710,392.76,430.4,21.94,19.28,0.48,0.0
20230912:0810,559.48,623.96,31.46,21.37,0.28,0.0
20230912:0910,694.82,789.72,39.67,22.74,0.69,0.0
20230912:1010,356.45,398.0,45.63,23.56,1.1,0.0
20230912:1110,367.65,410.58,48.27,23.76,1.24,0.0
20230912:1210,310.42,349.84,46.93,24.38,1.03,0.0
20230912:1310,560.21,634.82,41.96,24.54,0.55,0.0
20230912:1410,439.43,496.41,34.39,24.73,0.34,0.0
20230912:1510,154.3,183.49,25.22,24.67,0.34,0.0
20230912:1610,28.55,45.62,15.19,24.26,0.55,0.0
20230912:1710,8.29,19.88,4.8,23.26,0.76,0.0
20230912:1810,0.0,0.0,0.0,22.34,1.03,0.0
20230912:1910,0.0,0.0,0.0,21.41,0.76,0.0
20230912:2010,0.0,0.0,0.0,20.65,0.9,0.0
20230912:2110,0.0,0.0,0.0,18.96,1.31,0.0
20230912:2210,0.0,0.0,0.0,18.44,0.83,0.0
20230912:2310,0.0,0.0,0.0,18.2,1.24,0.0
20230913:0010,0.0,0.0,0.0,17.69,1.17,0.0
20230913:0110,0.0,0.0,0.0,17.43,1.38,0.0
20230913:0210,0.0,0.0,0.0,17.54,1.1,0.0
20230913:0310,0.0,0.0,0.0,17.93,0.97,0.0
20230913:0410,0.0,0.0,0.0,17.16,1.24,0.0
20230913:0510,0.0,0.0,0.0,16.85,1.17,0.0
20230913:0610,21.99,36.88,11.53,18.26,0.62,0.0
20230913:0710,167.85,191.56,21.72,18.86,0.83,0.0
20230913:0810,139.77,163.63,31.21,19.47,0.34,0.0
20230913:0910,138.75,163.06,39.38,19.98,0.21,0.0
20230913:1010,181.74,208.68,45.29,20.42,0.14,0.0
20230913:1110,80.19,101.92,47.89,21.2,0.55,0.0
20230913:1210,115.91,139.77,46.54,21.39,0.69,0.0
20230913:1310,206.86,234.94,41.57,20.94,0.69,0.0
20230913:1410,286.7,318.55,34.02,20.57,0.69,0.0
20230913:1510,244.74,277.37,24.87,20.18,0.9,0.0
20230913:1610,24.27,39.8,14.85,19.7,0.69,0.0
20230913:1710,0.0,4.73,4.46,19.19,0.55,0.0
20230913:1810,0.0,0.0,0.0,18.86,0.34,0.0
20230913:1910,0.0,0.0,0.0,18.58,0.55,0.0
20230913:2010,0.0,0.0,0.0,18.65,0.62,0.0
20230913:2110,0.0,0.0,0.0,18.44,0.69,0.0
20230913:2210,0.0,0.0,0.0,18.64,0.62,0.0
20230913:2310,0.0,0.0,0.0,18.42,0.41,0.0
20230914:0010,0.0,0.0,0.0,18.2,0.41,0.0
20230914:0110,0.0,0.0,0.0,18.02,0.28,0.0
20230914:0210,0.0,0.0,0.0,17.8,0.21,0.0
20230914:0310,0.0,0.0,0.0,17.7,0.28,0.0
20230914:0410,0.0,0.0,0.0,17.53,0.21,0.0
20230914:0510,0.0,0.0,0.0,17.32,0.28,0.0
20230914:0610,193.92,228.39,11.32,17.34,0.21,0.0
20230914:0710,427.38,466.7,21.49,18.2,0.41,0.0
20230914:0810,584.09,649.19,30.96,19.49,0.07,0.0
20230914:0910,644.76,715.22,39.09,20.58,1.03,0.0
20230914:1010,730.2,822.19,44.95,21.18,1.1,0.0
20230914:1110,773.29,883.31,47.51,21.48,0.83,0.0
20230914:1210,644.85,730.48,46.14,21.8,0.41,0.0
20230914:1310,600.16,679.16,41.19,22.37,0.21,0.0
20230914:1410,441.43,491.71,33.65,22.59,0.62,0.0
20230914:1510,258.67,296.4,24.52,22.42,0.97,0.0
20230914:1610,102.75,142.58,14.51,21.99,0.9,0.0
20230914:1710,0.0,2.84,4.12,20.79,0.62,0.0
20230914:1810,0.0,0.0,0.0,19.52,0.62,0.0
20230914:1910,0.0,0.0,0.0,18.49,0.97,0.0
20230914:2010,0.0,0.0,0.0,19.05,0.55,0.0
20230914:2110,0.0,0.0,0.0,18.9,0.34,0.0
20230914:2210,0.0,0.0,0.0,17.09,0.83,0.0
20230914:2310,0.0,0.0,0.0,16.48,0.9,0.0
20230915:0010,0.0,0.0,0.0,16.31,0.69,0.0
20230915:0110,0.0,0.0,0.0,16.19,0.83,0.0
20230915:0210,0.0,0.0,0.0,16.0,0.9,0.0
20230915:0310,0.0,0.0,0.0,15.94,0.69,0.0
20230915:0410,0.0,0.0,0.0,16.06,0.62,0.0
20230915:0510,0.0,0.0,0.0,16.38,0.55,0.0
20230915:0610,3.07,11.65,11.11,16.3,0.83,0.0
20230915:0710,21.27,35.91,21.26,17.51,0.69,0.0
20230915:0810,210.1,234.76,30.71,18.3,0.76,0.0
20230915:0910,134.69,158.21,38.79,19.23,0.34,0.0
20230915:1010,42.09,60.18,44.61,19.86,0.48,0.0
20230915:1110,59.76,79.59,47.13,20.2,0.76,0.0
20230915:1210,142.38,166.95,45.75,20.66,0.9,0.0
20230915:1310,587.87,650.3,40.8,20.64,0.9,0.0
20230915:1410,416.75,459.26,33.28,20.47,0.62,0.0
20230915:1510,294.06,335.71,24.16,20.31,0.62,0.0
20230915:1610,100.69,145.56,14.16,19.62,0.41,0.0
20230915:1710,9.19,20.83,3.78,19.06,0.14,0.0
20230915:1810,0.0,0.0,0.0,18.16,0.48,0.0
20230915:1910,0.0,0.0,0.0,16.91,1.1,0.0
20230915:2010,0.0,0.0,0.0,17.12,0.97,0.0
20230915:2110,0.0,0.0,0.0,17.24,0.9,0.0
20230915:2210,0.0,0.0,0.0,16.87,1.03,0.0
20230915:2310,0.0,0.0,0.0,16.99,0.97,0.0
20230916:0010,0.0,0.0,0.0,17.16,0.9,0.0
20230916:0110,0.0,0.0,0.0,17.52,0.76,0.0
20230916:0210,0.0,0.0,0.0,17.79,0.69,0.0
20230916:0310,0.0,0.0,0.0,17.95,0.41,0.0
20230916:0410,0.0,0.0,0.0,16.86,0.76,0.0
20230916:0510,0.0,0.0,0.0,16.99,0.62,0.0
20230916:0610,38.33,55.41,10.89,16.78,0.62,0.0
20230916:0710,99.84,120.62,21.04,17.14,0.48,0.0
20230916:0810,84.49,104.83,30.45,17.34,0.34,0.0
20230916:0910,59.61,78.62,38.5,17.51,0.28,0.0
20230916:1010,73.24,93.18,44.27,17.82,0.48,0.0
20230916:1110,45.07,63.09,46.75,18.37,0.62,0.0
20230916:1210,60.97,80.56,45.35,19.16,0.69,0.0
20230916:1310,440.07,482.6,40.41,19.27,0.48,0.0
20230916:1410,293.2,325.03,32.91,19.72,0.34,0.0
20230916:1510,199.01,228.23,23.81,20.04,0.41,0.0
20230916:1610,94.61,128.22,13.82,20.17,0.41,0.0
20230916:1710,3.97,13.25,3.44,19.79,0.14,0.0
20230916:1810,0.0,0.0,0.0,19.44,0.21,0.0
20230916:1910,0.0,0.0,0.0,17.78,1.03,0.0
20230916:2010,0.0,0.0,0.0,18.07,0.9,0.0
20230916:2110,0.0,0.0,0.0,18.86,0.41,0.0
20230916:2210,0.0,0.0,0.0,18.7,0.28,0.0
20230916:2310,0.0,0.0,0.0,18.62,0.07,0.0
20230917:0010,0.0,0.0,0.0,18.53,0.07,0.0
20230917:0110,0.0,0.0,0.0,18.42,0.34,0.0
20230917:0210,0.0,0.0,0.0,18.27,0.41,0.0
20230917:0310,0.0,0.0,0.0,18.23,0.41,0.0
20230917:0410,0.0,0.0,0.0,17.98,0.28,0.0
20230917:0510,0.0,0.0,0.0,17.93,0.48,0.0
20230917:0610,28.76,44.65,10.68,17.45,0.69,0.0
20230917:0710,115.65,137.57,20.81,18.36,0.62,0.0
20230917:0810,350.77,381.95,30.2,18.74,0.62,0.0
20230917:0910,414.38,452.69,38.2,19.21,0.62,0.0
20230917:1010,571.26,633.75,43.93,20.03,0.55,0.0
20230917:1110,654.4,739.63,46.37,20.78,0.34,0.0
20230917:1210,588.12,664.4,44.95,21.37,0.07,0.0
20230917:1310,480.93,537.83,40.02,21.95,0.14,0.0
20230917:1410,448.96,499.52,32.54,21.92,0.48,0.0
20230917:1510,245.34,282.41,23.45,21.76,0.55,0.0
20230917:1610,91.66,129.24,13.47,21.51,0.55,0.0
20230917:1710,3.36,12.31,3.1,21.02,0.62,0.0
20230917:1810,0.0,0.0,0.0,20.23,0.55,0.0
20230917:1910,0.0,0.0,0.0,20.14,0.41,0.0
20230917:2010,0.0,0.0,0.0,19.45,0.69,0.0
20230917:2110,0.0,0.0,0.0,19.13,0.83,0.0
20230917:2210,0.0,0.0,0.0,19.14,0.83,0.0
20230917:2310,0.0,0.0,0.0,19.64,0.62,0.0
20230918:0010,0.0,0.0,0.0,18.89,0.83,0.0
20230918:0110,0.0,0.0,0.0,18.79,0.83,0.0
20230918:0210,0.0,0.0,0.0,19.17,0.69,0.0
20230918:0310,0.0,0.0,0.0,19.31,0.48,0.0
20230918:0410,0.0,0.0,0.0,18.46,0.76,0.0
20230918:0510,0.0,0.0,0.0,18.16,0.9,0.0
20230918:0610,2.46,10.68,10.46,18.16,1.03,0.0
20230918:0710,13.33,26.21,20.58,18.18,1.79,0.0
20230918:0810,33.77,50.47,29.94,18.4,2.07,0.0
20230918:0910,72.3,92.21,37.9,18.71,2.9,0.0
20230918:1010,126.46,148.51,43.58,18.79,2.55,0.0
20230918:1110,214.43,239.58,45.99,19.12,2.07,0.0
20230918:1210,102.41,124.24,44.56,19.5,1.72,0.0
20230918:1310,36.08,53.38,39.63,19.78,1.38,0.0
20230918:1410,44.84,63.09,32.17,19.51,1.24,0.0
20230918:1510,16.35,30.09,23.09,18.83,0.83,0.0
20230918:1610,48.98,67.61,13.12,18.41,0.69,0.0
20230918:1710,0.0,4.73,2.76,18.07,0.55,0.0
20230918:1810,0.0,0.0,0.0,17.51,0.48,0.0
20230918:1910,0.0,0.0,0.0,17.44,1.1,0.0
20230918:2010,0.0,0.0,0.0,17.37,0.62,0.0
20230918:2110,0.0,0.0,0.0,17.21,0.76,0.0
20230918:2210,0.0,0.0,0.0,16.99,0.69,0.0
20230918:2310,0.0,0.0,0.0,16.33,0.83,0.0
20230919:0010,0.0,0.0,0.0,15.59,0.97,0.0
20230919:0110,0.0,0.0,0.0,15.72,0.97,0.0
20230919:0210,0.0,0.0,0.0,15.9,0.9,0.0
20230919:0310,0.0,0.0,0.0,15.94,1.24,0.0
20230919:0410,0.0,0.0,0.0,15.3,1.17,0.0
20230919:0510,0.0,0.0,0.0,14.65,1.24,0.0
20230919:0610,193.22,224.7,10.25,14.5,1.24,0.0
20230919:0710,430.61,457.61,20.35,14.73,1.52,0.0
20230919:0810,614.01,662.76,29.68,16.87,1.17,0.0
20230919:0910,737.0,823.62,37.6,19.37,0.9,0.0
20230919:1010,778.31,895.59,43.24,21.54,0.55,0.0
20230919:1110,775.08,906.15,45.6,22.94,0.28,0.0
20230919:1210,718.67,832.09,44.16,23.61,0.34,0.0
20230919:1310,638.67,721.32,39.24,23.96,0.97,0.0
20230919:1410,493.55,549.13,31.79,23.57,1.38,0.0
20230919:1510,292.84,340.36,22.74,23.01,1.31,0.0
20230919:1610,85.35,132.59,12.78,22.23,0.83,0.0
20230919:1710,3.36,12.31,2.41,21.05,0.55,0.0
20230919:1810,0.0,0.0,0.0,20.91,0.34,0.0
20230919:1910,0.0,0.0,0.0,21.01,0.48,0.0
20230919:2010,0.0,0.0,0.0,19.8,0.69,0.0
20230919:2110,0.0,0.0,0.0,19.07,0.69,0.0
20230919:2210,0.0,0.0,0.0,18.01,0.76,0.0
20230919:2310,0.0,0.0,0.0,17.04,0.9,0.0
20230920:0010,0.0,0.0,0.0,16.77,0.76,0.0
20230920:0110,0.0,0.0,0.0,16.87,0.62,0.0
20230920:0210,0.0,0.0,0.0,17.08,0.48,0.0
20230920:0310,0.0,0.0,0.0,16.9,0.28,0.0
20230920:0410,0.0,0.0,0.0,16.95,0.28,0.0
20230920:0510,0.0,0.0,0.0,16.84,0.34,0.0
20230920:0610,12.66,25.24,10.03,16.8,0.34,0.0
20230920:0710,58.85,77.65,20.11,17.23,0.9,0.0
20230920:0810,111.2,132.98,29.42,18.2,0.69,0.0
20230920:0910,177.6,202.98,37.3,19.32,0.34,0.0
20230920:1010,70.73,91.24,42.89,19.8,0.69,0.0
20230920:1110,75.4,96.09,45.22,19.63,0.97,0.0
20230920:1210,415.3,454.76,43.76,20.22,1.17,0.0
20230920:1310,263.16,292.06,38.85,20.11,1.24,0.0
20230920:1410,238.81,265.81,31.42,18.86,0.69,0.0
20230920:1510,141.81,165.55,22.38,18.7,1.03,0.0
20230920:1610,27.72,43.68,12.43,18.73,0.62,0.0
20230920:1710,0.0,2.84,2.07,17.7,0.41,0.0
20230920:1810,0.0,0.0,0.0,16.99,0.55,0.0
20230920:1910,0.0,0.0,0.0,16.54,0.62,0.0
20230920:2010,0.0,0.0,0.0,16.24,0.69,0.0
20230920:2110,0.0,0.0,0.0,16.08,0.83,0.0
20230920:2210,0.0,0.0,0.0,16.22,0.69,0.0
20230920:2310,0.0,0.0,0.0,16.42,0.83,0.0
20230921:0010,0.0,0.0,0.0,16.3,1.1,0.0
20230921:0110,0.0,0.0,0.0,15.95,1.24,0.0
20230921:0210,0.0,0.0,0.0,15.72,1.31,0.0
20230921:0310,0.0,0.0,0.0,15.51,1.38,0.0
20230921:0410,0.0,0.0,0.0,15.43,1.24,0.0
20230921:0510,0.0,0.0,0.0,15.47,1.38,0.0
20230921:0610,49.19,67.6,9.81,15.88,1.24,0.0
20230921:0710,46.52,64.06,19.88,16.0,0.83,0.0
20230921:0810,250.04,272.49,29.16,16.12,1.03,0.0
20230921:0910,92.45,112.59,37.0,16.73,1.38,0.0
20230921:1010,124.37,145.59,42.54,16.99,1.38,0.0
20230921:1110,266.42,292.14,44.83,17.3,1.17,0.0
20230921:1210,78.87,99.0,43.36,17.99,1.45,0.0
20230921:1310,54.9,73.77,38.46,18.62,1.59,0.0
20230921:1410,42.59,60.18,31.04,17.72,1.17,0.0
20230921:1510,40.98,58.24,22.02,16.98,1.1,0.0
20230921:1610,69.98,94.12,12.08,16.89,1.17,0.0
20230921:1710,0.0,5.68,1.73,16.69,1.38,0.0
20230921:1810,0.0,0.0,0.0,16.44,1.52,0.0
20230921:1910,0.0,0.0,0.0,15.84,1.31,0.0
20230921:2010,0.0,0.0,0.0,15.79,1.24,0.0
20230921:2110,0.0,0.0,0.0,15.89,1.45,0.0
20230921:2210,0.0,0.0,0.0,15.81,1.66,0.0
20230921:2310,0.0,0.0,0.0,15.81,1.86,0.0
20230922:0010,0.0,0.0,0.0,15.87,1.93,0.0
20230922:0110,0.0,0.0,0.0,15.74,2.0,0.0
20230922:0210,0.0,0.0,0.0,15.7,2.0,0.0
20230922:0310,0.0,0.0,0.0,15.61,2.21,0.0
20230922:0410,0.0,0.0,0.0,15.48,2.28,0.0
20230922:0510,0.0,0.0,0.0,15.34,2.28,0.0
20230922:0610,13.55,26.21,9.59,15.29,2.34,0.0
20230922:0710,100.98,120.79,19.64,15.83,1.66,0.0
20230922:0810,96.57,116.47,28.89,15.96,1.38,0.0
20230922:0910,34.14,50.47,36.7,16.11,1.03,0.0
20230922:1010,51.91,69.88,42.19,16.14,1.03,0.0
20230922:1110,73.66,93.18,44.45,16.8,0.76,0.0
20230922:1210,323.3,350.65,42.96,16.12,0.62,0.0
20230922:1310,126.6,147.53,38.07,15.75,0.34,0.0
20230922:1410,187.82,209.83,30.67,15.84,0.83,0.0
20230922:1510,63.04,81.53,21.66,15.54,0.97,0.0
20230922:1610,19.9,33.97,11.74,15.28,1.24,0.0
20230922:1710,0.0,0.95,1.38,14.79,1.52,0.0
20230922:1810,0.0,0.0,0.0,13.44,1.17,0.0
20230922:1910,0.0,0.0,0.0,13.96,1.66,0.0
20230922:2010,0.0,0.0,0.0,13.09,1.31,0.0
20230922:2110,0.0,0.0,0.0,13.02,1.31,0.0
20230922:2210,0.0,0.0,0.0,13.22,0.97,0.0
20230922:2310,0.0,0.0,0.0,13.2,0.9,0.0
20230923:0010,0.0,0.0,0.0,12.33,1.24,0.0
20230923:0110,0.0,0.0,0.0,12.05,1.31,0.0
20230923:0210,0.0,0.0,0.0,12.13,1.31,0.0
20230923:0310,0.0,0.0,0.0,12.0,1.38,0.0
20230923:0410,0.0,0.0,0.0,11.73,1.38,0.0
20230923:0510,0.0,0.0,0.0,11.33,1.52,0.0
20230923:0610,177.72,205.83,9.37,11.76,1.66,0.0
20230923:0710,278.45,294.98,19.41,12.12,2.14,0.0
20230923:0810,298.69,315.37,28.63,12.87,2.28,0.0
20230923:0910,226.66,246.03,36.39,14.28,2.55,0.0
20230923:1010,327.86,349.62,41.84,15.41,2.76,0.0
20230923:1110,741.78,794.47,44.06,16.43,2.9,0.0
20230923:1210,714.65,767.59,42.56,17.2,2.69,0.0
20230923:1310,112.03,132.98,37.68,17.54,2.34,0.0
20230923:1410,336.34,362.89,30.3,17.79,2.41,0.0
20230923:1510,278.05,315.95,21.3,17.87,2.34,0.0
20230923:1610,74.37,117.17,11.39,17.45,2.14,0.0
20230923:1710,0.0,0.0,0.0,16.32,2.14,0.0
20230923:1810,0.0,0.0,0.0,15.11,2.14,0.0
20230923:1910,0.0,0.0,0.0,14.62,2.34,0.0
20230923:2010,0.0,0.0,0.0,13.88,2.41,0.0
20230923:2110,0.0,0.0,0.0,13.22,2.34,0.0
20230923:2210,0.0,0.0,0.0,12.57,2.28,0.0
20230923:2310,0.0,0.0,0.0,12.08,2.21,0.0
20230924:0010,0.0,0.0,0.0,11.64,2.14,0.0
20230924:0110,0.0,0.0,0.0,11.19,2.07,0.0
20230924:0210,0.0,0.0,0.0,10.71,2.0,0.0
20230924:0310,0.0,0.0,0.0,10.08,2.0,0.0
20230924:0410,0.0,0.0,0.0,9.44,1.93,0.0
20230924:0510,0.0,0.0,0.0,8.84,1.93,0.0
20230924:0610,170.34,195.36,9.15,9.05,1.93,0.0
20230924:0710,432.26,449.74,19.17,10.85,2.0,0.0
20230924:0810,630.9,663.2,28.36,13.05,1.86,0.0
20230924:0910,754.75,819.25,36.08,15.41,1.45,0.0
20230924:1010,819.55,919.75,41.49,17.31,0.9,0.0
20230924:1110,801.53,915.18,43.67,18.59,0.41,0.0
20230924:1210,748.1,841.83,42.16,19.39,0.76,0.0
20230924:1310,661.46,730.24,37.29,19.74,1.17,0.0
20230924:1410,499.16,546.08,29.92,19.73,1.38,0.0
20230924:1510,282.86,326.29,20.95,19.32,1.38,0.0
20230924:1610,71.06,114.11,11.04,18.62,1.03,0.0
20230924:1710,0.0,0.0,0.0,17.24,0.83,0.0
20230924:1810,0.0,0.0,0.0,17.23,0.34,0.0
20230924:1910,0.0,0.0,0.0,16.74,0.21,0.0
20230924:2010,0.0,0.0,0.0,15.92,0.76,0.0
20230924:2110,0.0,0.0,0.0,14.29,0.97,0.0
20230924:2210,0.0,0.0,0.0,13.39,1.03,0.0
20230924:2310,0.0,0.0,0.0,12.94,1.1,0.0
20230925:0010,0.0,0.0,0.0,12.79,1.1,0.0
20230925:0110,0.0,0.0,0.0,12.8,1.03,0.0
20230925:0210,0.0,0.0,0.0,12.76,1.03,0.0
20230925:0310,0.0,0.0,0.0,12.58,0.97,0.0
20230925:0410,0.0,0.0,0.0,12.21,1.03,0.0
20230925:0510,0.0,0.0,0.0,11.8,1.1,0.0
20230925:0610,165.42,191.36,8.92,9.6,1.17,0.0
20230925:0710,426.96,447.36,18.93,10.9,1.17,0.0
20230925:0810,614.26,656.44,28.09,14.03,0.9,0.0
20230925:0910,729.99,806.49,35.77,16.63,0.69,0.0
20230925:1010,789.52,893.67,41.14,17.97,0.48,0.0
20230925:1110,792.17,900.76,43.28,18.91,0.55,0.0
20230925:1210,739.41,828.92,41.76,19.55,0.9,0.0
20230925:1310,652.09,722.09,36.89,19.9,0.97,0.0
20230925:1410,488.54,537.96,29.55,19.98,0.9,0.0
20230925:1510,277.85,323.53,20.59,19.74,0.76,0.0
20230925:1610,66.49,110.2,10.69,19.23,0.48,0.0
20230925:1710,0.0,0.0,0.0,18.26,0.41,0.0
20230925:1810,0.0,0.0,0.0,17.89,0.41,0.0
20230925:1910,0.0,0.0,0.0,17.48,0.21,0.0
20230925:2010,0.0,0.0,0.0,16.86,0.69,0.0
20230925:2110,0.0,0.0,0.0,15.08,1.1,0.0
20230925:2210,0.0,0.0,0.0,14.41,1.17,0.0
20230925:2310,0.0,0.0,0.0,14.06,1.24,0.0
20230926:0010,0.0,0.0,0.0,13.44,1.38,0.0
20230926:0110,0.0,0.0,0.0,13.05,1.45,0.0
20230926:0210,0.0,0.0,0.0,12.94,1.38,0.0
20230926:0310,0.0,0.0,0.0,12.76,1.38,0.0
20230926:0410,0.0,0.0,0.0,12.25,1.52,0.0
20230926:0510,0.0,0.0,0.0,12.22,1.52,0.0
20230926:0610,159.61,187.29,8.7,12.0,1.45,0.0
20230926:0710,408.8,430.05,18.69,11.97,1.31,0.0
20230926:0810,596.5,640.53,27.82,15.36,0.9,0.0
20230926:0910,701.68,788.85,35.46,18.63,0.21,0.0
20230926:1010,769.76,875.37,40.78,20.11,0.62,0.0
20230926:1110,773.17,882.14,42.9,20.81,0.69,0.0
20230926:1210,716.78,810.79,41.36,21.34,0.76,0.0
20230926:1310,630.76,704.82,36.5,21.69,0.83,0.0
20230926:1410,471.84,523.72,29.17,21.7,0.9,0.0
20230926:1510,263.85,310.51,20.23,21.45,0.83,0.0
20230926:1610,62.09,102.86,10.35,20.83,0.69,0.0
20230926:1710,0.0,0.0,0.0,19.45,0.62,0.0
20230926:1810,0.0,0.0,0.0,19.27,0.28,0.0
20230926:1910,0.0,0.0,0.0,18.54,0.34,0.0
20230926:2010,0.0,0.0,0.0,18.03,0.62,0.0
20230926:2110,0.0,0.0,0.0,17.21,0.76,0.0
20230926:2210,0.0,0.0,0.0,16.14,0.83,0.0
20230926:2310,0.0,0.0,0.0,15.58,0.9,0.0
20230927:0010,0.0,0.0,0.0,15.2,0.97,0.0
20230927:0110,0.0,0.0,0.0,13.88,1.1,0.0
20230927:0210,0.0,0.0,0.0,12.57,1.31,0.0
20230927:0310,0.0,0.0,0.0,13.05,1.52,0.0
20230927:0410,0.0,0.0,0.0,12.61,1.52,0.0
20230927:0510,0.0,0.0,0.0,12.38,1.52,0.0
20230927:0610,145.65,172.95,8.48,12.74,1.45,0.0
20230927:0710,175.13,194.49,18.44,14.15,1.52,0.0
20230927:0810,551.07,592.03,27.55,16.91,1.17,0.0
20230927:0910,693.52,774.75,35.15,19.75,0.69,0.0
20230927:1010,747.19,860.55,40.43,21.14,0.21,0.0
20230927:1110,755.16,860.92,42.51,21.79,0.83,0.0
20230927:1210,700.48,789.47,40.96,22.15,1.03,0.0
20230927:1310,612.3,681.97,36.11,22.32,1.1,0.0
20230927:1410,457.96,508.98,28.8,22.34,1.03,0.0
20230927:1510,253.26,299.38,19.87,22.07,0.97,0.0
20230927:1610,59.14,99.23,10.0,21.48,0.76,0.0
20230927:1710,0.0,0.0,0.0,20.42,0.48,0.0
20230927:1810,0.0,0.0,0.0,19.22,0.76,0.0
20230927:1910,0.0,0.0,0.0,17.56,0.97,0.0
20230927:2010,0.0,0.0,0.0,16.84,1.03,0.0
20230927:2110,0.0,0.0,0.0,16.31,1.03,0.0
20230927:2210,0.0,0.0,0.0,15.82,1.17,0.0
20230927:2310,0.0,0.0,0.0,15.28,1.24,0.0
20230928:0010,0.0,0.0,0.0,14.88,1.31,0.0
20230928:0110,0.0,0.0,0.0,14.65,1.31,0.0
20230928:0210,0.0,0.0,0.0,14.55,1.31,0.0
20230928:0310,0.0,0.0,0.0,14.37,1.38,0.0
20230928:0410,0.0,0.0,0.0,14.37,1.38,0.0
20230928:0510,0.0,0.0,0.0,14.24,1.31,0.0
20230928:0610,15.17,28.15,8.25,14.41,1.24,0.0
20230928:0710,255.74,278.6,18.2,15.88,0.97,0.0
20230928:0810,552.14,604.59,27.28,18.47,0.41,0.0
20230928:0910,682.63,765.01,34.84,20.09,0.55,0.0
20230928:1010,578.15,640.56,40.07,20.89,0.9,0.0
20230928:1110,755.61,855.99,42.12,21.49,1.03,0.0
20230928:1210,679.84,763.27,40.56,21.91,1.03,0.0
20230928:1310,587.79,653.35,35.72,22.13,1.03,0.0
20230928:1410,444.42,493.59,28.43,22.07,0.97,0.0
20230928:1510,246.05,291.23,19.52,21.82,0.9,0.0
20230928:1610,55.77,92.93,9.66,21.21,0.69,0.0
20230928:1710,0.0,0.0,0.0,20.26,0.41,0.0
20230928:1810,0.0,0.0,0.0,19.8,0.34,0.0
20230928:1910,0.0,0.0,0.0,18.73,0.76,0.0
20230928:2010,0.0,0.0,0.0,17.37,0.97,0.0
20230928:2110,0.0,0.0,0.0,16.48,0.97,0.0
20230928:2210,0.0,0.0,0.0,15.91,0.97,0.0
20230928:2310,0.0,0.0,0.0,15.39,1.03,0.0
20230929:0010,0.0,0.0,0.0,13.16,1.17,0.0
20230929:0110,0.0,0.0,0.0,13.05,1.24,0.0
20230929:0210,0.0,0.0,0.0,13.46,1.45,0.0
20230929:0310,0.0,0.0,0.0,13.14,1.52,0.0
20230929:0410,0.0,0.0,0.0,13.0,1.52,0.0
20230929:0510,0.0,0.0,0.0,12.97,1.59,0.0
20230929:0610,134.34,161.09,8.02,12.81,1.66,0.0
20230929:0710,375.29,398.13,17.96,13.71,1.45,0.0
20230929:0810,571.68,613.32,27.0,16.25,1.1,0.0
20230929:0910,678.44,757.75,34.53,19.12,0.41,0.0
20230929:1010,745.53,848.54,39.72,20.83,0.55,0.0
20230929:1110,749.98,849.05,41.73,21.6,1.03,0.0
20230929:1210,699.34,783.84,40.16,21.97,1.24,0.0
20230929:1310,602.77,669.02,35.33,22.1,1.17,0.0
20230929:1410,446.36,495.86,28.05,22.04,0.97,0.0
20230929:1510,241.63,287.46,19.16,21.75,0.76,0.0
20230929:1610,51.82,88.13,9.31,21.17,0.48,0.0
20230929:1710,0.0,0.0,0.0,20.24,0.34,0.0
20230929:1810,0.0,0.0,0.0,19.7,0.28,0.0
20230929:1910,0.0,0.0,0.0,18.98,0.41,0.0
20230929:2010,0.0,0.0,0.0,18.52,0.62,0.0
20230929:2110,0.0,0.0,0.0,18.13,0.55,0.0
20230929:2210,0.0,0.0,0.0,17.83,0.48,0.0
20230929:2310,0.0,0.0,0.0,17.54,0.55,0.0
20230930:0010,0.0,0.0,0.0,17.23,0.62,0.0
20230930:0110,0.0,0.0,0.0,16.95,0.69,0.0
20230930:0210,0.0,0.0,0.0,16.97,0.62,0.0
20230930:0310,0.0,0.0,0.0,16.97,0.55,0.0
20230930:0410,0.0,0.0,0.0,15.34,0.69,0.0
20230930:0510,0.0,0.0,0.0,14.8,0.9,0.0
20230930:0610,95.06,119.49,7.79,14.8,1.03,0.0
20230930:0710,292.37,319.92,17.71,17.43,0.48,0.0
20230930:0810,435.53,477.3,26.73,19.62,0.21,0.0
20230930:0910,641.35,724.78,34.21,21.13,0.14,0.0
20230930:1010,733.29,833.14,39.36,21.77,0.76,0.0
20230930:1110,738.87,838.49,41.34,22.65,1.1,0.0
20230930:1210,691.91,778.63,39.76,22.96,1.24,0.0
20230930:1310,590.23,655.6,34.94,22.85,1.31,0.0
20230930:1410,423.51,471.0,27.68,22.74,1.17,0.0
20230930:1510,206.96,246.17,18.81,22.48,0.97,0.0
20230930:1610,49.18,79.95,8.97,21.79,0.62,0.0
20230930:1710,0.0,0.0,0.0,21.03,0.21,0.0
20230930:1810,0.0,0.0,0.0,20.07,0.55,0.0
20230930:1910,0.0,0.0,0.0,19.65,0.48,0.0
20230930:2010,0.0,0.0,0.0,19.08,0.55,0.0
20230930:2110,0.0,0.0,0.0,18.66,0.62,0.0
20230930:2210,0.0,0.0,0.0,17.9,0.76,0.0
20230930:2310,0.0,0.0,0.0,17.34,0.83,0.0
20231001:0010,0.0,0.0,0.0,16.61,0.9,0.0
20231001:0110,0.0,0.0,0.0,15.8,0.97,0.0
20231001:0210,0.0,0.0,0.0,15.43,1.03,0.0
20231001:0310,0.0,0.0,0.0,15.25,1.17,0.0
20231001:0410,0.0,0.0,0.0,15.2,1.17,0.0
20231001:0510,0.0,0.0,0.0,14.81,1.17,0.0
20231001:0610,29.89,45.44,7.57,14.74,1.17,0.0
20231001:0710,348.36,376.12,17.46,16.08,0.83,0.0
20231001:0810,544.2,591.92,26.45,18.04,0.62,0.0
20231001:0910,655.14,738.02,33.9,19.58,0.0,0.0
20231001:1010,724.31,819.67,39.0,20.74,0.62,0.0
20231001:1110,694.22,782.69,40.96,21.51,0.83,0.0
20231001:1210,602.47,671.95,39.37,21.68,0.83,0.0
20231001:1310,511.31,567.83,34.56,22.1,0.69,0.0
20231001:1410,425.14,473.79,27.31,22.02,0.69,0.0
20231001:1510,228.87,274.19,18.45,21.93,0.69,0.0
20231001:1610,46.27,79.26,8.63,21.32,0.55,0.0
20231001:1710,0.0,0.0,0.0,20.58,0.34,0.0
20231001:1810,0.0,0.0,0.0,20.17,0.14,0.0
20231001:1910,0.0,0.0,0.0,19.44,0.41,0.0
20231001:2010,0.0,0.0,0.0,18.52,0.69,0.0
20231001:2110,0.0,0.0,0.0,17.53,0.83,0.0
20231001:2210,0.0,0.0,0.0,16.99,0.83,0.0
20231001:2310,0.0,0.0,0.0,16.66,0.83,0.0
20231002:0010,0.0,0.0,0.0,15.68,0.9,0.0
20231002:0110,0.0,0.0,0.0,14.45,0.97,0.0
20231002:0210,0.0,0.0,0.0,14.75,1.1,0.0
20231002:0310,0.0,0.0,0.0,14.36,1.17,0.0
20231002:0410,0.0,0.0,0.0,14.22,1.17,0.0
20231002:0510,0.0,0.0,0.0,14.2,1.31,0.0
20231002:0610,29.99,45.44,7.34,14.1,1.31,0.0
20231002:0710,347.15,374.38,17.21,15.77,0.83,0.0
20231002:0810,555.24,606.52,26.17,18.47,0.55,0.0
20231002:0910,662.33,749.08,33.58,20.4,0.07,0.0
20231002:1010,738.68,843.41,38.65,21.36,0.48,0.0
20231002:1110,735.92,835.34,40.57,22.26,0.97,0.0
20231002:1210,683.15,769.0,38.97,22.75,1.1,0.0
20231002:1310,591.86,660.29,34.17,22.89,1.03,0.0
20231002:1410,434.32,485.42,26.94,22.89,0.9,0.0
20231002:1510,224.85,271.41,18.1,22.71,0.76,0.0
20231002:1610,34.47,52.07,8.29,22.06,0.69,0.0
20231002:1710,0.0,0.0,0.0,21.15,0.55,0.0
20231002:1810,0.0,0.0,0.0,20.63,0.0,0.0
20231002:1910,0.0,0.0,0.0,19.44,0.48,0.0
20231002:2010,0.0,0.0,0.0,18.45,0.76,0.0
20231002:2110,0.0,0.0,0.0,17.71,0.9,0.0
20231002:2210,0.0,0.0,0.0,17.22,0.9,0.0
20231002:2310,0.0,0.0,0.0,16.84,0.97,0.0
20231003:0010,0.0,0.0,0.0,15.66,0.97,0.0
20231003:0110,0.0,0.0,0.0,15.56,1.03,0.0
20231003:0210,0.0,0.0,0.0,15.42,1.1,0.0
20231003:0310,0.0,0.0,0.0,15.34,1.1,0.0
20231003:0410,0.0,0.0,0.0,15.17,1.03,0.0
20231003:0510,0.0,0.0,0.0,15.1,1.1,0.0
20231003:0610,29.0,44.5,7.11,15.06,1.17,0.0
20231003:0710,280.89,303.84,16.96,15.38,1.1,0.0
20231003:0810,473.92,508.04,25.89,16.84,0.97,0.0
20231003:0910,635.31,705.3,33.26,19.41,0.48,0.0
20231003:1010,692.87,785.73,38.29,20.86,0.34,0.0
20231003:1110,607.18,678.63,40.18,21.65,0.76,0.0
20231003:1210,612.52,683.35,38.58,22.06,0.97,0.0
20231003:1310,547.54,606.41,33.78,22.32,1.1,0.0
20231003:1410,395.67,440.05,26.57,22.26,1.03,0.0
20231003:1510,211.65,255.09,17.75,22.13,0.76,0.0
20231003:1610,32.08,49.23,7.95,21.6,0.62,0.0
20231003:1710,0.0,0.0,0.0,20.66,0.48,0.0
20231003:1810,0.0,0.0,0.0,20.13,0.34,0.0
20231003:1910,0.0,0.0,0.0,19.25,0.34,0.0
20231003:2010,0.0,0.0,0.0,18.86,0.55,0.0
20231003:2110,0.0,0.0,0.0,18.61,0.34,0.0
20231003:2210,0.0,0.0,0.0,18.37,0.48,0.0
20231003:2310,0.0,0.0,0.0,18.17,0.48,0.0
20231004:0010,0.0,0.0,0.0,18.0,0.48,0.0
20231004:0110,0.0,0.0,0.0,17.85,0.62,0.0
20231004:0210,0.0,0.0,0.0,17.7,0.83,0.0
20231004:0310,0.0,0.0,0.0,16.91,1.03,0.0
20231004:0410,0.0,0.0,0.0,16.25,1.1,0.0
20231004:0510,0.0,0.0,0.0,15.66,1.24,0.0
20231004:0610,25.64,40.71,6.87,15.38,1.31,0.0
20231004:0710,351.49,379.34,16.71,15.86,0.83,0.0
20231004:0810,533.14,581.67,25.61,18.61,0.55,0.0
20231004:0910,502.82,552.01,32.95,20.1,0.62,0.0
20231004:1010,679.12,759.52,37.93,20.82,0.9,0.0
20231004:1110,416.5,456.5,39.8,20.89,1.24,0.0
20231004:1210,237.22,265.64,38.18,21.05,1.59,0.0
20231004:1310,410.49,447.53,33.4,20.67,1.59,0.0
20231004:1410,326.4,359.05,26.21,20.25,1.59,0.0
20231004:1510,143.79,171.11,17.4,19.56,1.38,0.0
20231004:1610,32.54,49.23,7.61,18.97,1.03,0.0
20231004:1710,0.0,0.0,0.0,18.24,0.55,0.0
20231004:1810,0.0,0.0,0.0,18.1,0.07,0.0
20231004:1910,0.0,0.0,0.0,17.6,0.62,0.0
20231004:2010,0.0,0.0,0.0,16.87,0.69,0.0
20231004:2110,0.0,0.0,0.0,16.65,0.62,0.0
20231004:2210,0.0,0.0,0.0,16.32,0.69,0.0
20231004:2310,0.0,0.0,0.0,16.21,0.83,0.0
20231005:0010,0.0,0.0,0.0,16.13,0.76,0.0
20231005:0110,0.0,0.0,0.0,16.08,0.62,0.0
20231005:0210,0.0,0.0,0.0,16.05,0.62,0.0
20231005:0310,0.0,0.0,0.0,15.94,0.55,0.0
20231005:0410,0.0,0.0,0.0,16.14,0.28,0.0
20231005:0510,0.0,0.0,0.0,16.11,0.21,0.0
20231005:0610,23.1,37.87,6.64,15.97,0.41,0.0
20231005:0710,93.28,113.46,16.46,16.3,0.21,0.0
20231005:0810,330.88,357.87,25.33,16.8,0.34,0.0
20231005:0910,553.1,604.38,32.63,17.87,0.41,0.0
20231005:1010,470.91,513.61,37.57,18.5,0.55,0.0
20231005:1110,540.74,591.68,39.41,18.76,0.76,0.0
20231005:1210,621.52,685.79,37.79,19.42,0.83,0.0
20231005:1310,507.77,556.91,33.02,20.12,0.83,0.0
20231005:1410,407.41,449.33,25.84,20.31,1.03,0.0
20231005:1510,204.73,245.8,17.05,20.09,0.97,0.0
20231005:1610,29.96,46.39,7.28,19.47,0.83,0.0
20231005:1710,0.0,0.0,0.0,18.56,0.62,0.0
20231005:1810,0.0,0.0,0.0,18.23,0.28,0.0
20231005:1910,0.0,0.0,0.0,18.09,0.28,0.0
20231005:2010,0.0,0.0,0.0,17.66,0.48,0.0
20231005:2110,0.0,0.0,0.0,17.24,0.55,0.0
20231005:2210,0.0,0.0,0.0,16.96,0.48,0.0
20231005:2310,0.0,0.0,0.0,16.77,0.55,0.0
20231006:0010,0.0,0.0,0.0,16.63,0.55,0.0
20231006:0110,0.0,0.0,0.0,16.51,0.55,0.0
20231006:0210,0.0,0.0,0.0,15.93,0.69,0.0
20231006:0310,0.0,0.0,0.0,14.82,0.76,0.0
20231006:0410,0.0,0.0,0.0,13.65,0.9,0.0
20231006:0510,0.0,0.0,0.0,13.92,0.9,0.0
20231006:0610,23.39,37.87,6.41,13.7,0.9,0.0
20231006:0710,173.57,192.86,16.21,13.58,1.03,0.0
20231006:0810,186.61,207.97,25.05,15.85,0.76,0.0
20231006:0910,132.76,155.3,32.31,17.91,0.34,0.0
20231006:1010,134.95,158.21,37.22,19.21,0.83,0.0
20231006:1110,227.99,255.68,39.03,20.08,0.97,0.0
20231006:1210,444.02,486.45,37.4,20.56,1.03,0.0
20231006:1310,525.0,577.09,32.63,20.69,0.97,0.0
20231006:1410,361.2,399.79,25.48,20.66,0.9,0.0
20231006:1510,184.14,221.32,16.71,20.36,0.76,0.0
20231006:1610,27.45,43.55,6.94,19.78,0.48,0.0
20231006:1710,0.0,0.0,0.0,18.92,0.41,0.0
20231006:1810,0.0,0.0,0.0,18.57,0.41,0.0
20231006:1910,0.0,0.0,0.0,18.0,0.55,0.0
20231006:2010,0.0,0.0,0.0,17.37,0.55,0.0
20231006:2110,0.0,0.0,0.0,16.7,0.62,0.0
20231006:2210,0.0,0.0,0.0,15.82,0.76,0.0
20231006:2310,0.0,0.0,0.0,15.43,0.76,0.0
20231007:0010,0.0,0.0,0.0,14.09,0.83,0.0
20231007:0110,0.0,0.0,0.0,13.19,0.9,0.0
20231007:0210,0.0,0.0,0.0,13.32,1.1,0.0
20231007:0310,0.0,0.0,0.0,13.2,1.24,0.0
20231007:0410,0.0,0.0,0.0,12.95,1.31,0.0
20231007:0510,0.0,0.0,0.0,12.7,1.31,0.0
20231007:0610,22.7,36.92,6.17,12.71,1.31,0.0
20231007:0710,365.57,391.64,15.96,14.31,0.9,0.0
20231007:0810,552.93,600.48,24.77,16.87,0.41,0.0
20231007:0910,669.99,748.71,31.99,18.91,0.28,0.0
20231007:1010,742.95,837.5,36.86,20.14,0.76,0.0
20231007:1110,737.82,833.0,38.64,21.01,0.9,0.0
20231007:1210,686.05,770.96,37.01,21.67,0.9,0.0
20231007:1310,588.18,655.66,32.25,22.1,0.83,0.0
20231007:1410,420.21,469.52,25.12,22.29,0.9,0.0
20231007:1510,207.23,253.97,16.36,21.99,0.83,0.0
20231007:1610,24.03,39.76,6.61,21.32,0.62,0.0
20231007:1710,0.0,0.0,0.0,20.58,0.21,0.0
20231007:1810,0.0,0.0,0.0,19.81,0.55,0.0
20231007:1910,0.0,0.0,0.0,18.24,1.03,0.0
20231007:2010,0.0,0.0,0.0,17.4,1.17,0.0
20231007:2110,0.0,0.0,0.0,16.52,1.31,0.0
20231007:2210,0.0,0.0,0.0,16.05,1.38,0.0
20231007:2310,0.0,0.0,0.0,15.74,1.45,0.0
20231008:0010,0.0,0.0,0.0,15.43,1.45,0.0
20231008:0110,0.0,0.0,0.0,15.06,1.52,0.0
20231008:0210,0.0,0.0,0.0,14.72,1.59,0.0
20231008:0310,0.0,0.0,0.0,14.47,1.66,0.0
20231008:0410,0.0,0.0,0.0,14.11,1.72,0.0
20231008:0510,0.0,0.0,0.0,13.83,1.79,0.0
20231008:0610,21.78,35.97,5.94,13.7,1.79,0.0
20231008:0710,348.62,373.17,15.7,14.99,1.59,0.0
20231008:0810,541.36,587.79,24.48,19.35,1.24,0.0
20231008:0910,659.19,735.22,31.67,21.66,1.03,0.0
20231008:1010,718.8,823.14,36.5,23.92,0.83,0.0
20231008:1110,709.79,824.92,38.26,25.59,0.55,0.0
20231008:1210,653.84,756.52,36.62,26.53,0.55,0.0
20231008:1310,558.43,638.63,31.88,27.06,0.69,0.0
20231008:1410,388.89,445.93,24.76,27.1,0.69,0.0
20231008:1510,170.1,212.44,16.02,26.56,0.62,0.0
20231008:1610,23.59,39.76,6.28,24.77,0.62,0.0
20231008:1710,0.0,0.0,0.0,22.76,0.97,0.0
20231008:1810,0.0,0.0,0.0,20.92,1.38,0.0
20231008:1910,0.0,0.0,0.0,19.05,1.59,0.0
20231008:2010,0.0,0.0,0.0,18.14,1.72,0.0
20231008:2110,0.0,0.0,0.0,17.38,1.79,0.0
20231008:2210,0.0,0.0,0.0,16.7,1.86,0.0
20231008:2310,0.0,0.0,0.0,16.11,1.93,0.0
20231009:0010,0.0,0.0,0.0,15.57,1.93,0.0
20231009:0110,0.0,0.0,0.0,15.04,1.86,0.0
20231009:0210,0.0,0.0,0.0,14.55,1.86,0.0
20231009:0310,0.0,0.0,0.0,13.93,1.93,0.0
20231009:0410,0.0,0.0,0.0,13.53,1.93,0.0
20231009:0510,0.0,0.0,0.0,13.26,1.93,0.0
20231009:0610,20.23,34.08,5.7,13.14,1.86,0.0
20231009:0710,351.18,376.18,15.45,14.9,1.45,0.0
20231009:0810,538.93,587.01,24.2,19.28,0.97,0.0
20231009:0910,652.78,734.61,31.35,22.02,0.62,0.0
20231009:1010,710.47,822.61,36.15,24.08,0.34,0.0
20231009:1110,699.46,811.72,37.88,25.33,0.48,0.0
20231009:1210,657.2,755.75,36.23,25.85,0.69,0.0
20231009:1310,556.69,631.86,31.5,26.07,0.83,0.0
20231009:1410,400.69,456.58,24.4,25.91,0.83,0.0
20231009:1510,160.28,199.2,15.68,25.29,0.69,0.0
20231009:1610,21.37,36.92,5.96,23.83,0.48,0.0
20231009:1710,0.0,0.0,0.0,23.43,0.21,0.0
20231009:1810,0.0,0.0,0.0,22.27,0.69,0.0
20231009:1910,0.0,0.0,0.0,21.19,0.83,0.0
20231009:2010,0.0,0.0,0.0,20.39,0.83,0.0
20231009:2110,0.0,0.0,0.0,19.4,0.97,0.0
20231009:2210,0.0,0.0,0.0,18.31,1.1,0.0
20231009:2310,0.0,0.0,0.0,17.41,1.24,0.0
20231010:0010,0.0,0.0,0.0,16.6,1.45,0.0
20231010:0110,0.0,0.0,0.0,15.94,1.59,0.0
20231010:0210,0.0,0.0,0.0,15.38,1.59,0.0
20231010:0310,0.0,0.0,0.0,14.88,1.59,0.0
20231010:0410,0.0,0.0,0.0,14.55,1.59,0.0
20231010:0510,0.0,0.0,0.0,14.49,1.52,0.0
20231010:0610,18.51,32.19,5.47,14.28,1.59,0.0
20231010:0710,349.64,375.57,15.19,15.18,1.31,0.0
20231010:0810,538.71,587.65,23.91,18.82,0.69,0.0
20231010:0910,649.05,730.4,31.03,21.06,0.34,0.0
20231010:1010,709.63,817.23,35.79,22.87,0.28,0.0
20231010:1110,698.52,800.45,37.5,23.96,0.69,0.0
20231010:1210,648.54,737.32,35.85,24.49,0.83,0.0
20231010:1310,553.23,621.77,31.13,24.62,0.97,0.0
20231010:1410,393.33,444.29,24.04,24.35,0.97,0.0
20231010:1510,161.15,199.83,15.34,23.77,0.76,0.0
20231010:1610,15.42,29.35,5.63,22.6,0.55,0.0
20231010:1710,0.0,0.0,0.0,21.95,0.41,0.0
20231010:1810,0.0,0.0,0.0,20.68,0.62,0.0
20231010:1910,0.0,0.0,0.0,20.51,0.48,0.0
20231010:2010,0.0,0.0,0.0,19.68,0.28,0.0
20231010:2110,0.0,0.0,0.0,18.9,0.21,0.0
20231010:2210,0.0,0.0,0.0,18.34,0.41,0.0
20231010:2310,0.0,0.0,0.0,17.8,0.62,0.0
20231011:0010,0.0,0.0,0.0,17.32,0.76,0.0
20231011:0110,0.0,0.0,0.0,15.37,1.03,0.0
20231011:0210,0.0,0.0,0.0,12.94,1.1,0.0
20231011:0310,0.0,0.0,0.0,13.3,1.17,0.0
20231011:0410,0.0,0.0,0.0,13.14,1.17,0.0
20231011:0510,0.0,0.0,0.0,12.93,1.17,0.0
20231011:0610,17.07,30.29,5.23,12.76,1.1,0.0
20231011:0710,297.01,318.8,14.93,13.52,0.97,0.0
20231011:0810,441.81,472.77,23.63,16.03,0.69,0.0
20231011:0910,609.93,677.92,30.71,18.76,0.07,0.0
20231011:1010,652.1,730.64,35.44,20.19,0.41,0.0
20231011:1110,666.88,747.34,37.12,21.05,0.76,0.0
20231011:1210,641.48,715.17,35.46,21.56,0.97,0.0
20231011:1310,535.78,592.55,30.76,21.82,0.97,0.0
20231011:1410,386.91,431.32,23.69,21.84,1.1,0.0
20231011:1510,179.32,222.36,15.01,21.48,1.03,0.0
20231011:1610,17.86,32.19,5.31,20.72,0.83,0.0
20231011:1710,0.0,0.0,0.0,19.54,0.69,0.0
20231011:1810,0.0,0.0,0.0,19.4,0.34,0.0
20231011:1910,0.0,0.0,0.0,18.55,0.34,0.0
20231011:2010,0.0,0.0,0.0,17.57,0.62,0.0
20231011:2110,0.0,0.0,0.0,16.95,0.69,0.0
20231011:2210,0.0,0.0,0.0,16.45,0.76,0.0
20231011:2310,0.0,0.0,0.0,16.27,0.69,0.0
20231012:0010,0.0,0.0,0.0,15.88,0.76,0.0
20231012:0110,0.0,0.0,0.0,14.81,0.9,0.0
20231012:0210,0.0,0.0,0.0,14.62,0.97,0.0
20231012:0310,0.0,0.0,0.0,14.3,1.03,0.0
20231012:0410,0.0,0.0,0.0,13.98,1.03,0.0
20231012:0510,0.0,0.0,0.0,14.21,0.97,0.0
20231012:0610,8.06,18.93,4.99,14.01,0.9,0.0
20231012:0710,65.59,84.08,14.68,15.15,0.9,0.0
20231012:0810,239.63,262.57,23.34,16.69,0.62,0.0
20231012:0910,498.53,544.79,30.39,17.98,0.14,0.0
20231012:1010,595.73,657.24,35.08,19.28,0.62,0.0
20231012:1110,509.26,559.54,36.74,20.13,0.76,0.0
20231012:1210,578.79,639.71,35.08,20.62,0.83,0.0
20231012:1310,502.62,553.81,30.39,21.06,0.83,0.0
20231012:1410,350.69,391.18,23.34,21.22,0.76,0.0
20231012:1510,122.54,151.65,14.68,21.02,0.76,0.0
20231012:1610,14.87,28.4,4.99,20.36,0.62,0.0
20231012:1710,0.0,0.0,0.0,19.69,0.34,0.0
20231012:1810,0.0,0.0,0.0,18.97,0.41,0.0
20231012:1910,0.0,0.0,0.0,17.86,0.55,0.0
20231012:2010,0.0,0.0,0.0,17.0,0.69,0.0
20231012:2110,0.0,0.0,0.0,16.32,0.76,0.0
20231012:2210,0.0,0.0,0.0,16.03,0.76,0.0
20231012:2310,0.0,0.0,0.0,16.07,0.76,0.0
20231013:0010,0.0,0.0,0.0,14.93,0.83,0.0
20231013:0110,0.0,0.0,0.0,13.94,0.76,0.0
20231013:0210,0.0,0.0,0.0,13.79,0.76,0.0
20231013:0310,0.0,0.0,0.0,13.85,0.9,0.0
20231013:0410,0.0,0.0,0.0,13.73,0.97,0.0
20231013:0510,0.0,0.0,0.0,13.7,0.97,0.0
20231013:0610,8.77,19.88,4.75,13.86,0.97,0.0
20231013:0710,93.57,112.76,14.42,14.4,0.69,0.0
20231013:0810,168.91,190.32,23.06,16.12,0.55,0.0
20231013:0910,243.05,268.3,30.07,17.54,0.34,0.0
20231013:1010,178.41,202.88,34.73,18.27,0.28,0.0
20231013:1110,187.0,212.35,36.37,19.18,0.62,0.0
20231013:1210,264.74,293.16,34.7,19.48,0.83,0.0
20231013:1310,244.52,271.81,30.02,19.63,0.97,0.0
20231013:1410,102.37,124.59,22.99,19.9,1.03,0.0
20231013:1510,115.93,143.19,14.35,19.45,0.97,0.0
20231013:1610,14.24,27.45,4.67,18.92,0.55,0.0
20231013:1710,0.0,0.0,0.0,18.57,0.07,0.0
20231013:1810,0.0,0.0,0.0,18.1,0.34,0.0
20231013:1910,0.0,0.0,0.0,16.6,0.83,0.0
20231013:2010,0.0,0.0,0.0,16.52,0.83,0.0
20231013:2110,0.0,0.0,0.0,16.55,0.76,0.0
20231013:2210,0.0,0.0,0.0,17.1,0.48,0.0
20231013:2310,0.0,0.0,0.0,16.9,0.34,0.0
20231014:0010,0.0,0.0,0.0,16.68,0.28,0.0
20231014:0110,0.0,0.0,0.0,16.5,0.28,0.0
20231014:0210,0.0,0.0,0.0,16.35,0.21,0.0
20231014:0310,0.0,0.0,0.0,16.22,0.14,0.0
20231014:0410,0.0,0.0,0.0,16.14,0.07,0.0
20231014:0510,0.0,0.0,0.0,16.02,0.07,0.0
20231014:0610,0.0,3.79,4.51,15.95,0.14,0.0
20231014:0710,28.22,43.68,14.16,15.24,0.21,0.0
20231014:0810,320.27,345.75,22.77,15.97,0.14,0.0
20231014:0910,393.45,425.11,29.75,16.71,0.21,0.0
20231014:1010,433.52,471.93,34.37,17.57,0.14,0.0
20231014:1110,252.79,280.12,35.99,18.26,0.28,0.0
20231014:1210,299.85,329.3,34.33,18.61,0.48,0.0
20231014:1310,209.32,235.12,29.66,19.26,0.76,0.0
20231014:1410,175.41,200.38,22.65,19.21,0.83,0.0
20231014:1510,156.62,194.27,14.02,18.8,0.55,0.0
20231014:1610,12.81,25.56,4.36,18.31,0.41,0.0
20231014:1710,0.0,0.0,0.0,17.44,0.76,0.0
20231014:1810,0.0,0.0,0.0,16.78,0.69,0.0
20231014:1910,0.0,0.0,0.0,16.05,0.83,0.0
20231014:2010,0.0,0.0,0.0,15.72,0.9,0.0
20231014:2110,0.0,0.0,0.0,15.18,1.03,0.0
20231014:2210,0.0,0.0,0.0,14.7,1.17,0.0
20231014:2310,0.0,0.0,0.0,14.2,1.24,0.0
20231015:0010,0.0,0.0,0.0,13.61,1.38,0.0
20231015:0110,0.0,0.0,0.0,13.16,1.52,0.0
20231015:0210,0.0,0.0,0.0,12.27,1.79,0.0
20231015:0310,0.0,0.0,0.0,11.58,2.0,0.0
20231015:0410,0.0,0.0,0.0,11.14,2.14,0.0
20231015:0510,0.0,0.0,0.0,10.74,2.21,0.0
20231015:0610,9.68,20.83,4.27,10.27,2.34,0.0
20231015:0710,209.41,227.22,13.9,12.56,2.48,0.0
20231015:0810,476.87,498.63,22.48,14.81,2.76,0.0
20231015:0910,513.52,537.67,29.42,15.72,3.31,0.0
20231015:1010,454.92,479.14,34.02,16.59,3.52,0.0
20231015:1110,314.9,337.08,35.62,17.12,3.79,0.0
20231015:1210,644.66,683.31,33.95,17.34,3.45,0.0
20231015:1310,450.7,477.55,29.29,17.34,3.24,0.0
20231015:1410,260.11,284.34,22.31,17.33,3.03,0.0
20231015:1510,80.13,100.99,13.7,16.93,2.62,0.0
20231015:1610,0.83,7.57,4.05,16.16,2.48,0.0
20231015:1710,0.0,0.0,0.0,14.86,1.66,0.0
20231015:1810,0.0,0.0,0.0,14.44,0.83,0.0
20231015:1910,0.0,0.0,0.0,12.96,2.28,0.0
20231015:2010,0.0,0.0,0.0,11.49,1.59,0.0
20231015:2110,0.0,0.0,0.0,12.94,0.9,0.0
20231015:2210,0.0,0.0,0.0,12.85,0.62,0.0
20231015:2310,0.0,0.0,0.0,12.47,0.34,0.0
20231016:0010,0.0,0.0,0.0,12.14,0.21,0.0
20231016:0110,0.0,0.0,0.0,12.0,0.21,0.0
20231016:0210,0.0,0.0,0.0,11.94,0.07,0.0
20231016:0310,0.0,0.0,0.0,11.82,0.28,0.0
20231016:0410,0.0,0.0,0.0,11.37,0.21,0.0
20231016:0510,0.0,0.0,0.0,10.97,0.28,0.0
20231016:0610,6.17,16.09,4.03,10.66,0.69,0.0
20231016:0710,63.63,80.46,13.64,10.39,0.9,0.0
20231016:0810,69.47,86.39,22.19,10.22,0.97,0.0
20231016:0910,310.8,325.95,29.1,10.36,1.03,0.0
20231016:1010,320.08,336.84,33.67,10.81,0.97,0.0
20231016:1110,457.77,479.79,35.25,11.14,0.83,0.0
20231016:1210,302.04,321.51,33.58,11.87,0.48,0.0
20231016:1310,286.52,306.34,28.94,11.98,0.21,0.0
20231016:1410,195.93,216.07,21.97,12.37,0.07,0.0
20231016:1510,112.66,136.2,13.38,12.19,0.28,0.0
20231016:1610,9.58,20.83,3.75,12.01,0.34,0.0
20231016:1710,0.0,0.0,0.0,11.49,0.41,0.0
20231016:1810,0.0,0.0,0.0,11.48,0.48,0.0
20231016:1910,0.0,0.0,0.0,10.08,0.76,0.0
20231016:2010,0.0,0.0,0.0,9.99,0.76,0.0
20231016:2110,0.0,0.0,0.0,10.7,0.62,0.0
20231016:2210,0.0,0.0,0.0,10.53,0.41,0.0
20231016:2310,0.0,0.0,0.0,10.43,0.21,0.0
20231017:0010,0.0,0.0,0.0,10.35,0.28,0.0
20231017:0110,0.0,0.0,0.0,10.25,0.34,0.0
20231017:0210,0.0,0.0,0.0,10.03,0.55,0.0
20231017:0310,0.0,0.0,0.0,9.52,0.76,0.0
20231017:0410,0.0,0.0,0.0,9.14,0.83,0.0
20231017:0510,0.0,0.0,0.0,8.92,0.83,0.0
20231017:0610,9.8,20.83,3.79,8.03,0.9,0.0
20231017:0710,326.53,343.97,13.38,9.07,0.69,0.0
20231017:0810,497.14,521.22,21.91,10.66,0.41,0.0
20231017:0910,405.37,428.52,28.79,11.67,0.0,0.0
20231017:1010,267.69,287.19,33.32,12.36,0.48,0.0
20231017:1110,267.1,287.54,34.88,13.33,0.76,0.0
20231017:1210,250.47,271.16,33.21,13.83,0.83,0.0
20231017:1310,304.11,325.71,28.58,13.98,0.83,0.0
20231017:1410,262.04,285.5,21.63,14.1,0.69,0.0
20231017:1510,98.74,121.44,13.06,13.91,0.83,0.0
20231017:1610,7.42,17.99,3.44,13.19,1.1,0.0
20231017:1710,0.0,0.0,0.0,11.91,1.03,0.0
20231017:1810,0.0,0.0,0.0,11.85,0.69,0.0
20231017:1910,0.0,0.0,0.0,11.02,0.21,0.0
20231017:2010,0.0,0.0,0.0,10.87,0.48,0.0
20231017:2110,0.0,0.0,0.0,10.78,0.48,0.0
20231017:2210,0.0,0.0,0.0,10.7,0.34,0.0
20231017:2310,0.0,0.0,0.0,10.58,0.21,0.0
20231018:0010,0.0,0.0,0.0,10.5,0.34,0.0
20231018:0110,0.0,0.0,0.0,10.46,0.55,0.0
20231018:0210,0.0,0.0,0.0,10.44,0.62,0.0
20231018:0310,0.0,0.0,0.0,10.48,0.48,0.0
20231018:0410,0.0,0.0,0.0,10.51,0.34,0.0
20231018:0510,0.0,0.0,0.0,10.5,0.34,0.0
20231018:0610,8.24,18.93,3.55,10.33,0.55,0.0
20231018:0710,59.17,75.73,13.12,9.88,0.69,0.0
20231018:0810,53.23,69.88,21.62,10.96,0.48,0.0
20231018:0910,55.82,72.8,28.47,11.65,0.41,0.0
20231018:1010,112.69,131.03,32.97,11.79,0.34,0.0
20231018:1110,64.05,81.53,34.52,12.04,0.21,0.0
20231018:1210,31.33,46.59,32.84,11.91,0.28,0.0
20231018:1310,146.6,165.0,28.23,11.74,0.48,0.0
20231018:1410,37.59,53.38,21.3,11.58,0.41,0.0
20231018:1510,9.27,20.38,12.74,11.37,0.34,0.0
20231018:1610,0.0,2.84,3.14,11.24,0.48,0.0
20231018:1710,0.0,0.0,0.0,11.08,0.41,0.0
20231018:1810,0.0,0.0,0.0,10.88,0.34,0.0
20231018:1910,0.0,0.0,0.0,10.5,0.07,0.0
20231018:2010,0.0,0.0,0.0,10.62,0.14,0.0
20231018:2110,0.0,0.0,0.0,10.59,0.21,0.0
20231018:2210,0.0,0.0,0.0,10.67,0.21,0.0
20231018:2310,0.0,0.0,0.0,10.79,0.48,0.0
20231019:0010,0.0,0.0,0.0,10.69,0.48,0.0
20231019:0110,0.0,0.0,0.0,10.88,0.41,0.0
20231019:0210,0.0,0.0,0.0,11.04,0.55,0.0
20231019:0310,0.0,0.0,0.0,10.92,0.48,0.0
20231019:0410,0.0,0.0,0.0,10.96,0.41,0.0
20231019:0510,0.0,0.0,0.0,10.94,0.55,0.0
20231019:0610,0.0,2.84,3.31,10.81,0.55,0.0
20231019:0710,34.14,49.5,12.86,10.92,0.14,0.0
20231019:0810,93.77,111.66,21.33,11.3,0.14,0.0
20231019:0910,27.92,42.71,28.15,11.47,0.28,0.0
20231019:1010,30.47,45.62,32.63,11.85,0.21,0.0
20231019:1110,71.51,89.3,34.16,12.16,0.21,0.0
20231019:1210,30.4,45.62,32.48,12.3,0.41,0.0
20231019:1310,34.8,50.47,27.88,12.23,0.41,0.0
20231019:1410,48.3,65.03,20.97,12.29,0.55,0.0
20231019:1510,19.4,33.0,12.43,12.06,0.41,0.0
20231019:1610,0.01,5.68,2.85,11.93,0.55,0.0
20231019:1710,0.0,0.0,0.0,11.71,0.55,0.0
20231019:1810,0.0,0.0,0.0,11.59,0.28,0.0
20231019:1910,0.0,0.0,0.0,11.47,0.14,0.0
20231019:2010,0.0,0.0,0.0,11.53,0.14,0.0
20231019:2110,0.0,0.0,0.0,11.68,0.21,0.0
20231019:2210,0.0,0.0,0.0,11.77,0.69,0.0
20231019:2310,0.0,0.0,0.0,11.74,0.83,0.0
20231020:0010,0.0,0.0,0.0,11.86,0.97,0.0
20231020:0110,0.0,0.0,0.0,11.92,0.55,0.0
20231020:0210,0.0,0.0,0.0,12.01,0.76,0.0
20231020:0310,0.0,0.0,0.0,11.89,0.69,0.0
20231020:0410,0.0,0.0,0.0,11.72,0.62,0.0
20231020:0510,0.0,0.0,0.0,11.78,1.03,0.0
20231020:0610,1.36,8.52,3.07,11.95,1.66,0.0
20231020:0710,7.08,17.47,12.6,12.48,2.07,0.0
20231020:0810,20.96,34.94,21.04,13.23,2.41,0.0
20231020:0910,31.07,46.59,27.83,14.04,3.17,0.0
20231020:1010,48.88,66.0,32.28,14.29,3.31,0.0
20231020:1110,66.31,84.44,33.79,14.64,3.1,0.0
20231020:1210,29.25,44.65,32.12,14.56,3.03,0.0
20231020:1310,50.55,67.94,27.53,14.74,2.55,0.0
20231020:1410,14.37,27.18,20.64,14.78,2.07,0.0
20231020:1510,4.97,14.56,12.13,14.76,2.0,0.0
20231020:1610,0.0,2.84,2.55,13.96,1.72,0.0
20231020:1710,0.0,0.0,0.0,13.11,1.31,0.0
20231020:1810,0.0,0.0,0.0,12.94,1.24,0.0
20231020:1910,0.0,0.0,0.0,12.1,0.9,0.0
20231020:2010,0.0,0.0,0.0,12.04,0.9,0.0
20231020:2110,0.0,0.0,0.0,12.3,0.97,0.0
20231020:2210,0.0,0.0,0.0,12.42,0.9,0.0
20231020:2310,0.0,0.0,0.0,12.44,0.97,0.0
20231021:0010,0.0,0.0,0.0,12.25,1.17,0.0
20231021:0110,0.0,0.0,0.0,12.21,1.17,0.0
20231021:0210,0.0,0.0,0.0,12.19,1.1,0.0
20231021:0310,0.0,0.0,0.0,12.23,1.03,0.0
20231021:0410,0.0,0.0,0.0,12.23,0.97,0.0
20231021:0510,0.0,0.0,0.0,12.34,0.83,0.0
20231021:0610,2.42,10.41,2.82,12.28,1.03,0.0
20231021:0710,70.8,88.7,12.33,12.68,0.69,0.0
20231021:0810,47.96,65.03,20.76,13.73,0.69,0.0
20231021:0910,57.02,74.74,27.51,14.09,0.9,0.0
20231021:1010,86.83,105.8,31.94,14.46,1.24,0.0
20231021:1110,91.26,110.65,33.44,15.25,1.52,0.0
20231021:1210,162.66,182.65,31.76,14.34,1.31,0.0
20231021:1310,34.35,50.47,27.19,15.07,1.72,0.0
20231021:1410,99.06,118.32,20.32,14.52,1.52,0.0
20231021:1510,4.99,14.56,11.82,14.11,0.97,0.0
20231021:1610,0.85,7.57,2.27,13.55,0.62,0.0
20231021:1710,0.0,0.0,0.0,12.51,0.9,0.0
20231021:1810,0.0,0.0,0.0,12.55,0.69,0.0
20231021:1910,0.0,0.0,0.0,12.23,0.55,0.0
20231021:2010,0.0,0.0,0.0,11.82,0.69,0.0
20231021:2110,0.0,0.0,0.0,11.7,0.69,0.0
20231021:2210,0.0,0.0,0.0,11.91,0.55,0.0
20231021:2310,0.0,0.0,0.0,11.92,0.41,0.0
20231022:0010,0.0,0.0,0.0,12.05,0.41,0.0
20231022:0110,0.0,0.0,0.0,12.02,0.34,0.0
20231022:0210,0.0,0.0,0.0,12.1,0.21,0.0
20231022:0310,0.0,0.0,0.0,11.88,0.48,0.0
20231022:0410,0.0,0.0,0.0,11.88,0.48,0.0
20231022:0510,0.0,0.0,0.0,11.57,0.48,0.0
20231022:0610,4.22,13.25,2.58,11.0,0.83,0.0
20231022:0710,168.78,186.32,12.07,10.24,0.69,0.0
20231022:0810,410.15,430.93,20.47,12.22,0.69,0.0
20231022:0910,278.79,299.04,27.2,13.33,0.34,0.0
20231022:1010,189.41,210.3,31.6,14.35,0.41,0.0
20231022:1110,533.96,573.89,33.08,14.94,0.48,0.0
20231022:1210,439.3,471.5,31.41,15.4,0.41,0.0
20231022:1310,358.39,384.5,26.85,15.62,0.83,0.0
20231022:1410,257.24,282.85,20.0,15.65,1.03,0.0
20231022:1510,99.75,126.22,11.52,15.21,0.83,0.0
20231022:1610,0.0,5.68,1.98,14.59,0.55,0.0
20231022:1710,0.0,0.0,0.0,14.18,0.34,0.0
20231022:1810,0.0,0.0,0.0,13.23,0.48,0.0
20231022:1910,0.0,0.0,0.0,13.26,0.69,0.0
20231022:2010,0.0,0.0,0.0,13.07,0.76,0.0
20231022:2110,0.0,0.0,0.0,12.85,0.76,0.0
20231022:2210,0.0,0.0,0.0,12.51,0.83,0.0
20231022:2310,0.0,0.0,0.0,12.06,0.97,0.0
20231023:0010,0.0,0.0,0.0,11.94,0.97,0.0
20231023:0110,0.0,0.0,0.0,11.92,0.83,0.0
20231023:0210,0.0,0.0,0.0,11.66,0.9,0.0
20231023:0310,0.0,0.0,0.0,11.23,0.97,0.0
20231023:0410,0.0,0.0,0.0,11.03,0.97,0.0
20231023:0510,0.0,0.0,0.0,10.84,1.03,0.0
20231023:0610,0.01,5.68,2.34,10.78,1.03,0.0
20231023:0710,51.76,68.36,11.81,11.09,0.83,0.0
20231023:0810,48.2,65.03,20.18,12.73,0.69,0.0
20231023:0910,131.19,150.24,26.88,13.15,0.76,0.0
20231023:1010,100.24,119.39,31.26,14.01,0.9,0.0
20231023:1110,30.96,46.59,32.73,14.32,0.83,0.0
20231023:1210,28.38,43.68,31.06,14.31,0.69,0.0
20231023:1310,22.47,36.88,26.51,14.23,0.62,0.0
20231023:1410,51.48,68.91,19.68,14.15,0.55,0.0
20231023:1510,19.22,33.0,11.23,13.89,0.62,0.0
20231023:1610,0.0,1.89,1.7,13.4,0.76,0.0
20231023:1710,0.0,0.0,0.0,13.07,0.83,0.0
20231023:1810,0.0,0.0,0.0,12.88,0.69,0.0
20231023:1910,0.0,0.0,0.0,12.18,0.76,0.0
20231023:2010,0.0,0.0,0.0,12.15,0.83,0.0
20231023:2110,0.0,0.0,0.0,12.06,0.76,0.0
20231023:2210,0.0,0.0,0.0,11.97,0.83,0.0
20231023:2310,0.0,0.0,0.0,11.96,0.76,0.0
20231024:0010,0.0,0.0,0.0,12.18,0.48,0.0
20231024:0110,0.0,0.0,0.0,12.21,0.41,0.0
20231024:0210,0.0,0.0,0.0,11.97,0.55,0.0
20231024:0310,0.0,0.0,0.0,11.86,0.55,0.0
20231024:0410,0.0,0.0,0.0,11.8,0.62,0.0
20231024:0510,0.0,0.0,0.0,11.67,0.55,0.0
20231024:0610,0.0,2.84,2.1,11.79,0.41,0.0
20231024:0710,12.27,24.27,11.55,11.63,0.55,0.0
20231024:0810,27.04,41.74,19.9,11.65,0.62,0.0
20231024:0910,22.77,36.88,26.57,11.8,0.69,0.0
20231024:1010,57.64,74.74,30.92,11.87,0.69,0.0
20231024:1110,64.12,81.53,32.38,12.01,0.62,0.0
20231024:1210,51.06,67.94,30.71,12.27,0.69,0.0
20231024:1310,21.84,35.91,26.18,12.59,0.69,0.0
20231024:1410,22.65,36.88,19.37,12.78,0.55,0.0
20231024:1510,16.1,29.12,10.94,12.72,0.48,0.0
20231024:1610,0.0,0.95,1.42,12.67,0.14,0.0
20231024:1710,0.0,0.0,0.0,12.55,0.41,0.0
20231024:1810,0.0,0.0,0.0,12.42,0.34,0.0
20231024:1910,0.0,0.0,0.0,11.8,0.69,0.0
20231024:2010,0.0,0.0,0.0,11.84,0.48,0.0
20231024:2110,0.0,0.0,0.0,11.78,0.48,0.0
20231024:2210,0.0,0.0,0.0,11.0,0.83,0.0
20231024:2310,0.0,0.0,0.0,10.43,1.03,0.0
20231025:0010,0.0,0.0,0.0,10.18,1.03,0.0
20231025:0110,0.0,0.0,0.0,9.56,1.17,0.0
20231025:0210,0.0,0.0,0.0,9.19,1.17,0.0
20231025:0310,0.0,0.0,0.0,8.89,1.17,0.0
20231025:0410,0.0,0.0,0.0,8.23,1.17,0.0
20231025:0510,0.0,0.0,0.0,8.16,1.31,0.0
20231025:0610,0.03,5.68,1.85,8.05,1.38,0.0
20231025:0710,125.07,142.04,11.29,9.11,0.83,0.0
20231025:0810,122.88,140.22,19.61,10.79,0.69,0.0
20231025:0910,135.79,154.19,26.26,11.79,0.34,0.0
20231025:1010,360.73,384.79,30.58,13.31,0.07,0.0
20231025:1110,237.77,259.12,32.03,14.29,0.48,0.0
20231025:1210,308.14,330.65,30.37,14.93,0.97,0.0
20231025:1310,372.04,396.62,25.85,15.16,1.24,0.0
20231025:1410,35.27,51.44,19.07,14.74,1.38,0.0
20231025:1510,42.74,60.0,10.65,14.3,1.17,0.0
20231025:1610,0.0,0.0,0.0,13.59,0.69,0.0
20231025:1710,0.0,0.0,0.0,13.08,0.07,0.0
20231025:1810,0.0,0.0,0.0,12.48,0.62,0.0
20231025:1910,0.0,0.0,0.0,11.57,0.83,0.0
20231025:2010,0.0,0.0,0.0,11.29,0.97,0.0
20231025:2110,0.0,0.0,0.0,11.37,1.03,0.0
20231025:2210,0.0,0.0,0.0,11.37,1.03,0.0
20231025:2310,0.0,0.0,0.0,11.58,0.97,0.0
20231026:0010,0.0,0.0,0.0,11.84,0.76,0.0
20231026:0110,0.0,0.0,0.0,12.07,0.48,0.0
20231026:0210,0.0,0.0,0.0,11.9,0.34,0.0
20231026:0310,0.0,0.0,0.0,11.54,0.55,0.0
20231026:0410,0.0,0.0,0.0,11.5,0.55,0.0
20231026:0510,0.0,0.0,0.0,11.51,0.34,0.0
20231026:0610,0.0,1.89,1.61,11.35,0.41,0.0
20231026:0710,123.5,141.22,11.03,10.19,0.69,0.0
20231026:0810,182.52,200.09,19.32,11.7,0.28,0.0
20231026:0910,104.55,123.27,25.95,12.82,0.55,0.0
20231026:1010,116.54,135.89,30.25,13.37,0.21,0.0
20231026:1110,42.56,59.21,31.68,13.47,0.07,0.0
20231026:1210,247.15,267.86,30.03,13.67,0.41,0.0
20231026:1310,196.81,217.21,25.53,13.83,0.28,0.0
20231026:1410,27.57,42.71,18.76,13.97,0.48,0.0
20231026:1510,19.24,33.0,10.37,13.68,0.48,0.0
20231026:1610,0.0,0.0,0.0,13.14,0.48,0.0
20231026:1710,0.0,0.0,0.0,12.81,0.07,0.0
20231026:1810,0.0,0.0,0.0,12.15,0.76,0.0
20231026:1910,0.0,0.0,0.0,12.0,1.17,0.0
20231026:2010,0.0,0.0,0.0,11.74,0.83,0.0
20231026:2110,0.0,0.0,0.0,11.83,0.69,0.0
20231026:2210,0.0,0.0,0.0,11.93,0.83,0.0
20231026:2310,0.0,0.0,0.0,11.87,0.83,0.0
20231027:0010,0.0,0.0,0.0,12.02,0.97,0.0
20231027:0110,0.0,0.0,0.0,11.95,1.1,0.0
20231027:0210,0.0,0.0,0.0,11.88,0.83,0.0
20231027:0310,0.0,0.0,0.0,11.95,0.69,0.0
20231027:0410,0.0,0.0,0.0,11.73,0.76,0.0
20231027:0510,0.0,0.0,0.0,11.44,0.97,0.0
20231027:0610,0.0,4.73,1.37,11.08,1.03,0.0
20231027:0710,244.78,263.43,10.77,10.42,1.03,0.0
20231027:0810,494.36,519.54,19.04,12.74,1.1,0.0
20231027:0910,633.23,674.0,25.64,14.3,1.31,0.0
20231027:1010,690.51,743.16,29.92,15.76,1.52,0.0
20231027:1110,681.43,736.15,31.34,16.96,1.66,0.0
20231027:1210,643.65,696.09,29.69,17.68,1.59,0.0
20231027:1310,509.86,549.76,25.21,17.99,1.52,0.0
20231027:1410,226.23,253.22,18.46,17.92,1.52,0.0
20231027:1510,67.09,89.97,10.09,17.34,1.03,0.0
20231027:1610,0.0,0.0,0.0,15.71,1.03,0.0
20231027:1710,0.0,0.0,0.0,14.58,1.03,0.0
20231027:1810,0.0,0.0,0.0,13.81,1.03,0.0
20231027:1910,0.0,0.0,0.0,12.43,1.17,0.0
20231027:2010,0.0,0.0,0.0,11.47,1.24,0.0
20231027:2110,0.0,0.0,0.0,10.65,1.38,0.0
20231027:2210,0.0,0.0,0.0,10.38,1.38,0.0
20231027:2310,0.0,0.0,0.0,10.1,1.38,0.0
20231028:0010,0.0,0.0,0.0,9.6,1.45,0.0
20231028:0110,0.0,0.0,0.0,9.19,1.45,0.0
20231028:0210,0.0,0.0,0.0,8.7,1.59,0.0
20231028:0310,0.0,0.0,0.0,8.68,1.52,0.0
20231028:0410,0.0,0.0,0.0,9.06,1.31,0.0
20231028:0510,0.0,0.0,0.0,9.75,1.1,0.0
20231028:0610,0.0,0.0,0.0,10.23,0.9,0.0
20231028:0710,286.05,301.31,10.51,7.35,1.24,0.0
20231028:0810,505.02,525.74,18.76,10.15,0.9,0.0
20231028:0910,388.44,409.94,25.33,12.5,0.41,0.0
20231028:1010,381.7,405.66,29.59,13.83,0.55,0.0
20231028:1110,639.02,686.56,31.01,14.63,0.97,0.0
20231028:1210,352.89,376.8,29.36,14.9,0.9,0.0
20231028:1310,320.78,344.63,24.89,15.07,0.76,0.0
20231028:1410,277.53,305.48,18.17,15.01,0.83,0.0
20231028:1510,113.39,149.61,9.81,14.6,0.55,0.0
20231028:1610,0.0,0.0,0.0,14.21,0.14,0.0
20231028:1710,0.0,0.0,0.0,13.67,0.21,0.0
20231028:1810,0.0,0.0,0.0,13.13,0.07,0.0
20231028:1910,0.0,0.0,0.0,10.0,1.1,0.0
20231028:2010,0.0,0.0,0.0,11.01,1.1,0.0
20231028:2110,0.0,0.0,0.0,10.89,1.1,0.0
20231028:2210,0.0,0.0,0.0,10.92,1.1,0.0
20231028:2310,0.0,0.0,0.0,11.15,1.03,0.0
20231029:0010,0.0,0.0,0.0,10.88,1.03,0.0
20231029:0110,0.0,0.0,0.0,10.8,1.03,0.0
20231029:0210,0.0,0.0,0.0,10.81,1.03,0.0
20231029:0310,0.0,0.0,0.0,10.81,1.03,0.0
20231029:0410,0.0,0.0,0.0,11.08,1.1,0.0
20231029:0510,0.0,0.0,0.0,10.98,1.1,0.0
20231029:0610,0.0,0.0,0.0,11.0,1.24,0.0
20231029:0710,22.92,36.88,10.25,10.55,0.83,0.0
20231029:0810,101.94,119.5,18.48,11.1,0.76,0.0
20231029:0910,21.14,34.94,25.02,11.41,0.62,0.0
20231029:1010,26.19,40.77,29.27,11.67,0.76,0.0
20231029:1110,28.75,43.68,30.67,11.89,0.97,0.0
20231029:1210,26.13,40.77,29.03,12.11,1.1,0.0
20231029:1310,20.21,33.97,24.58,12.36,1.1,0.0
20231029:1410,20.23,33.97,17.88,12.19,1.03,0.0
20231029:1510,5.06,14.56,9.54,12.17,1.1,0.0
20231029:1610,0.0,0.0,0.0,12.03,1.03,0.0
20231029:1710,0.0,0.0,0.0,11.99,1.17,0.0
20231029:1810,0.0,0.0,0.0,11.93,1.17,0.0
20231029:1910,0.0,0.0,0.0,11.32,0.9,0.0
20231029:2010,0.0,0.0,0.0,11.34,0.69,0.0
20231029:2110,0.0,0.0,0.0,11.55,0.83,0.0
20231029:2210,0.0,0.0,0.0,11.53,0.76,0.0
20231029:2310,0.0,0.0,0.0,11.65,0.69,0.0
20231030:0010,0.0,0.0,0.0,11.72,0.62,0.0
20231030:0110,0.0,0.0,0.0,11.81,0.62,0.0
20231030:0210,0.0,0.0,0.0,11.84,0.62,0.0
20231030:0310,0.0,0.0,0.0,11.82,0.62,0.0
20231030:0410,0.0,0.0,0.0,11.84,0.62,0.0
20231030:0510,0.0,0.0,0.0,11.82,0.62,0.0
20231030:0610,0.0,0.0,0.0,11.9,0.69,0.0
20231030:0710,5.73,15.53,9.99,11.91,0.28,0.0
20231030:0810,21.87,35.91,18.2,12.29,0.41,0.0
20231030:0910,26.93,41.74,24.72,12.42,0.34,0.0
20231030:1010,36.5,52.41,28.94,12.59,0.34,0.0
20231030:1110,27.75,42.71,30.34,12.66,0.41,0.0
20231030:1210,38.28,54.35,28.7,12.68,0.55,0.0
20231030:1310,33.82,49.5,24.27,12.74,0.28,0.0
20231030:1410,23.48,37.85,17.59,12.79,0.41,0.0
20231030:1510,7.76,18.44,9.28,12.77,0.48,0.0
20231030:1610,0.0,0.0,0.0,12.47,0.48,0.0
20231030:1710,0.0,0.0,0.0,12.37,0.41,0.0
20231030:1810,0.0,0.0,0.0,12.36,1.1,0.0
20231030:1910,0.0,0.0,0.0,12.61,1.38,0.0
20231030:2010,0.0,0.0,0.0,12.55,0.76,0.0
20231030:2110,0.0,0.0,0.0,12.55,0.69,0.0
20231030:2210,0.0,0.0,0.0,12.32,0.55,0.0
20231030:2310,0.0,0.0,0.0,12.2,0.55,0.0
20231031:0010,0.0,0.0,0.0,12.03,0.62,0.0
20231031:0110,0.0,0.0,0.0,11.7,1.03,0.0
20231031:0210,0.0,0.0,0.0,11.23,1.31,0.0
20231031:0310,0.0,0.0,0.0,11.21,1.72,0.0
20231031:0410,0.0,0.0,0.0,11.02,1.79,0.0
20231031:0510,0.0,0.0,0.0,10.5,1.66,0.0
20231031:0610,0.0,0.0,0.0,10.26,1.52,0.0
20231031:0710,6.48,16.5,9.73,10.16,1.59,0.0
20231031:0810,68.58,85.41,17.92,10.21,1.45,0.0
20231031:0910,203.15,219.85,24.42,11.42,1.17,0.0
20231031:1010,445.41,466.61,28.62,12.44,1.17,0.0
20231031:1110,685.94,732.9,30.01,13.61,1.24,0.0
20231031:1210,639.92,685.79,28.38,14.6,1.1,0.0
20231031:1310,506.97,542.36,23.97,15.15,1.03,0.0
20231031:1410,296.18,327.14,17.31,15.34,0.9,0.0
20231031:1510,95.22,128.39,9.02,14.99,0.62,0.0
20231031:1610,0.0,0.0,0.0,13.91,0.62,0.0
20231031:1710,0.0,0.0,0.0,13.25,0.76,0.0
20231031:1810,0.0,0.0,0.0,12.17,0.9,0.0
20231031:1910,0.0,0.0,0.0,11.71,0.97,0.0
20231031:2010,0.0,0.0,0.0,11.09,1.03,0.0
20231031:2110,0.0,0.0,0.0,10.35,1.31,0.0
20231031:2210,0.0,0.0,0.0,8.95,1.66,0.0
20231031:2310,0.0,0.0,0.0,8.34,1.79,0.0
20231101:0010,0.0,0.0,0.0,7.67,1.86,0.0
20231101:0110,0.0,0.0,0.0,7.42,1.66,0.0
20231101:0210,0.0,0.0,0.0,7.2,1.59,0.0
20231101:0310,0.0,0.0,0.0,6.95,1.45,0.0
20231101:0410,0.0,0.0,0.0,6.72,1.45,0.0
20231101:0510,0.0,0.0,0.0,6.39,1.45,0.0
20231101:0610,0.0,0.0,0.0,6.61,1.38,0.0
20231101:0710,37.08,51.64,9.47,5.71,1.38,0.0
20231101:0810,271.46,283.76,17.64,8.82,1.1,0.0
20231101:0910,134.95,152.51,24.12,10.96,0.83,0.0
20231101:1010,196.14,214.46,28.31,11.91,0.48,0.0
20231101:1110,108.77,127.15,29.69,12.19,0.76,0.0
20231101:1210,113.78,132.0,28.07,11.91,0.9,0.0
20231101:1310,20.3,33.97,23.67,11.47,0.76,0.0
20231101:1410,20.34,33.97,17.04,11.14,0.76,0.0
20231101:1510,27.16,41.74,8.76,10.84,0.62,0.0
20231101:1610,0.0,0.0,0.0,10.4,0.55,0.0
20231101:1710,0.0,0.0,0.0,10.02,0.76,0.0
20231101:1810,0.0,0.0,0.0,9.79,0.76,0.0
20231101:1910,0.0,0.0,0.0,9.53,0.9,0.0
20231101:2010,0.0,0.0,0.0,9.42,0.69,0.0
20231101:2110,0.0,0.0,0.0,9.57,0.69,0.0
20231101:2210,0.0,0.0,0.0,9.55,0.9,0.0
20231101:2310,0.0,0.0,0.0,9.48,0.97,0.0
20231102:0010,0.0,0.0,0.0,9.22,0.97,0.0
20231102:0110,0.0,0.0,0.0,9.0,1.03,0.0
20231102:0210,0.0,0.0,0.0,9.02,0.9,0.0
20231102:0310,0.0,0.0,0.0,9.14,0.97,0.0
20231102:0410,0.0,0.0,0.0,9.13,0.76,0.0
20231102:0510,0.0,0.0,0.0,9.2,0.97,0.0
20231102:0610,0.0,0.0,0.0,9.19,1.17,0.0
20231102:0710,10.91,22.32,9.22,9.03,0.9,0.0
20231102:0810,25.66,39.8,17.36,9.17,0.83,0.0
20231102:0910,28.26,42.71,23.82,9.3,0.9,0.0
20231102:1010,29.1,43.68,27.99,9.39,0.41,0.0
20231102:1110,28.19,42.71,29.37,9.67,0.34,0.0
20231102:1210,39.74,55.33,27.76,9.72,0.14,0.0
20231102:1310,35.25,50.47,23.38,9.78,0.62,0.0
20231102:1410,23.03,36.88,16.77,9.68,0.97,0.0
20231102:1510,5.81,15.53,8.51,9.61,1.03,0.0
20231102:1610,0.0,0.0,0.0,9.6,1.1,0.0
20231102:1710,0.0,0.0,0.0,9.52,0.97,0.0
20231102:1810,0.0,0.0,0.0,9.67,1.1,0.0
20231102:1910,0.0,0.0,0.0,9.78,0.83,0.0
20231102:2010,0.0,0.0,0.0,10.14,0.28,0.0
20231102:2110,0.0,0.0,0.0,10.23,0.21,0.0
20231102:2210,0.0,0.0,0.0,9.85,0.48,0.0
20231102:2310,0.0,0.0,0.0,9.41,0.55,0.0
20231103:0010,0.0,0.0,0.0,7.92,1.24,0.0
20231103:0110,0.0,0.0,0.0,7.91,1.17,0.0
20231103:0210,0.0,0.0,0.0,7.84,1.03,0.0
20231103:0310,0.0,0.0,0.0,7.69,1.03,0.0
20231103:0410,0.0,0.0,0.0,7.2,1.17,0.0
20231103:0510,0.0,0.0,0.0,7.74,1.38,0.0
20231103:0610,0.0,0.0,0.0,7.85,1.59,0.0
20231103:0710,13.37,25.24,8.96,7.18,1.52,0.0
20231103:0810,38.43,53.38,17.09,7.44,1.31,0.0
20231103:0910,133.0,148.71,23.52,8.27,1.17,0.0
20231103:1010,347.03,359.81,27.68,9.22,1.17,0.0
20231103:1110,706.67,744.14,29.05,10.21,1.17,0.0
20231103:1210,641.26,675.74,27.45,11.34,1.1,0.0
20231103:1310,304.09,322.1,23.09,12.16,1.24,0.0
20231103:1410,304.13,331.9,16.5,12.26,1.03,0.0
20231103:1510,114.89,158.86,8.27,11.97,0.97,0.0
20231103:1610,0.0,0.0,0.0,10.81,1.03,0.0
20231103:1710,0.0,0.0,0.0,10.21,1.03,0.0
20231103:1810,0.0,0.0,0.0,9.95,1.03,0.0
20231103:1910,0.0,0.0,0.0,8.35,1.31,0.0
20231103:2010,0.0,0.0,0.0,8.42,1.17,0.0
20231103:2110,0.0,0.0,0.0,8.13,1.17,0.0
20231103:2210,0.0,0.0,0.0,7.77,1.17,0.0
20231103:2310,0.0,0.0,0.0,7.3,1.17,0.0
20231104:0010,0.0,0.0,0.0,6.67,1.17,0.0
20231104:0110,0.0,0.0,0.0,6.24,1.17,0.0
20231104:0210,0.0,0.0,0.0,5.31,1.31,0.0
20231104:0310,0.0,0.0,0.0,4.75,1.38,0.0
20231104:0410,0.0,0.0,0.0,4.75,1.31,0.0
20231104:0510,0.0,0.0,0.0,5.15,1.17,0.0
20231104:0610,0.0,0.0,0.0,5.53,1.03,0.0
20231104:0710,46.1,60.59,8.71,3.12,1.17,0.0
20231104:0810,177.87,189.45,16.81,5.15,0.97,0.0
20231104:0910,70.74,86.39,23.23,6.39,0.69,0.0
20231104:1010,111.29,127.15,27.37,7.49,0.83,0.0
20231104:1110,97.45,113.56,28.74,7.88,1.1,0.0
20231104:1210,55.93,71.83,27.15,8.1,1.1,0.0
20231104:1310,22.37,35.91,22.81,8.13,1.17,0.0
20231104:1410,23.24,36.88,16.24,7.95,0.83,0.0
20231104:1510,15.74,28.15,8.03,7.67,0.9,0.0
20231104:1610,0.0,0.0,0.0,7.46,0.97,0.0
20231104:1710,0.0,0.0,0.0,7.3,1.03,0.0
20231104:1810,0.0,0.0,0.0,7.17,1.31,0.0
20231104:1910,0.0,0.0,0.0,6.34,1.31,0.0
20231104:2010,0.0,0.0,0.0,6.13,1.52,0.0
20231104:2110,0.0,0.0,0.0,6.1,1.38,0.0
20231104:2210,0.0,0.0,0.0,6.11,1.24,0.0
20231104:2310,0.0,0.0,0.0,6.15,1.17,0.0
20231105:0010,0.0,0.0,0.0,6.15,1.17,0.0
20231105:0110,0.0,0.0,0.0,6.13,0.97,0.0
20231105:0210,0.0,0.0,0.0,6.08,0.76,0.0
20231105:0310,0.0,0.0,0.0,6.28,0.62,0.0
20231105:0410,0.0,0.0,0.0,6.49,0.34,0.0
20231105:0510,0.0,0.0,0.0,6.47,0.48,0.0
20231105:0610,0.0,0.0,0.0,6.35,0.48,0.0
20231105:0710,247.41,264.43,8.46,6.57,0.55,0.0
20231105:0810,432.1,443.92,16.54,7.29,0.76,0.0
20231105:0910,610.17,632.32,22.94,8.1,0.83,0.0
20231105:1010,657.58,690.53,27.07,9.25,0.69,0.0
20231105:1110,688.93,736.63,28.44,10.09,0.21,0.0
20231105:1210,634.1,673.47,26.85,10.57,0.34,0.0
20231105:1310,498.08,527.34,22.53,10.97,0.28,0.0
20231105:1410,311.88,341.65,15.98,10.94,0.14,0.0
20231105:1510,97.89,136.18,7.79,10.7,0.14,0.0
20231105:1610,0.0,0.0,0.0,10.11,0.55,0.0
20231105:1710,0.0,0.0,0.0,8.97,0.97,0.0
20231105:1810,0.0,0.0,0.0,8.23,1.17,0.0
20231105:1910,0.0,0.0,0.0,8.44,1.24,0.0
20231105:2010,0.0,0.0,0.0,7.98,1.31,0.0
20231105:2110,0.0,0.0,0.0,7.52,1.31,0.0
20231105:2210,0.0,0.0,0.0,6.69,1.38,0.0
20231105:2310,0.0,0.0,0.0,6.0,1.45,0.0
20231106:0010,0.0,0.0,0.0,4.61,1.59,0.0
20231106:0110,0.0,0.0,0.0,4.18,1.59,0.0
20231106:0210,0.0,0.0,0.0,3.95,1.72,0.0
20231106:0310,0.0,0.0,0.0,3.8,1.86,0.0
20231106:0410,0.0,0.0,0.0,3.66,2.0,0.0
20231106:0510,0.0,0.0,0.0,3.8,2.07,0.0
20231106:0610,0.0,0.0,0.0,3.87,1.93,0.0
20231106:0710,269.83,282.97,8.2,4.19,1.59,0.0
20231106:0810,488.51,496.11,16.27,5.73,1.31,0.0
20231106:0910,634.03,656.08,22.65,7.98,1.03,0.0
20231106:1010,692.29,739.39,26.77,10.94,0.48,0.0
20231106:1110,687.55,739.26,28.13,12.51,0.55,0.0
20231106:1210,636.76,679.62,26.56,13.06,0.83,0.0
20231106:1310,427.33,452.52,22.25,13.15,0.97,0.0
20231106:1410,121.62,141.23,15.73,12.9,1.03,0.0
20231106:1510,17.74,31.06,7.56,12.43,0.97,0.0
20231106:1610,0.0,0.0,0.0,11.53,0.9,0.0
20231106:1710,0.0,0.0,0.0,10.69,0.69,0.0
20231106:1810,0.0,0.0,0.0,10.43,0.62,0.0
20231106:1910,0.0,0.0,0.0,10.57,0.83,0.0
20231106:2010,0.0,0.0,0.0,10.67,0.69,0.0
20231106:2110,0.0,0.0,0.0,9.91,0.76,0.0
20231106:2210,0.0,0.0,0.0,9.6,0.69,0.0
20231106:2310,0.0,0.0,0.0,9.37,0.69,0.0
20231107:0010,0.0,0.0,0.0,9.67,0.55,0.0
20231107:0110,0.0,0.0,0.0,8.49,0.69,0.0
20231107:0210,0.0,0.0,0.0,6.54,1.03,0.0
20231107:0310,0.0,0.0,0.0,6.79,1.03,0.0
20231107:0410,0.0,0.0,0.0,6.88,1.03,0.0
20231107:0510,0.0,0.0,0.0,7.12,1.03,0.0
20231107:0610,0.0,0.0,0.0,6.84,1.1,0.0
20231107:0710,37.75,52.86,7.95,7.65,0.9,0.0
20231107:0810,71.5,87.82,16.0,8.43,0.69,0.0
20231107:0910,35.45,50.47,22.37,8.7,0.69,0.0
20231107:1010,88.17,104.83,26.47,8.84,0.69,0.0
20231107:1110,517.89,538.38,27.83,8.99,0.55,0.0
20231107:1210,410.74,424.98,26.27,8.92,0.83,0.0
20231107:1310,39.92,55.33,21.99,9.06,1.1,0.0
20231107:1410,10.15,21.35,15.49,9.13,0.97,0.0
20231107:1510,91.38,128.01,7.34,9.19,0.76,0.0
20231107:1610,0.0,0.0,0.0,8.64,0.69,0.0
20231107:1710,0.0,0.0,0.0,8.56,0.41,0.0
20231107:1810,0.0,0.0,0.0,7.91,0.41,0.0
20231107:1910,0.0,0.0,0.0,8.36,0.9,0.0
20231107:2010,0.0,0.0,0.0,7.38,1.17,0.0
20231107:2110,0.0,0.0,0.0,6.51,1.31,0.0
20231107:2210,0.0,0.0,0.0,4.88,1.38,0.0
20231107:2310,0.0,0.0,0.0,3.68,1.52,0.0
20231108:0010,0.0,0.0,0.0,3.6,1.59,0.0
20231108:0110,0.0,0.0,0.0,3.28,1.72,0.0
20231108:0210,0.0,0.0,0.0,3.06,1.86,0.0
20231108:0310,0.0,0.0,0.0,2.87,2.0,0.0
20231108:0410,0.0,0.0,0.0,2.92,2.0,0.0
20231108:0510,0.0,0.0,0.0,2.96,2.0,0.0
20231108:0610,0.0,0.0,0.0,2.85,1.93,0.0
20231108:0710,23.85,36.92,7.71,3.33,1.79,0.0
20231108:0810,496.03,501.54,15.74,4.86,1.45,0.0
20231108:0910,647.19,667.63,22.09,7.21,1.1,0.0
20231108:1010,706.84,747.11,26.18,9.3,0.69,0.0
20231108:1110,692.13,746.24,27.54,10.83,0.07,0.0
20231108:1210,646.76,690.43,25.99,11.61,0.48,0.0
20231108:1310,507.94,537.67,21.72,11.85,0.76,0.0
20231108:1410,326.23,357.9,15.25,11.65,0.83,0.0
20231108:1510,93.77,133.58,7.12,11.08,0.76,0.0
20231108:1610,0.0,0.0,0.0,9.73,0.76,0.0
20231108:1710,0.0,0.0,0.0,9.89,0.41,0.0
20231108:1810,0.0,0.0,0.0,9.42,0.0,0.0
20231108:1910,0.0,0.0,0.0,8.04,0.76,0.0
20231108:2010,0.0,0.0,0.0,7.94,0.97,0.0
20231108:2110,0.0,0.0,0.0,7.37,1.03,0.0
20231108:2210,0.0,0.0,0.0,6.81,1.03,0.0
20231108:2310,0.0,0.0,0.0,6.38,1.1,0.0
20231109:0010,0.0,0.0,0.0,6.24,1.03,0.0
20231109:0110,0.0,0.0,0.0,6.07,1.03,0.0
20231109:0210,0.0,0.0,0.0,6.38,0.97,0.0
20231109:0310,0.0,0.0,0.0,6.33,0.9,0.0
20231109:0410,0.0,0.0,0.0,6.23,0.97,0.0
20231109:0510,0.0,0.0,0.0,6.0,1.1,0.0
20231109:0610,0.0,0.0,0.0,5.83,1.17,0.0
20231109:0710,25.36,38.82,7.46,4.91,1.45,0.0
20231109:0810,18.38,31.06,15.48,5.95,1.24,0.0
20231109:0910,95.16,110.65,21.81,6.51,1.17,0.0
20231109:1010,45.03,60.18,25.89,6.75,1.24,0.0
20231109:1110,49.64,65.03,27.25,7.02,1.31,0.0
20231109:1210,93.8,109.68,25.71,7.34,1.17,0.0
20231109:1310,81.09,97.06,21.47,7.31,0.9,0.0
20231109:1410,27.67,41.74,15.01,7.3,0.9,0.0
20231109:1510,40.94,59.27,6.91,7.12,0.9,0.0
20231109:1610,0.0,0.0,0.0,6.93,0.9,0.0
20231109:1710,0.0,0.0,0.0,6.84,1.03,0.0
20231109:1810,0.0,0.0,0.0,6.81,1.24,0.0
20231109:1910,0.0,0.0,0.0,6.32,1.1,0.0
20231109:2010,0.0,0.0,0.0,6.28,1.1,0.0
20231109:2110,0.0,0.0,0.0,6.26,1.03,0.0
20231109:2210,0.0,0.0,0.0,6.2,0.97,0.0
20231109:2310,0.0,0.0,0.0,6.11,0.9,0.0
20231110:0010,0.0,0.0,0.0,6.05,0.76,0.0
20231110:0110,0.0,0.0,0.0,6.33,0.55,0.0
20231110:0210,0.0,0.0,0.0,6.44,0.48,0.0
20231110:0310,0.0,0.0,0.0,6.44,0.34,0.0
20231110:0410,0.0,0.0,0.0,6.29,0.41,0.0
20231110:0510,0.0,0.0,0.0,6.26,0.48,0.0
20231110:0610,0.0,0.0,0.0,6.32,0.55,0.0
20231110:0710,32.1,46.39,7.22,6.09,0.41,0.0
20231110:0810,117.62,132.57,15.21,6.6,0.55,0.0
20231110:0910,283.26,294.03,21.53,6.89,0.41,0.0
20231110:1010,357.57,369.49,25.6,7.48,0.34,0.0
20231110:1110,347.59,361.08,26.97,8.1,0.28,0.0
20231110:1210,506.93,527.89,25.43,8.57,0.28,0.0
20231110:1310,427.54,446.08,21.21,9.0,0.55,0.0
20231110:1410,230.23,251.55,14.78,9.04,0.69,0.0
20231110:1510,54.7,78.39,6.7,8.77,0.9,0.0
20231110:1610,0.0,0.0,0.0,8.27,0.97,0.0
20231110:1710,0.0,0.0,0.0,7.03,1.03,0.0
20231110:1810,0.0,0.0,0.0,6.91,0.9,0.0
20231110:1910,0.0,0.0,0.0,7.16,0.9,0.0
20231110:2010,0.0,0.0,0.0,7.05,0.97,0.0
20231110:2110,0.0,0.0,0.0,6.7,1.03,0.0
20231110:2210,0.0,0.0,0.0,5.9,1.17,0.0
20231110:2310,0.0,0.0,0.0,4.65,1.31,0.0
20231111:0010,0.0,0.0,0.0,3.39,1.52,0.0
20231111:0110,0.0,0.0,0.0,2.07,1.59,0.0
20231111:0210,0.0,0.0,0.0,1.58,1.66,0.0
20231111:0310,0.0,0.0,0.0,1.28,1.79,0.0
20231111:0410,0.0,0.0,0.0,1.32,1.79,0.0
20231111:0510,0.0,0.0,0.0,1.29,1.86,0.0
20231111:0610,0.0,0.0,0.0,1.27,1.93,0.0
20231111:0710,22.33,35.03,6.97,1.74,1.79,0.0
20231111:0810,490.04,492.84,14.96,3.7,1.52,0.0
20231111:0910,626.25,644.94,21.26,7.6,1.24,0.0
20231111:1010,696.11,729.25,25.32,9.27,1.1,0.0
20231111:1110,689.9,728.64,26.69,10.44,0.97,0.0
20231111:1210,635.22,670.92,25.17,11.13,0.9,0.0
20231111:1310,499.91,527.13,20.97,11.32,0.9,0.0
20231111:1410,317.19,348.43,14.56,11.23,0.9,0.0
20231111:1510,88.17,128.03,6.5,10.69,0.69,0.0
20231111:1610,0.0,0.0,0.0,9.3,0.9,0.0
20231111:1710,0.0,0.0,0.0,8.15,1.1,0.0
20231111:1810,0.0,0.0,0.0,7.51,1.17,0.0
20231111:1910,0.0,0.0,0.0,7.3,1.1,0.0
20231111:2010,0.0,0.0,0.0,6.68,1.31,0.0
20231111:2110,0.0,0.0,0.0,5.51,1.52,0.0
20231111:2210,0.0,0.0,0.0,5.0,1.52,0.0
20231111:2310,0.0,0.0,0.0,3.97,1.66,0.0
20231112:0010,0.0,0.0,0.0,3.2,1.72,0.0
20231112:0110,0.0,0.0,0.0,2.26,1.86,0.0
20231112:0210,0.0,0.0,0.0,2.07,1.79,0.0
20231112:0310,0.0,0.0,0.0,2.6,1.79,0.0
20231112:0410,0.0,0.0,0.0,2.96,1.72,0.0
20231112:0510,0.0,0.0,0.0,3.41,1.45,0.0
20231112:0610,0.0,0.0,0.0,3.7,1.52,0.0
20231112:0710,20.37,33.13,6.73,4.18,1.38,0.0
20231112:0810,123.28,136.61,14.7,4.56,1.38,0.0
20231112:0910,89.01,103.86,20.99,4.9,1.38,0.0
20231112:1010,334.42,340.59,25.05,5.22,1.17,0.0
20231112:1110,404.79,411.31,26.41,5.68,1.1,0.0
20231112:1210,597.44,612.11,24.91,6.17,1.03,0.0
20231112:1310,493.02,508.04,20.72,6.66,0.9,0.0
20231112:1410,306.01,330.34,14.34,6.98,0.76,0.0
20231112:1510,82.69,119.03,6.3,6.93,0.62,0.0
20231112:1610,0.0,0.0,0.0,6.47,0.69,0.0
20231112:1710,0.0,0.0,0.0,5.92,0.76,0.0
20231112:1810,0.0,0.0,0.0,5.99,0.55,0.0
20231112:1910,0.0,0.0,0.0,6.44,0.14,0.0
20231112:2010,0.0,0.0,0.0,6.04,0.07,0.0
20231112:2110,0.0,0.0,0.0,5.72,0.14,0.0
20231112:2210,0.0,0.0,0.0,5.5,0.0,0.0
20231112:2310,0.0,0.0,0.0,5.41,0.21,0.0
20231113:0010,0.0,0.0,0.0,5.4,0.34,0.0
20231113:0110,0.0,0.0,0.0,5.56,0.55,0.0
20231113:0210,0.0,0.0,0.0,4.55,1.17,0.0
20231113:0310,0.0,0.0,0.0,4.41,1.38,0.0
20231113:0410,0.0,0.0,0.0,4.92,1.38,0.0
20231113:0510,0.0,0.0,0.0,5.31,1.31,0.0
20231113:0610,0.0,0.0,0.0,5.72,1.31,0.0
20231113:0710,20.98,34.08,6.49,6.16,1.03,0.0
20231113:0810,429.41,439.78,14.45,6.65,0.97,0.0
20231113:0910,572.86,598.09,20.73,9.43,0.55,0.0
20231113:1010,630.0,671.18,24.78,10.8,0.14,0.0
20231113:1110,524.24,552.6,26.14,11.72,0.48,0.0
20231113:1210,551.89,588.45,24.65,12.5,0.21,0.0
20231113:1310,365.44,391.03,20.49,12.93,0.0,0.0
20231113:1410,116.66,136.93,14.13,12.8,0.28,0.0
20231113:1510,44.74,67.86,6.11,12.28,0.21,0.0
20231113:1610,0.0,0.0,0.0,11.4,0.14,0.0
20231113:1710,0.0,0.0,0.0,10.36,0.07,0.0
20231113:1810,0.0,0.0,0.0,9.8,0.48,0.0
20231113:1910,0.0,0.0,0.0,8.26,0.62,0.0
20231113:2010,0.0,0.0,0.0,8.08,0.34,0.0
20231113:2110,0.0,0.0,0.0,6.42,0.69,0.0
20231113:2210,0.0,0.0,0.0,5.63,1.1,0.0
20231113:2310,0.0,0.0,0.0,5.97,1.24,0.0
20231114:0010,0.0,0.0,0.0,6.36,1.24,0.0
20231114:0110,0.0,0.0,0.0,6.73,1.31,0.0
20231114:0210,0.0,0.0,0.0,6.9,1.38,0.0
20231114:0310,0.0,0.0,0.0,6.62,1.24,0.0
20231114:0410,0.0,0.0,0.0,7.0,1.1,0.0
20231114:0510,0.0,0.0,0.0,7.5,1.03,0.0
20231114:0610,0.0,0.0,0.0,7.88,0.9,0.0
20231114:0710,25.89,39.76,6.26,7.24,0.83,0.0
20231114:0810,128.0,143.31,14.2,8.02,0.83,0.0
20231114:0910,518.35,539.13,20.46,10.04,0.76,0.0
20231114:1010,619.28,654.51,24.51,11.26,0.62,0.0
20231114:1110,618.66,661.09,25.88,12.85,0.48,0.0
20231114:1210,559.11,598.96,24.4,13.79,0.34,0.0
20231114:1310,186.76,207.28,20.26,14.08,0.21,0.0
20231114:1410,40.78,57.27,13.92,13.66,0.9,0.0
20231114:1510,16.55,30.13,5.93,12.6,0.9,0.0
20231114:1610,0.0,0.0,0.0,11.54,0.14,0.0
20231114:1710,0.0,0.0,0.0,10.57,0.34,0.0
20231114:1810,0.0,0.0,0.0,10.08,0.48,0.0
20231114:1910,0.0,0.0,0.0,9.27,0.69,0.0
20231114:2010,0.0,0.0,0.0,9.32,0.69,0.0
20231114:2110,0.0,0.0,0.0,9.5,0.34,0.0
20231114:2210,0.0,0.0,0.0,9.16,0.41,0.0
20231114:2310,0.0,0.0,0.0,8.76,0.62,0.0
20231115:0010,0.0,0.0,0.0,6.8,0.83,0.0
20231115:0110,0.0,0.0,0.0,5.86,1.24,0.0
20231115:0210,0.0,0.0,0.0,5.86,1.52,0.0
20231115:0310,0.0,0.0,0.0,6.01,1.72,0.0
20231115:0410,0.0,0.0,0.0,5.95,1.93,0.0
20231115:0510,0.0,0.0,0.0,6.25,2.0,0.0
20231115:0610,0.0,0.0,0.0,6.46,2.0,0.0
20231115:0710,20.23,33.13,6.02,5.56,2.14,0.0
20231115:0810,449.48,457.65,13.95,6.88,1.93,0.0
20231115:0910,586.71,603.23,20.21,9.17,1.79,0.0
20231115:1010,668.57,700.47,24.24,11.67,1.72,0.0
20231115:1110,669.83,707.19,25.62,13.41,1.86,0.0
20231115:1210,607.85,639.72,24.15,14.07,2.14,0.0
20231115:1310,474.12,499.9,20.04,14.08,2.34,0.0
20231115:1410,294.07,326.67,13.72,13.74,1.93,0.0
20231115:1510,68.93,104.29,5.75,12.91,2.07,0.0
20231115:1610,0.0,0.0,0.0,11.56,2.14,0.0
20231115:1710,0.0,0.0,0.0,9.84,1.93,0.0
20231115:1810,0.0,0.0,0.0,8.49,1.72,0.0
20231115:1910,0.0,0.0,0.0,8.16,1.59,0.0
20231115:2010,0.0,0.0,0.0,7.37,1.59,0.0
20231115:2110,0.0,0.0,0.0,6.32,1.72,0.0
20231115:2210,0.0,0.0,0.0,5.59,1.86,0.0
20231115:2310,0.0,0.0,0.0,5.11,1.93,0.0
20231116:0010,0.0,0.0,0.0,4.63,1.93,0.0
20231116:0110,0.0,0.0,0.0,4.33,2.0,0.0
20231116:0210,0.0,0.0,0.0,4.0,2.07,0.0
20231116:0310,0.0,0.0,0.0,3.55,2.0,0.0
20231116:0410,0.0,0.0,0.0,3.21,2.0,0.0
20231116:0510,0.0,0.0,0.0,2.91,1.93,0.0
20231116:0610,0.0,0.0,0.0,2.91,1.93,0.0
20231116:0710,19.61,32.19,5.79,3.52,1.86,0.0
20231116:0810,332.23,338.85,13.71,5.27,1.38,0.0
20231116:0910,151.84,166.69,19.95,8.09,1.1,0.0
20231116:1010,655.62,691.01,23.99,9.8,0.62,0.0
20231116:1110,434.07,454.76,25.37,10.95,0.41,0.0
20231116:1210,253.43,270.57,23.92,11.05,0.34,0.0
20231116:1310,353.17,373.6,19.82,11.03,0.34,0.0
20231116:1410,66.84,84.18,13.53,10.88,0.21,0.0
20231116:1510,11.59,23.29,5.57,10.3,0.62,0.0
20231116:1610,0.0,0.0,0.0,9.22,0.62,0.0
20231116:1710,0.0,0.0,0.0,8.0,0.9,0.0
20231116:1810,0.0,0.0,0.0,7.13,1.03,0.0
20231116:1910,0.0,0.0,0.0,7.08,0.83,0.0
20231116:2010,0.0,0.0,0.0,6.55,0.9,0.0
20231116:2110,0.0,0.0,0.0,6.15,0.9,0.0
20231116:2210,0.0,0.0,0.0,5.91,0.83,0.0
20231116:2310,0.0,0.0,0.0,5.64,0.9,0.0
20231117:0010,0.0,0.0,0.0,5.2,1.03,0.0
20231117:0110,0.0,0.0,0.0,4.09,1.38,0.0
20231117:0210,0.0,0.0,0.0,3.3,1.86,0.0
20231117:0310,0.0,0.0,0.0,3.36,2.07,0.0
20231117:0410,0.0,0.0,0.0,3.34,2.14,0.0
20231117:0510,0.0,0.0,0.0,3.54,2.28,0.0
20231117:0610,0.0,0.0,0.0,3.94,2.34,0.0
20231117:0710,17.89,30.29,5.56,4.24,2.34,0.0
20231117:0810,444.57,451.35,13.47,6.7,2.34,0.0
20231117:0910,592.87,609.05,19.7,9.98,2.34,0.0
20231117:1010,675.53,701.22,23.73,11.28,2.41,0.0
20231117:1110,676.29,701.55,25.12,11.93,2.83,0.0
20231117:1210,618.48,640.14,23.68,12.09,2.97,0.0
20231117:1310,472.7,492.21,19.61,11.93,2.76,0.0
20231117:1410,297.49,326.75,13.34,11.57,2.62,0.0
20231117:1510,58.62,93.05,5.41,10.77,2.62,0.0
20231117:1610,0.0,0.0,0.0,9.82,2.34,0.0
20231117:1710,0.0,0.0,0.0,8.69,2.21,0.0
20231117:1810,0.0,0.0,0.0,8.17,1.93,0.0
20231117:1910,0.0,0.0,0.0,6.76,2.0,0.0
20231117:2010,0.0,0.0,0.0,5.95,1.79,0.0
20231117:2110,0.0,0.0,0.0,5.45,1.72,0.0
20231117:2210,0.0,0.0,0.0,5.35,1.59,0.0
20231117:2310,0.0,0.0,0.0,4.76,1.72,0.0
20231118:0010,0.0,0.0,0.0,4.3,1.86,0.0
20231118:0110,0.0,0.0,0.0,4.07,1.93,0.0
20231118:0210,0.0,0.0,0.0,3.68,2.07,0.0
20231118:0310,0.0,0.0,0.0,3.44,2.07,0.0
20231118:0410,0.0,0.0,0.0,3.29,2.07,0.0
20231118:0510,0.0,0.0,0.0,2.93,2.0,0.0
20231118:0610,0.0,0.0,0.0,2.63,2.0,0.0
20231118:0710,17.33,29.35,5.34,1.43,2.21,0.0
20231118:0810,426.83,428.05,13.23,3.36,1.93,0.0
20231118:0910,581.81,589.44,19.46,6.05,1.72,0.0
20231118:1010,650.92,669.62,23.48,7.83,1.52,0.0
20231118:1110,527.77,544.76,24.88,9.12,1.17,0.0
20231118:1210,587.86,613.29,23.45,9.56,0.9,0.0
20231118:1310,449.73,473.59,19.4,10.36,0.55,0.0
20231118:1410,280.24,310.48,13.16,10.26,0.34,0.0
20231118:1510,43.39,69.77,5.25,9.69,0.41,0.0
20231118:1610,0.0,0.0,0.0,9.09,0.41,0.0
20231118:1710,0.0,0.0,0.0,8.81,0.41,0.0
20231118:1810,0.0,0.0,0.0,8.23,0.55,0.0
20231118:1910,0.0,0.0,0.0,7.09,0.83,0.0
20231118:2010,0.0,0.0,0.0,6.72,0.9,0.0
20231118:2110,0.0,0.0,0.0,6.73,0.83,0.0
20231118:2210,0.0,0.0,0.0,6.7,0.76,0.0
20231118:2310,0.0,0.0,0.0,6.49,0.83,0.0
20231119:0010,0.0,0.0,0.0,6.41,0.83,0.0
20231119:0110,0.0,0.0,0.0,6.84,0.69,0.0
20231119:0210,0.0,0.0,0.0,6.75,0.62,0.0
20231119:0310,0.0,0.0,0.0,6.58,0.69,0.0
20231119:0410,0.0,0.0,0.0,6.39,0.76,0.0
20231119:0510,0.0,0.0,0.0,6.14,0.76,0.0
20231119:0610,0.0,0.0,0.0,5.97,0.76,0.0
20231119:0710,16.15,28.4,5.12,5.38,0.62,0.0
20231119:0810,396.97,407.69,13.0,6.08,0.62,0.0
20231119:0910,421.35,432.97,19.22,7.06,0.34,0.0
20231119:1010,580.13,607.24,23.24,8.66,0.21,0.0
20231119:1110,611.54,644.11,24.64,9.87,0.41,0.0
20231119:1210,581.61,612.54,23.23,10.79,0.62,0.0
20231119:1310,431.8,455.84,19.2,11.13,0.62,0.0
20231119:1410,258.62,287.31,12.98,11.04,0.76,0.0
20231119:1510,53.44,87.13,5.09,10.23,0.62,0.0
20231119:1610,0.0,0.0,0.0,9.22,0.21,0.0
20231119:1710,0.0,0.0,0.0,8.44,0.07,0.0
20231119:1810,0.0,0.0,0.0,7.75,0.34,0.0
20231119:1910,0.0,0.0,0.0,7.42,0.62,0.0
20231119:2010,0.0,0.0,0.0,7.06,0.69,0.0
20231119:2110,0.0,0.0,0.0,6.46,0.83,0.0
20231119:2210,0.0,0.0,0.0,5.95,0.97,0.0
20231119:2310,0.0,0.0,0.0,5.68,0.97,0.0
20231120:0010,0.0,0.0,0.0,5.55,1.03,0.0
20231120:0110,0.0,0.0,0.0,5.51,1.1,0.0
20231120:0210,0.0,0.0,0.0,4.95,1.17,0.0
20231120:0310,0.0,0.0,0.0,3.95,1.24,0.0
20231120:0410,0.0,0.0,0.0,3.28,1.38,0.0
20231120:0510,0.0,0.0,0.0,3.25,1.38,0.0
20231120:0610,0.0,0.0,0.0,2.92,1.45,0.0
20231120:0710,15.52,27.45,4.9,3.43,1.31,0.0
20231120:0810,420.3,424.95,12.77,3.59,1.1,0.0
20231120:0910,559.37,572.16,18.98,6.13,0.83,0.0
20231120:1010,579.8,601.63,23.0,8.21,0.62,0.0
20231120:1110,636.93,679.34,24.41,10.38,0.07,0.0
20231120:1210,162.16,179.94,23.02,11.28,0.41,0.0
20231120:1310,251.79,269.72,19.01,11.55,0.76,0.0
20231120:1410,192.71,216.22,12.81,11.2,0.97,0.0
20231120:1510,37.9,62.33,4.94,10.28,0.83,0.0
20231120:1610,0.0,0.0,0.0,8.89,0.69,0.0
20231120:1710,0.0,0.0,0.0,8.4,0.48,0.0
20231120:1810,0.0,0.0,0.0,7.81,0.41,0.0
20231120:1910,0.0,0.0,0.0,7.42,0.55,0.0
20231120:2010,0.0,0.0,0.0,7.28,0.69,0.0
20231120:2110,0.0,0.0,0.0,6.49,0.62,0.0
20231120:2210,0.0,0.0,0.0,6.32,0.48,0.0
20231120:2310,0.0,0.0,0.0,5.68,0.48,0.0
20231121:0010,0.0,0.0,0.0,5.04,0.83,0.0
20231121:0110,0.0,0.0,0.0,4.92,0.83,0.0
20231121:0210,0.0,0.0,0.0,4.69,0.83,0.0
20231121:0310,0.0,0.0,0.0,4.58,0.9,0.0
20231121:0410,0.0,0.0,0.0,4.26,1.1,0.0
20231121:0510,0.0,0.0,0.0,4.04,1.24,0.0
20231121:0610,0.0,0.0,0.0,3.84,1.45,0.0
20231121:0710,14.63,26.51,4.68,4.56,1.31,0.0
20231121:0810,409.23,416.88,12.55,5.32,1.24,0.0
20231121:0910,569.57,584.81,18.75,7.43,1.1,0.0
20231121:1010,641.1,668.14,22.77,9.2,1.03,0.0
20231121:1110,644.05,676.55,24.18,10.62,1.03,0.0
20231121:1210,590.85,621.43,22.81,11.63,1.1,0.0
20231121:1310,445.66,471.5,18.82,12.24,1.03,0.0
20231121:1410,267.66,299.63,12.65,12.39,0.76,0.0
20231121:1510,48.54,80.47,4.8,11.82,0.41,0.0
20231121:1610,0.0,0.0,0.0,11.26,0.41,0.0
20231121:1710,0.0,0.0,0.0,10.26,0.62,0.0
20231121:1810,0.0,0.0,0.0,9.37,0.97,0.0
20231121:1910,0.0,0.0,0.0,8.28,0.69,0.0
20231121:2010,0.0,0.0,0.0,7.76,0.9,0.0
20231121:2110,0.0,0.0,0.0,7.47,1.03,0.0
20231121:2210,0.0,0.0,0.0,6.2,1.31,0.0
20231121:2310,0.0,0.0,0.0,5.27,1.45,0.0
20231122:0010,0.0,0.0,0.0,4.52,1.52,0.0
20231122:0110,0.0,0.0,0.0,4.19,1.59,0.0
20231122:0210,0.0,0.0,0.0,3.89,1.66,0.0
20231122:0310,0.0,0.0,0.0,3.94,1.66,0.0
20231122:0410,0.0,0.0,0.0,4.05,1.66,0.0
20231122:0510,0.0,0.0,0.0,4.0,1.66,0.0
20231122:0610,0.0,0.0,0.0,4.04,1.66,0.0
20231122:0710,14.66,26.51,4.47,4.25,1.86,0.0
20231122:0810,423.07,429.46,12.32,5.28,1.72,0.0
20231122:0910,566.73,583.46,18.52,8.61,1.38,0.0
20231122:1010,638.99,667.05,22.54,10.85,1.52,0.0
20231122:1110,649.5,680.39,23.96,11.65,1.66,0.0
20231122:1210,594.0,622.1,22.61,12.05,1.66,0.0
20231122:1310,454.89,479.55,18.64,12.19,1.45,0.0
20231122:1410,273.69,305.56,12.49,11.97,0.97,0.0
20231122:1510,47.13,78.6,4.67,11.03,0.76,0.0
20231122:1610,0.0,0.0,0.0,9.65,0.97,0.0
20231122:1710,0.0,0.0,0.0,7.93,1.38,0.0
20231122:1810,0.0,0.0,0.0,5.98,1.79,0.0
20231122:1910,0.0,0.0,0.0,5.65,1.79,0.0
20231122:2010,0.0,0.0,0.0,4.89,1.86,0.0
20231122:2110,0.0,0.0,0.0,4.53,1.79,0.0
20231122:2210,0.0,0.0,0.0,4.18,1.72,0.0
20231122:2310,0.0,0.0,0.0,4.14,1.59,0.0
20231123:0010,0.0,0.0,0.0,4.38,1.45,0.0
20231123:0110,0.0,0.0,0.0,4.61,1.31,0.0
20231123:0210,0.0,0.0,0.0,4.42,1.17,0.0
20231123:0310,0.0,0.0,0.0,4.41,1.1,0.0
20231123:0410,0.0,0.0,0.0,4.45,1.03,0.0
20231123:0510,0.0,0.0,0.0,4.7,0.9,0.0
20231123:0610,0.0,0.0,0.0,3.99,0.83,0.0
20231123:0710,13.36,24.61,4.26,0.42,1.59,0.0
20231123:0810,404.46,405.71,12.11,1.91,1.31,0.0
20231123:0910,570.88,580.23,18.3,4.91,0.97,0.0
20231123:1010,635.4,662.92,22.32,7.75,0.48,0.0
20231123:1110,635.1,672.72,23.75,9.32,0.14,0.0
20231123:1210,586.68,619.24,22.41,10.07,0.34,0.0
20231123:1310,448.42,473.39,18.47,10.43,0.48,0.0
20231123:1410,267.77,297.64,12.34,10.35,0.62,0.0
20231123:1510,40.75,68.69,4.54,9.61,0.62,0.0
20231123:1610,0.0,0.0,0.0,8.67,0.41,0.0
20231123:1710,0.0,0.0,0.0,7.92,0.28,0.0
20231123:1810,0.0,0.0,0.0,7.41,0.41,0.0
20231123:1910,0.0,0.0,0.0,6.89,0.97,0.0
20231123:2010,0.0,0.0,0.0,6.6,0.97,0.0
20231123:2110,0.0,0.0,0.0,6.54,0.97,0.0
20231123:2210,0.0,0.0,0.0,6.56,0.97,0.0
20231123:2310,0.0,0.0,0.0,6.71,0.97,0.0
20231124:0010,0.0,0.0,0.0,6.8,0.97,0.0
20231124:0110,0.0,0.0,0.0,6.46,1.03,0.0
20231124:0210,0.0,0.0,0.0,6.19,1.24,0.0
20231124:0310,0.0,0.0,0.0,5.58,1.45,0.0
20231124:0410,0.0,0.0,0.0,5.03,1.59,0.0
20231124:0510,0.0,0.0,0.0,4.59,1.72,0.0
20231124:0610,0.0,0.0,0.0,3.98,2.0,0.0
20231124:0710,12.35,23.67,4.05,3.62,1.93,0.0
20231124:0810,400.25,405.02,11.89,4.61,1.93,0.0
20231124:0910,560.21,574.17,18.08,8.63,1.79,0.0
20231124:1010,630.76,657.17,22.1,10.78,1.59,0.0
20231124:1110,630.9,661.84,23.54,11.86,1.52,0.0
20231124:1210,583.58,614.39,22.22,12.57,1.38,0.0
20231124:1310,444.24,469.76,18.3,12.65,1.38,0.0
20231124:1410,265.27,296.8,12.2,12.33,1.24,0.0
20231124:1510,58.91,99.23,4.41,11.37,1.45,0.0
20231124:1610,0.0,0.0,0.0,9.43,1.72,0.0
20231124:1710,0.0,0.0,0.0,7.9,2.14,0.0
20231124:1810,0.0,0.0,0.0,7.29,2.62,0.0
20231124:1910,0.0,0.0,0.0,7.64,2.9,0.0
20231124:2010,0.0,0.0,0.0,7.8,3.66,0.0
20231124:2110,0.0,0.0,0.0,7.07,3.93,0.0
20231124:2210,0.0,0.0,0.0,6.27,3.45,0.0
20231124:2310,0.0,0.0,0.0,5.19,2.76,0.0
20231125:0010,0.0,0.0,0.0,4.37,2.28,0.0
20231125:0110,0.0,0.0,0.0,3.66,2.0,0.0
20231125:0210,0.0,0.0,0.0,2.88,1.86,0.0
20231125:0310,0.0,0.0,0.0,2.47,1.66,0.0
20231125:0410,0.0,0.0,0.0,1.91,1.72,0.0
20231125:0510,0.0,0.0,0.0,1.4,1.79,0.0
20231125:0610,0.0,0.0,0.0,2.44,1.38,0.0
20231125:0710,11.64,22.72,3.85,2.56,1.31,0.0
20231125:0810,417.33,420.92,11.68,2.79,1.24,0.0
20231125:0910,587.88,593.76,17.87,4.45,1.45,0.0
20231125:1010,674.67,679.3,21.89,5.33,2.55,0.0
20231125:1110,684.68,689.49,23.34,5.56,2.76,0.0
20231125:1210,625.32,628.93,22.04,5.69,2.83,0.0
20231125:1310,478.33,485.46,18.14,5.64,2.48,0.0
20231125:1410,283.68,305.97,12.06,5.37,1.93,0.0
20231125:1510,42.1,69.76,4.3,4.84,1.17,0.0
20231125:1610,0.0,0.0,0.0,3.56,1.03,0.0
20231125:1710,0.0,0.0,0.0,3.05,1.1,0.0
20231125:1810,0.0,0.0,0.0,2.31,1.31,0.0
20231125:1910,0.0,0.0,0.0,2.11,1.31,0.0
20231125:2010,0.0,0.0,0.0,1.57,1.38,0.0
20231125:2110,0.0,0.0,0.0,1.03,1.45,0.0
20231125:2210,0.0,0.0,0.0,0.89,1.45,0.0
20231125:2310,0.0,0.0,0.0,0.82,1.38,0.0
20231126:0010,0.0,0.0,0.0,0.75,1.38,0.0
20231126:0110,0.0,0.0,0.0,0.87,1.38,0.0
20231126:0210,0.0,0.0,0.0,0.67,1.45,0.0
20231126:0310,0.0,0.0,0.0,0.56,1.52,0.0
20231126:0410,0.0,0.0,0.0,0.55,1.59,0.0
20231126:0510,0.0,0.0,0.0,0.67,1.59,0.0
20231126:0610,0.0,0.0,0.0,0.95,1.52,0.0
20231126:0710,10.19,20.83,3.65,1.36,1.59,0.0
20231126:0810,406.43,407.24,11.48,1.8,1.59,0.0
20231126:0910,573.95,579.24,17.66,4.64,1.52,0.0
20231126:1010,651.76,664.44,21.69,6.21,1.66,0.0
20231126:1110,663.32,679.06,23.15,6.97,1.72,0.0
20231126:1210,603.68,617.1,21.86,7.4,1.86,0.0
20231126:1310,460.81,474.94,17.99,7.49,1.59,0.0
20231126:1410,275.12,301.24,11.93,7.37,1.1,0.0
20231126:1510,42.8,72.59,4.19,6.27,0.83,0.0
20231126:1610,0.0,0.0,0.0,6.58,0.69,0.0
20231126:1710,0.0,0.0,0.0,5.94,0.83,0.0
20231126:1810,0.0,0.0,0.0,5.47,0.83,0.0
20231126:1910,0.0,0.0,0.0,3.88,1.24,0.0
20231126:2010,0.0,0.0,0.0,3.45,1.24,0.0
20231126:2110,0.0,0.0,0.0,2.87,1.31,0.0
20231126:2210,0.0,0.0,0.0,2.4,1.38,0.0
20231126:2310,0.0,0.0,0.0,1.86,1.38,0.0
20231127:0010,0.0,0.0,0.0,1.38,1.45,0.0
20231127:0110,0.0,0.0,0.0,1.05,1.45,0.0
20231127:0210,0.0,0.0,0.0,0.77,1.45,0.0
20231127:0310,0.0,0.0,0.0,0.77,1.45,0.0
20231127:0410,0.0,0.0,0.0,0.68,1.38,0.0
20231127:0510,0.0,0.0,0.0,0.96,1.31,0.0
20231127:0610,0.0,0.0,0.0,1.29,1.24,0.0
20231127:0710,9.43,19.88,3.45,1.49,1.17,0.0
20231127:0810,376.07,379.57,11.28,2.23,1.03,0.0
20231127:0910,317.43,321.76,17.46,3.49,0.76,0.0
20231127:1010,229.84,239.76,21.49,5.11,0.62,0.0
20231127:1110,258.0,268.19,22.96,5.79,0.48,0.0
20231127:1210,328.89,338.36,21.69,5.93,0.41,0.0
20231127:1310,278.84,290.48,17.84,5.87,0.41,0.0
20231127:1410,141.4,159.26,11.81,5.54,0.28,0.0
20231127:1510,20.02,36.53,4.08,5.36,0.21,0.0
20231127:1610,0.0,0.0,0.0,5.11,0.34,0.0
20231127:1710,0.0,0.0,0.0,4.65,0.62,0.0
20231127:1810,0.0,0.0,0.0,3.88,0.83,0.0
20231127:1910,0.0,0.0,0.0,1.95,0.9,0.0
20231127:2010,0.0,0.0,0.0,1.79,0.9,0.0
20231127:2110,0.0,0.0,0.0,1.59,0.97,0.0
20231127:2210,0.0,0.0,0.0,1.78,0.83,0.0
20231127:2310,0.0,0.0,0.0,1.86,0.83,0.0
20231128:0010,0.0,0.0,0.0,1.83,0.83,0.0
20231128:0110,0.0,0.0,0.0,1.89,0.83,0.0
20231128:0210,0.0,0.0,0.0,2.15,0.69,0.0
20231128:0310,0.0,0.0,0.0,2.16,0.62,0.0
20231128:0410,0.0,0.0,0.0,2.09,0.48,0.0
20231128:0510,0.0,0.0,0.0,2.03,0.62,0.0
20231128:0610,0.0,0.0,0.0,1.65,0.83,0.0
20231128:0710,7.99,17.99,3.26,0.64,1.1,0.0
20231128:0810,384.07,385.4,11.08,1.04,1.1,0.0
20231128:0910,551.64,556.07,17.26,3.36,0.97,0.0
20231128:1010,628.66,641.99,21.3,5.14,0.97,0.0
20231128:1110,641.67,659.49,22.78,6.5,1.1,0.0
20231128:1210,581.31,598.22,21.53,7.46,1.17,0.0
20231128:1310,451.88,468.45,17.7,8.04,1.24,0.0
20231128:1410,263.29,289.53,11.69,7.97,1.24,0.0
20231128:1510,34.07,59.88,3.99,7.66,1.93,0.0
20231128:1610,0.0,0.0,0.0,6.55,2.48,0.0
20231128:1710,0.0,0.0,0.0,5.27,2.48,0.0
20231128:1810,0.0,0.0,0.0,4.05,2.41,0.0
20231128:1910,0.0,0.0,0.0,3.59,2.69,0.0
20231128:2010,0.0,0.0,0.0,2.9,2.41,0.0
20231128:2110,0.0,0.0,0.0,2.44,2.34,0.0
20231128:2210,0.0,0.0,0.0,1.96,2.07,0.0
20231128:2310,0.0,0.0,0.0,1.18,2.0,0.0
20231129:0010,0.0,0.0,0.0,0.27,2.14,0.0
20231129:0110,0.0,0.0,0.0,-0.44,2.21,0.0
20231129:0210,0.0,0.0,0.0,-0.98,2.34,0.0
20231129:0310,0.0,0.0,0.0,-1.08,2.41,0.0
20231129:0410,0.0,0.0,0.0,-1.4,2.34,0.0
20231129:0510,0.0,0.0,0.0,-1.8,2.21,0.0
20231129:0610,0.0,0.0,0.0,-2.15,2.0,0.0
20231129:0710,8.12,17.99,3.07,-1.87,2.0,0.0
20231129:0810,399.24,396.06,10.89,-0.53,1.72,0.0
20231129:0910,555.16,554.59,17.07,2.63,1.52,0.0
20231129:1010,637.15,646.27,21.11,4.32,1.24,0.0
20231129:1110,646.1,663.45,22.61,5.55,0.9,0.0
20231129:1210,586.15,601.86,21.38,6.13,0.9,0.0
20231129:1310,450.45,463.72,17.57,6.12,1.03,0.0
20231129:1410,260.92,284.43,11.58,5.75,0.9,0.0
20231129:1510,22.7,41.22,3.9,5.11,0.55,0.0
20231129:1610,0.0,0.0,0.0,4.87,0.28,0.0
20231129:1710,0.0,0.0,0.0,4.46,0.07,0.0
20231129:1810,0.0,0.0,0.0,4.16,0.41,0.0
20231129:1910,0.0,0.0,0.0,3.67,0.9,0.0
20231129:2010,0.0,0.0,0.0,2.8,0.97,0.0
20231129:2110,0.0,0.0,0.0,2.36,1.1,0.0
20231129:2210,0.0,0.0,0.0,2.36,1.03,0.0
20231129:2310,0.0,0.0,0.0,2.51,0.9,0.0
20231130:0010,0.0,0.0,0.0,1.92,1.1,0.0
20231130:0110,0.0,0.0,0.0,1.47,1.17,0.0
20231130:0210,0.0,0.0,0.0,1.27,1.03,0.0
20231130:0310,0.0,0.0,0.0,0.84,0.97,0.0
20231130:0410,0.0,0.0,0.0,0.22,0.97,0.0
20231130:0510,0.0,0.0,0.0,0.18,0.9,0.0
20231130:0610,0.0,0.0,0.0,0.16,0.83,0.0
20231130:0710,0.0,4.73,2.89,0.32,0.55,0.0
20231130:0810,16.37,28.15,10.7,0.31,0.69,0.0
20231130:0910,65.85,79.59,16.88,0.58,0.83,0.0
20231130:1010,68.7,82.5,20.93,0.97,0.97,0.0
20231130:1110,43.35,57.27,22.44,1.51,0.97,0.0
20231130:1210,82.04,96.09,21.23,2.36,0.83,0.0
20231130:1310,90.65,104.81,17.44,3.03,0.55,0.0
20231130:1410,59.16,74.09,11.47,3.23,0.41,0.0
20231130:1510,15.75,30.82,3.81,3.18,0.34,0.0
20231130:1610,0.0,0.0,0.0,3.08,0.28,0.0
20231130:1710,0.0,0.0,0.0,3.11,0.48,0.0
20231130:1810,0.0,0.0,0.0,3.32,0.41,0.0
20231130:1910,0.0,0.0,0.0,1.89,0.48,0.0
20231130:2010,0.0,0.0,0.0,1.73,0.9,0.0
20231130:2110,0.0,0.0,0.0,1.62,1.1,0.0
20231130:2210,0.0,0.0,0.0,2.02,1.1,0.0
20231130:2310,0.0,0.0,0.0,1.98,1.17,0.0
20231201:0010,0.0,0.0,0.0,2.71,1.03,0.0
20231201:0110,0.0,0.0,0.0,3.9,0.76,0.0
20231201:0210,0.0,0.0,0.0,4.06,0.69,0.0
20231201:0310,0.0,0.0,0.0,3.93,0.76,0.0
20231201:0410,0.0,0.0,0.0,3.76,0.83,0.0
20231201:0510,0.0,0.0,0.0,3.12,1.1,0.0
20231201:0610,0.0,0.0,0.0,3.27,1.1,0.0
20231201:0710,0.0,2.84,2.71,3.35,0.97,0.0
20231201:0810,12.01,23.29,10.52,3.98,0.83,0.0
20231201:0910,50.27,65.03,16.7,4.33,0.76,0.0
20231201:1010,39.71,54.35,20.76,5.37,0.41,0.0
20231201:1110,52.63,67.94,22.28,6.07,0.28,0.0
20231201:1210,31.39,45.62,21.08,6.02,0.21,0.0
20231201:1310,12.67,24.27,17.32,5.91,0.41,0.0
20231201:1410,30.56,44.65,11.38,5.71,0.55,0.0
20231201:1510,0.0,2.91,3.74,5.44,0.69,0.0
20231201:1610,0.0,0.0,0.0,5.15,0.83,0.0
20231201:1710,0.0,0.0,0.0,5.02,0.9,0.0
20231201:1810,0.0,0.0,0.0,4.88,0.97,0.0
20231201:1910,0.0,0.0,0.0,4.63,1.17,0.0
20231201:2010,0.0,0.0,0.0,4.7,1.52,0.0
20231201:2110,0.0,0.0,0.0,4.81,1.66,0.0
20231201:2210,0.0,0.0,0.0,4.81,1.45,0.0
20231201:2310,0.0,0.0,0.0,4.8,1.38,0.0
20231202:0010,0.0,0.0,0.0,4.86,1.38,0.0
20231202:0110,0.0,0.0,0.0,4.92,1.52,0.0
20231202:0210,0.0,0.0,0.0,5.03,1.45,0.0
20231202:0310,0.0,0.0,0.0,5.09,1.45,0.0
20231202:0410,0.0,0.0,0.0,5.12,1.66,0.0
20231202:0510,0.0,0.0,0.0,5.08,1.86,0.0
20231202:0610,0.0,0.0,0.0,5.02,2.21,0.0
20231202:0710,0.0,1.89,2.53,4.35,2.41,0.0
20231202:0810,111.33,124.86,10.35,4.32,2.69,0.0
20231202:0910,20.24,33.0,16.53,4.43,2.83,0.0
20231202:1010,38.07,52.41,20.59,4.82,2.83,0.0
20231202:1110,155.75,167.99,22.12,5.32,2.97,0.0
20231202:1210,108.89,123.28,20.95,5.63,3.1,0.0
20231202:1310,427.64,433.77,17.21,5.94,3.03,0.0
20231202:1410,91.86,108.2,11.29,5.85,3.03,0.0
20231202:1510,27.61,50.22,3.67,5.36,2.97,0.0
20231202:1610,0.0,0.0,0.0,4.66,2.97,0.0
20231202:1710,0.0,0.0,0.0,4.02,3.03,0.0
20231202:1810,0.0,0.0,0.0,3.49,3.03,0.0
20231202:1910,0.0,0.0,0.0,3.13,3.38,0.0
20231202:2010,0.0,0.0,0.0,2.67,3.24,0.0
20231202:2110,0.0,0.0,0.0,2.21,3.1,0.0
20231202:2210,0.0,0.0,0.0,1.78,2.97,0.0
20231202:2310,0.0,0.0,0.0,1.43,2.83,0.0
20231203:0010,0.0,0.0,0.0,1.1,2.69,0.0
20231203:0110,0.0,0.0,0.0,0.78,2.55,0.0
20231203:0210,0.0,0.0,0.0,0.43,2.48,0.0
20231203:0310,0.0,0.0,0.0,0.0,2.34,0.0
20231203:0410,0.0,0.0,0.0,-0.4,2.28,0.0
20231203:0510,0.0,0.0,0.0,-0.93,2.0,0.0
20231203:0610,0.0,0.0,0.0,-1.26,1.86,0.0
20231203:0710,3.95,12.31,2.36,-1.94,2.0,0.0
20231203:0810,407.43,402.85,10.18,-1.43,1.86,0.0
20231203:0910,580.88,572.87,16.36,-0.12,1.66,0.0
20231203:1010,649.38,647.81,20.43,1.29,1.45,0.0
20231203:1110,671.21,678.16,21.97,2.48,1.1,0.0
20231203:1210,597.56,606.27,20.82,3.29,0.83,0.0
20231203:1310,453.55,463.96,17.1,3.59,0.55,0.0
20231203:1410,277.31,300.71,11.2,3.53,0.48,0.0
20231203:1510,30.03,53.53,3.6,3.15,0.41,0.0
20231203:1610,0.0,0.0,0.0,3.0,0.21,0.0
20231203:1710,0.0,0.0,0.0,2.73,0.14,0.0
20231203:1810,0.0,0.0,0.0,2.43,0.41,0.0
20231203:1910,0.0,0.0,0.0,1.68,0.83,0.0
20231203:2010,0.0,0.0,0.0,1.29,0.83,0.0
20231203:2110,0.0,0.0,0.0,0.46,0.97,0.0
20231203:2210,0.0,0.0,0.0,-0.05,0.97,0.0
20231203:2310,0.0,0.0,0.0,-0.99,1.03,0.0
20231204:0010,0.0,0.0,0.0,-1.94,1.17,0.0
20231204:0110,0.0,0.0,0.0,-2.9,1.24,0.0
20231204:0210,0.0,0.0,0.0,-2.38,1.38,0.0
20231204:0310,0.0,0.0,0.0,-2.19,1.38,0.0
20231204:0410,0.0,0.0,0.0,-2.18,1.45,0.0
20231204:0510,0.0,0.0,0.0,-2.09,1.45,0.0
20231204:0610,0.0,0.0,0.0,-1.86,1.31,0.0
20231204:0710,0.0,4.73,2.2,-1.24,1.24,0.0
20231204:0810,67.98,81.21,10.01,-0.62,1.1,0.0
20231204:0910,37.01,50.47,16.2,0.17,0.9,0.0
20231204:1010,110.53,122.83,20.27,0.72,0.76,0.0
20231204:1110,95.56,108.71,21.83,1.0,0.62,0.0
20231204:1210,337.33,338.84,20.7,1.11,0.55,0.0
20231204:1310,32.25,45.62,17.01,0.79,0.62,0.0
20231204:1410,15.51,27.18,11.13,0.66,0.69,0.0
20231204:1510,32.66,57.71,3.54,0.48,0.69,0.0
20231204:1610,0.0,0.0,0.0,0.17,0.76,0.0
20231204:1710,0.0,0.0,0.0,-0.08,0.76,0.0
20231204:1810,0.0,0.0,0.0,-0.17,0.76,0.0
20231204:1910,0.0,0.0,0.0,-0.57,0.76,0.0
20231204:2010,0.0,0.0,0.0,-0.57,0.9,0.0
20231204:2110,0.0,0.0,0.0,-0.48,0.83,0.0
20231204:2210,0.0,0.0,0.0,-0.54,0.9,0.0
20231204:2310,0.0,0.0,0.0,-0.51,0.97,0.0
20231205:0010,0.0,0.0,0.0,-0.21,0.83,0.0
20231205:0110,0.0,0.0,0.0,-0.07,0.83,0.0
20231205:0210,0.0,0.0,0.0,0.28,0.76,0.0
20231205:0310,0.0,0.0,0.0,0.77,0.55,0.0
20231205:0410,0.0,0.0,0.0,0.75,0.48,0.0
20231205:0510,0.0,0.0,0.0,0.75,0.34,0.0
20231205:0610,0.0,0.0,0.0,0.76,0.28,0.0
20231205:0710,0.0,1.89,2.04,-0.1,0.55,0.0
20231205:0810,52.39,66.08,9.85,-0.02,0.41,0.0
20231205:0910,57.92,71.83,16.04,0.73,0.41,0.0
20231205:1010,171.77,181.8,20.12,1.84,0.14,0.0
20231205:1110,198.07,207.56,21.7,2.82,0.41,0.0
20231205:1210,68.82,83.47,20.59,3.47,0.69,0.0
20231205:1310,106.68,120.67,16.91,3.72,0.76,0.0
20231205:1410,164.01,181.46,11.06,3.63,0.69,0.0
20231205:1510,25.24,46.94,3.49,3.23,0.83,0.0
20231205:1610,0.0,0.0,0.0,1.98,0.97,0.0
20231205:1710,0.0,0.0,0.0,2.31,0.83,0.0
20231205:1810,0.0,0.0,0.0,2.19,0.55,0.0
20231205:1910,0.0,0.0,0.0,2.31,0.76,0.0
20231205:2010,0.0,0.0,0.0,2.14,0.83,0.0
20231205:2110,0.0,0.0,0.0,2.03,0.9,0.0
20231205:2210,0.0,0.0,0.0,0.51,1.03,0.0
20231205:2310,0.0,0.0,0.0,0.19,1.1,0.0
20231206:0010,0.0,0.0,0.0,-0.98,1.24,0.0
20231206:0110,0.0,0.0,0.0,-1.7,1.31,0.0
20231206:0210,0.0,0.0,0.0,-2.13,1.45,0.0
20231206:0310,0.0,0.0,0.0,-2.43,1.52,0.0
20231206:0410,0.0,0.0,0.0,-2.86,1.66,0.0
20231206:0510,0.0,0.0,0.0,-3.02,1.72,0.0
20231206:0610,0.0,0.0,0.0,-3.09,1.72,0.0
20231206:0710,1.56,8.52,1.88,-2.8,1.79,0.0
20231206:0810,188.96,195.19,9.69,-1.37,1.59,0.0
20231206:0910,234.75,240.23,15.89,2.21,1.38,0.0
20231206:1010,517.29,522.13,19.98,4.52,1.1,0.0
20231206:1110,555.12,567.7,21.57,6.03,0.83,0.0
20231206:1210,571.36,590.18,20.48,6.97,0.69,0.0
20231206:1310,441.72,459.13,16.83,7.28,0.69,0.0
20231206:1410,266.61,294.05,10.99,7.04,0.62,0.0
20231206:1510,27.77,51.26,3.45,6.96,0.48,0.0
20231206:1610,0.0,0.0,0.0,6.25,0.41,0.0
20231206:1710,0.0,0.0,0.0,5.69,0.83,0.0
20231206:1810,0.0,0.0,0.0,4.1,1.31,0.0
20231206:1910,0.0,0.0,0.0,1.91,1.59,0.0
20231206:2010,0.0,0.0,0.0,1.28,1.66,0.0
20231206:2110,0.0,0.0,0.0,0.95,1.66,0.0
20231206:2210,0.0,0.0,0.0,0.75,1.59,0.0
20231206:2310,0.0,0.0,0.0,0.24,1.66,0.0
20231207:0010,0.0,0.0,0.0,-0.37,1.79,0.0
20231207:0110,0.0,0.0,0.0,-0.83,1.79,0.0
20231207:0210,0.0,0.0,0.0,-1.09,1.79,0.0
20231207:0310,0.0,0.0,0.0,-1.46,1.86,0.0
20231207:0410,0.0,0.0,0.0,-1.71,1.86,0.0
20231207:0510,0.0,0.0,0.0,-1.82,1.86,0.0
20231207:0610,0.0,0.0,0.0,-1.84,1.86,0.0
20231207:0710,1.03,7.57,1.73,-2.23,1.72,0.0
20231207:0810,365.87,363.78,9.54,-1.38,1.59,0.0
20231207:0910,543.94,542.55,15.74,1.84,1.31,0.0
20231207:1010,616.03,625.2,19.85,4.24,1.03,0.0
20231207:1110,642.33,662.55,21.46,5.7,0.62,0.0
20231207:1210,560.34,579.38,20.38,6.29,0.34,0.0
20231207:1310,431.33,447.5,16.75,6.48,0.48,0.0
20231207:1410,247.44,272.09,10.94,6.12,0.48,0.0
20231207:1510,24.49,45.82,3.41,5.86,0.41,0.0
20231207:1610,0.0,0.0,0.0,5.48,0.34,0.0
20231207:1710,0.0,0.0,0.0,4.96,0.28,0.0
20231207:1810,0.0,0.0,0.0,4.57,0.14,0.0
20231207:1910,0.0,0.0,0.0,3.51,0.69,0.0
20231207:2010,0.0,0.0,0.0,2.73,0.76,0.0
20231207:2110,0.0,0.0,0.0,2.29,0.9,0.0
20231207:2210,0.0,0.0,0.0,2.07,0.9,0.0
20231207:2310,0.0,0.0,0.0,2.07,0.9,0.0
20231208:0010,0.0,0.0,0.0,2.21,0.9,0.0
20231208:0110,0.0,0.0,0.0,2.58,0.83,0.0
20231208:0210,0.0,0.0,0.0,2.62,0.9,0.0
20231208:0310,0.0,0.0,0.0,2.53,0.97,0.0
20231208:0410,0.0,0.0,0.0,2.72,0.9,0.0
20231208:0510,0.0,0.0,0.0,2.9,0.69,0.0
20231208:0610,0.0,0.0,0.0,2.46,0.69,0.0
20231208:0710,0.0,0.95,1.58,0.57,1.17,0.0
20231208:0810,14.7,26.21,9.4,0.41,1.24,0.0
20231208:0910,45.27,59.21,15.6,1.37,0.9,0.0
20231208:1010,51.77,66.0,19.72,2.04,0.41,0.0
20231208:1110,74.85,89.3,21.34,2.8,0.21,0.0
20231208:1210,76.7,91.24,20.29,3.06,0.07,0.0
20231208:1310,61.13,75.71,16.68,2.9,0.0,0.0
20231208:1410,96.0,111.87,10.89,2.83,0.07,0.0
20231208:1510,4.03,12.62,3.38,2.72,0.28,0.0
20231208:1610,0.0,0.0,0.0,2.56,0.48,0.0
20231208:1710,0.0,0.0,0.0,2.55,0.41,0.0
20231208:1810,0.0,0.0,0.0,2.48,0.41,0.0
20231208:1910,0.0,0.0,0.0,1.92,0.28,0.0
20231208:2010,0.0,0.0,0.0,1.94,0.48,0.0
20231208:2110,0.0,0.0,0.0,1.89,0.48,0.0
20231208:2210,0.0,0.0,0.0,1.68,0.62,0.0
20231208:2310,0.0,0.0,0.0,1.2,0.76,0.0
20231209:0010,0.0,0.0,0.0,1.16,0.62,0.0
20231209:0110,0.0,0.0,0.0,1.46,0.41,0.0
20231209:0210,0.0,0.0,0.0,1.81,0.34,0.0
20231209:0310,0.0,0.0,0.0,2.02,0.34,0.0
20231209:0410,0.0,0.0,0.0,2.03,0.41,0.0
20231209:0510,0.0,0.0,0.0,1.99,0.48,0.0
20231209:0610,0.0,0.0,0.0,2.02,0.41,0.0
20231209:0710,0.0,2.84,1.44,1.89,0.41,0.0
20231209:0810,195.1,204.77,9.26,1.79,0.41,0.0
20231209:0910,171.39,181.32,15.47,2.25,0.21,0.0
20231209:1010,99.77,113.87,19.6,3.27,0.21,0.0
20231209:1110,57.07,71.83,21.24,3.69,0.21,0.0
20231209:1210,181.48,192.85,20.21,3.93,0.21,0.0
20231209:1310,55.12,69.88,16.62,3.85,0.28,0.0
20231209:1410,58.24,73.49,10.85,4.15,0.07,0.0
20231209:1510,0.0,2.91,3.36,3.94,0.21,0.0
20231209:1610,0.0,0.0,0.0,3.53,0.34,0.0
20231209:1710,0.0,0.0,0.0,3.15,0.14,0.0
20231209:1810,0.0,0.0,0.0,3.0,0.21,0.0
20231209:1910,0.0,0.0,0.0,2.46,0.41,0.0
20231209:2010,0.0,0.0,0.0,2.14,0.69,0.0
20231209:2110,0.0,0.0,0.0,1.35,0.97,0.0
20231209:2210,0.0,0.0,0.0,1.31,1.17,0.0
20231209:2310,0.0,0.0,0.0,2.06,0.9,0.0
20231210:0010,0.0,0.0,0.0,3.03,0.48,0.0
20231210:0110,0.0,0.0,0.0,3.0,0.28,0.0
20231210:0210,0.0,0.0,0.0,2.94,0.34,0.0
20231210:0310,0.0,0.0,0.0,2.71,0.55,0.0
20231210:0410,0.0,0.0,0.0,2.4,0.76,0.0
20231210:0510,0.0,0.0,0.0,1.8,1.1,0.0
20231210:0610,0.0,0.0,0.0,2.69,0.9,0.0
20231210:0710,0.0,0.0,0.0,3.09,0.9,0.0
20231210:0810,342.34,349.53,9.13,3.16,1.1,0.0
20231210:0910,527.12,533.97,15.35,4.59,1.03,0.0
20231210:1010,479.84,489.17,19.48,7.06,1.17,0.0
20231210:1110,418.89,430.07,21.14,8.54,1.24,0.0
20231210:1210,546.17,566.61,20.13,9.67,1.24,0.0
20231210:1310,424.62,445.7,16.57,10.23,1.1,0.0
20231210:1410,232.03,259.69,10.81,9.9,0.83,0.0
20231210:1510,42.55,76.73,3.34,9.09,0.55,0.0
20231210:1610,0.0,0.0,0.0,8.1,0.48,0.0
20231210:1710,0.0,0.0,0.0,7.13,0.34,0.0
20231210:1810,0.0,0.0,0.0,6.59,0.76,0.0
20231210:1910,0.0,0.0,0.0,4.68,1.17,0.0
20231210:2010,0.0,0.0,0.0,3.99,1.45,0.0
20231210:2110,0.0,0.0,0.0,3.84,1.45,0.0
20231210:2210,0.0,0.0,0.0,4.4,1.31,0.0
20231210:2310,0.0,0.0,0.0,4.93,1.03,0.0
20231211:0010,0.0,0.0,0.0,5.23,0.9,0.0
20231211:0110,0.0,0.0,0.0,5.46,0.76,0.0
20231211:0210,0.0,0.0,0.0,4.99,0.83,0.0
20231211:0310,0.0,0.0,0.0,5.03,0.62,0.0
20231211:0410,0.0,0.0,0.0,4.88,0.69,0.0
20231211:0510,0.0,0.0,0.0,4.72,0.55,0.0
20231211:0610,0.0,0.0,0.0,4.61,0.76,0.0
20231211:0710,0.0,0.0,0.0,3.66,1.03,0.0
20231211:0810,8.9,19.41,9.0,4.59,0.76,0.0
20231211:0910,31.54,45.62,15.23,5.15,0.34,0.0
20231211:1010,471.36,482.13,19.38,5.94,0.34,0.0
20231211:1110,444.81,456.4,21.05,6.8,0.41,0.0
20231211:1210,561.76,583.82,20.06,7.43,0.34,0.0
20231211:1310,388.42,405.46,16.52,7.64,0.34,0.0
20231211:1410,213.15,237.96,10.79,7.95,0.28,0.0
20231211:1510,6.04,16.62,3.33,7.37,0.14,0.0
20231211:1610,0.0,0.0,0.0,6.79,0.21,0.0
20231211:1710,0.0,0.0,0.0,6.25,0.41,0.0
20231211:1810,0.0,0.0,0.0,5.83,0.55,0.0
20231211:1910,0.0,0.0,0.0,5.27,0.62,0.0
20231211:2010,0.0,0.0,0.0,5.19,0.48,0.0
20231211:2110,0.0,0.0,0.0,4.81,0.69,0.0
20231211:2210,0.0,0.0,0.0,4.4,0.62,0.0
20231211:2310,0.0,0.0,0.0,4.17,0.62,0.0
20231212:0010,0.0,0.0,0.0,3.81,0.76,0.0
20231212:0110,0.0,0.0,0.0,3.72,0.83,0.0
20231212:0210,0.0,0.0,0.0,3.68,0.9,0.0
20231212:0310,0.0,0.0,0.0,4.25,0.9,0.0
20231212:0410,0.0,0.0,0.0,4.39,0.83,0.0
20231212:0510,0.0,0.0,0.0,4.41,0.83,0.0
20231212:0610,0.0,0.0,0.0,4.51,0.76,0.0
20231212:0710,0.0,0.0,0.0,4.35,0.9,0.0
20231212:0810,83.1,97.98,8.88,4.49,0.83,0.0
20231212:0910,414.46,421.6,15.11,4.75,0.41,0.0
20231212:1010,397.97,407.32,19.28,6.4,0.41,0.0
20231212:1110,477.28,491.5,20.97,7.19,0.34,0.0
20231212:1210,469.37,485.44,20.0,7.84,0.41,0.0
20231212:1310,306.15,321.06,16.48,8.07,0.48,0.0
20231212:1410,145.73,166.17,10.77,7.83,0.28,0.0
20231212:1510,1.54,8.74,3.33,7.18,0.07,0.0
20231212:1610,0.0,0.0,0.0,6.62,0.14,0.0
20231212:1710,0.0,0.0,0.0,6.09,0.07,0.0
20231212:1810,0.0,0.0,0.0,5.77,0.41,0.0
20231212:1910,0.0,0.0,0.0,4.92,0.55,0.0
20231212:2010,0.0,0.0,0.0,4.74,0.76,0.0
20231212:2110,0.0,0.0,0.0,4.8,0.76,0.0
20231212:2210,0.0,0.0,0.0,5.07,0.69,0.0
20231212:2310,0.0,0.0,0.0,5.06,0.69,0.0
20231213:0010,0.0,0.0,0.0,4.96,0.69,0.0
20231213:0110,0.0,0.0,0.0,4.8,0.76,0.0
20231213:0210,0.0,0.0,0.0,5.09,0.55,0.0
20231213:0310,0.0,0.0,0.0,4.62,0.69,0.0
20231213:0410,0.0,0.0,0.0,4.56,0.69,0.0
20231213:0510,0.0,0.0,0.0,4.79,0.62,0.0
20231213:0610,0.0,0.0,0.0,4.81,0.62,0.0
20231213:0710,0.0,0.0,0.0,4.54,0.55,0.0
20231213:0810,8.14,18.44,8.77,4.86,0.48,0.0
20231213:0910,71.89,87.09,15.01,5.16,0.48,0.0
20231213:1010,18.36,31.06,19.18,5.98,0.41,0.0
20231213:1110,41.25,56.3,20.89,6.79,0.21,0.0
20231213:1210,47.7,63.09,19.95,7.09,0.55,0.0
20231213:1310,22.47,35.91,16.45,7.15,0.41,0.0
20231213:1410,31.21,45.62,10.75,7.24,0.55,0.0
20231213:1510,0.1,5.82,3.33,6.65,0.69,0.0
20231213:1610,0.0,0.0,0.0,5.63,0.55,0.0
20231213:1710,0.0,0.0,0.0,5.28,0.14,0.0
20231213:1810,0.0,0.0,0.0,5.11,0.21,0.0
20231213:1910,0.0,0.0,0.0,2.32,1.03,0.0
20231213:2010,0.0,0.0,0.0,1.56,1.03,0.0
20231213:2110,0.0,0.0,0.0,0.99,1.17,0.0
20231213:2210,0.0,0.0,0.0,0.98,1.31,0.0
20231213:2310,0.0,0.0,0.0,0.92,1.31,0.0
20231214:0010,0.0,0.0,0.0,0.72,1.52,0.0
20231214:0110,0.0,0.0,0.0,0.59,1.59,0.0
20231214:0210,0.0,0.0,0.0,0.73,1.52,0.0
20231214:0310,0.0,0.0,0.0,0.99,1.66,0.0
20231214:0410,0.0,0.0,0.0,1.06,1.59,0.0
20231214:0510,0.0,0.0,0.0,0.92,1.59,0.0
20231214:0610,0.0,0.0,0.0,0.95,1.59,0.0
20231214:0710,0.0,0.0,0.0,1.5,1.45,0.0
20231214:0810,283.54,289.79,8.66,2.05,1.52,0.0
20231214:0910,502.95,506.0,14.91,3.99,1.38,0.0
20231214:1010,579.56,591.74,19.1,7.04,1.45,0.0
20231214:1110,618.52,638.15,20.83,8.59,1.45,0.0
20231214:1210,550.06,570.12,19.9,9.87,1.45,0.0
20231214:1310,447.89,469.79,16.42,10.62,1.45,0.0
20231214:1410,252.83,281.93,10.75,10.51,1.59,0.0
20231214:1510,24.3,46.24,3.34,9.69,1.72,0.0
20231214:1610,0.0,0.0,0.0,7.59,1.72,0.0
20231214:1710,0.0,0.0,0.0,6.03,1.72,0.0
20231214:1810,0.0,0.0,0.0,5.16,1.79,0.0
20231214:1910,0.0,0.0,0.0,4.44,1.79,0.0
20231214:2010,0.0,0.0,0.0,3.95,1.86,0.0
20231214:2110,0.0,0.0,0.0,3.38,1.93,0.0
20231214:2210,0.0,0.0,0.0,3.04,2.0,0.0
20231214:2310,0.0,0.0,0.0,2.87,2.0,0.0
20231215:0010,0.0,0.0,0.0,2.8,2.0,0.0
20231215:0110,0.0,0.0,0.0,2.71,2.0,0.0
20231215:0210,0.0,0.0,0.0,2.67,2.0,0.0
20231215:0310,0.0,0.0,0.0,2.54,2.0,0.0
20231215:0410,0.0,0.0,0.0,2.38,2.0,0.0
20231215:0510,0.0,0.0,0.0,2.27,2.0,0.0
20231215:0610,0.0,0.0,0.0,2.19,2.0,0.0
20231215:0710,0.0,0.0,0.0,2.29,2.07,0.0
20231215:0810,345.42,350.2,8.55,2.51,2.14,0.0
20231215:0910,516.4,518.35,14.82,4.78,2.14,0.0
20231215:1010,615.56,629.1,19.02,7.82,1.93,0.0
20231215:1110,633.29,649.34,20.77,8.5,2.07,0.0
20231215:1210,564.11,579.32,19.86,8.95,2.0,0.0
20231215:1310,457.45,475.39,16.4,9.24,1.79,0.0
20231215:1410,269.45,297.78,10.75,9.01,1.59,0.0
20231215:1510,29.69,54.53,3.35,7.87,1.52,0.0
20231215:1610,0.0,0.0,0.0,6.07,1.59,0.0
20231215:1710,0.0,0.0,0.0,4.78,1.66,0.0
20231215:1810,0.0,0.0,0.0,4.2,1.66,0.0
20231215:1910,0.0,0.0,0.0,3.77,1.79,0.0
20231215:2010,0.0,0.0,0.0,3.36,1.86,0.0
20231215:2110,0.0,0.0,0.0,2.84,1.93,0.0
20231215:2210,0.0,0.0,0.0,3.49,1.66,0.0
20231215:2310,0.0,0.0,0.0,4.35,1.38,0.0
20231216:0010,0.0,0.0,0.0,4.84,1.17,0.0
20231216:0110,0.0,0.0,0.0,5.33,0.97,0.0
20231216:0210,0.0,0.0,0.0,5.03,0.9,0.0
20231216:0310,0.0,0.0,0.0,4.72,0.76,0.0
20231216:0410,0.0,0.0,0.0,4.37,0.62,0.0
20231216:0510,0.0,0.0,0.0,4.03,0.55,0.0
20231216:0610,0.0,0.0,0.0,3.77,0.48,0.0
20231216:0710,0.0,0.0,0.0,3.52,0.62,0.0
20231216:0810,327.96,338.49,8.46,3.76,0.48,0.0
20231216:0910,495.72,507.49,14.73,4.62,0.14,0.0
20231216:1010,592.69,610.91,18.95,5.9,0.41,0.0
20231216:1110,612.06,631.06,20.71,6.44,0.69,0.0
20231216:1210,549.75,564.56,19.83,6.66,0.9,0.0
20231216:1310,443.82,458.05,16.39,6.65,1.1,0.0
20231216:1410,264.05,289.06,10.75,6.25,1.03,0.0
20231216:1510,26.06,48.35,3.38,5.41,0.76,0.0
20231216:1610,0.0,0.0,0.0,5.26,0.41,0.0
20231216:1710,0.0,0.0,0.0,4.81,0.21,0.0
20231216:1810,0.0,0.0,0.0,4.39,0.21,0.0
20231216:1910,0.0,0.0,0.0,4.25,0.21,0.0
20231216:2010,0.0,0.0,0.0,4.0,0.21,0.0
20231216:2110,0.0,0.0,0.0,3.74,0.28,0.0
20231216:2210,0.0,0.0,0.0,3.49,0.28,0.0
20231216:2310,0.0,0.0,0.0,3.27,0.28,0.0
20231217:0010,0.0,0.0,0.0,3.03,0.34,0.0
20231217:0110,0.0,0.0,0.0,2.86,0.41,0.0
20231217:0210,0.0,0.0,0.0,2.73,0.48,0.0
20231217:0310,0.0,0.0,0.0,2.68,0.48,0.0
20231217:0410,0.0,0.0,0.0,1.64,0.69,0.0
20231217:0510,0.0,0.0,0.0,0.47,0.9,0.0
20231217:0610,0.0,0.0,0.0,0.01,1.1,0.0
20231217:0710,0.0,0.0,0.0,1.27,0.9,0.0
20231217:0810,312.17,318.91,8.37,1.78,0.9,0.0
20231217:0910,490.15,494.53,14.65,3.14,0.69,0.0
20231217:1010,592.49,609.62,18.89,5.36,0.34,0.0
20231217:1110,610.77,636.43,20.67,6.96,0.21,0.0
20231217:1210,535.16,559.4,19.8,8.29,0.14,0.0
20231217:1310,430.68,454.13,16.39,9.06,0.14,0.0
20231217:1410,257.39,286.5,10.77,8.94,0.34,0.0
20231217:1510,20.66,40.05,3.4,8.66,0.41,0.0
20231217:1610,0.0,0.0,0.0,7.73,0.28,0.0
20231217:1710,0.0,0.0,0.0,7.03,0.55,0.0
20231217:1810,0.0,0.0,0.0,6.54,0.97,0.0
20231217:1910,0.0,0.0,0.0,4.72,1.31,0.0
20231217:2010,0.0,0.0,0.0,4.17,1.31,0.0
20231217:2110,0.0,0.0,0.0,3.75,1.31,0.0
20231217:2210,0.0,0.0,0.0,3.93,1.31,0.0
20231217:2310,0.0,0.0,0.0,3.66,1.38,0.0
20231218:0010,0.0,0.0,0.0,3.46,1.45,0.0
20231218:0110,0.0,0.0,0.0,3.19,1.45,0.0
20231218:0210,0.0,0.0,0.0,3.0,1.45,0.0
20231218:0310,0.0,0.0,0.0,2.86,1.45,0.0
20231218:0410,0.0,0.0,0.0,2.74,1.52,0.0
20231218:0510,0.0,0.0,0.0,2.73,1.52,0.0
20231218:0610,0.0,0.0,0.0,2.71,1.52,0.0
20231218:0710,0.0,0.0,0.0,2.61,1.59,0.0
20231218:0810,315.08,323.19,8.28,3.49,1.52,0.0
20231218:0910,495.11,503.08,14.58,5.62,1.17,0.0
20231218:1010,590.75,613.52,18.83,8.51,0.76,0.0
20231218:1110,603.15,639.74,20.63,10.56,0.21,0.0
20231218:1210,524.74,556.97,19.79,11.73,0.21,0.0
20231218:1310,432.21,461.89,16.39,11.8,0.14,0.0
20231218:1410,254.2,287.34,10.79,12.0,0.07,0.0
20231218:1510,34.31,62.52,3.44,11.61,0.48,0.0
20231218:1610,0.0,0.0,0.0,10.49,0.83,0.0
20231218:1710,0.0,0.0,0.0,8.81,1.17,0.0
20231218:1810,0.0,0.0,0.0,7.0,1.38,0.0
20231218:1910,0.0,0.0,0.0,4.41,1.52,0.0
20231218:2010,0.0,0.0,0.0,3.4,1.52,0.0
20231218:2110,0.0,0.0,0.0,2.79,1.59,0.0
20231218:2210,0.0,0.0,0.0,2.42,1.66,0.0
20231218:2310,0.0,0.0,0.0,2.24,1.66,0.0
20231219:0010,0.0,0.0,0.0,2.21,1.66,0.0
20231219:0110,0.0,0.0,0.0,2.14,1.66,0.0
20231219:0210,0.0,0.0,0.0,2.15,1.66,0.0
20231219:0310,0.0,0.0,0.0,2.25,1.66,0.0
20231219:0410,0.0,0.0,0.0,2.25,1.59,0.0
20231219:0510,0.0,0.0,0.0,2.26,1.59,0.0
20231219:0610,0.0,0.0,0.0,2.32,1.59,0.0
20231219:0710,0.0,0.0,0.0,2.17,1.66,0.0
20231219:0810,320.03,327.33,8.21,2.97,1.59,0.0
20231219:0910,501.05,507.99,14.51,5.22,1.24,0.0
20231219:1010,596.18,618.87,18.78,8.48,0.83,0.0
20231219:1110,605.24,641.04,20.6,10.92,0.41,0.0
20231219:1210,528.74,563.82,19.78,12.1,0.07,0.0
20231219:1310,444.72,476.23,16.4,12.26,0.21,0.0
20231219:1410,269.6,304.07,10.82,11.97,0.21,0.0
20231219:1510,27.04,50.08,3.48,11.51,0.07,0.0
20231219:1610,0.0,0.0,0.0,10.46,0.34,0.0
20231219:1710,0.0,0.0,0.0,9.24,0.9,0.0
20231219:1810,0.0,0.0,0.0,7.48,1.24,0.0
20231219:1910,0.0,0.0,0.0,5.27,1.31,0.0
20231219:2010,0.0,0.0,0.0,4.15,1.38,0.0
20231219:2110,0.0,0.0,0.0,3.18,1.45,0.0
20231219:2210,0.0,0.0,0.0,2.93,1.45,0.0
20231219:2310,0.0,0.0,0.0,2.81,1.45,0.0
20231220:0010,0.0,0.0,0.0,2.92,1.38,0.0
20231220:0110,0.0,0.0,0.0,2.92,1.38,0.0
20231220:0210,0.0,0.0,0.0,3.27,1.31,0.0
20231220:0310,0.0,0.0,0.0,3.84,1.17,0.0
20231220:0410,0.0,0.0,0.0,4.31,1.03,0.0
20231220:0510,0.0,0.0,0.0,4.84,0.97,0.0
20231220:0610,0.0,0.0,0.0,5.06,0.9,0.0
20231220:0710,0.0,0.0,0.0,4.04,1.17,0.0
20231220:0810,31.67,45.6,8.13,4.29,1.24,0.0
20231220:0910,34.28,48.53,14.45,5.2,1.24,0.0
20231220:1010,609.83,626.9,18.74,7.27,1.17,0.0
20231220:1110,653.18,680.68,20.58,9.57,1.31,0.0
20231220:1210,542.52,563.22,19.78,10.47,1.52,0.0
20231220:1310,449.51,472.03,16.42,10.98,1.45,0.0
20231220:1410,266.23,295.67,10.85,10.73,1.72,0.0
20231220:1510,25.35,46.85,3.53,9.49,2.28,0.0
20231220:1610,0.0,0.0,0.0,7.26,2.41,0.0
20231220:1710,0.0,0.0,0.0,5.1,2.21,0.0
20231220:1810,0.0,0.0,0.0,3.93,2.07,0.0
20231220:1910,0.0,0.0,0.0,3.26,2.21,0.0
20231220:2010,0.0,0.0,0.0,2.6,2.21,0.0
20231220:2110,0.0,0.0,0.0,2.21,2.14,0.0
20231220:2210,0.0,0.0,0.0,1.87,2.14,0.0
20231220:2310,0.0,0.0,0.0,1.72,2.07,0.0
20231221:0010,0.0,0.0,0.0,1.48,2.0,0.0
20231221:0110,0.0,0.0,0.0,1.05,2.0,0.0
20231221:0210,0.0,0.0,0.0,0.84,2.0,0.0
20231221:0310,0.0,0.0,0.0,1.2,1.86,0.0
20231221:0410,0.0,0.0,0.0,1.46,1.79,0.0
20231221:0510,0.0,0.0,0.0,1.98,1.66,0.0
20231221:0610,0.0,0.0,0.0,2.48,1.45,0.0
20231221:0710,0.0,0.0,0.0,3.18,1.38,0.0
20231221:0810,159.12,171.76,8.07,3.8,1.24,0.0
20231221:0910,296.27,303.67,14.4,5.22,0.83,0.0
20231221:1010,367.02,376.1,18.7,6.63,0.55,0.0
20231221:1110,184.84,198.44,20.57,7.15,0.41,0.0
20231221:1210,400.01,412.96,19.79,7.79,0.48,0.0
20231221:1310,324.51,338.91,16.45,7.78,0.55,0.0
20231221:1410,154.76,174.84,10.9,7.72,0.48,0.0
20231221:1510,14.04,28.49,3.58,7.33,0.48,0.0
20231221:1610,0.0,0.0,0.0,6.91,0.55,0.0
20231221:1710,0.0,0.0,0.0,6.58,0.69,0.0
20231221:1810,0.0,0.0,0.0,6.15,0.83,0.0
20231221:1910,0.0,0.0,0.0,5.71,0.97,0.0
20231221:2010,0.0,0.0,0.0,5.83,0.83,0.0
20231221:2110,0.0,0.0,0.0,5.01,1.1,0.0
20231221:2210,0.0,0.0,0.0,4.32,1.31,0.0
20231221:2310,0.0,0.0,0.0,4.15,1.52,0.0
20231222:0010,0.0,0.0,0.0,4.21,1.59,0.0
20231222:0110,0.0,0.0,0.0,4.26,1.66,0.0
20231222:0210,0.0,0.0,0.0,4.65,1.59,0.0
20231222:0310,0.0,0.0,0.0,4.51,1.66,0.0
20231222:0410,0.0,0.0,0.0,4.51,1.72,0.0
20231222:0510,0.0,0.0,0.0,4.61,1.79,0.0
20231222:0610,0.0,0.0,0.0,4.45,1.86,0.0
20231222:0710,0.0,0.0,0.0,4.09,2.41,0.0
20231222:0810,297.34,306.17,8.01,4.62,2.55,0.0
20231222:0910,448.62,453.73,14.36,6.67,2.28,0.0
20231222:1010,580.57,596.72,18.68,8.89,1.66,0.0
20231222:1110,591.48,614.65,20.56,9.95,1.24,0.0
20231222:1210,523.95,546.02,19.8,10.22,0.97,0.0
20231222:1310,433.76,454.8,16.48,9.91,0.97,0.0
20231222:1410,274.74,304.64,10.94,9.54,0.76,0.0
20231222:1510,31.27,55.43,3.65,8.74,0.69,0.0
20231222:1610,0.0,0.0,0.0,7.47,0.76,0.0
20231222:1710,0.0,0.0,0.0,6.81,0.83,0.0
20231222:1810,0.0,0.0,0.0,6.42,0.9,0.0
20231222:1910,0.0,0.0,0.0,7.89,0.9,0.0
20231222:2010,0.0,0.0,0.0,7.73,0.9,0.0
20231222:2110,0.0,0.0,0.0,7.73,0.9,0.0
20231222:2210,0.0,0.0,0.0,7.8,0.9,0.0
20231222:2310,0.0,0.0,0.0,7.54,1.03,0.0
20231223:0010,0.0,0.0,0.0,7.34,1.17,0.0
20231223:0110,0.0,0.0,0.0,7.18,1.24,0.0
20231223:0210,0.0,0.0,0.0,6.98,1.38,0.0
20231223:0310,0.0,0.0,0.0,6.39,1.59,0.0
20231223:0410,0.0,0.0,0.0,5.85,1.66,0.0
20231223:0510,0.0,0.0,0.0,5.71,1.72,0.0
20231223:0610,0.0,0.0,0.0,5.51,1.79,0.0
20231223:0710,0.0,0.0,0.0,5.05,1.86,0.0
20231223:0810,319.82,330.64,7.96,5.3,1.79,0.0
20231223:0910,476.34,482.19,14.32,6.07,1.79,0.0
20231223:1010,592.31,611.67,18.66,9.52,1.59,0.0
20231223:1110,586.82,608.97,20.56,11.0,1.79,0.0
20231223:1210,523.28,543.73,19.82,11.68,1.93,0.0
20231223:1310,455.65,479.39,16.52,12.07,1.79,0.0
20231223:1410,290.68,323.72,11.0,11.87,1.59,0.0
20231223:1510,35.92,62.97,3.71,10.81,1.66,0.0
20231223:1610,0.0,0.0,0.0,9.0,1.79,0.0
20231223:1710,0.0,0.0,0.0,7.01,2.0,0.0
20231223:1810,0.0,0.0,0.0,5.54,2.14,0.0
20231223:1910,0.0,0.0,0.0,5.58,2.34,0.0
20231223:2010,0.0,0.0,0.0,4.92,2.21,0.0
20231223:2110,0.0,0.0,0.0,4.22,2.28,0.0
20231223:2210,0.0,0.0,0.0,3.51,2.41,0.0
20231223:2310,0.0,0.0,0.0,3.04,2.41,0.0
20231224:0010,0.0,0.0,0.0,2.6,2.41,0.0
20231224:0110,0.0,0.0,0.0,2.14,2.48,0.0
20231224:0210,0.0,0.0,0.0,1.9,2.55,0.0
20231224:0310,0.0,0.0,0.0,1.68,2.55,0.0
20231224:0410,0.0,0.0,0.0,1.52,2.48,0.0
20231224:0510,0.0,0.0,0.0,0.68,2.48,0.0
20231224:0610,0.0,0.0,0.0,0.54,2.34,0.0
20231224:0710,0.0,0.0,0.0,2.54,2.21,0.0
20231224:0810,303.41,310.77,7.92,3.05,2.07,0.0
20231224:0910,481.36,485.39,14.29,5.08,1.72,0.0
20231224:1010,574.53,591.98,18.65,8.79,1.38,0.0
20231224:1110,602.54,629.0,20.57,10.65,1.24,0.0
20231224:1210,543.4,570.69,19.85,11.88,1.1,0.0
20231224:1310,447.71,475.72,16.57,12.64,0.97,0.0
20231224:1410,272.97,305.85,11.06,12.24,0.76,0.0
20231224:1510,31.43,55.73,3.79,11.79,0.76,0.0
20231224:1610,0.0,0.0,0.0,11.35,0.76,0.0
20231224:1710,0.0,0.0,0.0,10.35,0.83,0.0
20231224:1810,0.0,0.0,0.0,9.69,0.83,0.0
20231224:1910,0.0,0.0,0.0,9.85,1.03,0.0
20231224:2010,0.0,0.0,0.0,9.47,0.97,0.0
20231224:2110,0.0,0.0,0.0,9.03,0.97,0.0
20231224:2210,0.0,0.0,0.0,8.57,0.97,0.0
20231224:2310,0.0,0.0,0.0,8.2,0.97,0.0
20231225:0010,0.0,0.0,0.0,7.88,1.03,0.0
20231225:0110,0.0,0.0,0.0,7.8,1.1,0.0
20231225:0210,0.0,0.0,0.0,7.71,1.03,0.0
20231225:0310,0.0,0.0,0.0,7.58,0.97,0.0
20231225:0410,0.0,0.0,0.0,7.45,0.83,0.0
20231225:0510,0.0,0.0,0.0,7.46,0.69,0.0
20231225:0610,0.0,0.0,0.0,7.66,0.55,0.0
20231225:0710,0.0,0.0,0.0,6.93,0.55,0.0
20231225:0810,140.6,156.38,7.88,6.94,0.41,0.0
20231225:0910,250.16,262.35,14.27,7.24,0.07,0.0
20231225:1010,544.81,567.23,18.64,8.19,0.21,0.0
20231225:1110,577.92,604.05,20.59,9.24,0.48,0.0
20231225:1210,536.05,559.21,19.89,9.84,0.76,0.0
20231225:1310,440.01,462.18,16.63,10.1,0.83,0.0
20231225:1410,277.3,307.03,11.13,9.79,0.76,0.0
20231225:1510,33.71,58.23,3.87,8.96,0.55,0.0
20231225:1610,0.0,0.0,0.0,8.22,0.21,0.0
20231225:1710,0.0,0.0,0.0,7.26,0.34,0.0
20231225:1810,0.0,0.0,0.0,6.56,0.41,0.0
20231225:1910,0.0,0.0,0.0,6.45,0.41,0.0
20231225:2010,0.0,0.0,0.0,5.75,0.62,0.0
20231225:2110,0.0,0.0,0.0,5.12,0.69,0.0
20231225:2210,0.0,0.0,0.0,4.68,0.69,0.0
20231225:2310,0.0,0.0,0.0,4.35,0.69,0.0
20231226:0010,0.0,0.0,0.0,3.28,0.76,0.0
20231226:0110,0.0,0.0,0.0,1.64,0.9,0.0
20231226:0210,0.0,0.0,0.0,2.16,0.83,0.0
20231226:0310,0.0,0.0,0.0,2.86,0.76,0.0
20231226:0410,0.0,0.0,0.0,3.34,0.62,0.0
20231226:0510,0.0,0.0,0.0,3.61,0.55,0.0
20231226:0610,0.0,0.0,0.0,4.03,0.41,0.0
20231226:0710,0.0,0.0,0.0,4.71,0.41,0.0
20231226:0810,87.63,102.98,7.85,4.93,0.28,0.0
20231226:0910,21.82,34.94,14.25,5.32,0.07,0.0
20231226:1010,14.23,26.21,18.65,6.29,0.34,0.0
20231226:1110,22.49,35.91,20.61,6.97,0.48,0.0
20231226:1210,98.64,114.63,19.93,7.45,0.55,0.0
20231226:1310,56.96,72.8,16.69,7.63,0.55,0.0
20231226:1410,217.14,239.53,11.21,7.71,0.48,0.0
20231226:1510,39.84,66.39,3.95,7.32,0.55,0.0
20231226:1610,0.0,0.0,0.0,6.4,0.48,0.0
20231226:1710,0.0,0.0,0.0,6.23,0.28,0.0
20231226:1810,0.0,0.0,0.0,5.95,0.07,0.0
20231226:1910,0.0,0.0,0.0,3.99,0.62,0.0
20231226:2010,0.0,0.0,0.0,3.17,0.76,0.0
20231226:2110,0.0,0.0,0.0,2.74,0.97,0.0
20231226:2210,0.0,0.0,0.0,2.9,1.03,0.0
20231226:2310,0.0,0.0,0.0,2.89,1.03,0.0
20231227:0010,0.0,0.0,0.0,2.81,1.03,0.0
20231227:0110,0.0,0.0,0.0,3.04,0.97,0.0
20231227:0210,0.0,0.0,0.0,3.71,0.83,0.0
20231227:0310,0.0,0.0,0.0,4.44,0.69,0.0
20231227:0410,0.0,0.0,0.0,4.5,0.62,0.0
20231227:0510,0.0,0.0,0.0,3.34,0.69,0.0
20231227:0610,0.0,0.0,0.0,2.06,0.83,0.0
20231227:0710,0.0,0.0,0.0,4.23,0.62,0.0
20231227:0810,144.1,156.95,7.82,2.77,0.69,0.0
20231227:0910,144.91,158.0,14.25,5.1,0.34,0.0
20231227:1010,128.92,143.77,18.66,6.42,0.14,0.0
20231227:1110,302.38,314.11,20.64,7.65,0.34,0.0
20231227:1210,336.08,348.87,19.99,8.41,0.55,0.0
20231227:1310,396.3,413.34,16.76,8.56,0.69,0.0
20231227:1410,211.56,233.92,11.29,8.43,0.69,0.0
20231227:1510,35.4,59.32,4.05,7.75,0.69,0.0
20231227:1610,0.0,0.0,0.0,6.78,0.62,0.0
20231227:1710,0.0,0.0,0.0,6.37,0.28,0.0
20231227:1810,0.0,0.0,0.0,5.92,0.21,0.0
20231227:1910,0.0,0.0,0.0,5.04,0.41,0.0
20231227:2010,0.0,0.0,0.0,4.83,0.48,0.0
20231227:2110,0.0,0.0,0.0,4.69,0.48,0.0
20231227:2210,0.0,0.0,0.0,4.51,0.48,0.0
20231227:2310,0.0,0.0,0.0,4.32,0.55,0.0
20231228:0010,0.0,0.0,0.0,4.26,0.69,0.0
20231228:0110,0.0,0.0,0.0,3.19,0.83,0.0
20231228:0210,0.0,0.0,0.0,1.84,0.9,0.0
20231228:0310,0.0,0.0,0.0,0.71,1.03,0.0
20231228:0410,0.0,0.0,0.0,0.55,1.17,0.0
20231228:0510,0.0,0.0,0.0,0.57,1.17,0.0
20231228:0610,0.0,0.0,0.0,1.47,1.1,0.0
20231228:0710,0.0,0.0,0.0,4.38,0.76,0.0
20231228:0810,2.14,9.71,7.8,4.76,0.69,0.0
20231228:0910,96.14,110.89,14.24,5.21,0.48,0.0
20231228:1010,35.94,50.47,18.68,5.85,0.28,0.0
20231228:1110,39.46,54.35,20.68,6.6,0.21,0.0
20231228:1210,34.84,49.5,20.05,6.95,0.28,0.0
20231228:1310,44.02,59.21,16.83,6.88,0.34,0.0
20231228:1410,21.65,34.94,11.38,6.83,0.48,0.0
20231228:1510,3.3,11.65,4.14,6.42,0.41,0.0
20231228:1610,0.0,0.0,0.0,5.97,0.34,0.0
20231228:1710,0.0,0.0,0.0,5.72,0.34,0.0
20231228:1810,0.0,0.0,0.0,5.63,0.34,0.0
20231228:1910,0.0,0.0,0.0,5.74,0.14,0.0
20231228:2010,0.0,0.0,0.0,5.58,0.21,0.0
20231228:2110,0.0,0.0,0.0,5.55,0.34,0.0
20231228:2210,0.0,0.0,0.0,5.5,0.34,0.0
20231228:2310,0.0,0.0,0.0,5.45,0.34,0.0
20231229:0010,0.0,0.0,0.0,5.37,0.41,0.0
20231229:0110,0.0,0.0,0.0,5.38,0.41,0.0
20231229:0210,0.0,0.0,0.0,5.45,0.34,0.0
20231229:0310,0.0,0.0,0.0,5.56,0.28,0.0
20231229:0410,0.0,0.0,0.0,5.5,0.28,0.0
20231229:0510,0.0,0.0,0.0,5.41,0.21,0.0
20231229:0610,0.0,0.0,0.0,5.36,0.07,0.0
20231229:0710,0.0,0.0,0.0,5.28,0.21,0.0
20231229:0810,9.6,20.38,7.79,5.4,0.28,0.0
20231229:0910,17.54,30.09,14.25,5.79,0.21,0.0
20231229:1010,28.63,42.71,18.7,6.55,0.07,0.0
20231229:1110,32.99,47.56,20.73,7.19,0.07,0.0
20231229:1210,30.29,44.65,20.11,7.38,0.28,0.0
20231229:1310,31.16,45.62,16.92,7.54,0.41,0.0
20231229:1410,37.46,52.41,11.48,7.51,0.34,0.0
20231229:1510,4.56,13.59,4.25,7.16,0.21,0.0
20231229:1610,0.0,0.0,0.0,6.75,0.14,0.0
20231229:1710,0.0,0.0,0.0,6.18,0.41,0.0
20231229:1810,0.0,0.0,0.0,6.01,0.48,0.0
20231229:1910,0.0,0.0,0.0,6.7,0.41,0.0
20231229:2010,0.0,0.0,0.0,6.56,0.41,0.0
20231229:2110,0.0,0.0,0.0,6.21,0.48,0.0
20231229:2210,0.0,0.0,0.0,6.17,0.48,0.0
20231229:2310,0.0,0.0,0.0,6.29,0.41,0.0
20231230:0010,0.0,0.0,0.0,6.13,0.55,0.0
20231230:0110,0.0,0.0,0.0,5.98,0.69,0.0
20231230:0210,0.0,0.0,0.0,5.98,0.69,0.0
20231230:0310,0.0,0.0,0.0,6.16,0.62,0.0
20231230:0410,0.0,0.0,0.0,6.1,0.55,0.0
20231230:0510,0.0,0.0,0.0,5.91,0.55,0.0
20231230:0610,0.0,0.0,0.0,5.7,0.55,0.0
20231230:0710,0.0,0.0,0.0,5.18,0.62,0.0
20231230:0810,296.23,309.84,7.79,5.38,0.55,0.0
20231230:0910,485.34,499.84,14.26,6.08,0.21,0.0
20231230:1010,582.36,605.91,18.74,7.33,0.21,0.0
20231230:1110,568.91,590.97,20.79,8.33,0.55,0.0
20231230:1210,566.85,589.67,20.19,8.66,0.69,0.0
20231230:1310,379.08,395.35,17.01,8.9,0.83,0.0
20231230:1410,245.43,269.16,11.58,8.68,0.9,0.0
20231230:1510,33.55,55.32,4.36,8.06,0.76,0.0
20231230:1610,0.0,0.0,0.0,6.92,0.62,0.0
20231230:1710,0.0,0.0,0.0,6.62,0.41,0.0
20231230:1810,0.0,0.0,0.0,6.01,0.34,0.0
20231230:1910,0.0,0.0,0.0,6.07,0.28,0.0
20231230:2010,0.0,0.0,0.0,5.89,0.41,0.0
20231230:2110,0.0,0.0,0.0,5.76,0.55,0.0
20231230:2210,0.0,0.0,0.0,5.66,0.69,0.0
20231230:2310,0.0,0.0,0.0,5.35,0.69,0.0
20231231:0010,0.0,0.0,0.0,5.02,0.76,0.0
20231231:0110,0.0,0.0,0.0,5.17,0.69,0.0
20231231:0210,0.0,0.0,0.0,5.01,0.76,0.0
20231231:0310,0.0,0.0,0.0,4.92,0.76,0.0
20231231:0410,0.0,0.0,0.0,4.96,0.69,0.0
20231231:0510,0.0,0.0,0.0,4.96,0.69,0.0
20231231:0610,0.0,0.0,0.0,5.07,0.62,0.0
20231231:0710,0.0,0.0,0.0,4.67,0.55,0.0
20231231:0810,13.55,25.24,7.79,4.75,0.48,0.0
20231231:0910,20.17,33.0,14.28,4.84,0.48,0.0
20231231:1010,33.32,47.56,18.78,5.32,0.48,0.0
20231231:1110,36.03,50.47,20.85,5.41,0.41,0.0
20231231:1210,31.52,45.62,20.27,5.28,0.34,0.0
20231231:1310,21.83,34.94,17.11,5.23,0.14,0.0
20231231:1410,25.31,38.82,11.69,5.21,0.34,0.0
20231231:1510,1.05,7.76,4.48,4.91,0.62,0.0
20231231:1610,0.0,0.0,0.0,4.62,0.76,0.0
20231231:1710,0.0,0.0,0.0,4.55,0.97,0.0
20231231:1810,0.0,0.0,0.0,4.52,0.9,0.0
20231231:1910,0.0,0.0,0.0,4.37,0.9,0.0
20231231:2010,0.0,0.0,0.0,4.27,0.83,0.0
20231231:2110,0.0,0.0,0.0,4.23,0.76,0.0
20231231:2210,0.0,0.0,0.0,4.23,0.55,0.0
20231231:2310,0.0,0.0,0.0,4.17,0.48,0.0

P: PV system power (W)
G(i): Global irradiance on the inclined plane (plane of the array) (W/m2)
H_sun: Sun height (degree)
T2m: 2-m air temperature (degree Celsius)
WS10m: 10-m total wind speed (m/s)
Int: 1 means solar radiation values are reconstructed



PVGIS (c) European Union, 2001-2025