Latitude (decimal degrees):	45.903
Longitude (decimal degrees):	8.904
Elevation (m):	292
Radiation database:	PVGIS-SARAH3


Slope: 22 deg. 
Azimuth: 160 deg. 
Nominal power of the PV system (c-Si) (kWp):	1.0
System losses (%):	0.0
time,P,G(i),H_sun,T2m,WS10m,Int
20230101:0010,0.0,0.0,0.0,6.68,1.03,0.0
20230101:0110,0.0,0.0,0.0,6.54,1.03,0.0
20230101:0210,0.0,0.0,0.0,6.61,0.9,0.0
20230101:0310,0.0,0.0,0.0,6.75,0.9,0.0
20230101:0410,0.0,0.0,0.0,6.79,0.9,0.0
20230101:0510,0.0,0.0,0.0,6.66,0.97,0.0
20230101:0610,0.0,0.0,0.0,6.55,0.97,0.0
20230101:0710,0.0,0.0,0.0,6.46,0.9,0.0
20230101:0810,32.01,46.39,7.88,6.72,0.76,0.0
20230101:0910,62.73,78.58,14.39,7.25,0.69,0.0
20230101:1010,69.03,85.2,18.9,7.95,0.62,0.0
20230101:1110,120.86,137.27,20.98,8.49,0.55,0.0
20230101:1210,124.97,144.74,20.4,8.8,0.62,0.0
20230101:1310,96.02,113.29,17.24,9.0,0.62,0.0
20230101:1410,43.09,58.7,11.82,8.97,0.62,0.0
20230101:1510,12.75,24.61,4.6,8.79,0.69,0.0
20230101:1610,0.0,0.0,0.0,8.2,0.76,0.0
20230101:1710,0.0,0.0,0.0,7.5,0.83,0.0
20230101:1810,0.0,0.0,0.0,7.24,0.69,0.0
20230101:1910,0.0,0.0,0.0,7.21,0.62,0.0
20230101:2010,0.0,0.0,0.0,7.52,0.48,0.0
20230101:2110,0.0,0.0,0.0,7.8,0.48,0.0
20230101:2210,0.0,0.0,0.0,7.81,0.48,0.0
20230101:2310,0.0,0.0,0.0,8.07,0.48,0.0
20230102:0010,0.0,0.0,0.0,8.09,0.55,0.0
20230102:0110,0.0,0.0,0.0,8.29,0.48,0.0
20230102:0210,0.0,0.0,0.0,8.41,0.41,0.0
20230102:0310,0.0,0.0,0.0,8.32,0.34,0.0
20230102:0410,0.0,0.0,0.0,8.09,0.48,0.0
20230102:0510,0.0,0.0,0.0,7.77,0.55,0.0
20230102:0610,0.0,0.0,0.0,7.89,0.48,0.0
20230102:0710,0.0,0.0,0.0,7.15,0.48,0.0
20230102:0810,5.63,15.15,7.89,7.26,0.41,0.0
20230102:0910,8.39,18.93,14.42,7.32,0.21,0.0
20230102:1010,37.03,52.07,18.95,8.03,0.21,0.0
20230102:1110,82.89,99.4,21.06,8.38,0.34,0.0
20230102:1210,83.35,99.97,20.5,8.75,0.55,0.0
20230102:1310,103.15,120.78,17.36,8.76,0.62,0.0
20230102:1410,51.25,67.22,11.94,8.79,0.62,0.0
20230102:1510,12.01,23.67,4.73,8.48,0.55,0.0
20230102:1610,0.0,0.0,0.0,8.02,0.62,0.0
20230102:1710,0.0,0.0,0.0,7.65,0.76,0.0
20230102:1810,0.0,0.0,0.0,7.56,0.76,0.0
20230102:1910,0.0,0.0,0.0,7.33,0.62,0.0
20230102:2010,0.0,0.0,0.0,7.28,0.55,0.0
20230102:2110,0.0,0.0,0.0,7.26,0.62,0.0
20230102:2210,0.0,0.0,0.0,7.2,0.62,0.0
20230102:2310,0.0,0.0,0.0,7.1,0.69,0.0
20230103:0010,0.0,0.0,0.0,6.92,0.83,0.0
20230103:0110,0.0,0.0,0.0,6.86,0.83,0.0
20230103:0210,0.0,0.0,0.0,6.8,0.76,0.0
20230103:0310,0.0,0.0,0.0,6.76,0.69,0.0
20230103:0410,0.0,0.0,0.0,6.67,0.62,0.0
20230103:0510,0.0,0.0,0.0,6.65,0.48,0.0
20230103:0610,0.0,0.0,0.0,6.48,0.34,0.0
20230103:0710,0.0,0.0,0.0,6.65,0.48,0.0
20230103:0810,25.95,39.76,7.92,6.75,0.55,0.0
20230103:0910,69.27,85.2,14.47,7.16,0.48,0.0
20230103:1010,71.92,88.04,19.02,7.56,0.34,0.0
20230103:1110,30.98,45.44,21.15,7.58,0.28,0.0
20230103:1210,33.75,48.53,20.61,8.01,0.21,0.0
20230103:1310,92.25,109.03,17.48,8.08,0.28,0.0
20230103:1410,20.74,34.08,12.07,8.2,0.28,0.0
20230103:1510,0.0,4.73,4.86,8.23,0.21,0.0
20230103:1610,0.0,0.0,0.0,7.68,0.21,0.0
20230103:1710,0.0,0.0,0.0,6.91,0.41,0.0
20230103:1810,0.0,0.0,0.0,6.17,0.69,0.0
20230103:1910,0.0,0.0,0.0,5.6,0.9,0.0
20230103:2010,0.0,0.0,0.0,4.63,1.03,0.0
20230103:2110,0.0,0.0,0.0,3.96,1.1,0.0
20230103:2210,0.0,0.0,0.0,3.68,1.1,0.0
20230103:2310,0.0,0.0,0.0,3.13,1.17,0.0
20230104:0010,0.0,0.0,0.0,2.13,1.24,0.0
20230104:0110,0.0,0.0,0.0,0.9,1.38,0.0
20230104:0210,0.0,0.0,0.0,0.69,1.52,0.0
20230104:0310,0.0,0.0,0.0,0.6,1.45,0.0
20230104:0410,0.0,0.0,0.0,0.62,1.52,0.0
20230104:0510,0.0,0.0,0.0,0.24,1.52,0.0
20230104:0610,0.0,0.0,0.0,0.04,1.59,0.0
20230104:0710,0.0,0.0,0.0,1.07,1.52,0.0
20230104:0810,18.19,30.29,7.95,1.07,1.52,0.0
20230104:0910,30.09,43.55,14.52,2.31,1.38,0.0
20230104:1010,41.38,55.86,19.09,4.36,1.1,0.0
20230104:1110,44.49,59.64,21.24,6.73,0.83,0.0
20230104:1210,123.13,144.42,20.72,8.51,0.41,0.0
20230104:1310,82.92,107.04,17.6,9.24,0.21,0.0
20230104:1410,60.88,77.45,12.21,9.18,0.48,0.0
20230104:1510,15.88,28.4,5.0,8.5,0.69,0.0
20230104:1610,0.0,0.0,0.0,7.27,0.55,0.0
20230104:1710,0.0,0.0,0.0,6.75,0.34,0.0
20230104:1810,0.0,0.0,0.0,6.0,0.48,0.0
20230104:1910,0.0,0.0,0.0,5.54,0.83,0.0
20230104:2010,0.0,0.0,0.0,4.4,0.97,0.0
20230104:2110,0.0,0.0,0.0,3.58,1.1,0.0
20230104:2210,0.0,0.0,0.0,3.16,1.1,0.0
20230104:2310,0.0,0.0,0.0,3.07,1.03,0.0
20230105:0010,0.0,0.0,0.0,3.07,1.03,0.0
20230105:0110,0.0,0.0,0.0,3.22,0.97,0.0
20230105:0210,0.0,0.0,0.0,3.4,1.03,0.0
20230105:0310,0.0,0.0,0.0,3.72,1.03,0.0
20230105:0410,0.0,0.0,0.0,3.92,1.03,0.0
20230105:0510,0.0,0.0,0.0,4.05,1.03,0.0
20230105:0610,0.0,0.0,0.0,4.26,1.03,0.0
20230105:0710,0.0,0.0,0.0,4.69,0.97,0.0
20230105:0810,27.89,41.66,7.99,5.23,0.9,0.0
20230105:0910,76.31,91.83,14.58,6.03,0.76,0.0
20230105:1010,78.46,94.67,19.17,7.83,0.69,0.0
20230105:1110,109.95,127.29,21.34,9.31,0.83,0.0
20230105:1210,68.29,97.18,20.84,10.49,0.97,0.0
20230105:1310,103.45,125.69,17.74,11.33,1.03,0.0
20230105:1410,17.62,32.57,12.35,11.63,0.97,0.0
20230105:1510,7.52,17.99,5.15,10.83,0.9,0.0
20230105:1610,0.0,0.0,0.0,8.7,1.1,0.0
20230105:1710,0.0,0.0,0.0,7.39,1.31,0.0
20230105:1810,0.0,0.0,0.0,6.63,1.45,0.0
20230105:1910,0.0,0.0,0.0,7.26,1.52,0.0
20230105:2010,0.0,0.0,0.0,6.48,1.59,0.0
20230105:2110,0.0,0.0,0.0,5.7,1.52,0.0
20230105:2210,0.0,0.0,0.0,5.78,1.45,0.0
20230105:2310,0.0,0.0,0.0,5.25,1.38,0.0
20230106:0010,0.0,0.0,0.0,4.41,1.45,0.0
20230106:0110,0.0,0.0,0.0,3.52,1.45,0.0
20230106:0210,0.0,0.0,0.0,1.78,1.45,0.0
20230106:0310,0.0,0.0,0.0,0.0,1.45,0.0
20230106:0410,0.0,0.0,0.0,-0.36,1.38,0.0
20230106:0510,0.0,0.0,0.0,-0.37,1.38,0.0
20230106:0610,0.0,0.0,0.0,-0.47,1.38,0.0
20230106:0710,0.0,0.0,0.0,-0.52,1.31,0.0
20230106:0810,39.51,53.02,8.03,0.05,1.24,0.0
20230106:0910,93.13,106.98,14.64,2.66,1.1,0.0
20230106:1010,127.54,142.01,19.26,5.43,0.69,0.0
20230106:1110,140.76,157.13,21.45,8.08,0.21,0.0
20230106:1210,126.59,144.22,20.97,9.41,0.34,0.0
20230106:1310,100.08,117.7,17.88,9.75,0.62,0.0
20230106:1410,61.9,78.57,12.5,9.56,0.69,0.0
20230106:1510,17.44,30.29,5.3,8.79,0.62,0.0
20230106:1610,0.0,0.0,0.0,7.78,0.48,0.0
20230106:1710,0.0,0.0,0.0,6.94,0.07,0.0
20230106:1810,0.0,0.0,0.0,6.12,0.55,0.0
20230106:1910,0.0,0.0,0.0,4.25,0.83,0.0
20230106:2010,0.0,0.0,0.0,3.48,0.97,0.0
20230106:2110,0.0,0.0,0.0,2.95,1.03,0.0
20230106:2210,0.0,0.0,0.0,2.65,1.03,0.0
20230106:2310,0.0,0.0,0.0,1.26,1.1,0.0
20230107:0010,0.0,0.0,0.0,-0.5,1.1,0.0
20230107:0110,0.0,0.0,0.0,-0.93,1.03,0.0
20230107:0210,0.0,0.0,0.0,-0.77,1.03,0.0
20230107:0310,0.0,0.0,0.0,-0.9,1.03,0.0
20230107:0410,0.0,0.0,0.0,-0.98,1.1,0.0
20230107:0510,0.0,0.0,0.0,-0.89,1.1,0.0
20230107:0610,0.0,0.0,0.0,-1.05,1.1,0.0
20230107:0710,0.0,0.0,0.0,-0.2,1.17,0.0
20230107:0810,38.51,52.07,8.09,0.46,1.1,0.0
20230107:0910,92.28,106.03,14.72,2.27,0.9,0.0
20230107:1010,133.55,147.69,19.36,4.98,0.48,0.0
20230107:1110,137.57,152.71,21.57,6.2,0.21,0.0
20230107:1210,105.29,121.22,21.11,6.97,0.21,0.0
20230107:1310,58.93,74.74,18.03,7.21,0.21,0.0
20230107:1410,59.21,75.18,12.65,7.32,0.07,0.0
20230107:1510,10.6,21.77,5.46,6.94,0.28,0.0
20230107:1610,0.0,0.0,0.0,6.43,0.28,0.0
20230107:1710,0.0,0.0,0.0,6.05,0.28,0.0
20230107:1810,0.0,0.0,0.0,5.45,0.55,0.0
20230107:1910,0.0,0.0,0.0,4.44,0.69,0.0
20230107:2010,0.0,0.0,0.0,4.48,0.76,0.0
20230107:2110,0.0,0.0,0.0,4.38,0.9,0.0
20230107:2210,0.0,0.0,0.0,4.03,1.03,0.0
20230107:2310,0.0,0.0,0.0,4.07,1.1,0.0
20230108:0010,0.0,0.0,0.0,4.15,1.1,0.0
20230108:0110,0.0,0.0,0.0,4.03,1.1,0.0
20230108:0210,0.0,0.0,0.0,3.78,1.03,0.0
20230108:0310,0.0,0.0,0.0,4.07,0.83,0.0
20230108:0410,0.0,0.0,0.0,4.14,0.83,0.0
20230108:0510,0.0,0.0,0.0,4.18,0.9,0.0
20230108:0610,0.0,0.0,0.0,4.19,0.9,0.0
20230108:0710,0.0,0.0,0.0,4.03,0.9,0.0
20230108:0810,28.91,42.6,8.15,4.18,0.76,0.0
20230108:0910,44.03,58.7,14.8,4.63,0.62,0.0
20230108:1010,59.68,74.79,19.46,4.95,0.55,0.0
20230108:1110,55.76,70.86,21.69,5.11,0.55,0.0
20230108:1210,106.09,121.13,21.25,5.19,0.41,0.0
20230108:1310,51.95,66.97,18.18,5.1,0.48,0.0
20230108:1410,16.8,29.12,12.81,4.97,0.9,0.0
20230108:1510,8.52,18.93,5.62,4.78,1.03,0.0
20230108:1610,0.0,0.0,0.0,4.69,0.97,0.0
20230108:1710,0.0,0.0,0.0,4.61,0.97,0.0
20230108:1810,0.0,0.0,0.0,4.55,0.9,0.0
20230108:1910,0.0,0.0,0.0,3.95,0.76,0.0
20230108:2010,0.0,0.0,0.0,3.96,0.9,0.0
20230108:2110,0.0,0.0,0.0,3.7,1.31,0.0
20230108:2210,0.0,0.0,0.0,3.34,1.52,0.0
20230108:2310,0.0,0.0,0.0,3.37,1.38,0.0
20230109:0010,0.0,0.0,0.0,3.53,1.24,0.0
20230109:0110,0.0,0.0,0.0,3.64,1.03,0.0
20230109:0210,0.0,0.0,0.0,3.72,0.9,0.0
20230109:0310,0.0,0.0,0.0,3.97,0.62,0.0
20230109:0410,0.0,0.0,0.0,3.63,0.69,0.0
20230109:0510,0.0,0.0,0.0,3.23,0.83,0.0
20230109:0610,0.0,0.0,0.0,3.31,0.83,0.0
20230109:0710,0.0,0.0,0.0,3.74,0.69,0.0
20230109:0810,40.55,54.91,8.21,3.91,0.69,0.0
20230109:0910,50.5,65.32,14.88,4.58,0.9,0.0
20230109:1010,21.81,35.03,19.57,6.19,1.17,0.0
20230109:1110,9.06,27.85,21.82,7.51,1.45,0.0
20230109:1210,13.12,51.86,21.4,8.48,1.52,0.0
20230109:1310,15.55,53.6,18.34,8.94,1.72,0.0
20230109:1410,7.11,26.62,12.98,8.83,1.72,0.0
20230109:1510,7.65,17.99,5.79,8.04,1.59,0.0
20230109:1610,0.0,0.0,0.0,6.34,1.59,0.0
20230109:1710,0.0,0.0,0.0,4.64,1.66,0.0
20230109:1810,0.0,0.0,0.0,3.43,1.79,0.0
20230109:1910,0.0,0.0,0.0,4.43,1.45,0.0
20230109:2010,0.0,0.0,0.0,3.75,1.52,0.0
20230109:2110,0.0,0.0,0.0,3.38,1.52,0.0
20230109:2210,0.0,0.0,0.0,3.5,1.45,0.0
20230109:2310,0.0,0.0,0.0,2.87,1.52,0.0
20230110:0010,0.0,0.0,0.0,2.04,1.59,0.0
20230110:0110,0.0,0.0,0.0,0.94,1.79,0.0
20230110:0210,0.0,0.0,0.0,0.16,1.93,0.0
20230110:0310,0.0,0.0,0.0,-0.29,2.0,0.0
20230110:0410,0.0,0.0,0.0,-0.71,2.07,0.0
20230110:0510,0.0,0.0,0.0,-0.86,2.07,0.0
20230110:0610,0.0,0.0,0.0,-0.99,2.14,0.0
20230110:0710,0.0,0.0,0.0,-0.69,2.34,0.0
20230110:0810,13.39,24.61,8.28,0.05,2.41,0.0
20230110:0910,23.84,36.92,14.98,3.55,2.41,0.0
20230110:1010,25.28,38.82,19.68,5.64,2.34,0.0
20230110:1110,11.13,32.15,21.96,6.4,2.83,0.0
20230110:1210,16.84,57.14,21.55,6.83,2.83,0.0
20230110:1310,18.35,57.97,18.51,7.08,2.41,0.0
20230110:1410,9.14,31.0,13.15,6.97,1.79,0.0
20230110:1510,9.18,19.88,5.96,6.14,1.38,0.0
20230110:1610,0.0,0.0,0.0,4.43,1.38,0.0
20230110:1710,0.0,0.0,0.0,3.36,1.45,0.0
20230110:1810,0.0,0.0,0.0,2.82,1.52,0.0
20230110:1910,0.0,0.0,0.0,2.4,1.66,0.0
20230110:2010,0.0,0.0,0.0,2.13,1.66,0.0
20230110:2110,0.0,0.0,0.0,1.79,1.66,0.0
20230110:2210,0.0,0.0,0.0,1.26,1.66,0.0
20230110:2310,0.0,0.0,0.0,0.9,1.66,0.0
20230111:0010,0.0,0.0,0.0,0.46,1.72,0.0
20230111:0110,0.0,0.0,0.0,0.54,1.72,0.0
20230111:0210,0.0,0.0,0.0,0.75,1.59,0.0
20230111:0310,0.0,0.0,0.0,0.98,1.52,0.0
20230111:0410,0.0,0.0,0.0,0.97,1.52,0.0
20230111:0510,0.0,0.0,0.0,0.82,1.52,0.0
20230111:0610,0.0,0.0,0.0,-0.81,1.66,0.0
20230111:0710,0.0,0.0,0.0,-1.1,1.52,0.0
20230111:0810,41.48,54.91,8.36,-0.51,1.45,0.0
20230111:0910,98.36,111.71,15.08,1.92,1.17,0.0
20230111:1010,129.29,142.95,19.81,4.3,0.9,0.0
20230111:1110,108.67,128.49,22.11,6.4,0.76,0.0
20230111:1210,145.9,164.06,21.72,7.92,0.41,0.0
20230111:1310,95.75,122.68,18.68,8.41,0.21,0.0
20230111:1410,67.15,83.78,13.33,8.22,0.34,0.0
20230111:1510,24.13,37.87,6.13,7.71,0.41,0.0
20230111:1610,0.0,0.0,0.0,7.09,0.41,0.0
20230111:1710,0.0,0.0,0.0,6.34,0.62,0.0
20230111:1810,0.0,0.0,0.0,5.74,0.69,0.0
20230111:1910,0.0,0.0,0.0,5.1,0.28,0.0
20230111:2010,0.0,0.0,0.0,5.03,0.62,0.0
20230111:2110,0.0,0.0,0.0,4.66,0.76,0.0
20230111:2210,0.0,0.0,0.0,4.89,0.83,0.0
20230111:2310,0.0,0.0,0.0,4.87,0.76,0.0
20230112:0010,0.0,0.0,0.0,4.16,1.03,0.0
20230112:0110,0.0,0.0,0.0,3.47,1.17,0.0
20230112:0210,0.0,0.0,0.0,2.9,1.24,0.0
20230112:0310,0.0,0.0,0.0,2.55,1.24,0.0
20230112:0410,0.0,0.0,0.0,1.82,1.38,0.0
20230112:0510,0.0,0.0,0.0,1.3,1.45,0.0
20230112:0610,0.0,0.0,0.0,0.28,1.59,0.0
20230112:0710,0.0,0.0,0.0,-1.03,1.72,0.0
20230112:0810,36.04,49.23,8.45,-0.93,1.66,0.0
20230112:0910,99.34,112.66,15.18,2.05,1.45,0.0
20230112:1010,60.89,75.74,19.94,4.25,1.24,0.0
20230112:1110,38.69,63.69,22.26,5.61,0.97,0.0
20230112:1210,36.71,76.6,21.89,7.13,0.62,0.0
20230112:1310,34.54,73.97,18.86,7.95,0.62,0.0
20230112:1410,21.31,46.75,13.51,8.0,0.62,0.0
20230112:1510,14.41,26.51,6.32,7.25,0.62,0.0
20230112:1610,0.0,0.0,0.0,6.84,0.69,0.0
20230112:1710,0.0,0.0,0.0,5.9,0.83,0.0
20230112:1810,0.0,0.0,0.0,5.06,0.9,0.0
20230112:1910,0.0,0.0,0.0,3.34,1.17,0.0
20230112:2010,0.0,0.0,0.0,3.08,1.17,0.0
20230112:2110,0.0,0.0,0.0,2.61,1.17,0.0
20230112:2210,0.0,0.0,0.0,2.15,1.24,0.0
20230112:2310,0.0,0.0,0.0,1.83,1.24,0.0
20230113:0010,0.0,0.0,0.0,1.28,1.31,0.0
20230113:0110,0.0,0.0,0.0,0.95,1.31,0.0
20230113:0210,0.0,0.0,0.0,0.7,1.38,0.0
20230113:0310,0.0,0.0,0.0,0.49,1.38,0.0
20230113:0410,0.0,0.0,0.0,0.45,1.38,0.0
20230113:0510,0.0,0.0,0.0,0.04,1.38,0.0
20230113:0610,0.0,0.0,0.0,-1.57,1.38,0.0
20230113:0710,0.0,0.0,0.0,-1.04,1.24,0.0
20230113:0810,41.45,54.91,8.54,-0.4,1.17,0.0
20230113:0910,97.45,110.77,15.3,1.7,1.03,0.0
20230113:1010,140.22,153.37,20.08,3.92,0.76,0.0
20230113:1110,19.94,46.92,22.42,6.35,0.48,0.0
20230113:1210,22.77,66.64,22.06,7.33,0.34,0.0
20230113:1310,23.1,66.47,19.04,7.65,0.41,0.0
20230113:1410,11.66,39.3,13.7,7.64,0.48,0.0
20230113:1510,9.86,20.83,6.5,6.93,0.62,0.0
20230113:1610,0.0,0.0,0.0,6.29,0.62,0.0
20230113:1710,0.0,0.0,0.0,5.17,0.83,0.0
20230113:1810,0.0,0.0,0.0,3.57,1.1,0.0
20230113:1910,0.0,0.0,0.0,3.92,1.03,0.0
20230113:2010,0.0,0.0,0.0,3.15,1.24,0.0
20230113:2110,0.0,0.0,0.0,2.26,1.45,0.0
20230113:2210,0.0,0.0,0.0,1.53,1.59,0.0
20230113:2310,0.0,0.0,0.0,0.95,1.79,0.0
20230114:0010,0.0,0.0,0.0,0.81,1.86,0.0
20230114:0110,0.0,0.0,0.0,0.69,1.86,0.0
20230114:0210,0.0,0.0,0.0,0.56,1.93,0.0
20230114:0310,0.0,0.0,0.0,0.52,1.93,0.0
20230114:0410,0.0,0.0,0.0,-0.15,2.07,0.0
20230114:0510,0.0,0.0,0.0,-0.61,2.07,0.0
20230114:0610,0.0,0.0,0.0,-1.31,2.14,0.0
20230114:0710,0.0,0.0,0.0,-1.07,1.86,0.0
20230114:0810,20.92,33.13,8.64,-0.88,1.79,0.0
20230114:0910,31.87,45.44,15.42,2.25,1.38,0.0
20230114:1010,54.02,69.11,20.22,5.34,1.03,0.0
20230114:1110,26.85,55.66,22.59,7.02,0.9,0.0
20230114:1210,58.97,97.93,22.25,7.76,1.03,0.0
20230114:1310,108.88,135.14,19.24,7.54,1.03,0.0
20230114:1410,21.49,50.21,13.89,7.05,0.62,0.0
20230114:1510,9.89,20.83,6.69,6.48,0.34,0.0
20230114:1610,0.0,0.0,0.0,5.99,0.48,0.0
20230114:1710,0.0,0.0,0.0,5.26,0.76,0.0
20230114:1810,0.0,0.0,0.0,4.61,0.76,0.0
20230114:1910,0.0,0.0,0.0,3.36,0.9,0.0
20230114:2010,0.0,0.0,0.0,2.99,0.97,0.0
20230114:2110,0.0,0.0,0.0,2.62,0.97,0.0
20230114:2210,0.0,0.0,0.0,2.45,0.9,0.0
20230114:2310,0.0,0.0,0.0,1.93,0.97,0.0
20230115:0010,0.0,0.0,0.0,1.89,0.9,0.0
20230115:0110,0.0,0.0,0.0,1.86,0.9,0.0
20230115:0210,0.0,0.0,0.0,1.98,0.9,0.0
20230115:0310,0.0,0.0,0.0,1.92,0.97,0.0
20230115:0410,0.0,0.0,0.0,1.95,0.97,0.0
20230115:0510,0.0,0.0,0.0,1.79,1.03,0.0
20230115:0610,0.0,0.0,0.0,1.75,1.03,0.0
20230115:0710,0.0,0.0,0.0,0.64,1.03,0.0
20230115:0810,19.84,32.19,8.75,1.15,0.83,0.0
20230115:0910,54.77,69.11,15.55,2.46,0.76,0.0
20230115:1010,28.89,42.6,20.38,4.35,0.9,0.0
20230115:1110,47.2,62.12,22.76,5.32,0.83,0.0
20230115:1210,39.62,54.35,22.43,5.93,0.69,0.0
20230115:1310,31.35,45.62,19.43,6.35,0.48,0.0
20230115:1410,30.49,44.65,14.09,6.18,0.62,0.0
20230115:1510,17.74,30.29,6.89,5.68,0.76,0.0
20230115:1610,0.0,0.0,0.0,4.82,0.97,0.0
20230115:1710,0.0,0.0,0.0,3.73,1.03,0.0
20230115:1810,0.0,0.0,0.0,3.27,1.1,0.0
20230115:1910,0.0,0.0,0.0,2.78,1.17,0.0
20230115:2010,0.0,0.0,0.0,2.18,1.38,0.0
20230115:2110,0.0,0.0,0.0,2.15,1.31,0.0
20230115:2210,0.0,0.0,0.0,2.29,1.31,0.0
20230115:2310,0.0,0.0,0.0,2.44,1.24,0.0
20230116:0010,0.0,0.0,0.0,2.26,1.17,0.0
20230116:0110,0.0,0.0,0.0,0.96,1.38,0.0
20230116:0210,0.0,0.0,0.0,-0.18,1.45,0.0
20230116:0310,0.0,0.0,0.0,-0.73,1.38,0.0
20230116:0410,0.0,0.0,0.0,-1.63,1.45,0.0
20230116:0510,0.0,0.0,0.0,-3.29,1.38,0.0
20230116:0610,0.0,0.0,0.0,-3.01,1.38,0.0
20230116:0710,0.0,0.0,0.0,-2.62,1.24,0.0
20230116:0810,32.57,45.44,8.86,-2.13,1.1,0.0
20230116:0910,79.56,92.78,15.69,0.09,1.1,0.0
20230116:1010,125.81,138.22,20.54,1.89,0.83,0.0
20230116:1110,56.37,70.86,22.94,2.82,0.34,0.0
20230116:1210,46.85,61.15,22.63,2.69,0.48,0.0
20230116:1310,78.14,92.21,19.64,2.16,0.76,0.0
20230116:1410,13.78,25.24,14.29,1.65,0.97,0.0
20230116:1510,2.63,10.41,7.09,1.4,0.97,0.0
20230116:1610,0.0,0.0,0.0,1.25,1.03,0.0
20230116:1710,0.0,0.0,0.0,0.6,0.97,0.0
20230116:1810,0.0,0.0,0.0,0.45,0.83,0.0
20230116:1910,0.0,0.0,0.0,0.91,0.62,0.0
20230116:2010,0.0,0.0,0.0,0.96,0.62,0.0
20230116:2110,0.0,0.0,0.0,0.76,0.69,0.0
20230116:2210,0.0,0.0,0.0,0.74,0.69,0.0
20230116:2310,0.0,0.0,0.0,0.6,0.62,0.0
20230117:0010,0.0,0.0,0.0,0.29,0.76,0.0
20230117:0110,0.0,0.0,0.0,0.16,0.76,0.0
20230117:0210,0.0,0.0,0.0,-0.23,0.76,0.0
20230117:0310,0.0,0.0,0.0,-2.28,0.97,0.0
20230117:0410,0.0,0.0,0.0,-2.07,1.1,0.0
20230117:0510,0.0,0.0,0.0,-2.08,1.03,0.0
20230117:0610,0.0,0.0,0.0,-2.12,1.52,0.0
20230117:0710,0.0,0.0,0.0,-1.43,1.38,0.0
20230117:0810,37.89,51.12,8.98,-1.11,1.24,0.0
20230117:0910,55.56,69.11,15.83,-0.4,1.1,0.0
20230117:1010,30.4,43.55,20.7,0.2,0.97,0.0
20230117:1110,56.11,69.88,23.13,0.38,0.83,0.0
20230117:1210,47.37,61.15,22.83,0.57,1.03,0.0
20230117:1310,100.65,113.59,19.84,0.69,1.17,0.0
20230117:1410,74.14,88.22,14.5,1.02,0.83,0.0
20230117:1510,0.99,7.57,7.29,1.04,0.62,0.0
20230117:1610,0.0,0.0,0.0,0.75,0.55,0.0
20230117:1710,0.0,0.0,0.0,0.6,0.48,0.0
20230117:1810,0.0,0.0,0.0,0.58,0.41,0.0
20230117:1910,0.0,0.0,0.0,0.58,0.9,0.0
20230117:2010,0.0,0.0,0.0,0.85,0.69,0.0
20230117:2110,0.0,0.0,0.0,1.38,0.34,0.0
20230117:2210,0.0,0.0,0.0,1.37,0.34,0.0
20230117:2310,0.0,0.0,0.0,1.33,0.41,0.0
20230118:0010,0.0,0.0,0.0,1.15,0.28,0.0
20230118:0110,0.0,0.0,0.0,0.87,0.34,0.0
20230118:0210,0.0,0.0,0.0,0.13,0.21,0.0
20230118:0310,0.0,0.0,0.0,-1.27,0.69,0.0
20230118:0410,0.0,0.0,0.0,-1.21,0.83,0.0
20230118:0510,0.0,0.0,0.0,-1.29,0.9,0.0
20230118:0610,0.0,0.0,0.0,-1.44,1.03,0.0
20230118:0710,0.0,0.0,0.0,-2.28,0.97,0.0
20230118:0810,16.79,28.4,9.1,-1.83,1.1,0.0
20230118:0910,28.74,41.66,15.98,-0.6,1.17,0.0
20230118:1010,30.29,43.55,20.87,0.93,0.97,0.0
20230118:1110,24.52,60.57,23.32,2.25,0.48,0.0
20230118:1210,42.6,90.43,23.04,3.22,0.55,0.0
20230118:1310,112.07,140.35,20.06,3.71,0.55,0.0
20230118:1410,74.07,98.4,14.71,3.98,0.34,0.0
20230118:1510,17.91,30.29,7.5,3.84,0.41,0.0
20230118:1610,0.0,0.0,0.0,2.9,0.83,0.0
20230118:1710,0.0,0.0,0.0,2.92,0.76,0.0
20230118:1810,0.0,0.0,0.0,2.54,0.41,0.0
20230118:1910,0.0,0.0,0.0,2.33,0.69,0.0
20230118:2010,0.0,0.0,0.0,1.85,1.03,0.0
20230118:2110,0.0,0.0,0.0,0.99,1.24,0.0
20230118:2210,0.0,0.0,0.0,-1.07,1.66,0.0
20230118:2310,0.0,0.0,0.0,-1.82,1.86,0.0
20230119:0010,0.0,0.0,0.0,-1.65,2.0,0.0
20230119:0110,0.0,0.0,0.0,-1.56,2.21,0.0
20230119:0210,0.0,0.0,0.0,-1.34,2.34,0.0
20230119:0310,0.0,0.0,0.0,-1.03,2.48,0.0
20230119:0410,0.0,0.0,0.0,-0.87,2.62,0.0
20230119:0510,0.0,0.0,0.0,-0.67,2.55,0.0
20230119:0610,0.0,0.0,0.0,-0.73,2.55,0.0
20230119:0710,0.0,0.0,0.0,-0.9,2.62,0.0
20230119:0810,47.2,60.59,9.24,-0.79,2.34,0.0
20230119:0910,46.1,59.64,16.13,-0.12,2.34,0.0
20230119:1010,66.94,80.47,21.05,0.4,2.21,0.0
20230119:1110,77.83,91.24,23.52,0.78,2.0,0.0
20230119:1210,71.71,85.41,23.25,1.14,1.79,0.0
20230119:1310,105.47,118.48,20.28,1.44,1.66,0.0
20230119:1410,68.47,82.52,14.93,1.43,1.31,0.0
20230119:1510,29.35,42.6,7.71,1.26,0.9,0.0
20230119:1610,0.0,0.0,0.0,1.13,0.55,0.0
20230119:1710,0.0,0.0,0.0,1.18,0.28,0.0
20230119:1810,0.0,0.0,0.0,0.92,0.14,0.0
20230119:1910,0.0,0.0,0.0,-1.53,1.17,0.0
20230119:2010,0.0,0.0,0.0,-0.7,1.17,0.0
20230119:2110,0.0,0.0,0.0,-1.09,1.24,0.0
20230119:2210,0.0,0.0,0.0,-1.64,1.24,0.0
20230119:2310,0.0,0.0,0.0,-2.79,1.17,0.0
20230120:0010,0.0,0.0,0.0,-2.93,1.24,0.0
20230120:0110,0.0,0.0,0.0,-3.6,1.45,0.0
20230120:0210,0.0,0.0,0.0,-3.51,1.66,0.0
20230120:0310,0.0,0.0,0.0,-3.59,1.79,0.0
20230120:0410,0.0,0.0,0.0,-4.03,1.86,0.0
20230120:0510,0.0,0.0,0.0,-4.13,1.86,0.0
20230120:0610,0.0,0.0,0.0,-4.34,1.79,0.0
20230120:0710,0.0,0.0,0.0,-4.55,2.07,0.0
20230120:0810,14.47,25.56,9.38,-3.61,2.07,0.0
20230120:0910,23.62,35.97,16.29,-1.73,2.14,0.0
20230120:1010,22.56,35.03,21.24,-0.16,2.21,0.0
20230120:1110,19.4,60.86,23.73,0.9,2.41,0.0
20230120:1210,33.17,88.61,23.47,1.52,2.62,0.0
20230120:1310,40.76,93.03,20.5,1.68,2.76,0.0
20230120:1410,18.14,61.15,15.16,1.63,2.83,0.0
20230120:1510,4.69,14.27,7.93,1.23,2.55,0.0
20230120:1610,0.0,0.0,0.0,0.45,2.48,0.0
20230120:1710,0.0,0.0,0.0,-0.35,2.55,0.0
20230120:1810,0.0,0.0,0.0,-0.9,2.62,0.0
20230120:1910,0.0,0.0,0.0,-1.27,2.76,0.0
20230120:2010,0.0,0.0,0.0,-1.7,2.62,0.0
20230120:2110,0.0,0.0,0.0,-2.0,2.62,0.0
20230120:2210,0.0,0.0,0.0,-2.2,2.55,0.0
20230120:2310,0.0,0.0,0.0,-2.42,2.48,0.0
20230121:0010,0.0,0.0,0.0,-2.74,2.48,0.0
20230121:0110,0.0,0.0,0.0,-2.94,2.48,0.0
20230121:0210,0.0,0.0,0.0,-3.31,2.55,0.0
20230121:0310,0.0,0.0,0.0,-3.72,2.34,0.0
20230121:0410,0.0,0.0,0.0,-4.04,2.34,0.0
20230121:0510,0.0,0.0,0.0,-4.22,2.34,0.0
20230121:0610,0.0,0.0,0.0,-4.3,2.41,0.0
20230121:0710,0.0,0.0,0.0,-3.6,2.55,0.0
20230121:0810,14.4,25.56,9.52,-2.68,2.62,0.0
20230121:0910,23.55,35.97,16.46,-1.11,2.69,0.0
20230121:1010,34.04,47.34,21.43,0.23,2.9,0.0
20230121:1110,54.78,92.33,23.94,1.23,3.03,0.0
20230121:1210,45.6,98.91,23.7,1.87,2.97,0.0
20230121:1310,48.04,99.98,20.73,2.26,3.1,0.0
20230121:1410,19.48,64.71,15.38,2.26,2.9,0.0
20230121:1510,5.33,17.81,8.15,1.89,2.41,0.0
20230121:1610,0.0,0.0,0.0,1.2,2.41,0.0
20230121:1710,0.0,0.0,0.0,0.46,2.48,0.0
20230121:1810,0.0,0.0,0.0,0.0,2.55,0.0
20230121:1910,0.0,0.0,0.0,-0.09,2.9,0.0
20230121:2010,0.0,0.0,0.0,-0.54,2.83,0.0
20230121:2110,0.0,0.0,0.0,-0.98,2.62,0.0
20230121:2210,0.0,0.0,0.0,-1.47,2.48,0.0
20230121:2310,0.0,0.0,0.0,-1.93,2.48,0.0
20230122:0010,0.0,0.0,0.0,-2.21,2.41,0.0
20230122:0110,0.0,0.0,0.0,-2.47,2.41,0.0
20230122:0210,0.0,0.0,0.0,-2.54,2.34,0.0
20230122:0310,0.0,0.0,0.0,-2.53,2.34,0.0
20230122:0410,0.0,0.0,0.0,-2.8,2.28,0.0
20230122:0510,0.0,0.0,0.0,-3.01,2.28,0.0
20230122:0610,0.0,0.0,0.0,-3.24,2.21,0.0
20230122:0710,0.0,0.0,0.0,-2.71,2.0,0.0
20230122:0810,54.08,67.22,9.67,-1.78,2.07,0.0
20230122:0910,101.52,113.61,16.64,-0.23,2.0,0.0
20230122:1010,81.43,94.67,21.63,0.65,2.07,0.0
20230122:1110,82.06,116.17,24.16,1.78,1.93,0.0
20230122:1210,42.16,98.36,23.93,2.61,1.79,0.0
20230122:1310,42.8,98.78,20.97,3.27,1.59,0.0
20230122:1410,32.03,74.9,15.61,3.48,1.45,0.0
20230122:1510,18.63,34.88,8.37,3.17,1.17,0.0
20230122:1610,0.0,0.0,0.0,2.13,1.24,0.0
20230122:1710,0.0,0.0,0.0,0.65,1.24,0.0
20230122:1810,0.0,0.0,0.0,0.13,1.38,0.0
20230122:1910,0.0,0.0,0.0,2.27,0.48,0.0
20230122:2010,0.0,0.0,0.0,2.0,0.62,0.0
20230122:2110,0.0,0.0,0.0,0.92,1.1,0.0
20230122:2210,0.0,0.0,0.0,-0.79,1.38,0.0
20230122:2310,0.0,0.0,0.0,-1.87,1.59,0.0
20230123:0010,0.0,0.0,0.0,-3.08,1.93,0.0
20230123:0110,0.0,0.0,0.0,-3.42,1.93,0.0
20230123:0210,0.0,0.0,0.0,-3.59,2.0,0.0
20230123:0310,0.0,0.0,0.0,-3.59,1.93,0.0
20230123:0410,0.0,0.0,0.0,-3.5,2.0,0.0
20230123:0510,0.0,0.0,0.0,-2.95,2.0,0.0
20230123:0610,0.0,0.0,0.0,-2.76,2.0,0.0
20230123:0710,0.0,0.0,0.0,-1.09,2.14,0.0
20230123:0810,53.76,67.22,9.83,-0.56,2.0,0.0
20230123:0910,114.99,126.86,16.82,0.45,1.59,0.0
20230123:1010,153.14,163.78,21.84,1.38,1.45,0.0
20230123:1110,173.65,187.31,24.39,2.18,1.31,0.0
20230123:1210,109.78,123.27,24.17,2.87,0.9,0.0
20230123:1310,143.66,158.76,21.21,3.04,0.76,0.0
20230123:1410,80.28,95.3,15.85,3.6,0.76,0.0
20230123:1510,35.64,50.06,8.6,3.73,0.62,0.0
20230123:1610,0.0,0.0,0.0,3.13,0.9,0.0
20230123:1710,0.0,0.0,0.0,1.48,1.24,0.0
20230123:1810,0.0,0.0,0.0,0.62,1.38,0.0
20230123:1910,0.0,0.0,0.0,0.71,1.52,0.0
20230123:2010,0.0,0.0,0.0,0.15,1.59,0.0
20230123:2110,0.0,0.0,0.0,0.26,1.45,0.0
20230123:2210,0.0,0.0,0.0,0.26,1.31,0.0
20230123:2310,0.0,0.0,0.0,0.01,1.31,0.0
20230124:0010,0.0,0.0,0.0,0.07,1.17,0.0
20230124:0110,0.0,0.0,0.0,0.06,1.1,0.0
20230124:0210,0.0,0.0,0.0,-0.05,1.17,0.0
20230124:0310,0.0,0.0,0.0,-0.34,1.24,0.0
20230124:0410,0.0,0.0,0.0,-0.4,1.31,0.0
20230124:0510,0.0,0.0,0.0,-0.73,1.38,0.0
20230124:0610,0.0,0.0,0.0,-1.12,1.45,0.0
20230124:0710,0.0,1.89,1.53,-2.04,1.59,0.0
20230124:0810,28.02,40.71,10.0,-1.77,1.45,0.0
20230124:0910,33.79,47.34,17.01,1.42,1.1,0.0
20230124:1010,78.87,94.61,22.05,4.31,0.9,0.0
20230124:1110,32.62,80.23,24.62,6.07,0.48,0.0
20230124:1210,50.08,107.5,24.41,6.76,0.28,0.0
20230124:1310,49.01,106.55,21.45,7.09,0.62,0.0
20230124:1410,36.82,82.37,16.09,7.12,0.48,0.0
20230124:1510,9.51,30.15,8.83,6.71,0.48,0.0
20230124:1610,0.0,0.0,0.0,6.1,0.62,0.0
20230124:1710,0.0,0.0,0.0,5.32,0.41,0.0
20230124:1810,0.0,0.0,0.0,4.61,0.48,0.0
20230124:1910,0.0,0.0,0.0,3.0,1.1,0.0
20230124:2010,0.0,0.0,0.0,1.76,1.24,0.0
20230124:2110,0.0,0.0,0.0,1.4,1.24,0.0
20230124:2210,0.0,0.0,0.0,1.09,1.24,0.0
20230124:2310,0.0,0.0,0.0,-0.73,1.31,0.0
20230125:0010,0.0,0.0,0.0,-1.43,1.31,0.0
20230125:0110,0.0,0.0,0.0,-1.81,1.24,0.0
20230125:0210,0.0,0.0,0.0,-1.84,1.1,0.0
20230125:0310,0.0,0.0,0.0,-2.07,1.1,0.0
20230125:0410,0.0,0.0,0.0,-2.17,1.1,0.0
20230125:0510,0.0,0.0,0.0,-2.08,1.1,0.0
20230125:0610,0.0,0.0,0.0,-2.26,1.1,0.0
20230125:0710,0.0,0.95,1.68,-1.77,1.31,0.0
20230125:0810,51.98,65.32,10.17,-1.26,1.1,0.0
20230125:0910,104.0,117.39,17.2,2.16,0.69,0.0
20230125:1010,31.76,49.77,22.27,4.61,0.28,0.0
20230125:1110,87.65,125.84,24.86,5.45,1.1,0.0
20230125:1210,162.19,188.51,24.66,5.83,1.45,0.0
20230125:1310,130.46,161.78,21.7,5.83,1.45,0.0
20230125:1410,69.12,105.38,16.34,5.32,1.24,0.0
20230125:1510,22.18,43.79,9.07,4.85,0.9,0.0
20230125:1610,0.0,0.0,0.0,3.99,0.69,0.0
20230125:1710,0.0,0.0,0.0,4.16,0.55,0.0
20230125:1810,0.0,0.0,0.0,3.9,0.48,0.0
20230125:1910,0.0,0.0,0.0,4.12,0.14,0.0
20230125:2010,0.0,0.0,0.0,3.86,0.07,0.0
20230125:2110,0.0,0.0,0.0,3.56,0.07,0.0
20230125:2210,0.0,0.0,0.0,3.21,0.28,0.0
20230125:2310,0.0,0.0,0.0,2.42,0.62,0.0
20230126:0010,0.0,0.0,0.0,1.58,0.76,0.0
20230126:0110,0.0,0.0,0.0,1.41,0.69,0.0
20230126:0210,0.0,0.0,0.0,1.38,0.69,0.0
20230126:0310,0.0,0.0,0.0,1.92,0.41,0.0
20230126:0410,0.0,0.0,0.0,2.03,0.21,0.0
20230126:0510,0.0,0.0,0.0,1.95,0.07,0.0
20230126:0610,0.0,0.0,0.0,1.91,0.28,0.0
20230126:0710,0.0,1.89,1.84,1.17,0.34,0.0
20230126:0810,55.04,69.11,10.34,1.29,0.34,0.0
20230126:0910,105.23,118.34,17.4,1.71,0.76,0.0
20230126:1010,156.22,168.2,22.49,1.93,0.76,0.0
20230126:1110,139.86,152.31,25.1,2.36,0.55,0.0
20230126:1210,133.72,146.68,24.92,2.64,0.41,0.0
20230126:1310,97.39,140.8,21.96,3.1,0.48,0.0
20230126:1410,79.18,113.51,16.58,3.36,0.62,0.0
20230126:1510,28.91,51.33,9.31,3.42,0.62,0.0
20230126:1610,0.0,0.0,0.0,3.04,0.76,0.0
20230126:1710,0.0,0.0,0.0,2.21,0.76,0.0
20230126:1810,0.0,0.0,0.0,2.08,0.69,0.0
20230126:1910,0.0,0.0,0.0,2.32,0.55,0.0
20230126:2010,0.0,0.0,0.0,0.39,0.62,0.0
20230126:2110,0.0,0.0,0.0,-0.85,0.83,0.0
20230126:2210,0.0,0.0,0.0,0.02,0.69,0.0
20230126:2310,0.0,0.0,0.0,0.26,0.69,0.0
20230127:0010,0.0,0.0,0.0,0.27,0.69,0.0
20230127:0110,0.0,0.0,0.0,0.11,0.69,0.0
20230127:0210,0.0,0.0,0.0,0.29,0.76,0.0
20230127:0310,0.0,0.0,0.0,0.08,0.76,0.0
20230127:0410,0.0,0.0,0.0,0.01,0.83,0.0
20230127:0510,0.0,0.0,0.0,-0.4,0.9,0.0
20230127:0610,0.0,0.0,0.0,-0.39,0.97,0.0
20230127:0710,0.0,1.89,2.0,0.1,1.1,0.0
20230127:0810,46.91,60.59,10.53,0.21,1.24,0.0
20230127:0910,83.4,96.56,17.61,0.28,1.17,0.0
20230127:1010,81.89,95.12,22.72,0.38,1.24,0.0
20230127:1110,62.93,76.68,25.35,0.63,1.24,0.0
20230127:1210,52.1,66.0,25.18,0.98,1.17,0.0
20230127:1310,54.95,68.91,22.22,1.19,1.24,0.0
20230127:1410,43.38,57.27,16.84,1.4,1.24,0.0
20230127:1510,9.84,20.38,9.55,1.25,1.17,0.0
20230127:1610,0.0,0.0,0.0,0.87,0.97,0.0
20230127:1710,0.0,0.0,0.0,-0.17,0.83,0.0
20230127:1810,0.0,0.0,0.0,0.31,0.62,0.0
20230127:1910,0.0,0.0,0.0,0.95,0.83,0.0
20230127:2010,0.0,0.0,0.0,0.45,0.83,0.0
20230127:2110,0.0,0.0,0.0,0.04,0.76,0.0
20230127:2210,0.0,0.0,0.0,0.09,0.62,0.0
20230127:2310,0.0,0.0,0.0,0.14,0.62,0.0
20230128:0010,0.0,0.0,0.0,0.01,0.62,0.0
20230128:0110,0.0,0.0,0.0,0.05,0.48,0.0
20230128:0210,0.0,0.0,0.0,0.06,0.41,0.0
20230128:0310,0.0,0.0,0.0,0.23,0.34,0.0
20230128:0410,0.0,0.0,0.0,0.19,0.28,0.0
20230128:0510,0.0,0.0,0.0,0.24,0.0,0.0
20230128:0610,0.0,0.0,0.0,0.26,0.14,0.0
20230128:0710,1.55,8.52,2.17,-1.92,1.03,0.0
20230128:0810,20.92,33.13,10.71,-0.99,0.83,0.0
20230128:0910,33.91,47.34,17.82,0.64,0.83,0.0
20230128:1010,15.99,41.72,22.96,1.75,0.83,0.0
20230128:1110,42.14,96.18,25.61,2.34,0.9,0.0
20230128:1210,62.79,124.39,25.44,3.31,1.03,0.0
20230128:1310,64.89,125.43,22.48,3.82,1.1,0.0
20230128:1410,46.38,98.13,17.09,4.24,0.97,0.0
20230128:1510,11.97,43.35,9.79,4.09,0.76,0.0
20230128:1610,0.0,0.0,0.0,2.87,0.83,0.0
20230128:1710,0.0,0.0,0.0,2.94,0.69,0.0
20230128:1810,0.0,0.0,0.0,2.36,0.41,0.0
20230128:1910,0.0,0.0,0.0,1.76,0.14,0.0
20230128:2010,0.0,0.0,0.0,1.67,0.14,0.0
20230128:2110,0.0,0.0,0.0,1.62,0.41,0.0
20230128:2210,0.0,0.0,0.0,1.51,0.62,0.0
20230128:2310,0.0,0.0,0.0,1.3,0.69,0.0
20230129:0010,0.0,0.0,0.0,1.08,0.83,0.0
20230129:0110,0.0,0.0,0.0,0.94,0.9,0.0
20230129:0210,0.0,0.0,0.0,0.34,1.03,0.0
20230129:0310,0.0,0.0,0.0,-0.65,1.03,0.0
20230129:0410,0.0,0.0,0.0,-1.58,1.1,0.0
20230129:0510,0.0,0.0,0.0,-1.78,1.03,0.0
20230129:0610,0.0,0.0,0.0,-1.95,1.03,0.0
20230129:0710,1.56,8.52,2.34,-2.53,1.17,0.0
20230129:0810,22.74,35.03,10.91,-1.86,0.97,0.0
20230129:0910,36.59,50.18,18.04,0.81,0.55,0.0
20230129:1010,20.51,49.32,23.2,2.48,0.28,0.0
20230129:1110,45.4,101.01,25.87,3.45,0.69,0.0
20230129:1210,69.04,130.26,25.71,4.07,0.83,0.0
20230129:1310,70.77,130.76,22.75,4.31,0.83,0.0
20230129:1410,50.58,102.89,17.35,4.26,0.9,0.0
20230129:1510,24.47,54.41,10.04,4.05,0.97,0.0
20230129:1610,0.0,0.0,0.0,2.99,0.9,0.0
20230129:1710,0.0,0.0,0.0,2.78,0.69,0.0
20230129:1810,0.0,0.0,0.0,2.26,0.55,0.0
20230129:1910,0.0,0.0,0.0,2.02,0.28,0.0
20230129:2010,0.0,0.0,0.0,1.69,0.34,0.0
20230129:2110,0.0,0.0,0.0,1.51,0.28,0.0
20230129:2210,0.0,0.0,0.0,1.47,0.21,0.0
20230129:2310,0.0,0.0,0.0,1.33,0.41,0.0
20230130:0010,0.0,0.0,0.0,-0.07,0.76,0.0
20230130:0110,0.0,0.0,0.0,-1.73,1.1,0.0
20230130:0210,0.0,0.0,0.0,-1.78,1.17,0.0
20230130:0310,0.0,0.0,0.0,-1.79,1.24,0.0
20230130:0410,0.0,0.0,0.0,-1.56,1.17,0.0
20230130:0510,0.0,0.0,0.0,-1.07,1.03,0.0
20230130:0610,0.0,0.0,0.0,-0.94,1.1,0.0
20230130:0710,2.7,10.41,2.52,-1.86,1.1,0.0
20230130:0810,66.28,79.52,11.11,-0.92,0.97,0.0
20230130:0910,70.08,84.26,18.27,2.07,0.69,0.0
20230130:1010,18.2,50.33,23.45,4.14,0.41,0.0
20230130:1110,47.67,105.5,26.14,5.58,0.69,0.0
20230130:1210,71.36,135.07,25.99,6.48,0.9,0.0
20230130:1310,72.36,135.61,23.03,7.19,1.03,0.0
20230130:1410,50.87,107.02,17.61,7.65,1.03,0.0
20230130:1510,15.26,51.75,10.29,7.48,1.03,0.0
20230130:1610,0.0,0.0,0.0,5.58,1.1,0.0
20230130:1710,0.0,0.0,0.0,4.06,1.31,0.0
20230130:1810,0.0,0.0,0.0,2.56,1.59,0.0
20230130:1910,0.0,0.0,0.0,2.05,1.79,0.0
20230130:2010,0.0,0.0,0.0,1.45,1.86,0.0
20230130:2110,0.0,0.0,0.0,1.24,1.86,0.0
20230130:2210,0.0,0.0,0.0,1.18,1.79,0.0
20230130:2310,0.0,0.0,0.0,0.55,1.93,0.0
20230131:0010,0.0,0.0,0.0,0.11,2.07,0.0
20230131:0110,0.0,0.0,0.0,-0.11,2.21,0.0
20230131:0210,0.0,0.0,0.0,-0.23,2.14,0.0
20230131:0310,0.0,0.0,0.0,-0.36,2.0,0.0
20230131:0410,0.0,0.0,0.0,-0.54,1.93,0.0
20230131:0510,0.0,0.0,0.0,-0.55,1.86,0.0
20230131:0610,0.0,0.0,0.0,-0.78,1.79,0.0
20230131:0710,3.94,12.31,2.71,-1.55,1.93,0.0
20230131:0810,15.91,27.45,11.32,-1.19,1.79,0.0
20230131:0910,30.95,44.5,18.5,2.49,1.52,0.0
20230131:1010,19.07,54.19,23.7,4.29,1.38,0.0
20230131:1110,48.45,108.75,26.41,5.77,1.24,0.0
20230131:1210,76.88,140.75,26.27,6.89,1.1,0.0
20230131:1310,78.6,141.45,23.3,7.65,0.97,0.0
20230131:1410,55.82,112.3,17.88,7.86,0.83,0.0
20230131:1510,18.12,56.65,10.54,7.52,0.69,0.0
20230131:1610,0.0,2.84,1.82,5.9,0.76,0.0
20230131:1710,0.0,0.0,0.0,5.39,0.69,0.0
20230131:1810,0.0,0.0,0.0,4.56,0.69,0.0
20230131:1910,0.0,0.0,0.0,4.94,0.9,0.0
20230131:2010,0.0,0.0,0.0,3.73,1.1,0.0
20230131:2110,0.0,0.0,0.0,2.8,1.31,0.0
20230131:2210,0.0,0.0,0.0,2.24,1.45,0.0
20230131:2310,0.0,0.0,0.0,1.81,1.52,0.0
20230201:0010,0.0,0.0,0.0,1.44,1.59,0.0
20230201:0110,0.0,0.0,0.0,0.6,1.72,0.0
20230201:0210,0.0,0.0,0.0,0.09,1.86,0.0
20230201:0310,0.0,0.0,0.0,-0.29,1.93,0.0
20230201:0410,0.0,0.0,0.0,-0.57,1.93,0.0
20230201:0510,0.0,0.0,0.0,-0.49,1.86,0.0
20230201:0610,0.0,0.0,0.0,-0.32,1.72,0.0
20230201:0710,4.58,13.25,2.9,-1.12,1.86,0.0
20230201:0810,27.83,40.71,11.53,-0.38,1.72,0.0
20230201:0910,40.59,54.91,18.73,3.85,1.31,0.0
20230201:1010,29.19,66.68,23.96,6.35,1.38,0.0
20230201:1110,59.94,119.31,26.69,7.94,1.52,0.0
20230201:1210,88.77,150.78,26.55,8.83,1.72,0.0
20230201:1310,88.89,150.11,23.58,9.2,1.79,0.0
20230201:1410,64.97,120.49,18.15,9.09,1.79,0.0
20230201:1510,25.19,64.38,10.79,8.45,1.38,0.0
20230201:1610,0.0,3.79,2.06,6.24,1.45,0.0
20230201:1710,0.0,0.0,0.0,4.38,1.52,0.0
20230201:1810,0.0,0.0,0.0,3.23,1.66,0.0
20230201:1910,0.0,0.0,0.0,2.6,1.79,0.0
20230201:2010,0.0,0.0,0.0,1.99,1.79,0.0
20230201:2110,0.0,0.0,0.0,0.92,2.0,0.0
20230201:2210,0.0,0.0,0.0,0.25,2.07,0.0
20230201:2310,0.0,0.0,0.0,-0.16,2.14,0.0
20230202:0010,0.0,0.0,0.0,-0.42,2.21,0.0
20230202:0110,0.0,0.0,0.0,-0.53,2.21,0.0
20230202:0210,0.0,0.0,0.0,-0.57,2.21,0.0
20230202:0310,0.0,0.0,0.0,-0.6,2.21,0.0
20230202:0410,0.0,0.0,0.0,-0.76,2.21,0.0
20230202:0510,0.0,0.0,0.0,-1.02,2.21,0.0
20230202:0610,0.0,0.0,0.0,-1.28,2.21,0.0
20230202:0710,5.91,15.15,3.09,-0.6,2.0,0.0
20230202:0810,28.63,41.66,11.75,0.29,1.93,0.0
20230202:0910,37.76,52.07,18.97,4.49,1.72,0.0
20230202:1010,28.85,69.06,24.23,6.56,2.0,0.0
20230202:1110,64.21,124.1,26.97,7.96,2.14,0.0
20230202:1210,90.88,153.96,26.84,9.05,2.28,0.0
20230202:1310,91.66,153.77,23.87,9.21,2.34,0.0
20230202:1410,69.08,124.75,18.42,9.2,2.34,0.0
20230202:1510,27.9,68.79,11.05,8.61,2.07,0.0
20230202:1610,0.46,6.63,2.3,7.06,1.93,0.0
20230202:1710,0.0,0.0,0.0,4.5,1.93,0.0
20230202:1810,0.0,0.0,0.0,3.01,2.0,0.0
20230202:1910,0.0,0.0,0.0,2.31,2.28,0.0
20230202:2010,0.0,0.0,0.0,2.04,2.14,0.0
20230202:2110,0.0,0.0,0.0,1.6,2.14,0.0
20230202:2210,0.0,0.0,0.0,1.11,2.14,0.0
20230202:2310,0.0,0.0,0.0,0.47,2.28,0.0
20230203:0010,0.0,0.0,0.0,0.17,2.41,0.0
20230203:0110,0.0,0.0,0.0,0.08,2.48,0.0
20230203:0210,0.0,0.0,0.0,0.02,2.41,0.0
20230203:0310,0.0,0.0,0.0,-0.25,2.41,0.0
20230203:0410,0.0,0.0,0.0,-0.57,2.41,0.0
20230203:0510,0.0,0.0,0.0,-0.82,2.34,0.0
20230203:0610,0.0,0.0,0.0,-1.15,2.28,0.0
20230203:0710,3.28,11.36,3.3,-0.4,2.28,0.0
20230203:0810,30.33,43.55,11.97,0.85,2.14,0.0
20230203:0910,45.9,60.59,19.22,4.77,1.93,0.0
20230203:1010,56.17,95.1,24.5,7.01,1.79,0.0
20230203:1110,70.84,131.21,27.26,8.79,1.59,0.0
20230203:1210,97.33,160.54,27.14,9.98,1.45,0.0
20230203:1310,103.0,162.79,24.16,10.7,1.45,0.0
20230203:1410,129.67,155.37,18.7,10.98,1.45,0.0
20230203:1510,61.34,80.86,11.31,10.38,1.17,0.0
20230203:1610,1.41,8.52,2.54,8.25,1.24,0.0
20230203:1710,0.0,0.0,0.0,6.8,1.38,0.0
20230203:1810,0.0,0.0,0.0,5.56,1.59,0.0
20230203:1910,0.0,0.0,0.0,4.22,1.93,0.0
20230203:2010,0.0,0.0,0.0,3.31,2.0,0.0
20230203:2110,0.0,0.0,0.0,2.63,2.07,0.0
20230203:2210,0.0,0.0,0.0,2.08,2.21,0.0
20230203:2310,0.0,0.0,0.0,1.61,2.28,0.0
20230204:0010,0.0,0.0,0.0,1.38,2.28,0.0
20230204:0110,0.0,0.0,0.0,1.37,2.28,0.0
20230204:0210,0.0,0.0,0.0,1.37,2.28,0.0
20230204:0310,0.0,0.0,0.0,1.85,2.14,0.0
20230204:0410,0.0,0.0,0.0,2.1,2.07,0.0
20230204:0510,0.0,0.0,0.0,2.05,2.07,0.0
20230204:0610,0.0,0.0,0.0,2.15,2.07,0.0
20230204:0710,7.93,17.99,3.5,2.14,2.14,0.0
20230204:0810,34.37,48.28,12.2,3.42,2.0,0.0
20230204:0910,49.92,65.32,19.47,7.16,1.79,0.0
20230204:1010,37.43,81.79,24.78,10.34,1.86,0.0
20230204:1110,82.87,140.86,27.55,11.1,2.34,0.0
20230204:1210,106.59,167.16,27.43,11.54,2.69,0.0
20230204:1310,101.29,163.56,24.45,11.62,2.62,0.0
20230204:1410,74.11,133.19,18.98,11.49,2.48,0.0
20230204:1510,33.44,77.49,11.57,10.9,2.28,0.0
20230204:1610,2.47,10.41,2.79,9.58,2.28,0.0
20230204:1710,0.0,0.0,0.0,7.65,2.28,0.0
20230204:1810,0.0,0.0,0.0,6.05,2.28,0.0
20230204:1910,0.0,0.0,0.0,4.96,2.83,0.0
20230204:2010,0.0,0.0,0.0,4.1,2.62,0.0
20230204:2110,0.0,0.0,0.0,3.3,2.21,0.0
20230204:2210,0.0,0.0,0.0,3.74,1.72,0.0
20230204:2310,0.0,0.0,0.0,5.28,1.24,0.0
20230205:0010,0.0,0.0,0.0,5.39,0.9,0.0
20230205:0110,0.0,0.0,0.0,4.65,0.48,0.0
20230205:0210,0.0,0.0,0.0,4.05,0.14,0.0
20230205:0310,0.0,0.0,0.0,3.77,0.0,0.0
20230205:0410,0.0,0.0,0.0,3.82,0.07,0.0
20230205:0510,0.0,0.0,0.0,3.55,0.34,0.0
20230205:0610,0.0,0.0,0.0,3.21,0.48,0.0
20230205:0710,5.79,15.15,3.72,2.75,0.83,0.0
20230205:0810,29.2,42.6,12.43,2.19,0.62,0.0
20230205:0910,36.14,50.18,19.73,3.18,0.21,0.0
20230205:1010,36.43,83.36,25.06,4.5,0.69,0.0
20230205:1110,80.93,141.14,27.85,5.42,1.1,0.0
20230205:1210,117.17,174.88,27.74,5.66,1.17,0.0
20230205:1310,110.68,170.42,24.75,5.55,1.31,0.0
20230205:1410,85.38,140.32,19.26,5.46,1.59,0.0
20230205:1510,38.45,82.74,11.84,4.85,1.79,0.0
20230205:1610,4.43,13.25,3.04,3.88,1.45,0.0
20230205:1710,0.0,0.0,0.0,2.93,1.31,0.0
20230205:1810,0.0,0.0,0.0,2.04,1.24,0.0
20230205:1910,0.0,0.0,0.0,1.48,1.38,0.0
20230205:2010,0.0,0.0,0.0,1.3,1.38,0.0
20230205:2110,0.0,0.0,0.0,1.13,1.1,0.0
20230205:2210,0.0,0.0,0.0,1.17,0.97,0.0
20230205:2310,0.0,0.0,0.0,0.91,0.9,0.0
20230206:0010,0.0,0.0,0.0,0.86,0.69,0.0
20230206:0110,0.0,0.0,0.0,0.72,0.69,0.0
20230206:0210,0.0,0.0,0.0,0.14,0.9,0.0
20230206:0310,0.0,0.0,0.0,0.0,0.97,0.0
20230206:0410,0.0,0.0,0.0,0.13,0.9,0.0
20230206:0510,0.0,0.0,0.0,0.11,0.97,0.0
20230206:0610,0.0,0.0,0.0,-0.04,0.97,0.0
20230206:0710,0.0,0.0,0.0,0.12,1.1,0.0
20230206:0810,61.04,74.79,12.67,0.53,1.24,0.0
20230206:0910,129.69,141.06,20.0,0.63,1.24,0.0
20230206:1010,148.94,159.84,25.34,0.59,1.17,0.0
20230206:1110,96.83,109.68,28.15,0.72,1.24,0.0
20230206:1210,204.25,214.72,28.04,0.54,1.24,0.0
20230206:1310,69.83,83.47,25.05,0.71,1.38,0.0
20230206:1410,80.89,94.15,19.54,0.46,1.45,0.0
20230206:1510,23.27,35.91,12.1,0.56,1.52,0.0
20230206:1610,0.0,2.84,3.29,0.24,1.66,0.0
20230206:1710,0.0,0.0,0.0,-0.13,1.72,0.0
20230206:1810,0.0,0.0,0.0,-0.45,1.66,0.0
20230206:1910,0.0,0.0,0.0,0.0,1.79,0.0
20230206:2010,0.0,0.0,0.0,-0.39,1.66,0.0
20230206:2110,0.0,0.0,0.0,-0.79,1.59,0.0
20230206:2210,0.0,0.0,0.0,-1.05,1.38,0.0
20230206:2310,0.0,0.0,0.0,-1.07,0.83,0.0
20230207:0010,0.0,0.0,0.0,-1.15,0.55,0.0
20230207:0110,0.0,0.0,0.0,-1.64,1.17,0.0
20230207:0210,0.0,0.0,0.0,-1.87,1.24,0.0
20230207:0310,0.0,0.0,0.0,-2.41,1.17,0.0
20230207:0410,0.0,0.0,0.0,-2.73,1.1,0.0
20230207:0510,0.0,0.0,0.0,-2.63,1.03,0.0
20230207:0610,0.0,0.0,0.0,-2.23,1.03,0.0
20230207:0710,9.61,19.88,4.16,-1.85,0.97,0.0
20230207:0810,41.57,54.91,12.92,-1.11,0.69,0.0
20230207:0910,60.02,73.84,20.26,0.62,0.83,0.0
20230207:1010,49.56,98.37,25.63,1.53,1.03,0.0
20230207:1110,91.4,151.76,28.46,2.23,1.17,0.0
20230207:1210,122.58,182.35,28.36,2.83,1.24,0.0
20230207:1310,122.46,181.85,25.35,3.22,1.1,0.0
20230207:1410,95.87,151.65,19.83,3.4,1.17,0.0
20230207:1510,48.25,92.97,12.37,3.15,1.17,0.0
20230207:1610,6.49,16.09,3.54,2.47,1.17,0.0
20230207:1710,0.0,0.0,0.0,0.58,1.24,0.0
20230207:1810,0.0,0.0,0.0,-0.28,1.17,0.0
20230207:1910,0.0,0.0,0.0,-1.04,1.24,0.0
20230207:2010,0.0,0.0,0.0,-0.9,1.1,0.0
20230207:2110,0.0,0.0,0.0,-0.45,0.76,0.0
20230207:2210,0.0,0.0,0.0,-0.72,0.55,0.0
20230207:2310,0.0,0.0,0.0,-0.83,0.21,0.0
20230208:0010,0.0,0.0,0.0,-0.89,0.55,0.0
20230208:0110,0.0,0.0,0.0,-1.65,0.83,0.0
20230208:0210,0.0,0.0,0.0,-1.54,0.83,0.0
20230208:0310,0.0,0.0,0.0,-1.51,0.83,0.0
20230208:0410,0.0,0.0,0.0,-1.39,0.76,0.0
20230208:0510,0.0,0.0,0.0,-1.26,0.76,0.0
20230208:0610,0.0,0.0,0.0,-1.14,0.62,0.0
20230208:0710,8.07,17.99,4.39,-0.99,0.21,0.0
20230208:0810,60.41,73.84,13.17,-0.91,0.28,0.0
20230208:0910,66.95,80.47,20.54,-0.07,0.83,0.0
20230208:1010,78.95,122.58,25.93,0.74,1.03,0.0
20230208:1110,94.45,156.13,28.77,1.37,1.17,0.0
20230208:1210,133.88,190.18,28.67,1.48,1.24,0.0
20230208:1310,132.01,188.31,25.65,1.56,1.17,0.0
20230208:1410,103.33,157.16,20.12,1.48,1.1,0.0
20230208:1510,55.16,99.22,12.64,0.97,1.1,0.0
20230208:1610,7.28,17.04,3.79,0.36,0.97,0.0
20230208:1710,0.0,0.0,0.0,-0.35,1.1,0.0
20230208:1810,0.0,0.0,0.0,-1.27,1.1,0.0
20230208:1910,0.0,0.0,0.0,-1.84,0.97,0.0
20230208:2010,0.0,0.0,0.0,-2.5,1.03,0.0
20230208:2110,0.0,0.0,0.0,-2.62,1.03,0.0
20230208:2210,0.0,0.0,0.0,-2.6,1.17,0.0
20230208:2310,0.0,0.0,0.0,-2.06,1.17,0.0
20230209:0010,0.0,0.0,0.0,-2.17,1.17,0.0
20230209:0110,0.0,0.0,0.0,-2.25,1.17,0.0
20230209:0210,0.0,0.0,0.0,-2.46,1.1,0.0
20230209:0310,0.0,0.0,0.0,-2.71,1.1,0.0
20230209:0410,0.0,0.0,0.0,-2.87,1.03,0.0
20230209:0510,0.0,0.0,0.0,-3.04,0.9,0.0
20230209:0610,0.0,0.0,0.0,-3.17,0.83,0.0
20230209:0710,14.42,25.56,4.63,-3.06,0.69,0.0
20230209:0810,75.67,88.04,13.42,-2.8,0.76,0.0
20230209:0910,153.52,161.89,20.82,-2.22,1.03,0.0
20230209:1010,53.14,105.59,26.23,-1.83,1.1,0.0
20230209:1110,105.63,164.0,29.08,-1.57,1.1,0.0
20230209:1210,140.27,195.3,28.99,-1.57,1.03,0.0
20230209:1310,139.03,194.23,25.96,-0.75,0.9,0.0
20230209:1410,109.63,163.25,20.41,-0.53,0.76,0.0
20230209:1510,55.26,102.74,12.91,-0.53,0.76,0.0
20230209:1610,10.3,20.83,4.04,-0.75,0.62,0.0
20230209:1710,0.0,0.0,0.0,-1.71,0.76,0.0
20230209:1810,0.0,0.0,0.0,-1.47,0.62,0.0
20230209:1910,0.0,0.0,0.0,-1.06,0.55,0.0
20230209:2010,0.0,0.0,0.0,-1.23,0.48,0.0
20230209:2110,0.0,0.0,0.0,-1.34,0.41,0.0
20230209:2210,0.0,0.0,0.0,-1.51,0.41,0.0
20230209:2310,0.0,0.0,0.0,-1.54,0.41,0.0
20230210:0010,0.0,0.0,0.0,-1.6,0.34,0.0
20230210:0110,0.0,0.0,0.0,-1.46,0.34,0.0
20230210:0210,0.0,0.0,0.0,-1.59,0.41,0.0
20230210:0310,0.0,0.0,0.0,-1.61,0.55,0.0
20230210:0410,0.0,0.0,0.0,-3.33,0.83,0.0
20230210:0510,0.0,0.0,0.0,-3.98,0.97,0.0
20230210:0610,0.0,0.0,0.0,-3.57,1.03,0.0
20230210:0710,8.96,18.93,4.87,-3.91,1.31,0.0
20230210:0810,29.8,42.6,13.68,-1.72,1.1,0.0
20230210:0910,48.6,62.48,21.1,0.86,0.69,0.0
20230210:1010,52.98,109.55,26.54,2.77,0.07,0.0
20230210:1110,102.39,167.62,29.4,4.05,0.41,0.0
20230210:1210,138.04,200.26,29.31,4.91,0.69,0.0
20230210:1310,139.23,200.95,26.27,5.32,0.83,0.0
20230210:1410,111.26,168.88,20.7,5.24,0.76,0.0
20230210:1510,58.97,108.66,13.18,4.67,0.83,0.0
20230210:1610,10.8,21.77,4.3,3.66,0.83,0.0
20230210:1710,0.0,0.0,0.0,2.76,0.41,0.0
20230210:1810,0.0,0.0,0.0,2.06,0.14,0.0
20230210:1910,0.0,0.0,0.0,2.1,0.14,0.0
20230210:2010,0.0,0.0,0.0,1.8,0.48,0.0
20230210:2110,0.0,0.0,0.0,1.41,0.69,0.0
20230210:2210,0.0,0.0,0.0,0.89,0.83,0.0
20230210:2310,0.0,0.0,0.0,0.16,0.9,0.0
20230211:0010,0.0,0.0,0.0,-2.71,1.1,0.0
20230211:0110,0.0,0.0,0.0,-3.31,1.24,0.0
20230211:0210,0.0,0.0,0.0,-2.97,1.45,0.0
20230211:0310,0.0,0.0,0.0,-3.15,1.45,0.0
20230211:0410,0.0,0.0,0.0,-3.2,1.38,0.0
20230211:0510,0.0,0.0,0.0,-3.31,1.38,0.0
20230211:0610,0.0,0.0,0.0,-3.36,1.38,0.0
20230211:0710,10.44,20.83,5.11,-2.91,1.38,0.0
20230211:0810,37.89,51.12,13.95,-1.11,1.1,0.0
20230211:0910,132.57,144.85,21.39,2.08,0.76,0.0
20230211:1010,92.11,139.41,26.85,4.72,0.21,0.0
20230211:1110,109.97,173.02,29.73,6.17,0.34,0.0
20230211:1210,151.67,208.48,29.64,7.2,0.62,0.0
20230211:1310,146.77,204.43,26.59,7.48,0.76,0.0
20230211:1410,120.42,174.27,20.99,7.6,0.76,0.0
20230211:1510,62.85,112.28,13.46,7.28,0.76,0.0
20230211:1610,12.17,23.67,4.55,6.06,0.83,0.0
20230211:1710,0.0,0.0,0.0,5.41,0.62,0.0
20230211:1810,0.0,0.0,0.0,4.58,0.41,0.0
20230211:1910,0.0,0.0,0.0,4.29,0.48,0.0
20230211:2010,0.0,0.0,0.0,3.57,0.83,0.0
20230211:2110,0.0,0.0,0.0,2.47,0.97,0.0
20230211:2210,0.0,0.0,0.0,1.93,1.1,0.0
20230211:2310,0.0,0.0,0.0,1.63,1.17,0.0
20230212:0010,0.0,0.0,0.0,1.42,1.24,0.0
20230212:0110,0.0,0.0,0.0,0.89,1.31,0.0
20230212:0210,0.0,0.0,0.0,0.72,1.38,0.0
20230212:0310,0.0,0.0,0.0,0.72,1.45,0.0
20230212:0410,0.0,0.0,0.0,0.66,1.45,0.0
20230212:0510,0.0,0.0,0.0,0.59,1.45,0.0
20230212:0610,0.0,0.0,0.0,0.55,1.45,0.0
20230212:0710,12.56,23.67,5.36,0.54,1.52,0.0
20230212:0810,36.39,50.18,14.22,2.11,1.31,0.0
20230212:0910,44.6,59.64,21.68,6.28,0.9,0.0
20230212:1010,59.58,119.13,27.16,8.9,0.62,0.0
20230212:1110,109.27,176.5,30.06,10.44,0.28,0.0
20230212:1210,143.41,208.34,29.97,11.57,0.21,0.0
20230212:1310,143.73,208.68,26.91,12.2,0.62,0.0
20230212:1410,116.29,176.6,21.29,12.19,1.03,0.0
20230212:1510,63.48,117.02,13.73,11.53,1.24,0.0
20230212:1610,13.43,25.56,4.81,9.93,1.45,0.0
20230212:1710,0.0,0.0,0.0,7.32,1.17,0.0
20230212:1810,0.0,0.0,0.0,7.43,0.62,0.0
20230212:1910,0.0,0.0,0.0,7.55,0.21,0.0
20230212:2010,0.0,0.0,0.0,6.87,0.0,0.0
20230212:2110,0.0,0.0,0.0,6.29,0.28,0.0
20230212:2210,0.0,0.0,0.0,5.66,0.62,0.0
20230212:2310,0.0,0.0,0.0,4.08,1.17,0.0
20230213:0010,0.0,0.0,0.0,1.94,1.31,0.0
20230213:0110,0.0,0.0,0.0,0.72,1.31,0.0
20230213:0210,0.0,0.0,0.0,-0.02,1.31,0.0
20230213:0310,0.0,0.0,0.0,-0.54,1.38,0.0
20230213:0410,0.0,0.0,0.0,-0.9,1.31,0.0
20230213:0510,0.0,0.0,0.0,-1.1,1.31,0.0
20230213:0610,0.0,0.0,0.0,-1.27,1.31,0.0
20230213:0710,13.56,24.61,5.62,-2.35,1.24,0.0
20230213:0810,34.88,48.28,14.49,0.31,1.03,0.0
20230213:0910,47.04,61.54,21.98,3.57,0.76,0.0
20230213:1010,63.22,124.2,27.48,6.78,0.14,0.0
20230213:1110,118.76,183.42,30.39,8.05,0.69,0.0
20230213:1210,152.68,214.95,30.3,8.65,0.9,0.0
20230213:1310,153.16,214.96,27.23,9.08,0.97,0.0
20230213:1410,125.05,183.3,21.59,9.25,0.83,0.0
20230213:1510,69.35,122.29,14.01,9.0,0.76,0.0
20230213:1610,15.12,27.45,5.07,8.1,0.76,0.0
20230213:1710,0.0,0.0,0.0,7.46,0.62,0.0
20230213:1810,0.0,0.0,0.0,6.59,0.28,0.0
20230213:1910,0.0,0.0,0.0,6.25,0.0,0.0
20230213:2010,0.0,0.0,0.0,5.5,0.69,0.0
20230213:2110,0.0,0.0,0.0,3.84,1.1,0.0
20230213:2210,0.0,0.0,0.0,2.36,1.24,0.0
20230213:2310,0.0,0.0,0.0,1.24,1.31,0.0
20230214:0010,0.0,0.0,0.0,0.6,1.31,0.0
20230214:0110,0.0,0.0,0.0,-1.45,1.38,0.0
20230214:0210,0.0,0.0,0.0,-2.22,1.31,0.0
20230214:0310,0.0,0.0,0.0,-2.14,1.31,0.0
20230214:0410,0.0,0.0,0.0,-2.16,1.31,0.0
20230214:0510,0.0,0.0,0.0,-2.27,1.31,0.0
20230214:0610,0.0,0.0,0.0,-2.28,1.31,0.0
20230214:0710,12.75,23.67,5.88,-2.2,1.24,0.0
20230214:0810,33.98,47.34,14.77,0.3,1.1,0.0
20230214:0910,50.59,65.32,22.28,4.22,0.97,0.0
20230214:1010,72.07,132.84,27.81,7.5,0.69,0.0
20230214:1110,126.35,191.46,30.73,10.16,0.28,0.0
20230214:1210,167.95,226.69,30.64,11.79,0.34,0.0
20230214:1310,161.74,222.18,27.55,12.58,0.62,0.0
20230214:1410,131.61,189.91,21.89,12.86,0.62,0.0
20230214:1510,74.31,128.23,14.28,12.64,0.62,0.0
20230214:1610,17.23,30.29,5.32,11.09,0.69,0.0
20230214:1710,0.0,0.0,0.0,10.4,0.34,0.0
20230214:1810,0.0,0.0,0.0,9.25,0.41,0.0
20230214:1910,0.0,0.0,0.0,6.49,1.31,0.0
20230214:2010,0.0,0.0,0.0,4.21,1.52,0.0
20230214:2110,0.0,0.0,0.0,2.42,1.59,0.0
20230214:2210,0.0,0.0,0.0,1.29,1.59,0.0
20230214:2310,0.0,0.0,0.0,0.69,1.59,0.0
20230215:0010,0.0,0.0,0.0,0.28,1.66,0.0
20230215:0110,0.0,0.0,0.0,-0.2,1.66,0.0
20230215:0210,0.0,0.0,0.0,-0.57,1.66,0.0
20230215:0310,0.0,0.0,0.0,-0.74,1.66,0.0
20230215:0410,0.0,0.0,0.0,-0.81,1.66,0.0
20230215:0510,0.0,0.0,0.0,-0.76,1.59,0.0
20230215:0610,0.0,0.0,0.0,-0.82,1.59,0.0
20230215:0710,13.45,24.61,6.14,-0.91,1.59,0.0
20230215:0810,32.02,45.44,15.06,1.33,1.24,0.0
20230215:0910,43.49,58.7,22.59,7.2,0.97,0.0
20230215:1010,71.43,136.2,28.13,10.46,0.41,0.0
20230215:1110,125.99,195.79,31.07,12.26,0.28,0.0
20230215:1210,162.53,228.72,30.98,13.13,0.69,0.0
20230215:1310,163.58,229.76,27.87,13.44,0.76,0.0
20230215:1410,134.33,196.23,22.19,13.44,0.62,0.0
20230215:1510,78.02,134.85,14.56,13.03,0.62,0.0
20230215:1610,11.05,22.72,5.58,11.72,0.62,0.0
20230215:1710,0.0,0.0,0.0,10.93,0.28,0.0
20230215:1810,0.0,0.0,0.0,9.88,0.55,0.0
20230215:1910,0.0,0.0,0.0,7.84,1.24,0.0
20230215:2010,0.0,0.0,0.0,5.1,1.52,0.0
20230215:2110,0.0,0.0,0.0,3.25,1.59,0.0
20230215:2210,0.0,0.0,0.0,1.85,1.59,0.0
20230215:2310,0.0,0.0,0.0,1.1,1.59,0.0
20230216:0010,0.0,0.0,0.0,0.68,1.59,0.0
20230216:0110,0.0,0.0,0.0,0.4,1.59,0.0
20230216:0210,0.0,0.0,0.0,0.0,1.59,0.0
20230216:0310,0.0,0.0,0.0,-0.25,1.52,0.0
20230216:0410,0.0,0.0,0.0,-0.43,1.52,0.0
20230216:0510,0.0,0.0,0.0,-0.86,1.52,0.0
20230216:0610,0.0,0.0,0.0,-1.87,1.45,0.0
20230216:0710,22.78,35.03,6.41,-2.11,1.31,0.0
20230216:0810,71.48,85.2,15.34,0.88,0.97,0.0
20230216:0910,120.2,134.43,22.9,4.71,0.69,0.0
20230216:1010,96.34,153.46,28.47,8.16,0.07,0.0
20230216:1110,142.28,204.14,31.41,9.73,0.69,0.0
20230216:1210,171.77,234.04,31.32,10.52,0.9,0.0
20230216:1310,172.22,233.96,28.2,10.92,0.9,0.0
20230216:1410,142.59,201.28,22.5,10.96,0.97,0.0
20230216:1510,83.27,138.54,14.84,10.62,0.97,0.0
20230216:1610,12.69,24.61,5.84,9.66,0.9,0.0
20230216:1710,0.0,0.0,0.0,8.04,0.83,0.0
20230216:1810,0.0,0.0,0.0,7.65,0.48,0.0
20230216:1910,0.0,0.0,0.0,7.32,0.97,0.0
20230216:2010,0.0,0.0,0.0,6.34,0.62,0.0
20230216:2110,0.0,0.0,0.0,5.56,0.28,0.0
20230216:2210,0.0,0.0,0.0,4.91,0.28,0.0
20230216:2310,0.0,0.0,0.0,4.28,0.76,0.0
20230217:0010,0.0,0.0,0.0,2.09,1.03,0.0
20230217:0110,0.0,0.0,0.0,1.18,1.03,0.0
20230217:0210,0.0,0.0,0.0,0.85,1.03,0.0
20230217:0310,0.0,0.0,0.0,0.77,0.97,0.0
20230217:0410,0.0,0.0,0.0,0.56,1.03,0.0
20230217:0510,0.0,0.0,0.0,0.77,0.97,0.0
20230217:0610,0.0,0.0,0.0,0.97,0.9,0.0
20230217:0710,27.81,40.71,6.68,-0.35,0.9,0.0
20230217:0810,94.32,107.92,15.64,1.93,0.62,0.0
20230217:0910,78.45,93.72,23.21,5.13,0.21,0.0
20230217:1010,118.56,169.42,28.8,6.96,0.34,0.0
20230217:1110,148.61,208.43,31.76,8.75,0.62,0.0
20230217:1210,196.74,246.91,31.67,10.0,0.97,0.0
20230217:1310,181.0,236.87,28.53,10.77,1.1,0.0
20230217:1410,151.29,204.58,22.8,10.99,1.17,0.0
20230217:1510,93.48,141.46,15.12,10.82,1.17,0.0
20230217:1610,17.33,30.29,6.1,10.05,1.03,0.0
20230217:1710,0.0,0.0,0.0,8.31,1.03,0.0
20230217:1810,0.0,0.0,0.0,7.6,0.76,0.0
20230217:1910,0.0,0.0,0.0,7.84,0.76,0.0
20230217:2010,0.0,0.0,0.0,7.06,0.48,0.0
20230217:2110,0.0,0.0,0.0,6.37,0.21,0.0
20230217:2210,0.0,0.0,0.0,5.78,0.55,0.0
20230217:2310,0.0,0.0,0.0,5.17,0.9,0.0
20230218:0010,0.0,0.0,0.0,4.11,1.03,0.0
20230218:0110,0.0,0.0,0.0,3.55,1.1,0.0
20230218:0210,0.0,0.0,0.0,3.13,1.1,0.0
20230218:0310,0.0,0.0,0.0,2.93,1.1,0.0
20230218:0410,0.0,0.0,0.0,2.81,1.03,0.0
20230218:0510,0.0,0.0,0.0,2.78,1.03,0.0
20230218:0610,0.0,0.0,0.0,2.71,0.97,0.0
20230218:0710,24.65,37.87,6.96,3.68,0.83,0.0
20230218:0810,52.21,67.22,15.93,4.99,0.41,0.0
20230218:0910,92.81,108.87,23.53,7.21,0.21,0.0
20230218:1010,95.53,156.6,29.14,8.89,0.69,0.0
20230218:1110,167.68,222.53,32.11,10.18,0.9,0.0
20230218:1210,189.94,245.89,32.01,11.19,1.1,0.0
20230218:1310,210.79,253.42,28.86,11.79,1.24,0.0
20230218:1410,165.23,211.98,23.11,11.95,1.38,0.0
20230218:1510,108.67,138.24,15.4,11.67,1.38,0.0
20230218:1610,23.77,37.87,6.36,10.71,1.1,0.0
20230218:1710,0.0,0.0,0.0,9.09,1.1,0.0
20230218:1810,0.0,0.0,0.0,7.53,0.97,0.0
20230218:1910,0.0,0.0,0.0,6.4,1.03,0.0
20230218:2010,0.0,0.0,0.0,6.55,0.62,0.0
20230218:2110,0.0,0.0,0.0,5.77,0.28,0.0
20230218:2210,0.0,0.0,0.0,5.22,0.34,0.0
20230218:2310,0.0,0.0,0.0,4.93,0.55,0.0
20230219:0010,0.0,0.0,0.0,3.96,0.69,0.0
20230219:0110,0.0,0.0,0.0,3.63,0.76,0.0
20230219:0210,0.0,0.0,0.0,3.34,0.83,0.0
20230219:0310,0.0,0.0,0.0,3.03,0.83,0.0
20230219:0410,0.0,0.0,0.0,2.87,0.83,0.0
20230219:0510,0.0,0.0,0.0,2.95,0.83,0.0
20230219:0610,0.0,0.0,0.0,3.29,0.76,0.0
20230219:0710,23.72,36.92,7.24,4.21,0.48,0.0
20230219:0810,70.02,85.2,16.23,4.83,0.21,0.0
20230219:0910,162.33,177.03,23.86,6.66,0.41,0.0
20230219:1010,187.78,222.42,29.49,7.78,0.69,0.0
20230219:1110,208.44,250.81,32.47,8.87,0.76,0.0
20230219:1210,193.27,251.07,32.37,10.34,0.83,0.0
20230219:1310,193.26,250.09,29.19,12.02,0.9,0.0
20230219:1410,158.96,217.74,23.41,13.05,1.03,0.0
20230219:1510,97.28,155.68,15.68,13.31,1.03,0.0
20230219:1610,13.24,25.56,6.62,12.46,0.97,0.0
20230219:1710,0.0,0.0,0.0,10.42,0.83,0.0
20230219:1810,0.0,0.0,0.0,9.26,0.97,0.0
20230219:1910,0.0,0.0,0.0,9.11,0.83,0.0
20230219:2010,0.0,0.0,0.0,8.44,0.83,0.0
20230219:2110,0.0,0.0,0.0,7.61,0.97,0.0
20230219:2210,0.0,0.0,0.0,6.88,1.17,0.0
20230219:2310,0.0,0.0,0.0,6.16,1.24,0.0
20230220:0010,0.0,0.0,0.0,5.25,1.31,0.0
20230220:0110,0.0,0.0,0.0,5.08,1.24,0.0
20230220:0210,0.0,0.0,0.0,5.13,1.17,0.0
20230220:0310,0.0,0.0,0.0,4.48,1.17,0.0
20230220:0410,0.0,0.0,0.0,4.43,1.17,0.0
20230220:0510,0.0,0.0,0.0,4.44,1.1,0.0
20230220:0610,0.0,0.0,0.0,4.14,1.1,0.0
20230220:0710,32.37,46.39,7.53,4.55,0.97,0.0
20230220:0810,104.13,119.29,16.54,5.74,0.55,0.0
20230220:0910,142.16,158.68,24.18,7.56,0.28,0.0
20230220:1010,165.09,181.98,29.83,9.05,0.48,0.0
20230220:1110,238.85,272.24,32.83,10.24,0.62,0.0
20230220:1210,219.2,266.18,32.72,11.06,0.9,0.0
20230220:1310,198.41,254.46,29.53,11.64,1.1,0.0
20230220:1410,164.9,221.38,23.72,11.72,1.1,0.0
20230220:1510,110.85,135.49,15.96,11.43,0.97,0.0
20230220:1610,27.12,41.66,6.88,10.65,0.83,0.0
20230220:1710,0.0,0.0,0.0,9.32,0.76,0.0
20230220:1810,0.0,0.0,0.0,8.75,0.34,0.0
20230220:1910,0.0,0.0,0.0,7.83,0.28,0.0
20230220:2010,0.0,0.0,0.0,6.7,0.97,0.0
20230220:2110,0.0,0.0,0.0,5.32,1.03,0.0
20230220:2210,0.0,0.0,0.0,4.31,1.1,0.0
20230220:2310,0.0,0.0,0.0,3.37,1.1,0.0
20230221:0010,0.0,0.0,0.0,2.83,1.1,0.0
20230221:0110,0.0,0.0,0.0,2.54,1.17,0.0
20230221:0210,0.0,0.0,0.0,2.37,1.1,0.0
20230221:0310,0.0,0.0,0.0,2.69,1.1,0.0
20230221:0410,0.0,0.0,0.0,3.0,1.03,0.0
20230221:0510,0.0,0.0,0.0,1.66,1.1,0.0
20230221:0610,0.0,0.0,0.0,0.23,1.1,0.0
20230221:0710,14.76,26.51,7.82,2.86,0.76,0.0
20230221:0810,92.32,106.98,16.85,4.09,0.34,0.0
20230221:0910,68.37,112.26,24.51,6.02,0.34,0.0
20230221:1010,147.71,196.64,30.18,7.14,0.69,0.0
20230221:1110,251.07,279.9,33.19,8.28,1.03,0.0
20230221:1210,250.86,285.72,33.07,8.68,1.1,0.0
20230221:1310,240.92,272.77,29.86,9.07,1.03,0.0
20230221:1410,193.99,220.53,24.03,9.42,0.83,0.0
20230221:1510,122.46,154.8,16.25,9.27,0.76,0.0
20230221:1610,15.84,28.4,7.14,8.89,0.76,0.0
20230221:1710,0.0,0.0,0.0,7.97,0.69,0.0
20230221:1810,0.0,0.0,0.0,7.25,0.28,0.0
20230221:1910,0.0,0.0,0.0,8.1,0.34,0.0
20230221:2010,0.0,0.0,0.0,7.71,0.41,0.0
20230221:2110,0.0,0.0,0.0,7.27,0.34,0.0
20230221:2210,0.0,0.0,0.0,6.68,0.48,0.0
20230221:2310,0.0,0.0,0.0,6.38,0.55,0.0
20230222:0010,0.0,0.0,0.0,6.3,0.48,0.0
20230222:0110,0.0,0.0,0.0,5.99,0.48,0.0
20230222:0210,0.0,0.0,0.0,5.75,0.55,0.0
20230222:0310,0.0,0.0,0.0,5.63,0.48,0.0
20230222:0410,0.0,0.0,0.0,5.7,0.48,0.0
20230222:0510,0.0,0.0,0.0,5.21,0.55,0.0
20230222:0610,0.0,0.0,0.0,4.87,0.69,0.0
20230222:0710,12.99,24.61,8.11,5.43,0.62,0.0
20230222:0810,56.39,71.95,17.16,6.65,0.41,0.0
20230222:0910,94.52,110.65,24.85,7.56,0.48,0.0
20230222:1010,204.11,221.58,30.54,8.16,0.55,0.0
20230222:1110,241.53,260.31,33.55,8.71,0.62,0.0
20230222:1210,129.89,146.56,33.43,9.2,0.76,0.0
20230222:1310,103.56,120.36,30.2,9.32,1.03,0.0
20230222:1410,170.59,189.38,24.34,9.04,0.76,0.0
20230222:1510,97.4,115.92,16.53,8.93,0.76,0.0
20230222:1610,29.98,44.5,7.4,8.56,0.69,0.0
20230222:1710,0.0,0.0,0.0,8.11,0.48,0.0
20230222:1810,0.0,0.0,0.0,7.63,0.34,0.0
20230222:1910,0.0,0.0,0.0,7.45,0.21,0.0
20230222:2010,0.0,0.0,0.0,7.4,0.07,0.0
20230222:2110,0.0,0.0,0.0,7.28,0.21,0.0
20230222:2210,0.0,0.0,0.0,7.02,0.34,0.0
20230222:2310,0.0,0.0,0.0,6.98,0.28,0.0
20230223:0010,0.0,0.0,0.0,6.85,0.07,0.0
20230223:0110,0.0,0.0,0.0,6.65,0.21,0.0
20230223:0210,0.0,0.0,0.0,6.38,0.34,0.0
20230223:0310,0.0,0.0,0.0,6.23,0.34,0.0
20230223:0410,0.0,0.0,0.0,5.86,0.55,0.0
20230223:0510,0.0,0.0,0.0,5.79,0.55,0.0
20230223:0610,0.0,0.0,0.0,5.64,0.55,0.0
20230223:0710,33.16,47.34,8.41,5.02,0.48,0.0
20230223:0810,109.3,124.97,17.47,6.71,0.28,0.0
20230223:0910,150.01,179.63,25.19,8.02,0.0,0.0
20230223:1010,226.29,249.04,30.89,8.95,0.34,0.0
20230223:1110,247.83,267.68,33.92,9.48,0.83,0.0
20230223:1210,121.82,138.8,33.79,9.75,0.97,0.0
20230223:1310,117.93,134.92,30.54,9.73,0.97,0.0
20230223:1410,40.74,56.3,24.65,9.41,0.69,0.0
20230223:1510,97.5,115.95,16.81,9.41,0.34,0.0
20230223:1610,15.81,28.4,7.66,9.23,0.28,0.0
20230223:1710,0.0,0.0,0.0,8.79,0.28,0.0
20230223:1810,0.0,0.0,0.0,8.4,0.14,0.0
20230223:1910,0.0,0.0,0.0,7.25,0.69,0.0
20230223:2010,0.0,0.0,0.0,7.0,0.62,0.0
20230223:2110,0.0,0.0,0.0,6.86,0.48,0.0
20230223:2210,0.0,0.0,0.0,6.35,0.62,0.0
20230223:2310,0.0,0.0,0.0,6.09,0.69,0.0
20230224:0010,0.0,0.0,0.0,6.11,0.62,0.0
20230224:0110,0.0,0.0,0.0,5.99,0.62,0.0
20230224:0210,0.0,0.0,0.0,5.85,0.62,0.0
20230224:0310,0.0,0.0,0.0,5.77,0.55,0.0
20230224:0410,0.0,0.0,0.0,5.81,0.48,0.0
20230224:0510,0.0,0.0,0.0,5.92,0.34,0.0
20230224:0610,0.0,0.0,0.0,5.9,0.28,0.0
20230224:0710,25.17,38.82,8.71,6.15,0.21,0.0
20230224:0810,45.36,60.59,17.79,6.65,0.07,0.0
20230224:0910,55.21,70.86,25.53,7.06,0.41,0.0
20230224:1010,84.78,100.94,31.26,7.71,0.76,0.0
20230224:1110,49.41,65.03,34.29,7.8,0.69,0.0
20230224:1210,34.63,49.5,34.16,8.23,0.55,0.0
20230224:1310,39.06,54.35,30.88,8.64,0.41,0.0
20230224:1410,56.57,72.8,24.96,8.87,0.21,0.0
20230224:1510,32.71,47.56,17.09,8.84,0.07,0.0
20230224:1610,24.87,38.82,7.92,8.47,0.28,0.0
20230224:1710,0.0,0.0,0.0,7.81,0.34,0.0
20230224:1810,0.0,0.0,0.0,7.35,0.55,0.0
20230224:1910,0.0,0.0,0.0,6.64,0.41,0.0
20230224:2010,0.0,0.0,0.0,6.56,0.55,0.0
20230224:2110,0.0,0.0,0.0,6.42,0.55,0.0
20230224:2210,0.0,0.0,0.0,6.36,0.76,0.0
20230224:2310,0.0,0.0,0.0,6.31,0.83,0.0
20230225:0010,0.0,0.0,0.0,6.01,0.76,0.0
20230225:0110,0.0,0.0,0.0,6.03,0.76,0.0
20230225:0210,0.0,0.0,0.0,5.75,0.9,0.0
20230225:0310,0.0,0.0,0.0,5.58,0.83,0.0
20230225:0410,0.0,0.0,0.0,5.12,0.97,0.0
20230225:0510,0.0,0.0,0.0,4.1,1.03,0.0
20230225:0610,0.0,0.0,0.0,3.1,1.03,0.0
20230225:0710,36.99,51.12,9.01,3.7,1.03,0.0
20230225:0810,95.38,110.77,18.12,5.95,0.55,0.0
20230225:0910,98.7,145.07,25.87,8.49,0.62,0.0
20230225:1010,137.99,199.92,31.62,9.94,0.83,0.0
20230225:1110,200.17,259.15,34.66,11.16,0.9,0.0
20230225:1210,235.12,289.83,34.52,12.13,0.76,0.0
20230225:1310,234.09,289.95,31.22,12.95,0.69,0.0
20230225:1410,198.48,254.11,25.27,13.25,0.62,0.0
20230225:1510,133.4,189.3,17.37,13.01,0.83,0.0
20230225:1610,50.49,96.11,8.18,12.32,0.9,0.0
20230225:1710,0.0,0.0,0.0,10.72,0.83,0.0
20230225:1810,0.0,0.0,0.0,10.23,0.69,0.0
20230225:1910,0.0,0.0,0.0,7.49,1.24,0.0
20230225:2010,0.0,0.0,0.0,5.79,1.59,0.0
20230225:2110,0.0,0.0,0.0,4.07,2.14,0.0
20230225:2210,0.0,0.0,0.0,3.05,2.28,0.0
20230225:2310,0.0,0.0,0.0,2.32,2.41,0.0
20230226:0010,0.0,0.0,0.0,1.79,2.55,0.0
20230226:0110,0.0,0.0,0.0,1.42,2.55,0.0
20230226:0210,0.0,0.0,0.0,1.01,2.62,0.0
20230226:0310,0.0,0.0,0.0,0.46,2.62,0.0
20230226:0410,0.0,0.0,0.0,-0.11,2.41,0.0
20230226:0510,0.0,0.0,0.0,1.18,1.52,0.0
20230226:0610,0.0,0.0,0.0,2.6,0.9,0.0
20230226:0710,39.44,53.02,9.32,0.45,1.45,0.0
20230226:0810,67.41,81.42,18.44,1.5,0.83,0.0
20230226:0910,47.92,62.12,26.22,2.2,0.62,0.0
20230226:1010,73.33,87.36,31.99,1.79,0.76,0.0
20230226:1110,79.4,93.18,35.04,1.49,0.83,0.0
20230226:1210,48.02,62.12,34.89,1.97,1.31,0.0
20230226:1310,98.2,111.62,31.56,2.31,1.72,0.0
20230226:1410,177.36,189.09,25.58,2.83,1.93,0.0
20230226:1510,144.26,165.33,17.66,3.13,1.72,0.0
20230226:1610,48.58,67.98,8.44,3.01,1.31,0.0
20230226:1710,0.0,0.0,0.0,2.6,0.62,0.0
20230226:1810,0.0,0.0,0.0,2.57,0.28,0.0
20230226:1910,0.0,0.0,0.0,1.47,0.21,0.0
20230226:2010,0.0,0.0,0.0,1.15,0.28,0.0
20230226:2110,0.0,0.0,0.0,0.73,0.34,0.0
20230226:2210,0.0,0.0,0.0,0.34,0.55,0.0
20230226:2310,0.0,0.0,0.0,0.06,0.55,0.0
20230227:0010,0.0,0.0,0.0,-0.12,0.48,0.0
20230227:0110,0.0,0.0,0.0,-0.32,0.55,0.0
20230227:0210,0.0,0.0,0.0,-0.6,0.62,0.0
20230227:0310,0.0,0.0,0.0,-0.53,0.55,0.0
20230227:0410,0.0,0.0,0.0,-0.55,0.48,0.0
20230227:0510,0.0,0.0,0.0,-0.59,0.48,0.0
20230227:0610,0.0,0.0,0.0,-0.6,0.41,0.0
20230227:0710,36.75,50.18,9.63,-0.11,0.41,0.0
20230227:0810,109.54,122.13,18.77,0.53,0.07,0.0
20230227:0910,150.72,162.27,26.57,1.2,0.28,0.0
20230227:1010,239.43,250.6,32.35,1.85,0.69,0.0
20230227:1110,127.83,140.74,35.41,3.04,1.03,0.0
20230227:1210,156.66,168.89,35.26,3.6,1.03,0.0
20230227:1310,145.24,158.21,31.91,4.16,1.1,0.0
20230227:1410,95.25,109.68,25.89,4.32,1.59,0.0
20230227:1510,61.94,76.68,17.94,3.97,1.52,0.0
20230227:1610,28.72,42.59,8.7,3.36,1.52,0.0
20230227:1710,0.0,0.0,0.0,2.59,1.24,0.0
20230227:1810,0.0,0.0,0.0,1.98,1.1,0.0
20230227:1910,0.0,0.0,0.0,1.57,0.83,0.0
20230227:2010,0.0,0.0,0.0,1.17,0.76,0.0
20230227:2110,0.0,0.0,0.0,0.88,0.83,0.0
20230227:2210,0.0,0.0,0.0,0.69,0.83,0.0
20230227:2310,0.0,0.0,0.0,0.56,0.69,0.0
20230228:0010,0.0,0.0,0.0,0.41,0.76,0.0
20230228:0110,0.0,0.0,0.0,0.28,0.76,0.0
20230228:0210,0.0,0.0,0.0,0.04,0.76,0.0
20230228:0310,0.0,0.0,0.0,-0.21,0.76,0.0
20230228:0410,0.0,0.0,0.0,-0.47,0.69,0.0
20230228:0510,0.0,0.0,0.0,-0.64,0.76,0.0
20230228:0610,0.0,0.0,0.0,-0.57,0.69,0.0
20230228:0710,38.69,52.07,9.94,-0.56,0.83,0.0
20230228:0810,112.5,124.97,19.1,0.97,0.76,0.0
20230228:0910,165.35,177.07,26.92,2.09,0.83,0.0
20230228:1010,181.49,192.81,32.73,3.05,0.83,0.0
20230228:1110,172.19,184.42,35.79,4.14,0.83,0.0
20230228:1210,302.02,320.57,35.63,5.1,0.76,0.0
20230228:1310,258.07,273.4,32.25,5.62,0.83,0.0
20230228:1410,231.43,255.47,26.21,6.17,0.69,0.0
20230228:1510,158.38,210.26,18.22,6.51,0.97,0.0
20230228:1610,66.69,113.32,8.96,6.29,1.1,0.0
20230228:1710,0.0,0.0,0.0,5.22,1.03,0.0
20230228:1810,0.0,0.0,0.0,3.77,0.9,0.0
20230228:1910,0.0,0.0,0.0,3.74,0.28,0.0
20230228:2010,0.0,0.0,0.0,3.26,0.62,0.0
20230228:2110,0.0,0.0,0.0,2.88,0.62,0.0
20230228:2210,0.0,0.0,0.0,2.6,0.62,0.0
20230228:2310,0.0,0.0,0.0,2.5,0.76,0.0
20230301:0010,0.0,0.0,0.0,1.02,0.69,0.0
20230301:0110,0.0,0.0,0.0,-1.63,0.97,0.0
20230301:0210,0.0,0.0,0.0,-1.5,1.03,0.0
20230301:0310,0.0,0.0,0.0,-1.48,1.31,0.0
20230301:0410,0.0,0.0,0.0,-1.18,1.24,0.0
20230301:0510,0.0,0.0,0.0,-1.22,1.1,0.0
20230301:0610,0.0,0.0,0.0,-1.38,0.9,0.0
20230301:0710,36.0,49.23,10.26,-0.92,0.76,0.0
20230301:0810,80.12,93.72,19.44,0.94,0.55,0.0
20230301:0910,87.72,146.36,27.28,2.15,0.48,0.0
20230301:1010,206.08,247.56,33.1,3.29,0.69,0.0
20230301:1110,242.8,290.44,36.18,4.76,0.9,0.0
20230301:1210,298.92,316.28,36.0,6.12,1.1,0.0
20230301:1310,238.26,252.07,32.59,6.48,1.66,0.0
20230301:1410,230.36,250.19,26.52,5.9,1.31,0.0
20230301:1510,79.38,94.78,18.5,5.57,1.24,0.0
20230301:1610,33.01,47.48,9.22,5.02,1.31,0.0
20230301:1710,0.0,0.0,0.0,4.12,1.31,0.0
20230301:1810,0.0,0.0,0.0,3.03,1.24,0.0
20230301:1910,0.0,0.0,0.0,2.36,1.17,0.0
20230301:2010,0.0,0.0,0.0,2.21,0.9,0.0
20230301:2110,0.0,0.0,0.0,2.12,0.76,0.0
20230301:2210,0.0,0.0,0.0,2.08,0.69,0.0
20230301:2310,0.0,0.0,0.0,1.88,0.62,0.0
20230302:0010,0.0,0.0,0.0,1.59,0.62,0.0
20230302:0110,0.0,0.0,0.0,1.28,0.69,0.0
20230302:0210,0.0,0.0,0.0,1.4,0.97,0.0
20230302:0310,0.0,0.0,0.0,1.63,1.03,0.0
20230302:0410,0.0,0.0,0.0,1.72,0.83,0.0
20230302:0510,0.0,0.0,0.0,1.62,0.9,0.0
20230302:0610,0.0,0.0,0.0,1.46,0.97,0.0
20230302:0710,32.74,46.39,10.58,2.26,0.76,0.0
20230302:0810,132.46,145.79,19.77,3.92,0.9,0.0
20230302:0910,94.8,109.68,27.63,4.97,0.83,0.0
20230302:1010,233.16,248.56,33.48,6.42,0.69,0.0
20230302:1110,295.11,317.39,36.56,7.64,0.76,0.0
20230302:1210,302.78,334.29,36.37,8.71,1.17,0.0
20230302:1310,278.61,321.56,32.94,9.22,1.24,0.0
20230302:1410,159.52,176.42,26.83,9.37,1.17,0.0
20230302:1510,150.19,174.03,18.78,9.28,1.1,0.0
20230302:1610,63.48,88.45,9.47,8.73,1.24,0.0
20230302:1710,0.0,0.0,0.0,7.68,1.24,0.0
20230302:1810,0.0,0.0,0.0,6.13,1.03,0.0
20230302:1910,0.0,0.0,0.0,5.07,0.76,0.0
20230302:2010,0.0,0.0,0.0,5.2,0.21,0.0
20230302:2110,0.0,0.0,0.0,4.83,0.41,0.0
20230302:2210,0.0,0.0,0.0,4.45,0.69,0.0
20230302:2310,0.0,0.0,0.0,4.0,0.76,0.0
20230303:0010,0.0,0.0,0.0,3.71,0.76,0.0
20230303:0110,0.0,0.0,0.0,0.88,1.03,0.0
20230303:0210,0.0,0.0,0.0,0.59,1.24,0.0
20230303:0310,0.0,0.0,0.0,0.46,1.38,0.0
20230303:0410,0.0,0.0,0.0,0.6,1.45,0.0
20230303:0510,0.0,0.0,0.0,0.28,1.59,0.0
20230303:0610,0.0,0.0,0.0,-0.1,1.66,0.0
20230303:0710,50.5,64.38,10.9,0.93,1.31,0.0
20230303:0810,55.34,70.06,20.11,3.89,0.97,0.0
20230303:0910,104.8,162.8,28.0,6.9,0.41,0.0
20230303:1010,184.85,243.11,33.86,8.57,0.48,0.0
20230303:1110,251.46,304.26,36.95,9.71,0.9,0.0
20230303:1210,288.81,332.62,36.74,10.45,1.17,0.0
20230303:1310,285.92,327.56,33.29,10.82,1.59,0.0
20230303:1410,246.7,287.4,27.14,10.81,1.59,0.0
20230303:1510,112.5,130.99,19.06,10.53,1.66,0.0
20230303:1610,77.15,116.48,9.73,9.71,1.45,0.0
20230303:1710,0.0,0.0,0.0,8.62,1.38,0.0
20230303:1810,0.0,0.0,0.0,6.88,1.17,0.0
20230303:1910,0.0,0.0,0.0,6.93,0.97,0.0
20230303:2010,0.0,0.0,0.0,7.36,0.62,0.0
20230303:2110,0.0,0.0,0.0,6.89,0.34,0.0
20230303:2210,0.0,0.0,0.0,6.56,0.55,0.0
20230303:2310,0.0,0.0,0.0,5.51,0.9,0.0
20230304:0010,0.0,0.0,0.0,4.44,1.03,0.0
20230304:0110,0.0,0.0,0.0,3.29,1.17,0.0
20230304:0210,0.0,0.0,0.0,2.67,1.24,0.0
20230304:0310,0.0,0.0,0.0,1.98,1.31,0.0
20230304:0410,0.0,0.0,0.0,1.2,1.45,0.0
20230304:0510,0.0,0.0,0.0,0.32,1.52,0.0
20230304:0610,0.0,0.0,0.0,-0.39,1.66,0.0
20230304:0710,33.82,47.34,11.23,1.32,1.38,0.0
20230304:0810,60.61,75.74,20.46,5.09,0.97,0.0
20230304:0910,112.3,170.17,28.36,7.55,0.41,0.0
20230304:1010,194.54,251.36,34.24,9.06,0.34,0.0
20230304:1110,261.49,310.94,37.33,10.1,0.69,0.0
20230304:1210,300.59,342.1,37.12,10.81,1.03,0.0
20230304:1310,292.66,337.36,33.63,11.29,1.17,0.0
20230304:1410,254.43,300.82,27.45,11.5,1.31,0.0
20230304:1510,182.95,233.15,19.35,11.42,1.38,0.0
20230304:1610,85.24,130.22,9.99,10.82,1.24,0.0
20230304:1710,0.0,0.0,0.0,9.62,0.97,0.0
20230304:1810,0.0,0.0,0.0,8.61,0.69,0.0
20230304:1910,0.0,0.0,0.0,8.79,0.21,0.0
20230304:2010,0.0,0.0,0.0,7.99,0.69,0.0
20230304:2110,0.0,0.0,0.0,7.24,1.03,0.0
20230304:2210,0.0,0.0,0.0,6.02,1.24,0.0
20230304:2310,0.0,0.0,0.0,4.77,1.45,0.0
20230305:0010,0.0,0.0,0.0,3.42,1.59,0.0
20230305:0110,0.0,0.0,0.0,2.06,1.79,0.0
20230305:0210,0.0,0.0,0.0,0.82,1.93,0.0
20230305:0310,0.0,0.0,0.0,-0.35,2.0,0.0
20230305:0410,0.0,0.0,0.0,-1.25,2.0,0.0
20230305:0510,0.0,0.0,0.0,-1.65,2.07,0.0
20230305:0610,0.0,0.0,0.0,-1.83,2.07,0.0
20230305:0710,35.08,48.28,11.55,-0.66,1.72,0.0
20230305:0810,54.44,69.11,20.8,3.9,1.52,0.0
20230305:0910,118.01,176.6,28.72,6.88,1.17,0.0
20230305:1010,202.84,259.46,34.62,9.0,0.34,0.0
20230305:1110,270.35,320.2,37.72,10.24,0.62,0.0
20230305:1210,306.43,350.1,37.49,10.92,1.17,0.0
20230305:1310,302.59,346.83,33.98,11.27,1.45,0.0
20230305:1410,264.83,310.8,27.76,11.28,1.52,0.0
20230305:1510,191.42,240.32,19.62,10.97,1.52,0.0
20230305:1610,89.46,132.51,10.24,10.32,1.24,0.0
20230305:1710,0.0,0.0,0.0,8.99,0.97,0.0
20230305:1810,0.0,0.0,0.0,8.69,0.69,0.0
20230305:1910,0.0,0.0,0.0,7.35,1.03,0.0
20230305:2010,0.0,0.0,0.0,7.08,0.9,0.0
20230305:2110,0.0,0.0,0.0,6.58,0.76,0.0
20230305:2210,0.0,0.0,0.0,5.9,0.62,0.0
20230305:2310,0.0,0.0,0.0,5.34,0.55,0.0
20230306:0010,0.0,0.0,0.0,4.97,0.62,0.0
20230306:0110,0.0,0.0,0.0,4.93,0.69,0.0
20230306:0210,0.0,0.0,0.0,4.49,0.76,0.0
20230306:0310,0.0,0.0,0.0,4.12,0.76,0.0
20230306:0410,0.0,0.0,0.0,4.18,0.69,0.0
20230306:0510,0.0,0.0,0.0,4.5,0.55,0.0
20230306:0610,0.0,0.95,1.85,4.21,0.62,0.0
20230306:0710,46.02,60.59,11.88,3.96,0.62,0.0
20230306:0810,132.08,145.79,21.15,4.33,0.62,0.0
20230306:0910,186.56,200.58,29.09,5.01,0.62,0.0
20230306:1010,233.05,246.84,35.01,5.83,0.76,0.0
20230306:1110,313.99,333.08,38.11,6.7,1.1,0.0
20230306:1210,328.09,349.02,37.87,6.95,1.24,0.0
20230306:1310,313.91,342.05,34.32,7.03,1.17,0.0
20230306:1410,267.07,296.61,28.07,7.16,1.03,0.0
20230306:1510,194.95,236.84,19.9,7.2,0.76,0.0
20230306:1610,95.05,137.4,10.5,7.12,0.55,0.0
20230306:1710,0.0,0.0,0.0,6.39,0.14,0.0
20230306:1810,0.0,0.0,0.0,5.47,0.48,0.0
20230306:1910,0.0,0.0,0.0,4.51,1.03,0.0
20230306:2010,0.0,0.0,0.0,4.22,1.03,0.0
20230306:2110,0.0,0.0,0.0,4.22,0.97,0.0
20230306:2210,0.0,0.0,0.0,4.33,0.9,0.0
20230306:2310,0.0,0.0,0.0,4.25,0.9,0.0
20230307:0010,0.0,0.0,0.0,3.92,0.97,0.0
20230307:0110,0.0,0.0,0.0,3.6,1.03,0.0
20230307:0210,0.0,0.0,0.0,3.33,1.17,0.0
20230307:0310,0.0,0.0,0.0,2.71,1.24,0.0
20230307:0410,0.0,0.0,0.0,2.38,1.24,0.0
20230307:0510,0.0,0.0,0.0,2.14,1.31,0.0
20230307:0610,0.0,2.84,2.17,2.16,1.38,0.0
20230307:0710,65.88,80.47,12.22,3.26,0.83,0.0
20230307:0810,128.89,142.95,21.5,4.86,0.76,0.0
20230307:0910,213.68,231.4,29.46,5.84,0.41,0.0
20230307:1010,247.47,263.67,35.39,6.77,0.21,0.0
20230307:1110,143.82,159.18,38.51,7.49,0.83,0.0
20230307:1210,265.31,280.67,38.25,8.05,1.1,0.0
20230307:1310,267.73,284.13,34.67,8.0,1.1,0.0
20230307:1410,168.91,184.51,28.38,7.77,0.9,0.0
20230307:1510,68.5,84.44,20.18,7.23,0.48,0.0
20230307:1610,69.81,90.34,10.76,6.83,0.21,0.0
20230307:1710,0.0,0.0,0.0,6.24,0.76,0.0
20230307:1810,0.0,0.0,0.0,5.55,0.9,0.0
20230307:1910,0.0,0.0,0.0,5.16,1.17,0.0
20230307:2010,0.0,0.0,0.0,4.87,1.24,0.0
20230307:2110,0.0,0.0,0.0,4.53,1.24,0.0
20230307:2210,0.0,0.0,0.0,4.32,1.17,0.0
20230307:2310,0.0,0.0,0.0,2.9,1.1,0.0
20230308:0010,0.0,0.0,0.0,2.3,1.17,0.0
20230308:0110,0.0,0.0,0.0,2.24,1.1,0.0
20230308:0210,0.0,0.0,0.0,1.84,1.1,0.0
20230308:0310,0.0,0.0,0.0,1.53,1.1,0.0
20230308:0410,0.0,0.0,0.0,1.02,1.24,0.0
20230308:0510,0.0,0.0,0.0,-1.05,1.38,0.0
20230308:0610,0.08,5.68,2.49,-0.17,1.45,0.0
20230308:0710,72.11,86.15,12.55,1.84,0.97,0.0
20230308:0810,111.34,125.91,21.85,4.91,0.62,0.0
20230308:0910,143.74,197.83,29.83,6.73,0.41,0.0
20230308:1010,227.27,277.04,35.78,7.72,0.21,0.0
20230308:1110,318.84,349.44,38.9,8.97,0.62,0.0
20230308:1210,290.19,309.01,38.63,9.42,0.83,0.0
20230308:1310,221.04,237.37,35.02,9.42,1.24,0.0
20230308:1410,205.22,222.25,28.69,8.98,1.24,0.0
20230308:1510,146.22,165.1,20.46,8.55,0.69,0.0
20230308:1610,87.57,115.21,11.01,8.2,0.21,0.0
20230308:1710,0.0,0.0,0.0,7.49,0.69,0.0
20230308:1810,0.0,0.0,0.0,6.27,1.1,0.0
20230308:1910,0.0,0.0,0.0,6.01,1.31,0.0
20230308:2010,0.0,0.0,0.0,5.87,1.24,0.0
20230308:2110,0.0,0.0,0.0,5.71,1.24,0.0
20230308:2210,0.0,0.0,0.0,5.53,1.31,0.0
20230308:2310,0.0,0.0,0.0,5.28,1.17,0.0
20230309:0010,0.0,0.0,0.0,5.01,1.31,0.0
20230309:0110,0.0,0.0,0.0,4.98,1.31,0.0
20230309:0210,0.0,0.0,0.0,4.89,1.31,0.0
20230309:0310,0.0,0.0,0.0,4.86,1.24,0.0
20230309:0410,0.0,0.0,0.0,4.67,1.17,0.0
20230309:0510,0.0,0.0,0.0,3.72,1.1,0.0
20230309:0610,2.02,9.47,2.82,3.23,1.1,0.0
20230309:0710,39.58,53.96,12.88,4.24,0.76,0.0
20230309:0810,65.57,81.42,22.2,7.04,0.48,0.0
20230309:0910,143.37,200.93,30.21,8.62,0.55,0.0
20230309:1010,229.78,283.25,36.17,9.87,1.17,0.0
20230309:1110,298.75,342.55,39.3,10.92,0.9,0.0
20230309:1210,326.86,373.03,39.01,12.14,0.55,0.0
20230309:1310,323.96,371.17,35.36,13.08,0.41,0.0
20230309:1410,276.3,316.17,29.0,13.72,0.55,0.0
20230309:1510,211.06,260.83,20.74,13.98,0.76,0.0
20230309:1610,104.44,146.58,11.26,13.69,0.83,0.0
20230309:1710,0.0,0.0,0.0,12.26,0.69,0.0
20230309:1810,0.0,0.0,0.0,11.9,0.48,0.0
20230309:1910,0.0,0.0,0.0,11.72,0.21,0.0
20230309:2010,0.0,0.0,0.0,10.9,0.41,0.0
20230309:2110,0.0,0.0,0.0,10.12,0.69,0.0
20230309:2210,0.0,0.0,0.0,9.4,0.62,0.0
20230309:2310,0.0,0.0,0.0,8.74,0.55,0.0
20230310:0010,0.0,0.0,0.0,8.14,0.76,0.0
20230310:0110,0.0,0.0,0.0,7.48,0.9,0.0
20230310:0210,0.0,0.0,0.0,5.77,1.1,0.0
20230310:0310,0.0,0.0,0.0,5.67,0.97,0.0
20230310:0410,0.0,0.0,0.0,5.54,0.83,0.0
20230310:0510,0.0,0.0,0.0,5.66,0.9,0.0
20230310:0610,0.0,1.89,3.14,5.88,0.97,0.0
20230310:0710,74.23,89.94,13.22,6.46,0.55,0.0
20230310:0810,85.21,101.3,22.55,7.46,0.62,0.0
20230310:0910,74.05,90.27,30.58,7.95,0.69,0.0
20230310:1010,207.37,222.82,36.57,8.22,0.83,0.0
20230310:1110,318.05,354.6,39.69,9.65,0.76,0.0
20230310:1210,343.38,376.32,39.39,10.76,1.52,0.0
20230310:1310,332.66,367.15,35.71,11.48,1.93,0.0
20230310:1410,287.66,322.18,29.31,11.76,2.14,0.0
20230310:1510,221.74,267.78,21.01,11.94,1.86,0.0
20230310:1610,103.18,137.38,11.51,11.78,1.66,0.0
20230310:1710,0.0,0.0,0.0,10.64,0.76,0.0
20230310:1810,0.0,0.0,0.0,8.8,1.03,0.0
20230310:1910,0.0,0.0,0.0,8.27,0.97,0.0
20230310:2010,0.0,0.0,0.0,6.95,1.31,0.0
20230310:2110,0.0,0.0,0.0,6.09,1.66,0.0
20230310:2210,0.0,0.0,0.0,5.95,1.66,0.0
20230310:2310,0.0,0.0,0.0,5.51,1.66,0.0
20230311:0010,0.0,0.0,0.0,4.95,1.66,0.0
20230311:0110,0.0,0.0,0.0,4.24,1.72,0.0
20230311:0210,0.0,0.0,0.0,3.5,1.79,0.0
20230311:0310,0.0,0.0,0.0,2.75,1.86,0.0
20230311:0410,0.0,0.0,0.0,2.35,1.93,0.0
20230311:0510,0.0,0.0,0.0,2.42,1.86,0.0
20230311:0610,4.49,13.25,3.47,1.84,1.93,0.0
20230311:0710,45.13,59.64,13.56,4.09,1.72,0.0
20230311:0810,61.81,77.63,22.91,7.61,1.93,0.0
20230311:0910,232.18,253.18,30.96,9.15,2.55,0.0
20230311:1010,265.14,306.01,36.96,10.53,2.9,0.0
20230311:1110,314.91,359.41,40.09,11.62,3.03,0.0
20230311:1210,347.67,387.43,39.77,12.49,3.17,0.0
20230311:1310,343.06,382.04,36.06,13.04,3.24,0.0
20230311:1410,305.07,347.26,29.62,13.22,3.24,0.0
20230311:1510,228.02,273.73,21.29,12.99,3.03,0.0
20230311:1610,122.25,167.68,11.77,12.29,2.41,0.0
20230311:1710,0.0,0.0,0.0,11.06,2.28,0.0
20230311:1810,0.0,0.0,0.0,9.63,2.21,0.0
20230311:1910,0.0,0.0,0.0,9.17,2.55,0.0
20230311:2010,0.0,0.0,0.0,7.86,2.41,0.0
20230311:2110,0.0,0.0,0.0,6.65,2.28,0.0
20230311:2210,0.0,0.0,0.0,5.77,2.07,0.0
20230311:2310,0.0,0.0,0.0,4.92,1.79,0.0
20230312:0010,0.0,0.0,0.0,5.25,1.38,0.0
20230312:0110,0.0,0.0,0.0,5.98,0.9,0.0
20230312:0210,0.0,0.0,0.0,5.86,0.76,0.0
20230312:0310,0.0,0.0,0.0,5.54,0.69,0.0
20230312:0410,0.0,0.0,0.0,5.24,0.48,0.0
20230312:0510,0.0,0.0,0.0,4.95,0.34,0.0
20230312:0610,7.8,17.99,3.8,4.65,0.69,0.0
20230312:0710,42.1,56.8,13.9,5.14,0.62,0.0
20230312:0810,63.48,79.52,23.27,7.67,0.28,0.0
20230312:0910,162.5,220.9,31.33,8.73,0.83,0.0
20230312:1010,254.87,305.52,37.35,9.49,0.9,0.0
20230312:1110,321.36,365.93,40.49,10.46,0.83,0.0
20230312:1210,352.19,395.24,40.15,11.73,0.69,0.0
20230312:1310,348.51,391.4,36.4,12.38,0.76,0.0
20230312:1410,310.28,354.73,29.93,12.82,0.97,0.0
20230312:1510,234.23,280.3,21.56,12.74,1.31,0.0
20230312:1610,125.29,168.74,12.02,12.12,1.45,0.0
20230312:1710,0.0,4.73,1.83,10.94,1.31,0.0
20230312:1810,0.0,0.0,0.0,9.17,1.17,0.0
20230312:1910,0.0,0.0,0.0,8.9,1.17,0.0
20230312:2010,0.0,0.0,0.0,8.79,0.9,0.0
20230312:2110,0.0,0.0,0.0,8.49,0.76,0.0
20230312:2210,0.0,0.0,0.0,6.85,1.1,0.0
20230312:2310,0.0,0.0,0.0,5.52,1.17,0.0
20230313:0010,0.0,0.0,0.0,4.65,1.1,0.0
20230313:0110,0.0,0.0,0.0,3.66,1.17,0.0
20230313:0210,0.0,0.0,0.0,3.1,1.17,0.0
20230313:0310,0.0,0.0,0.0,2.62,1.17,0.0
20230313:0410,0.0,0.0,0.0,2.18,1.24,0.0
20230313:0510,0.0,0.0,0.0,1.98,1.24,0.0
20230313:0610,2.62,10.41,4.14,2.04,1.17,0.0
20230313:0710,83.28,98.46,14.24,5.21,0.69,0.0
20230313:0810,81.28,97.51,23.63,7.67,0.34,0.0
20230313:0910,238.23,262.8,31.71,9.39,0.55,0.0
20230313:1010,301.07,328.84,37.75,10.25,0.62,0.0
20230313:1110,331.27,368.94,40.89,11.19,0.83,0.0
20230313:1210,327.89,352.16,40.53,11.68,0.9,0.0
20230313:1310,296.51,318.85,36.75,11.74,1.03,0.0
20230313:1410,228.41,248.55,30.23,11.63,1.17,0.0
20230313:1510,80.5,98.03,21.83,11.38,1.24,0.0
20230313:1610,56.59,73.97,12.27,10.78,0.76,0.0
20230313:1710,0.0,0.95,2.07,10.1,0.48,0.0
20230313:1810,0.0,0.0,0.0,9.35,0.07,0.0
20230313:1910,0.0,0.0,0.0,8.29,0.07,0.0
20230313:2010,0.0,0.0,0.0,7.96,0.48,0.0
20230313:2110,0.0,0.0,0.0,7.74,0.69,0.0
20230313:2210,0.0,0.0,0.0,7.47,0.69,0.0
20230313:2310,0.0,0.0,0.0,7.23,0.83,0.0
20230314:0010,0.0,0.0,0.0,6.98,1.03,0.0
20230314:0110,0.0,0.0,0.0,6.87,1.1,0.0
20230314:0210,0.0,0.0,0.0,6.72,0.83,0.0
20230314:0310,0.0,0.0,0.0,6.42,1.03,0.0
20230314:0410,0.0,0.0,0.0,6.13,1.1,0.0
20230314:0510,0.0,0.0,0.0,5.82,1.24,0.0
20230314:0610,7.06,17.04,4.47,5.65,1.24,0.0
20230314:0710,18.6,31.24,14.59,5.21,1.17,0.0
20230314:0810,28.71,42.6,23.98,5.62,1.17,0.0
20230314:0910,198.85,212.98,32.09,6.23,0.97,0.0
20230314:1010,304.25,323.62,38.15,7.35,0.9,0.0
20230314:1110,350.39,376.3,41.29,9.01,0.76,0.0
20230314:1210,359.71,388.27,40.91,10.29,0.41,0.0
20230314:1310,348.4,380.12,37.09,10.95,0.41,0.0
20230314:1410,268.12,293.27,30.54,12.11,0.48,0.0
20230314:1510,224.0,257.93,22.1,12.43,0.9,0.0
20230314:1610,81.8,103.34,12.52,12.37,1.45,0.0
20230314:1710,0.0,2.84,2.3,11.55,1.72,0.0
20230314:1810,0.0,0.0,0.0,10.33,2.07,0.0
20230314:1910,0.0,0.0,0.0,9.18,2.34,0.0
20230314:2010,0.0,0.0,0.0,7.52,2.28,0.0
20230314:2110,0.0,0.0,0.0,6.36,2.34,0.0
20230314:2210,0.0,0.0,0.0,5.34,2.21,0.0
20230314:2310,0.0,0.0,0.0,4.52,2.14,0.0
20230315:0010,0.0,0.0,0.0,3.84,2.14,0.0
20230315:0110,0.0,0.0,0.0,3.69,2.0,0.0
20230315:0210,0.0,0.0,0.0,3.98,1.72,0.0
20230315:0310,0.0,0.0,0.0,3.41,1.66,0.0
20230315:0410,0.0,0.0,0.0,1.83,1.86,0.0
20230315:0510,0.0,0.0,0.0,0.93,2.76,0.0
20230315:0610,10.95,21.77,4.8,1.5,2.97,0.0
20230315:0710,44.41,58.7,14.93,3.41,3.1,0.0
20230315:0810,64.57,79.52,24.34,5.0,2.9,0.0
20230315:0910,193.55,247.04,32.47,6.01,3.17,0.0
20230315:1010,292.16,334.83,38.54,7.02,3.1,0.0
20230315:1110,363.36,398.53,41.69,7.95,2.97,0.0
20230315:1210,400.04,432.87,41.29,8.66,2.76,0.0
20230315:1310,394.91,427.42,37.44,9.16,2.69,0.0
20230315:1410,346.81,380.97,30.84,9.41,2.55,0.0
20230315:1510,257.25,292.16,22.37,9.29,2.21,0.0
20230315:1610,133.02,165.32,12.76,8.9,1.52,0.0
20230315:1710,1.42,8.52,2.54,7.73,0.97,0.0
20230315:1810,0.0,0.0,0.0,6.65,1.03,0.0
20230315:1910,0.0,0.0,0.0,4.8,1.52,0.0
20230315:2010,0.0,0.0,0.0,4.37,1.45,0.0
20230315:2110,0.0,0.0,0.0,3.46,1.59,0.0
20230315:2210,0.0,0.0,0.0,3.01,1.59,0.0
20230315:2310,0.0,0.0,0.0,2.52,1.59,0.0
20230316:0010,0.0,0.0,0.0,2.14,1.66,0.0
20230316:0110,0.0,0.0,0.0,1.86,1.66,0.0
20230316:0210,0.0,0.0,0.0,1.43,1.72,0.0
20230316:0310,0.0,0.0,0.0,1.1,1.72,0.0
20230316:0410,0.0,0.0,0.0,1.16,1.59,0.0
20230316:0510,0.0,0.0,0.0,1.05,1.52,0.0
20230316:0610,13.31,24.61,5.14,1.0,1.45,0.0
20230316:0710,48.53,62.48,15.28,1.28,1.1,0.0
20230316:0810,71.69,87.1,24.71,5.68,0.69,0.0
20230316:0910,195.48,248.56,32.85,7.28,0.62,0.0
20230316:1010,288.81,331.99,38.94,8.13,0.97,0.0
20230316:1110,356.3,393.85,42.09,8.82,1.24,0.0
20230316:1210,388.4,422.95,41.67,9.32,1.31,0.0
20230316:1310,380.95,415.15,37.78,9.67,1.1,0.0
20230316:1410,343.09,379.26,31.14,9.44,0.97,0.0
20230316:1510,257.64,295.67,22.64,9.53,0.69,0.0
20230316:1610,150.39,191.58,13.01,9.17,0.83,0.0
20230316:1710,1.41,8.52,2.77,8.43,0.76,0.0
20230316:1810,0.0,0.0,0.0,7.69,0.41,0.0
20230316:1910,0.0,0.0,0.0,7.43,0.41,0.0
20230316:2010,0.0,0.0,0.0,6.77,0.55,0.0
20230316:2110,0.0,0.0,0.0,6.18,0.69,0.0
20230316:2210,0.0,0.0,0.0,5.65,0.76,0.0
20230316:2310,0.0,0.0,0.0,5.29,0.83,0.0
20230317:0010,0.0,0.0,0.0,4.64,0.97,0.0
20230317:0110,0.0,0.0,0.0,4.14,1.03,0.0
20230317:0210,0.0,0.0,0.0,3.36,1.03,0.0
20230317:0310,0.0,0.0,0.0,2.81,1.03,0.0
20230317:0410,0.0,0.0,0.0,2.48,0.97,0.0
20230317:0510,0.0,0.0,0.0,2.15,0.97,0.0
20230317:0610,15.64,27.45,5.48,1.95,0.97,0.0
20230317:0710,57.31,71.95,15.62,3.39,0.55,0.0
20230317:0810,103.04,118.34,25.07,5.87,0.34,0.0
20230317:0910,222.99,265.69,33.23,6.9,0.41,0.0
20230317:1010,312.81,346.82,39.34,7.93,0.62,0.0
20230317:1110,368.69,398.84,42.49,8.91,0.69,0.0
20230317:1210,388.01,419.64,42.05,9.67,0.76,0.0
20230317:1310,374.06,404.22,38.12,10.17,0.83,0.0
20230317:1410,338.59,373.21,31.44,10.39,0.97,0.0
20230317:1510,250.76,283.49,22.91,10.26,0.97,0.0
20230317:1610,81.18,100.23,13.26,9.84,0.9,0.0
20230317:1710,0.44,6.63,3.01,9.08,0.83,0.0
20230317:1810,0.0,0.0,0.0,8.15,0.55,0.0
20230317:1910,0.0,0.0,0.0,7.31,0.21,0.0
20230317:2010,0.0,0.0,0.0,6.83,0.34,0.0
20230317:2110,0.0,0.0,0.0,6.28,0.62,0.0
20230317:2210,0.0,0.0,0.0,5.88,0.69,0.0
20230317:2310,0.0,0.0,0.0,5.64,0.76,0.0
20230318:0010,0.0,0.0,0.0,5.24,0.9,0.0
20230318:0110,0.0,0.0,0.0,4.36,1.03,0.0
20230318:0210,0.0,0.0,0.0,3.53,1.1,0.0
20230318:0310,0.0,0.0,0.0,3.13,1.17,0.0
20230318:0410,0.0,0.0,0.0,0.52,1.17,0.0
20230318:0510,0.0,0.0,0.0,0.32,1.1,0.0
20230318:0610,20.78,33.13,5.81,0.32,1.17,0.0
20230318:0710,48.79,63.43,15.97,3.97,0.83,0.0
20230318:0810,110.49,164.57,25.43,7.41,0.28,0.0
20230318:0910,208.26,261.26,33.61,9.07,0.62,0.0
20230318:1010,301.35,346.68,39.74,10.15,1.1,0.0
20230318:1110,366.54,405.5,42.89,10.95,1.38,0.0
20230318:1210,399.05,436.3,42.43,11.46,1.38,0.0
20230318:1310,387.08,422.65,38.46,11.84,1.24,0.0
20230318:1410,345.28,382.89,31.75,12.04,1.03,0.0
20230318:1510,138.74,157.73,23.18,12.0,0.9,0.0
20230318:1610,153.0,192.01,13.5,11.65,0.9,0.0
20230318:1710,3.02,11.36,3.24,10.85,0.76,0.0
20230318:1810,0.0,0.0,0.0,9.78,0.62,0.0
20230318:1910,0.0,0.0,0.0,9.17,0.07,0.0
20230318:2010,0.0,0.0,0.0,8.75,0.34,0.0
20230318:2110,0.0,0.0,0.0,8.23,0.69,0.0
20230318:2210,0.0,0.0,0.0,6.99,0.97,0.0
20230318:2310,0.0,0.0,0.0,5.93,1.03,0.0
20230319:0010,0.0,0.0,0.0,5.32,1.1,0.0
20230319:0110,0.0,0.0,0.0,4.76,1.1,0.0
20230319:0210,0.0,0.0,0.0,4.5,1.03,0.0
20230319:0310,0.0,0.0,0.0,4.26,0.97,0.0
20230319:0410,0.0,0.0,0.0,4.13,0.97,0.0
20230319:0510,0.0,0.0,0.0,3.91,1.03,0.0
20230319:0610,22.91,35.97,6.15,3.95,1.03,0.0
20230319:0710,66.15,81.42,16.32,5.34,0.69,0.0
20230319:0810,153.45,193.55,25.79,8.53,0.21,0.0
20230319:0910,242.72,283.05,34.0,9.82,0.41,0.0
20230319:1010,308.6,350.71,40.14,10.58,0.69,0.0
20230319:1110,373.46,408.08,43.29,11.19,0.97,0.0
20230319:1210,291.74,311.3,42.81,11.38,1.17,0.0
20230319:1310,278.45,297.4,38.8,11.13,1.24,0.0
20230319:1410,186.37,203.92,32.04,10.59,0.9,0.0
20230319:1510,135.41,153.12,23.44,9.97,0.55,0.0
20230319:1610,96.68,117.15,13.74,9.58,0.76,0.0
20230319:1710,2.48,10.41,3.48,9.08,0.9,0.0
20230319:1810,0.0,0.0,0.0,7.97,1.1,0.0
20230319:1910,0.0,0.0,0.0,7.46,0.9,0.0
20230319:2010,0.0,0.0,0.0,6.57,1.03,0.0
20230319:2110,0.0,0.0,0.0,6.16,0.97,0.0
20230319:2210,0.0,0.0,0.0,5.5,1.03,0.0
20230319:2310,0.0,0.0,0.0,4.67,1.1,0.0
20230320:0010,0.0,0.0,0.0,4.06,1.17,0.0
20230320:0110,0.0,0.0,0.0,4.11,1.1,0.0
20230320:0210,0.0,0.0,0.0,4.25,1.1,0.0
20230320:0310,0.0,0.0,0.0,4.03,1.17,0.0
20230320:0410,0.0,0.0,0.0,3.91,1.17,0.0
20230320:0510,0.0,0.0,0.0,3.71,1.24,0.0
20230320:0610,21.24,34.08,6.49,3.83,1.17,0.0
20230320:0710,55.45,70.06,16.66,3.44,0.9,0.0
20230320:0810,122.85,176.55,26.15,6.91,0.55,0.0
20230320:0910,225.25,275.37,34.38,9.32,0.55,0.0
20230320:1010,315.65,358.05,40.54,10.92,0.97,0.0
20230320:1110,377.16,416.46,43.69,12.09,1.24,0.0
20230320:1210,410.76,449.25,43.19,12.86,1.52,0.0
20230320:1310,406.32,443.43,39.14,13.23,1.86,0.0
20230320:1410,361.09,398.03,32.34,13.34,2.0,0.0
20230320:1510,283.83,322.7,23.71,12.8,2.0,0.0
20230320:1610,167.01,207.01,13.99,12.38,1.66,0.0
20230320:1710,5.48,15.15,3.71,11.42,1.38,0.0
20230320:1810,0.0,0.0,0.0,10.07,1.17,0.0
20230320:1910,0.0,0.0,0.0,9.07,1.1,0.0
20230320:2010,0.0,0.0,0.0,8.38,1.03,0.0
20230320:2110,0.0,0.0,0.0,8.54,0.83,0.0
20230320:2210,0.0,0.0,0.0,8.51,0.55,0.0
20230320:2310,0.0,0.0,0.0,8.11,0.48,0.0
20230321:0010,0.0,0.0,0.0,7.21,0.83,0.0
20230321:0110,0.0,0.0,0.0,4.84,1.03,0.0
20230321:0210,0.0,0.0,0.0,4.02,0.9,0.0
20230321:0310,0.0,0.0,0.0,4.34,1.1,0.0
20230321:0410,0.0,0.0,0.0,4.07,1.24,0.0
20230321:0510,0.0,0.0,0.0,3.52,1.38,0.0
20230321:0610,25.59,38.82,6.83,3.18,1.52,0.0
20230321:0710,0.0,0.0,0.0,6.3,0.97,0.0
20230321:0810,0.0,0.0,0.0,9.49,0.62,0.0
20230321:0910,248.18,291.7,34.76,11.56,0.34,0.0
20230321:1010,328.66,368.46,40.94,12.92,0.83,0.0
20230321:1110,380.27,419.56,44.09,13.87,1.1,0.0
20230321:1210,407.38,447.91,43.57,14.45,1.31,0.0
20230321:1310,390.06,426.49,39.48,14.81,1.38,0.0
20230321:1410,331.48,364.29,32.64,14.89,1.31,0.0
20230321:1510,249.81,281.6,23.97,14.62,1.17,0.0
20230321:1610,106.63,130.05,14.23,14.05,0.97,0.0
20230321:1710,3.55,12.31,3.94,13.18,0.69,0.0
20230321:1810,0.0,0.0,0.0,12.43,0.21,0.0
20230321:1910,0.0,0.0,0.0,12.33,0.14,0.0
20230321:2010,0.0,0.0,0.0,11.84,0.28,0.0
20230321:2110,0.0,0.0,0.0,11.17,0.76,0.0
20230321:2210,0.0,0.0,0.0,9.52,1.03,0.0
20230321:2310,0.0,0.0,0.0,8.08,1.17,0.0
20230322:0010,0.0,0.0,0.0,7.02,1.24,0.0
20230322:0110,0.0,0.0,0.0,6.07,1.31,0.0
20230322:0210,0.0,0.0,0.0,5.44,1.38,0.0
20230322:0310,0.0,0.0,0.0,4.84,1.38,0.0
20230322:0410,0.0,0.0,0.0,4.3,1.38,0.0
20230322:0510,0.0,0.0,0.0,3.87,1.45,0.0
20230322:0610,24.64,37.87,7.17,3.83,1.38,0.0
20230322:0710,0.0,0.0,0.0,6.92,0.97,0.0
20230322:0810,140.92,193.28,26.88,11.37,0.48,0.0
20230322:0910,237.09,288.46,35.14,13.18,0.28,0.0
20230322:1010,322.48,370.07,41.33,14.15,0.83,0.0
20230322:1110,384.87,428.92,44.49,14.83,1.1,0.0
20230322:1210,417.58,462.39,43.94,15.45,1.03,0.0
20230322:1310,407.15,450.42,39.82,15.86,1.1,0.0
20230322:1410,362.72,404.9,32.93,16.19,1.24,0.0
20230322:1510,280.91,321.69,24.23,16.06,1.31,0.0
20230322:1610,177.18,219.84,14.47,15.55,1.38,0.0
20230322:1710,9.43,20.83,4.17,14.63,0.9,0.0
20230322:1810,0.0,0.0,0.0,13.49,0.62,0.0
20230322:1910,0.0,0.0,0.0,13.29,0.34,0.0
20230322:2010,0.0,0.0,0.0,12.44,0.62,0.0
20230322:2110,0.0,0.0,0.0,11.62,0.69,0.0
20230322:2210,0.0,0.0,0.0,11.03,0.55,0.0
20230322:2310,0.0,0.0,0.0,10.21,0.55,0.0
20230323:0010,0.0,0.0,0.0,9.25,0.69,0.0
20230323:0110,0.0,0.0,0.0,8.32,0.9,0.0
20230323:0210,0.0,0.0,0.0,7.38,1.1,0.0
20230323:0310,0.0,0.0,0.0,7.02,1.1,0.0
20230323:0410,0.0,0.0,0.0,6.86,1.17,0.0
20230323:0510,0.0,0.0,0.0,6.66,1.17,0.0
20230323:0610,19.27,32.19,7.51,6.77,1.1,0.0
20230323:0710,83.96,100.35,17.71,8.15,0.55,0.0
20230323:0810,140.23,194.56,27.24,10.98,0.14,0.0
20230323:0910,241.04,291.47,35.53,12.33,0.62,0.0
20230323:1010,330.99,374.34,41.73,13.59,0.62,0.0
20230323:1110,388.16,429.51,44.89,14.44,1.03,0.0
20230323:1210,416.02,456.13,44.32,14.91,1.31,0.0
20230323:1310,412.73,453.16,40.15,15.12,1.31,0.0
20230323:1410,366.01,405.43,33.23,15.18,1.24,0.0
20230323:1510,286.5,325.86,24.49,15.11,1.17,0.0
20230323:1610,84.0,104.32,14.71,14.74,1.24,0.0
20230323:1710,6.05,16.09,4.4,13.84,1.03,0.0
20230323:1810,0.0,0.0,0.0,12.43,0.97,0.0
20230323:1910,0.0,0.0,0.0,12.28,0.69,0.0
20230323:2010,0.0,0.0,0.0,11.45,0.76,0.0
20230323:2110,0.0,0.0,0.0,10.87,0.69,0.0
20230323:2210,0.0,0.0,0.0,10.38,0.55,0.0
20230323:2310,0.0,0.0,0.0,9.78,0.55,0.0
20230324:0010,0.0,0.0,0.0,9.26,0.55,0.0
20230324:0110,0.0,0.0,0.0,8.92,0.34,0.0
20230324:0210,0.0,0.0,0.0,8.46,0.34,0.0
20230324:0310,0.0,0.0,0.0,7.64,0.34,0.0
20230324:0410,0.0,0.0,0.0,7.31,0.28,0.0
20230324:0510,0.0,0.0,0.0,7.21,0.34,0.0
20230324:0610,24.99,38.82,7.85,7.57,0.34,0.0
20230324:0710,19.07,32.19,18.05,8.55,0.21,0.0
20230324:0810,103.32,120.36,27.6,9.35,0.28,0.0
20230324:0910,76.19,93.18,35.91,9.88,0.55,0.0
20230324:1010,56.29,72.8,42.13,10.06,0.69,0.0
20230324:1110,76.05,93.18,45.29,10.41,0.9,0.0
20230324:1210,138.91,156.27,44.7,10.45,0.9,0.0
20230324:1310,78.76,96.09,40.49,10.85,0.97,0.0
20230324:1410,99.75,117.45,33.52,10.84,0.48,0.0
20230324:1510,72.02,89.3,24.75,10.66,0.07,0.0
20230324:1610,84.65,103.24,14.94,10.62,0.28,0.0
20230324:1710,4.87,14.2,4.63,10.3,0.28,0.0
20230324:1810,0.0,0.0,0.0,9.87,0.28,0.0
20230324:1910,0.0,0.0,0.0,9.64,0.07,0.0
20230324:2010,0.0,0.0,0.0,9.51,0.07,0.0
20230324:2110,0.0,0.0,0.0,9.2,0.28,0.0
20230324:2210,0.0,0.0,0.0,9.06,0.34,0.0
20230324:2310,0.0,0.0,0.0,8.95,0.34,0.0
20230325:0010,0.0,0.0,0.0,8.57,0.55,0.0
20230325:0110,0.0,0.0,0.0,8.22,0.55,0.0
20230325:0210,0.0,0.0,0.0,7.97,0.69,0.0
20230325:0310,0.0,0.0,0.0,7.45,0.9,0.0
20230325:0410,0.0,0.0,0.0,7.01,0.97,0.0
20230325:0510,0.0,0.0,0.0,6.26,1.17,0.0
20230325:0610,29.58,43.55,8.19,5.55,1.1,0.0
20230325:0710,54.4,70.06,18.4,7.32,0.9,0.0
20230325:0810,151.26,207.98,27.97,9.76,0.9,0.0
20230325:0910,259.97,309.86,36.29,11.54,0.97,0.0
20230325:1010,352.07,396.96,42.53,13.14,1.24,0.0
20230325:1110,418.67,458.73,45.69,14.19,2.14,0.0
20230325:1210,452.61,491.81,45.07,14.85,2.34,0.0
20230325:1310,446.66,484.5,40.82,15.11,2.62,0.0
20230325:1410,403.03,441.19,33.81,15.08,2.55,0.0
20230325:1510,322.91,363.09,25.01,14.85,2.41,0.0
20230325:1610,207.0,249.75,15.18,14.3,1.93,0.0
20230325:1710,11.7,23.67,4.86,13.12,1.52,0.0
20230325:1810,0.0,0.0,0.0,10.87,1.31,0.0
20230325:1910,0.0,0.0,0.0,10.94,1.1,0.0
20230325:2010,0.0,0.0,0.0,9.77,1.24,0.0
20230325:2110,0.0,0.0,0.0,8.0,1.45,0.0
20230325:2210,0.0,0.0,0.0,6.77,1.59,0.0
20230325:2310,0.0,0.0,0.0,5.53,1.66,0.0
20230326:0010,0.0,0.0,0.0,4.72,1.79,0.0
20230326:0110,0.0,0.0,0.0,4.28,1.79,0.0
20230326:0210,0.0,0.0,0.0,4.02,1.93,0.0
20230326:0310,0.0,0.0,0.0,3.98,1.86,0.0
20230326:0410,0.0,0.0,0.0,3.73,1.59,0.0
20230326:0510,0.0,0.0,0.0,3.89,1.38,0.0
20230326:0610,33.3,47.34,8.52,4.33,1.1,0.0
20230326:0710,121.07,136.33,18.75,6.57,0.69,0.0
20230326:0810,204.36,238.44,28.33,9.46,0.83,0.0
20230326:0910,191.38,208.83,36.67,10.51,0.9,0.0
20230326:1010,105.34,123.27,42.93,11.46,0.9,0.0
20230326:1110,137.88,156.27,46.09,11.84,0.69,0.0
20230326:1210,96.69,114.53,45.45,11.4,0.83,0.0
20230326:1310,42.25,58.24,41.15,10.91,0.69,0.0
20230326:1410,127.83,145.59,34.1,10.76,0.48,0.0
20230326:1510,56.07,72.8,25.26,10.77,0.48,0.0
20230326:1610,97.67,116.73,15.42,10.58,0.55,0.0
20230326:1710,11.89,23.67,5.08,10.18,0.83,0.0
20230326:1810,0.0,0.0,0.0,9.14,0.69,0.0
20230326:1910,0.0,0.0,0.0,6.64,1.1,0.0
20230326:2010,0.0,0.0,0.0,5.38,1.31,0.0
20230326:2110,0.0,0.0,0.0,4.5,1.45,0.0
20230326:2210,0.0,0.0,0.0,3.66,1.66,0.0
20230326:2310,0.0,0.0,0.0,3.21,1.79,0.0
20230327:0010,0.0,0.0,0.0,2.92,1.93,0.0
20230327:0110,0.0,0.0,0.0,2.69,2.0,0.0
20230327:0210,0.0,0.0,0.0,2.39,2.0,0.0
20230327:0310,0.0,0.0,0.0,2.12,2.0,0.0
20230327:0410,0.0,0.0,0.0,1.9,2.0,0.0
20230327:0510,0.0,0.0,0.0,1.68,2.0,0.0
20230327:0610,24.93,37.87,8.86,1.66,2.07,0.0
20230327:0710,51.27,66.27,19.09,5.41,1.72,0.0
20230327:0810,168.81,225.33,28.69,8.76,2.28,0.0
20230327:0910,285.18,330.48,37.05,10.27,3.24,0.0
20230327:1010,385.05,420.17,43.32,10.82,3.79,0.0
20230327:1110,455.67,483.96,46.49,10.92,4.07,0.0
20230327:1210,492.63,517.81,45.82,10.9,4.21,0.0
20230327:1310,484.35,508.19,41.48,10.73,4.21,0.0
20230327:1410,437.73,462.02,34.38,10.21,4.21,0.0
20230327:1510,355.69,383.75,25.52,9.3,4.14,0.0
20230327:1610,232.87,267.46,15.65,8.23,3.86,0.0
20230327:1710,12.12,23.67,5.31,7.04,2.97,0.0
20230327:1810,0.0,0.0,0.0,5.98,3.38,0.0
20230327:1910,0.0,0.0,0.0,5.28,3.86,0.0
20230327:2010,0.0,0.0,0.0,4.81,3.79,0.0
20230327:2110,0.0,0.0,0.0,4.48,3.66,0.0
20230327:2210,0.0,0.0,0.0,4.24,3.31,0.0
20230327:2310,0.0,0.0,0.0,3.88,2.83,0.0
20230328:0010,0.0,0.0,0.0,3.21,2.41,0.0
20230328:0110,0.0,0.0,0.0,2.64,2.0,0.0
20230328:0210,0.0,0.0,0.0,2.21,1.66,0.0
20230328:0310,0.0,0.0,0.0,1.94,1.59,0.0
20230328:0410,0.0,0.0,0.0,1.74,1.59,0.0
20230328:0510,0.0,0.0,0.0,1.55,1.59,0.0
20230328:0610,30.13,43.55,9.2,2.05,1.38,0.0
20230328:0710,54.62,69.11,19.44,3.21,1.45,0.0
20230328:0810,179.22,231.82,29.05,5.36,1.79,0.0
20230328:0910,295.95,336.92,37.43,6.84,1.72,0.0
20230328:1010,391.19,426.04,43.72,8.31,1.31,0.0
20230328:1110,452.59,487.65,46.88,9.59,0.76,0.0
20230328:1210,479.73,516.16,46.19,10.55,0.62,0.0
20230328:1310,476.28,510.32,41.81,11.11,1.17,0.0
20230328:1410,429.38,460.08,34.67,10.94,1.72,0.0
20230328:1510,358.36,391.67,25.77,10.38,1.86,0.0
20230328:1610,233.65,270.6,15.88,9.68,1.52,0.0
20230328:1710,12.73,24.61,5.54,9.0,1.1,0.0
20230328:1810,0.0,0.0,0.0,7.68,0.69,0.0
20230328:1910,0.0,0.0,0.0,8.66,0.62,0.0
20230328:2010,0.0,0.0,0.0,7.9,0.21,0.0
20230328:2110,0.0,0.0,0.0,7.41,0.21,0.0
20230328:2210,0.0,0.0,0.0,6.85,0.34,0.0
20230328:2310,0.0,0.0,0.0,6.33,0.41,0.0
20230329:0010,0.0,0.0,0.0,5.74,0.83,0.0
20230329:0110,0.0,0.0,0.0,5.42,0.76,0.0
20230329:0210,0.0,0.0,0.0,4.86,0.83,0.0
20230329:0310,0.0,0.0,0.0,4.4,0.83,0.0
20230329:0410,0.0,0.0,0.0,3.78,0.9,0.0
20230329:0510,0.0,0.0,0.0,3.08,0.97,0.0
20230329:0610,47.18,61.54,9.53,2.99,0.9,0.0
20230329:0710,92.86,107.92,19.78,5.04,0.34,0.0
20230329:0810,194.33,239.25,29.4,7.5,0.28,0.0
20230329:0910,290.99,333.79,37.8,8.72,0.48,0.0
20230329:1010,383.87,421.4,44.12,9.71,0.69,0.0
20230329:1110,445.04,480.59,47.28,10.94,0.9,0.0
20230329:1210,474.22,510.03,46.56,12.04,1.1,0.0
20230329:1310,463.75,499.52,42.14,12.73,1.17,0.0
20230329:1410,420.18,455.03,34.95,13.01,1.38,0.0
20230329:1510,341.96,377.57,26.02,12.83,1.45,0.0
20230329:1610,220.2,257.29,16.11,12.51,1.31,0.0
20230329:1710,14.82,27.45,5.76,11.75,0.76,0.0
20230329:1810,0.0,0.0,0.0,11.03,0.34,0.0
20230329:1910,0.0,0.0,0.0,10.4,0.69,0.0
20230329:2010,0.0,0.0,0.0,9.48,0.83,0.0
20230329:2110,0.0,0.0,0.0,9.12,0.76,0.0
20230329:2210,0.0,0.0,0.0,8.48,0.34,0.0
20230329:2310,0.0,0.0,0.0,7.95,0.28,0.0
20230330:0010,0.0,0.0,0.0,7.32,0.48,0.0
20230330:0110,0.0,0.0,0.0,6.9,0.55,0.0
20230330:0210,0.0,0.0,0.0,6.09,0.83,0.0
20230330:0310,0.0,0.0,0.0,5.25,0.9,0.0
20230330:0410,0.0,0.0,0.0,4.7,0.97,0.0
20230330:0510,0.0,0.0,0.0,4.62,0.9,0.0
20230330:0610,12.27,23.67,9.87,4.66,0.9,0.0
20230330:0710,89.93,106.03,20.12,7.37,0.34,0.0
20230330:0810,62.37,78.62,29.76,8.44,0.34,0.0
20230330:0910,206.65,222.91,38.18,8.74,0.41,0.0
20230330:1010,104.5,121.33,44.51,9.08,0.48,0.0
20230330:1110,89.85,106.77,47.68,9.47,0.76,0.0
20230330:1210,73.43,90.27,46.93,9.64,0.62,0.0
20230330:1310,63.84,80.56,42.46,9.97,0.76,0.0
20230330:1410,60.92,77.65,35.23,10.21,0.55,0.0
20230330:1510,106.91,124.24,26.27,9.97,0.34,0.0
20230330:1610,26.43,40.77,16.35,9.9,0.76,0.0
20230330:1710,9.71,20.83,5.98,9.69,0.76,0.0
20230330:1810,0.0,0.0,0.0,9.06,0.76,0.0
20230330:1910,0.0,0.0,0.0,8.76,0.34,0.0
20230330:2010,0.0,0.0,0.0,8.54,0.28,0.0
20230330:2110,0.0,0.0,0.0,8.47,0.28,0.0
20230330:2210,0.0,0.0,0.0,8.13,0.28,0.0
20230330:2310,0.0,0.0,0.0,7.98,0.28,0.0
20230331:0010,0.0,0.0,0.0,7.92,0.07,0.0
20230331:0110,0.0,0.0,0.0,7.64,0.14,0.0
20230331:0210,0.0,0.0,0.0,7.15,0.28,0.0
20230331:0310,0.0,0.0,0.0,6.8,0.41,0.0
20230331:0410,0.0,0.0,0.0,6.32,0.41,0.0
20230331:0510,0.0,0.0,0.0,6.24,0.48,0.0
20230331:0610,30.34,44.5,10.2,6.22,0.69,0.0
20230331:0710,87.15,103.19,20.46,7.08,0.14,0.0
20230331:0810,48.5,64.06,30.12,7.53,0.21,0.0
20230331:0910,80.77,97.06,38.56,7.88,0.41,0.0
20230331:1010,59.66,75.71,44.9,8.09,0.55,0.0
20230331:1110,54.91,70.86,48.07,8.29,0.83,0.0
20230331:1210,49.28,65.03,47.3,8.13,0.14,0.0
20230331:1310,48.3,64.06,42.78,8.31,0.07,0.0
20230331:1410,34.48,49.5,35.51,8.98,0.21,0.0
20230331:1510,22.24,35.91,26.52,9.05,0.34,0.0
20230331:1610,130.28,149.57,16.57,8.99,0.69,0.0
20230331:1710,20.69,34.08,6.21,8.78,0.97,0.0
20230331:1810,0.0,0.0,0.0,7.99,0.83,0.0
20230331:1910,0.0,0.0,0.0,6.72,1.1,0.0
20230331:2010,0.0,0.0,0.0,5.86,0.83,0.0
20230331:2110,0.0,0.0,0.0,5.34,0.55,0.0
20230331:2210,0.0,0.0,0.0,3.72,1.1,0.0
20230331:2310,0.0,0.0,0.0,2.87,1.17,0.0
20230401:0010,0.0,0.0,0.0,2.47,1.31,0.0
20230401:0110,0.0,0.0,0.0,1.82,1.38,0.0
20230401:0210,0.0,0.0,0.0,1.69,1.38,0.0
20230401:0310,0.0,0.0,0.0,1.68,1.45,0.0
20230401:0410,0.0,0.0,0.0,1.59,1.52,0.0
20230401:0510,0.0,0.0,0.0,1.7,1.52,0.0
20230401:0610,37.32,51.12,10.54,2.0,1.52,0.0
20230401:0710,62.41,77.63,20.8,5.44,1.17,0.0
20230401:0810,205.92,258.12,30.47,9.1,0.97,0.0
20230401:0910,317.11,361.42,38.93,11.42,1.1,0.0
20230401:1010,408.23,448.94,45.29,12.69,1.1,0.0
20230401:1110,439.64,472.36,48.46,13.52,1.38,0.0
20230401:1210,463.32,495.5,47.66,13.93,1.93,0.0
20230401:1310,477.36,512.78,43.11,13.99,1.66,0.0
20230401:1410,394.23,424.63,35.79,14.17,1.52,0.0
20230401:1510,234.82,257.59,26.77,14.16,1.38,0.0
20230401:1610,177.61,204.06,16.8,13.74,1.31,0.0
20230401:1710,23.5,37.87,6.43,12.88,1.17,0.0
20230401:1810,0.0,0.0,0.0,10.69,1.31,0.0
20230401:1910,0.0,0.0,0.0,9.02,1.38,0.0
20230401:2010,0.0,0.0,0.0,7.48,1.52,0.0
20230401:2110,0.0,0.0,0.0,5.93,1.72,0.0
20230401:2210,0.0,0.0,0.0,4.67,1.93,0.0
20230401:2310,0.0,0.0,0.0,3.88,2.0,0.0
20230402:0010,0.0,0.0,0.0,3.38,2.07,0.0
20230402:0110,0.0,0.0,0.0,3.06,2.0,0.0
20230402:0210,0.0,0.0,0.0,2.76,1.86,0.0
20230402:0310,0.0,0.0,0.0,2.39,1.86,0.0
20230402:0410,0.0,0.0,0.0,1.84,1.79,0.0
20230402:0510,0.0,0.0,0.0,1.61,1.72,0.0
20230402:0610,44.56,58.7,10.87,2.43,1.38,0.0
20230402:0710,72.44,88.04,21.14,6.54,1.45,0.0
20230402:0810,211.83,264.17,30.82,9.91,0.83,0.0
20230402:0910,323.46,369.41,39.3,11.57,0.48,0.0
20230402:1010,412.79,453.81,45.68,12.53,0.76,0.0
20230402:1110,457.77,496.73,48.85,13.29,0.62,0.0
20230402:1210,454.68,491.73,48.02,14.18,0.76,0.0
20230402:1310,444.0,479.5,43.43,14.62,1.03,0.0
20230402:1410,380.19,411.43,36.07,14.84,1.1,0.0
20230402:1510,22.4,36.88,27.01,14.99,1.24,0.0
20230402:1610,144.0,167.35,17.03,14.73,1.24,0.0
20230402:1710,25.06,39.76,6.65,13.5,0.97,0.0
20230402:1810,0.0,0.0,0.0,11.65,1.03,0.0
20230402:1910,0.0,0.0,0.0,12.19,0.34,0.0
20230402:2010,0.0,0.0,0.0,11.61,0.14,0.0
20230402:2110,0.0,0.0,0.0,11.05,0.21,0.0
20230402:2210,0.0,0.0,0.0,10.49,0.55,0.0
20230402:2310,0.0,0.0,0.0,8.54,1.31,0.0
20230403:0010,0.0,0.0,0.0,6.03,1.59,0.0
20230403:0110,0.0,0.0,0.0,4.84,1.79,0.0
20230403:0210,0.0,0.0,0.0,4.12,1.93,0.0
20230403:0310,0.0,0.0,0.0,3.7,1.93,0.0
20230403:0410,0.0,0.0,0.0,3.51,2.0,0.0
20230403:0510,0.0,0.0,0.0,3.54,1.93,0.0
20230403:0610,38.68,53.02,11.2,4.41,1.66,0.0
20230403:0710,62.49,78.58,21.48,8.27,1.31,0.0
20230403:0810,218.88,270.45,31.17,11.27,1.38,0.0
20230403:0910,330.92,375.5,39.67,11.95,0.9,0.0
20230403:1010,421.43,462.83,46.07,12.33,0.62,0.0
20230403:1110,483.99,523.13,49.24,13.03,1.1,0.0
20230403:1210,505.47,543.08,48.39,13.4,1.31,0.0
20230403:1310,494.97,531.08,43.74,13.48,1.38,0.0
20230403:1410,460.35,493.78,36.34,13.01,1.66,0.0
20230403:1510,370.03,400.42,27.26,12.11,1.79,0.0
20230403:1610,253.99,286.08,17.26,11.12,2.07,0.0
20230403:1710,18.92,32.19,6.87,10.14,1.24,0.0
20230403:1810,0.0,0.0,0.0,8.68,1.03,0.0
20230403:1910,0.0,0.0,0.0,8.79,0.62,0.0
20230403:2010,0.0,0.0,0.0,7.6,0.76,0.0
20230403:2110,0.0,0.0,0.0,6.38,0.97,0.0
20230403:2210,0.0,0.0,0.0,5.51,1.1,0.0
20230403:2310,0.0,0.0,0.0,5.34,0.76,0.0
20230404:0010,0.0,0.0,0.0,4.9,0.28,0.0
20230404:0110,0.0,0.0,0.0,4.12,0.48,0.0
20230404:0210,0.0,0.0,0.0,3.08,0.69,0.0
20230404:0310,0.0,0.0,0.0,2.25,0.83,0.0
20230404:0410,0.0,0.0,0.0,1.71,0.9,0.0
20230404:0510,0.0,0.0,0.0,1.41,0.9,0.0
20230404:0610,64.53,78.58,11.52,1.51,0.83,0.0
20230404:0710,112.96,126.86,21.81,3.93,1.03,0.0
20230404:0810,239.01,279.16,31.52,4.07,1.59,0.0
20230404:0910,355.14,381.81,40.04,4.76,1.79,0.0
20230404:1010,444.34,464.28,46.46,5.62,2.0,0.0
20230404:1110,503.47,520.72,49.63,6.25,2.14,0.0
20230404:1210,537.05,553.83,48.75,6.88,2.34,0.0
20230404:1310,522.52,539.71,44.06,7.64,2.48,0.0
20230404:1410,471.84,488.19,36.61,7.28,2.55,0.0
20230404:1510,382.76,403.83,27.5,8.05,2.34,0.0
20230404:1610,264.5,291.13,17.48,7.56,2.34,0.0
20230404:1710,22.57,35.97,7.09,6.96,1.86,0.0
20230404:1810,0.0,0.0,0.0,6.08,1.31,0.0
20230404:1910,0.0,0.0,0.0,5.79,1.1,0.0
20230404:2010,0.0,0.0,0.0,5.0,1.03,0.0
20230404:2110,0.0,0.0,0.0,4.87,0.97,0.0
20230404:2210,0.0,0.0,0.0,4.28,1.03,0.0
20230404:2310,0.0,0.0,0.0,3.72,1.03,0.0
20230405:0010,0.0,0.0,0.0,3.32,0.97,0.0
20230405:0110,0.0,0.0,0.0,2.98,0.83,0.0
20230405:0210,0.0,0.0,0.0,2.75,0.83,0.0
20230405:0310,0.0,0.0,0.0,2.61,0.9,0.0
20230405:0410,0.0,0.0,0.0,2.58,0.97,0.0
20230405:0510,0.0,0.0,0.0,2.33,0.83,0.0
20230405:0610,61.43,75.74,11.85,2.25,0.69,0.0
20230405:0710,74.68,88.99,22.14,2.79,1.1,0.0
20230405:0810,243.7,284.59,31.87,3.49,1.38,0.0
20230405:0910,359.83,389.0,40.41,4.54,1.38,0.0
20230405:1010,451.12,474.75,46.84,5.52,1.17,0.0
20230405:1110,506.88,529.53,50.01,6.36,1.03,0.0
20230405:1210,529.94,550.42,49.1,7.11,1.52,0.0
20230405:1310,513.69,532.18,44.37,7.74,2.0,0.0
20230405:1410,484.51,503.25,36.89,7.82,2.28,0.0
20230405:1510,396.46,418.07,27.74,7.88,2.14,0.0
20230405:1610,269.16,295.44,17.7,7.56,2.14,0.0
20230405:1710,28.53,42.6,7.31,6.94,1.93,0.0
20230405:1810,0.0,0.0,0.0,5.93,1.59,0.0
20230405:1910,0.0,0.0,0.0,5.35,1.38,0.0
20230405:2010,0.0,0.0,0.0,3.98,1.24,0.0
20230405:2110,0.0,0.0,0.0,3.58,1.1,0.0
20230405:2210,0.0,0.0,0.0,3.65,0.97,0.0
20230405:2310,0.0,0.0,0.0,3.88,0.83,0.0
20230406:0010,0.0,0.0,0.0,3.68,0.69,0.0
20230406:0110,0.0,0.0,0.0,3.37,0.48,0.0
20230406:0210,0.0,0.0,0.0,3.03,0.41,0.0
20230406:0310,0.0,0.0,0.0,2.75,0.34,0.0
20230406:0410,0.0,0.0,0.0,2.44,0.34,0.0
20230406:0510,0.0,1.89,1.76,2.24,0.41,0.0
20230406:0610,50.08,64.38,12.17,2.3,0.21,0.0
20230406:0710,77.97,92.78,22.47,3.88,0.21,0.0
20230406:0810,247.45,290.46,32.21,5.66,0.55,0.0
20230406:0910,361.42,394.67,40.77,7.04,1.1,0.0
20230406:1010,453.73,481.06,47.22,8.21,1.59,0.0
20230406:1110,506.46,531.63,50.4,9.22,1.79,0.0
20230406:1210,542.97,568.29,49.46,9.97,2.14,0.0
20230406:1310,491.78,513.41,44.68,10.22,2.34,0.0
20230406:1410,429.91,449.79,37.15,10.12,2.28,0.0
20230406:1510,322.4,341.76,27.98,10.27,2.21,0.0
20230406:1610,174.35,194.06,17.93,9.85,1.93,0.0
20230406:1710,82.86,107.68,7.53,9.21,1.24,0.0
20230406:1810,0.0,0.0,0.0,7.97,0.83,0.0
20230406:1910,0.0,0.0,0.0,8.6,0.41,0.0
20230406:2010,0.0,0.0,0.0,7.97,0.14,0.0
20230406:2110,0.0,0.0,0.0,7.59,0.48,0.0
20230406:2210,0.0,0.0,0.0,7.17,0.69,0.0
20230406:2310,0.0,0.0,0.0,6.7,0.69,0.0
20230407:0010,0.0,0.0,0.0,6.25,0.76,0.0
20230407:0110,0.0,0.0,0.0,5.82,0.76,0.0
20230407:0210,0.0,0.0,0.0,5.44,0.83,0.0
20230407:0310,0.0,0.0,0.0,4.97,0.9,0.0
20230407:0410,0.0,0.0,0.0,4.39,0.97,0.0
20230407:0510,0.0,2.84,2.08,3.94,1.03,0.0
20230407:0610,45.96,60.59,12.5,4.25,0.83,0.0
20230407:0710,88.82,104.14,22.8,5.51,0.34,0.0
20230407:0810,143.65,159.18,32.55,7.29,0.28,0.0
20230407:0910,306.59,323.81,41.13,7.79,0.41,0.0
20230407:1010,311.2,328.8,47.6,8.4,0.21,0.0
20230407:1110,281.95,298.44,50.78,8.52,0.34,0.0
20230407:1210,328.35,344.39,49.82,8.25,0.76,0.0
20230407:1310,453.06,473.42,44.99,8.38,1.03,0.0
20230407:1410,323.25,340.08,37.42,8.61,0.69,0.0
20230407:1510,93.05,109.68,28.21,8.53,0.28,0.0
20230407:1610,162.44,180.48,18.15,8.15,0.97,0.0
20230407:1710,73.73,95.72,7.74,7.51,1.17,0.0
20230407:1810,0.0,0.0,0.0,6.48,1.24,0.0
20230407:1910,0.0,0.0,0.0,6.49,0.97,0.0
20230407:2010,0.0,0.0,0.0,5.89,0.69,0.0
20230407:2110,0.0,0.0,0.0,5.69,0.48,0.0
20230407:2210,0.0,0.0,0.0,5.2,0.55,0.0
20230407:2310,0.0,0.0,0.0,4.4,0.76,0.0
20230408:0010,0.0,0.0,0.0,3.96,0.83,0.0
20230408:0110,0.0,0.0,0.0,3.5,0.97,0.0
20230408:0210,0.0,0.0,0.0,3.22,1.1,0.0
20230408:0310,0.0,0.0,0.0,2.97,1.24,0.0
20230408:0410,0.0,0.0,0.0,2.33,1.38,0.0
20230408:0510,0.98,7.57,2.4,1.45,1.52,0.0
20230408:0610,46.69,60.59,12.82,1.23,1.52,0.0
20230408:0710,72.66,88.04,23.12,5.87,1.31,0.0
20230408:0810,257.15,300.67,32.89,8.15,1.1,0.0
20230408:0910,366.47,404.41,41.49,10.24,0.83,0.0
20230408:1010,449.34,486.48,47.98,11.85,0.76,0.0
20230408:1110,505.25,544.46,51.16,12.94,0.83,0.0
20230408:1210,474.33,509.03,50.17,13.51,0.97,0.0
20230408:1310,467.9,503.38,45.3,13.92,0.83,0.0
20230408:1410,398.95,430.37,37.68,14.38,0.76,0.0
20230408:1510,179.3,200.5,28.45,14.61,0.69,0.0
20230408:1610,175.6,199.92,18.37,14.51,0.55,0.0
20230408:1710,73.46,97.35,7.96,13.47,1.03,0.0
20230408:1810,0.0,0.0,0.0,11.57,1.17,0.0
20230408:1910,0.0,0.0,0.0,9.31,1.24,0.0
20230408:2010,0.0,0.0,0.0,8.43,1.24,0.0
20230408:2110,0.0,0.0,0.0,7.95,1.03,0.0
20230408:2210,0.0,0.0,0.0,7.75,0.83,0.0
20230408:2310,0.0,0.0,0.0,7.42,0.69,0.0
20230409:0010,0.0,0.0,0.0,6.95,0.55,0.0
20230409:0110,0.0,0.0,0.0,6.65,0.34,0.0
20230409:0210,0.0,0.0,0.0,6.41,0.28,0.0
20230409:0310,0.0,0.0,0.0,6.29,0.21,0.0
20230409:0410,0.0,0.0,0.0,6.15,0.07,0.0
20230409:0510,1.44,8.52,2.72,5.87,0.07,0.0
20230409:0610,54.81,70.06,13.13,5.61,0.34,0.0
20230409:0710,158.02,199.95,23.45,7.47,0.41,0.0
20230409:0810,270.02,307.65,33.23,8.72,1.24,0.0
20230409:0910,373.42,398.83,41.85,9.72,1.45,0.0
20230409:1010,445.37,473.07,48.36,10.61,1.31,0.0
20230409:1110,504.52,534.38,51.54,10.97,1.38,0.0
20230409:1210,523.68,554.34,50.52,11.4,1.38,0.0
20230409:1310,519.81,551.44,45.6,12.34,1.52,0.0
20230409:1410,471.86,501.91,37.95,12.29,1.38,0.0
20230409:1510,392.02,420.73,28.68,12.56,1.66,0.0
20230409:1610,280.61,310.82,18.58,12.21,1.93,0.0
20230409:1710,130.48,162.63,8.18,11.41,1.59,0.0
20230409:1810,0.0,0.0,0.0,10.25,1.38,0.0
20230409:1910,0.0,0.0,0.0,9.17,1.45,0.0
20230409:2010,0.0,0.0,0.0,7.43,1.52,0.0
20230409:2110,0.0,0.0,0.0,6.6,1.38,0.0
20230409:2210,0.0,0.0,0.0,6.34,1.17,0.0
20230409:2310,0.0,0.0,0.0,6.31,0.97,0.0
20230410:0010,0.0,0.0,0.0,6.12,0.83,0.0
20230410:0110,0.0,0.0,0.0,6.14,0.69,0.0
20230410:0210,0.0,0.0,0.0,6.32,0.41,0.0
20230410:0310,0.0,0.0,0.0,5.92,0.07,0.0
20230410:0410,0.0,0.0,0.0,5.55,0.34,0.0
20230410:0510,0.0,4.73,3.04,5.11,0.55,0.0
20230410:0610,67.15,82.36,13.45,5.04,0.41,0.0
20230410:0710,180.51,204.28,23.77,6.85,0.48,0.0
20230410:0810,271.55,312.25,33.56,7.84,0.48,0.0
20230410:0910,379.56,413.37,42.2,8.92,0.69,0.0
20230410:1010,463.28,493.61,48.73,9.94,1.03,0.0
20230410:1110,502.77,533.32,51.91,11.0,1.17,0.0
20230410:1210,507.47,538.37,50.86,11.55,1.17,0.0
20230410:1310,536.04,569.89,45.9,12.03,1.17,0.0
20230410:1410,403.97,430.18,38.21,12.57,1.1,0.0
20230410:1510,322.98,347.28,28.91,12.36,0.83,0.0
20230410:1610,157.02,177.65,18.8,12.39,0.9,0.0
20230410:1710,67.27,88.58,8.39,11.78,0.97,0.0
20230410:1810,0.0,0.0,0.0,10.55,0.9,0.0
20230410:1910,0.0,0.0,0.0,10.14,0.55,0.0
20230410:2010,0.0,0.0,0.0,9.6,0.41,0.0
20230410:2110,0.0,0.0,0.0,9.09,0.34,0.0
20230410:2210,0.0,0.0,0.0,8.44,0.62,0.0
20230410:2310,0.0,0.0,0.0,7.55,0.69,0.0
20230411:0010,0.0,0.0,0.0,6.88,0.69,0.0
20230411:0110,0.0,0.0,0.0,6.13,0.9,0.0
20230411:0210,0.0,0.0,0.0,5.62,0.9,0.0
20230411:0310,0.0,0.0,0.0,5.36,0.9,0.0
20230411:0410,0.0,0.0,0.0,5.12,0.97,0.0
20230411:0510,3.15,11.36,3.35,4.86,0.97,0.0
20230411:0610,57.74,72.9,13.76,5.26,0.76,0.0
20230411:0710,161.46,205.52,24.08,8.42,0.34,0.0
20230411:0810,271.82,313.82,33.89,9.85,0.21,0.0
20230411:0910,377.57,411.84,42.55,10.67,0.69,0.0
20230411:1010,447.77,481.82,49.1,11.81,0.55,0.0
20230411:1110,505.93,543.43,52.28,12.9,0.83,0.0
20230411:1210,521.6,558.54,51.21,13.77,1.24,0.0
20230411:1310,502.99,537.95,46.2,14.37,1.52,0.0
20230411:1410,476.24,511.66,38.47,14.97,1.52,0.0
20230411:1510,388.39,421.96,29.14,15.26,1.38,0.0
20230411:1610,283.3,317.23,19.02,15.08,1.52,0.0
20230411:1710,134.92,168.31,8.6,14.46,1.1,0.0
20230411:1810,0.0,0.0,0.0,12.99,0.97,0.0
20230411:1910,0.0,0.0,0.0,11.44,0.69,0.0
20230411:2010,0.0,0.0,0.0,10.67,0.69,0.0
20230411:2110,0.0,0.0,0.0,10.29,0.69,0.0
20230411:2210,0.0,0.0,0.0,9.58,0.69,0.0
20230411:2310,0.0,0.0,0.0,9.04,0.55,0.0
20230412:0010,0.0,0.0,0.0,8.57,0.48,0.0
20230412:0110,0.0,0.0,0.0,8.29,0.55,0.0
20230412:0210,0.0,0.0,0.0,7.78,0.76,0.0
20230412:0310,0.0,0.0,0.0,6.52,1.03,0.0
20230412:0410,0.0,0.0,0.0,6.35,1.03,0.0
20230412:0510,0.0,2.84,3.66,6.9,0.76,0.0
20230412:0610,18.39,31.24,14.07,7.28,0.34,0.0
20230412:0710,42.67,58.24,24.4,8.83,0.28,0.0
20230412:0810,75.39,92.21,34.22,9.37,0.34,0.0
20230412:0910,104.09,121.33,42.9,10.01,0.69,0.0
20230412:1010,78.01,95.12,49.47,10.27,0.9,0.0
20230412:1110,103.99,121.33,52.65,10.29,0.83,0.0
20230412:1210,133.89,151.42,51.55,10.73,0.97,0.0
20230412:1310,231.89,249.91,46.5,11.31,1.1,0.0
20230412:1410,87.22,104.83,38.72,11.24,1.03,0.0
20230412:1510,60.62,77.65,29.37,11.31,0.83,0.0
20230412:1610,35.89,51.44,19.23,11.2,0.76,0.0
20230412:1710,21.19,34.94,8.82,10.89,0.55,0.0
20230412:1810,0.0,0.0,0.0,10.39,0.62,0.0
20230412:1910,0.0,0.0,0.0,8.46,0.28,0.0
20230412:2010,0.0,0.0,0.0,8.17,0.55,0.0
20230412:2110,0.0,0.0,0.0,8.01,0.83,0.0
20230412:2210,0.0,0.0,0.0,7.8,0.76,0.0
20230412:2310,0.0,0.0,0.0,7.8,0.69,0.0
20230413:0010,0.0,0.0,0.0,7.74,0.83,0.0
20230413:0110,0.0,0.0,0.0,7.65,0.62,0.0
20230413:0210,0.0,0.0,0.0,7.67,0.48,0.0
20230413:0310,0.0,0.0,0.0,7.73,0.48,0.0
20230413:0410,0.0,0.0,0.0,7.51,0.55,0.0
20230413:0510,6.29,16.09,3.97,7.51,0.76,0.0
20230413:0610,67.36,83.31,14.37,7.49,1.03,0.0
20230413:0710,169.22,216.65,24.71,7.68,1.38,0.0
20230413:0810,291.16,330.0,34.54,8.62,1.86,0.0
20230413:0910,395.71,416.59,43.24,9.37,2.76,0.0
20230413:1010,364.48,379.78,49.83,10.37,3.38,0.0
20230413:1110,395.72,411.64,53.02,10.25,3.03,0.0
20230413:1210,422.64,438.26,51.89,9.35,2.55,0.0
20230413:1310,405.65,419.03,46.79,8.39,2.41,0.0
20230413:1410,156.21,170.83,38.98,7.73,2.34,0.0
20230413:1510,64.8,80.56,29.6,7.37,2.14,0.0
20230413:1610,60.02,75.71,19.45,7.28,1.79,0.0
20230413:1710,32.11,46.74,9.03,7.16,1.86,0.0
20230413:1810,0.0,0.0,0.0,6.67,1.66,0.0
20230413:1910,0.0,0.0,0.0,6.82,1.79,0.0
20230413:2010,0.0,0.0,0.0,6.39,1.93,0.0
20230413:2110,0.0,0.0,0.0,5.83,1.79,0.0
20230413:2210,0.0,0.0,0.0,5.09,1.72,0.0
20230413:2310,0.0,0.0,0.0,4.55,1.59,0.0
20230414:0010,0.0,0.0,0.0,4.15,1.66,0.0
20230414:0110,0.0,0.0,0.0,3.87,1.66,0.0
20230414:0210,0.0,0.0,0.0,3.29,1.79,0.0
20230414:0310,0.0,0.0,0.0,2.86,1.86,0.0
20230414:0410,0.0,0.0,0.0,2.51,1.93,0.0
20230414:0510,10.13,20.83,4.28,2.32,2.0,0.0
20230414:0610,47.06,61.54,14.68,3.76,2.07,0.0
20230414:0710,177.36,226.25,25.02,7.22,1.86,0.0
20230414:0810,302.59,340.82,34.86,9.14,2.76,0.0
20230414:0910,417.6,447.19,43.58,10.57,3.24,0.0
20230414:1010,504.72,531.18,50.19,11.66,3.24,0.0
20230414:1110,568.02,596.6,53.39,12.46,2.97,0.0
20230414:1210,587.79,619.9,52.23,13.28,2.62,0.0
20230414:1310,574.15,607.62,47.09,13.8,2.41,0.0
20230414:1410,535.86,568.98,39.23,14.02,2.34,0.0
20230414:1510,447.36,478.93,29.82,13.84,2.14,0.0
20230414:1610,331.24,364.22,19.66,13.45,1.86,0.0
20230414:1710,171.35,205.96,9.24,12.8,1.31,0.0
20230414:1810,0.0,0.0,0.0,10.75,1.17,0.0
20230414:1910,0.0,0.0,0.0,9.65,1.24,0.0
20230414:2010,0.0,0.0,0.0,9.75,1.03,0.0
20230414:2110,0.0,0.0,0.0,9.43,0.83,0.0
20230414:2210,0.0,0.0,0.0,8.01,1.03,0.0
20230414:2310,0.0,0.0,0.0,5.08,1.45,0.0
20230415:0010,0.0,0.0,0.0,3.54,1.66,0.0
20230415:0110,0.0,0.0,0.0,2.47,1.79,0.0
20230415:0210,0.0,0.0,0.0,1.96,1.86,0.0
20230415:0310,0.0,0.0,0.0,1.61,1.86,0.0
20230415:0410,0.0,0.0,0.0,1.58,1.72,0.0
20230415:0510,9.42,19.88,4.58,1.62,1.66,0.0
20230415:0610,81.33,95.62,14.98,3.11,1.24,0.0
20230415:0710,191.48,211.03,25.32,7.09,0.83,0.0
20230415:0810,301.68,343.15,35.18,9.25,0.41,0.0
20230415:0910,408.48,446.42,43.92,11.0,0.41,0.0
20230415:1010,478.85,515.53,50.55,12.27,0.62,0.0
20230415:1110,538.9,578.9,53.75,13.25,0.9,0.0
20230415:1210,498.97,534.67,52.56,13.87,1.17,0.0
20230415:1310,383.24,410.45,47.38,14.03,1.1,0.0
20230415:1410,310.43,334.19,39.48,14.06,0.97,0.0
20230415:1510,402.73,434.14,30.05,14.32,1.17,0.0
20230415:1610,330.08,363.6,19.87,13.94,1.59,0.0
20230415:1710,90.42,113.42,9.45,13.24,1.38,0.0
20230415:1810,0.0,0.0,0.0,11.75,1.52,0.0
20230415:1910,0.0,0.0,0.0,9.92,2.07,0.0
20230415:2010,0.0,0.0,0.0,8.17,1.66,0.0
20230415:2110,0.0,0.0,0.0,8.12,1.24,0.0
20230415:2210,0.0,0.0,0.0,8.21,1.1,0.0
20230415:2310,0.0,0.0,0.0,7.58,1.17,0.0
20230416:0010,0.0,0.0,0.0,6.4,1.31,0.0
20230416:0110,0.0,0.0,0.0,5.72,1.38,0.0
20230416:0210,0.0,0.0,0.0,5.21,1.38,0.0
20230416:0310,0.0,0.0,0.0,4.89,1.38,0.0
20230416:0410,0.0,0.0,0.0,4.57,1.45,0.0
20230416:0510,13.07,24.61,4.88,4.28,1.45,0.0
20230416:0610,49.55,64.38,15.27,4.8,1.38,0.0
20230416:0710,186.04,235.31,25.62,9.5,1.59,0.0
20230416:0810,309.46,351.22,35.5,11.32,1.93,0.0
20230416:0910,417.63,452.03,44.26,12.69,2.28,0.0
20230416:1010,396.5,421.46,50.91,13.84,2.34,0.0
20230416:1110,436.44,464.23,54.11,14.93,2.76,0.0
20230416:1210,467.46,497.77,52.9,15.82,3.03,0.0
20230416:1310,323.04,346.61,47.66,16.09,3.17,0.0
20230416:1410,376.88,401.38,39.73,15.8,3.31,0.0
20230416:1510,432.35,462.12,30.27,15.68,3.31,0.0
20230416:1610,328.46,359.91,20.08,14.81,2.9,0.0
20230416:1710,162.13,193.96,9.66,13.85,2.07,0.0
20230416:1810,0.0,0.0,0.0,12.22,1.72,0.0
20230416:1910,0.0,0.0,0.0,10.46,1.38,0.0
20230416:2010,0.0,0.0,0.0,11.43,0.69,0.0
20230416:2110,0.0,0.0,0.0,10.52,0.48,0.0
20230416:2210,0.0,0.0,0.0,9.7,0.76,0.0
20230416:2310,0.0,0.0,0.0,8.36,1.1,0.0
20230417:0010,0.0,0.0,0.0,7.28,1.24,0.0
20230417:0110,0.0,0.0,0.0,6.6,1.31,0.0
20230417:0210,0.0,0.0,0.0,6.05,1.24,0.0
20230417:0310,0.0,0.0,0.0,5.38,1.31,0.0
20230417:0410,0.0,0.0,0.0,4.88,1.31,0.0
20230417:0510,13.83,25.56,5.17,4.64,1.38,0.0
20230417:0610,54.04,69.11,15.57,5.36,1.31,0.0
20230417:0710,191.39,240.72,25.92,9.88,1.24,0.0
20230417:0810,312.57,355.18,35.81,11.76,1.1,0.0
20230417:0910,420.23,460.55,44.59,13.22,0.9,0.0
20230417:1010,500.87,546.04,51.26,14.13,0.41,0.0
20230417:1110,556.65,603.3,54.47,14.7,0.76,0.0
20230417:1210,567.7,613.54,53.23,15.08,0.97,0.0
20230417:1310,569.02,615.02,47.95,15.56,1.1,0.0
20230417:1410,514.88,555.74,39.97,15.51,1.1,0.0
20230417:1510,427.86,463.69,30.49,15.49,1.1,0.0
20230417:1610,320.34,353.5,20.29,15.2,1.52,0.0
20230417:1710,163.42,195.35,9.86,14.56,1.72,0.0
20230417:1810,0.0,0.0,0.0,13.09,1.66,0.0
20230417:1910,0.0,0.0,0.0,11.09,1.17,0.0
20230417:2010,0.0,0.0,0.0,10.67,0.97,0.0
20230417:2110,0.0,0.0,0.0,10.7,0.62,0.0
20230417:2210,0.0,0.0,0.0,9.99,0.55,0.0
20230417:2310,0.0,0.0,0.0,9.39,0.83,0.0
20230418:0010,0.0,0.0,0.0,7.44,1.17,0.0
20230418:0110,0.0,0.0,0.0,5.67,1.31,0.0
20230418:0210,0.0,0.0,0.0,4.94,1.45,0.0
20230418:0310,0.0,0.0,0.0,4.62,1.52,0.0
20230418:0410,0.0,0.0,0.0,4.03,1.59,0.0
20230418:0510,18.8,31.24,5.47,3.25,1.66,0.0
20230418:0610,89.22,104.14,15.85,5.11,1.45,0.0
20230418:0710,211.47,239.0,26.21,9.18,1.38,0.0
20230418:0810,315.15,356.25,36.11,12.12,1.24,0.0
20230418:0910,420.44,461.32,44.91,13.97,0.9,0.0
20230418:1010,503.68,550.26,51.61,15.11,0.55,0.0
20230418:1110,532.46,578.46,54.82,15.98,0.97,0.0
20230418:1210,365.7,395.81,53.55,16.15,1.17,0.0
20230418:1310,82.38,101.92,48.23,16.08,1.17,0.0
20230418:1410,73.94,93.18,40.21,16.1,0.9,0.0
20230418:1510,26.42,41.74,30.71,16.16,0.97,0.0
20230418:1610,26.43,41.74,20.49,16.1,1.03,0.0
20230418:1710,93.8,117.48,10.07,15.73,0.97,0.0
20230418:1810,0.0,0.0,0.0,13.98,1.17,0.0
20230418:1910,0.0,0.0,0.0,13.8,0.83,0.0
20230418:2010,0.0,0.0,0.0,12.32,0.97,0.0
20230418:2110,0.0,0.0,0.0,10.97,1.17,0.0
20230418:2210,0.0,0.0,0.0,9.99,1.17,0.0
20230418:2310,0.0,0.0,0.0,9.8,0.97,0.0
20230419:0010,0.0,0.0,0.0,9.76,0.76,0.0
20230419:0110,0.0,0.0,0.0,8.58,0.9,0.0
20230419:0210,0.0,0.0,0.0,7.1,1.1,0.0
20230419:0310,0.0,0.0,0.0,5.82,1.17,0.0
20230419:0410,0.0,0.0,0.0,4.92,1.24,0.0
20230419:0510,17.88,30.29,5.75,4.28,1.24,0.0
20230419:0610,58.38,73.84,16.14,6.33,0.9,0.0
20230419:0710,201.45,249.73,26.5,10.81,0.9,0.0
20230419:0810,317.94,362.68,36.41,12.88,0.21,0.0
20230419:0910,423.07,465.72,45.24,13.93,0.41,0.0
20230419:1010,502.04,545.15,51.96,15.06,0.9,0.0
20230419:1110,558.56,604.6,55.17,15.8,1.17,0.0
20230419:1210,585.78,634.46,53.88,16.61,1.38,0.0
20230419:1310,562.24,608.75,48.51,17.23,1.52,0.0
20230419:1410,511.94,555.05,40.46,17.47,1.45,0.0
20230419:1510,398.05,433.5,30.92,17.69,1.45,0.0
20230419:1610,217.07,243.46,20.7,17.4,1.38,0.0
20230419:1710,96.07,120.23,10.27,16.82,1.24,0.0
20230419:1810,0.0,0.0,0.0,15.25,1.1,0.0
20230419:1910,0.0,0.0,0.0,13.1,1.17,0.0
20230419:2010,0.0,0.0,0.0,11.16,1.38,0.0
20230419:2110,0.0,0.0,0.0,10.07,1.31,0.0
20230419:2210,0.0,0.0,0.0,9.57,1.1,0.0
20230419:2310,0.0,0.0,0.0,10.19,0.69,0.0
20230420:0010,0.0,0.0,0.0,9.1,0.21,0.0
20230420:0110,0.0,0.0,0.0,8.89,0.55,0.0
20230420:0210,0.0,0.0,0.0,8.04,0.69,0.0
20230420:0310,0.0,0.0,0.0,7.92,0.62,0.0
20230420:0410,0.0,0.0,0.0,8.08,0.69,0.0
20230420:0510,15.12,27.45,6.04,8.13,0.83,0.0
20230420:0610,73.72,89.94,16.42,8.11,1.1,0.0
20230420:0710,72.19,88.33,26.79,7.96,1.17,0.0
20230420:0810,114.7,131.03,36.71,8.49,0.9,0.0
20230420:0910,82.53,99.0,45.56,8.62,1.03,0.0
20230420:1010,77.64,94.15,52.3,8.88,1.24,0.0
20230420:1110,131.16,147.53,55.52,9.0,1.17,0.0
20230420:1210,72.72,89.3,54.2,9.24,1.38,0.0
20230420:1310,115.27,132.0,48.79,9.53,1.45,0.0
20230420:1410,67.9,84.44,40.69,9.34,1.31,0.0
20230420:1510,65.93,82.5,31.14,9.58,1.38,0.0
20230420:1610,23.09,36.88,20.9,9.25,1.45,0.0
20230420:1710,3.86,12.62,10.48,8.95,1.86,0.0
20230420:1810,0.0,0.0,0.0,8.64,1.59,0.0
20230420:1910,0.0,0.0,0.0,6.71,1.45,0.0
20230420:2010,0.0,0.0,0.0,6.71,1.52,0.0
20230420:2110,0.0,0.0,0.0,6.64,1.45,0.0
20230420:2210,0.0,0.0,0.0,6.59,1.38,0.0
20230420:2310,0.0,0.0,0.0,6.57,1.24,0.0
20230421:0010,0.0,0.0,0.0,6.57,1.17,0.0
20230421:0110,0.0,0.0,0.0,6.62,1.1,0.0
20230421:0210,0.0,0.0,0.0,6.65,0.97,0.0
20230421:0310,0.0,0.0,0.0,6.79,0.83,0.0
20230421:0410,0.0,0.0,0.0,6.86,0.69,0.0
20230421:0510,6.32,16.09,6.32,6.86,0.62,0.0
20230421:0610,80.61,96.56,16.7,7.08,0.55,0.0
20230421:0710,60.14,75.71,27.07,6.67,1.1,0.0
20230421:0810,84.07,99.97,37.01,7.25,1.17,0.0
20230421:0910,74.08,90.27,45.87,8.08,1.24,0.0
20230421:1010,62.4,78.62,52.63,8.58,0.97,0.0
20230421:1110,220.54,236.83,55.86,9.22,0.62,0.0
20230421:1210,406.74,429.75,54.51,9.95,0.48,0.0
20230421:1310,468.56,496.58,49.06,10.29,0.34,0.0
20230421:1410,295.34,313.55,40.93,10.55,0.83,0.0
20230421:1510,262.15,279.78,31.35,10.78,1.1,0.0
20230421:1610,125.39,143.15,21.1,10.9,1.24,0.0
20230421:1710,38.64,54.42,10.68,10.66,1.24,0.0
20230421:1810,0.0,0.0,0.0,10.1,1.24,0.0
20230421:1910,0.0,0.0,0.0,9.32,1.03,0.0
20230421:2010,0.0,0.0,0.0,8.51,1.03,0.0
20230421:2110,0.0,0.0,0.0,8.04,1.03,0.0
20230421:2210,0.0,0.0,0.0,7.46,1.1,0.0
20230421:2310,0.0,0.0,0.0,7.48,1.1,0.0
20230422:0010,0.0,0.0,0.0,7.13,1.24,0.0
20230422:0110,0.0,0.0,0.0,6.78,1.31,0.0
20230422:0210,0.0,0.0,0.0,6.5,1.31,0.0
20230422:0310,0.0,0.0,0.0,6.16,1.38,0.0
20230422:0410,0.0,0.0,0.0,5.7,1.38,0.0
20230422:0510,21.12,34.08,6.6,4.97,1.45,0.0
20230422:0610,98.17,113.61,16.97,6.52,1.31,0.0
20230422:0710,213.77,235.58,27.35,9.53,1.17,0.0
20230422:0810,306.1,329.84,37.3,11.41,0.83,0.0
20230422:0910,382.59,410.48,46.18,12.42,0.62,0.0
20230422:1010,503.03,541.87,52.97,12.99,0.55,0.0
20230422:1110,529.13,569.13,56.2,13.56,0.76,0.0
20230422:1210,455.63,490.21,54.83,14.02,0.69,0.0
20230422:1310,308.6,332.61,49.33,14.04,0.83,0.0
20230422:1410,301.18,323.6,41.16,13.64,1.03,0.0
20230422:1510,402.79,430.75,31.56,13.62,1.03,0.0
20230422:1610,256.18,279.58,21.31,13.36,1.1,0.0
20230422:1710,104.35,126.43,10.88,13.02,0.97,0.0
20230422:1810,0.0,0.0,0.0,12.23,1.03,0.0
20230422:1910,0.0,0.0,0.0,12.09,0.83,0.0
20230422:2010,0.0,0.0,0.0,11.26,0.9,0.0
20230422:2110,0.0,0.0,0.0,10.57,1.03,0.0
20230422:2210,0.0,0.0,0.0,9.84,1.1,0.0
20230422:2310,0.0,0.0,0.0,9.37,1.17,0.0
20230423:0010,0.0,0.0,0.0,8.7,1.17,0.0
20230423:0110,0.0,0.0,0.0,8.55,1.1,0.0
20230423:0210,0.0,0.0,0.0,8.25,1.1,0.0
20230423:0310,0.0,0.0,0.0,8.22,1.1,0.0
20230423:0410,0.0,0.0,0.0,7.86,1.1,0.0
20230423:0510,9.1,19.88,6.87,7.54,1.17,0.0
20230423:0610,96.91,113.61,17.24,8.93,0.76,0.0
20230423:0710,178.24,198.58,27.62,11.95,0.55,0.0
20230423:0810,85.48,103.86,37.58,12.92,0.69,0.0
20230423:0910,257.1,278.11,46.49,13.54,1.24,0.0
20230423:1010,421.23,450.77,53.3,14.05,1.38,0.0
20230423:1110,509.46,546.25,56.54,14.9,1.59,0.0
20230423:1210,491.61,525.21,55.14,14.69,1.72,0.0
20230423:1310,428.26,458.28,49.6,15.06,1.59,0.0
20230423:1410,269.8,292.68,41.4,15.11,1.38,0.0
20230423:1510,114.05,133.95,31.77,14.96,1.03,0.0
20230423:1610,22.4,36.88,21.51,14.87,0.83,0.0
20230423:1710,31.87,47.56,11.09,14.04,0.62,0.0
20230423:1810,0.0,0.0,0.0,12.97,0.41,0.0
20230423:1910,0.0,0.0,0.0,12.51,0.41,0.0
20230423:2010,0.0,0.0,0.0,12.04,0.14,0.0
20230423:2110,0.0,0.0,0.0,11.1,0.28,0.0
20230423:2210,0.0,0.0,0.0,10.02,0.62,0.0
20230423:2310,0.0,0.0,0.0,9.86,0.48,0.0
20230424:0010,0.0,0.0,0.0,10.15,0.21,0.0
20230424:0110,0.0,0.0,0.0,9.48,0.69,0.0
20230424:0210,0.0,0.0,0.0,9.5,0.48,0.0
20230424:0310,0.0,0.0,0.0,8.66,0.9,0.0
20230424:0410,0.0,0.0,0.0,8.57,0.83,0.0
20230424:0510,21.6,35.03,7.14,8.04,1.03,0.0
20230424:0610,53.02,69.11,17.51,8.99,0.69,0.0
20230424:0710,231.12,276.96,27.89,10.67,0.83,0.0
20230424:0810,351.69,391.28,37.87,12.5,1.17,0.0
20230424:0910,456.15,494.74,46.79,14.11,1.31,0.0
20230424:1010,539.57,579.99,53.62,15.4,1.79,0.0
20230424:1110,582.21,625.09,56.87,16.48,2.14,0.0
20230424:1210,597.46,643.74,55.45,17.09,2.0,0.0
20230424:1310,549.45,592.12,49.87,17.6,2.14,0.0
20230424:1410,466.01,500.39,41.63,17.31,2.28,0.0
20230424:1510,417.96,448.47,31.98,16.56,2.28,0.0
20230424:1610,347.34,379.19,21.7,16.12,1.93,0.0
20230424:1710,198.0,229.48,11.29,15.35,1.66,0.0
20230424:1810,0.0,0.0,0.0,13.78,1.72,0.0
20230424:1910,0.0,0.0,0.0,12.33,2.0,0.0
20230424:2010,0.0,0.0,0.0,10.76,2.0,0.0
20230424:2110,0.0,0.0,0.0,9.64,2.0,0.0
20230424:2210,0.0,0.0,0.0,8.64,2.0,0.0
20230424:2310,0.0,0.0,0.0,7.9,1.93,0.0
20230425:0010,0.0,0.0,0.0,8.01,1.52,0.0
20230425:0110,0.0,0.0,0.0,8.35,1.24,0.0
20230425:0210,0.0,0.0,0.0,8.27,1.03,0.0
20230425:0310,0.0,0.0,0.0,8.38,0.9,0.0
20230425:0410,0.0,0.0,0.0,7.85,0.69,0.0
20230425:0510,24.17,37.87,7.41,7.43,0.62,0.0
20230425:0610,60.02,75.74,17.77,6.82,0.21,0.0
20230425:0710,238.75,283.8,28.16,9.58,0.21,0.0
20230425:0810,357.89,395.51,38.14,10.75,0.28,0.0
20230425:0910,458.21,495.38,47.09,11.9,0.41,0.0
20230425:1010,472.13,506.84,53.95,13.15,0.76,0.0
20230425:1110,390.56,417.89,57.2,14.27,1.45,0.0
20230425:1210,634.96,678.97,55.75,14.95,1.86,0.0
20230425:1310,623.63,662.58,50.13,14.95,2.34,0.0
20230425:1410,569.19,603.9,41.85,14.93,2.34,0.0
20230425:1510,494.25,524.86,32.19,14.92,2.62,0.0
20230425:1610,378.43,407.79,21.9,14.65,2.69,0.0
20230425:1710,208.36,238.24,11.48,13.79,1.93,0.0
20230425:1810,0.0,0.0,0.0,12.3,2.14,0.0
20230425:1910,0.0,0.0,0.0,10.45,1.72,0.0
20230425:2010,0.0,0.0,0.0,9.42,1.17,0.0
20230425:2110,0.0,0.0,0.0,9.8,0.97,0.0
20230425:2210,0.0,0.0,0.0,8.79,1.1,0.0
20230425:2310,0.0,0.0,0.0,7.16,1.38,0.0
20230426:0010,0.0,0.0,0.0,6.15,1.59,0.0
20230426:0110,0.0,0.0,0.0,5.27,1.66,0.0
20230426:0210,0.0,0.0,0.0,4.59,1.72,0.0
20230426:0310,0.0,0.0,0.0,3.4,1.79,0.0
20230426:0410,0.0,0.0,0.0,2.46,1.93,0.0
20230426:0510,24.86,37.87,7.67,2.18,1.93,0.0
20230426:0610,61.56,76.68,18.03,5.27,1.66,0.0
20230426:0710,247.94,290.12,28.42,9.01,1.59,0.0
20230426:0810,368.58,405.08,38.41,11.03,1.1,0.0
20230426:0910,469.76,511.98,47.38,12.63,0.14,0.0
20230426:1010,549.96,593.24,54.26,13.9,0.83,0.0
20230426:1110,611.02,656.08,57.53,14.55,1.38,0.0
20230426:1210,621.84,666.5,56.05,15.03,1.66,0.0
20230426:1310,577.38,617.32,50.39,15.31,1.86,0.0
20230426:1410,548.67,584.51,42.08,15.2,2.0,0.0
20230426:1510,497.61,530.17,32.39,14.44,1.86,0.0
20230426:1610,320.17,346.58,22.1,14.39,1.59,0.0
20230426:1710,181.46,208.88,11.68,13.92,1.03,0.0
20230426:1810,0.0,0.0,0.0,13.05,0.41,0.0
20230426:1910,0.0,0.0,0.0,13.01,0.28,0.0
20230426:2010,0.0,0.0,0.0,12.15,0.55,0.0
20230426:2110,0.0,0.0,0.0,11.37,0.69,0.0
20230426:2210,0.0,0.0,0.0,10.79,0.83,0.0
20230426:2310,0.0,0.0,0.0,9.93,0.97,0.0
20230427:0010,0.0,0.0,0.0,8.66,1.1,0.0
20230427:0110,0.0,0.0,0.0,7.36,1.24,0.0
20230427:0210,0.0,0.0,0.0,6.73,1.24,0.0
20230427:0310,0.0,0.0,0.0,6.44,1.17,0.0
20230427:0410,0.0,0.0,0.0,6.16,1.17,0.0
20230427:0510,28.64,42.6,7.93,6.08,1.1,0.0
20230427:0610,67.42,83.31,18.28,7.16,0.62,0.0
20230427:0710,246.38,289.88,28.68,10.75,0.28,0.0
20230427:0810,364.5,402.01,38.68,12.07,0.69,0.0
20230427:0910,456.76,491.87,47.67,13.21,1.03,0.0
20230427:1010,492.25,527.96,54.58,14.18,1.31,0.0
20230427:1110,587.09,629.25,57.85,14.92,1.59,0.0
20230427:1210,565.97,608.81,56.35,15.34,1.45,0.0
20230427:1310,595.56,640.88,50.65,15.48,1.31,0.0
20230427:1410,532.86,572.06,42.3,15.82,1.45,0.0
20230427:1510,437.51,470.24,32.59,15.79,1.38,0.0
20230427:1610,366.53,399.71,22.29,15.64,1.17,0.0
20230427:1710,199.0,229.19,11.88,15.15,0.83,0.0
20230427:1810,0.0,1.89,1.72,14.48,0.34,0.0
20230427:1910,0.0,0.0,0.0,13.72,0.48,0.0
20230427:2010,0.0,0.0,0.0,12.81,0.55,0.0
20230427:2110,0.0,0.0,0.0,12.1,0.62,0.0
20230427:2210,0.0,0.0,0.0,11.57,0.69,0.0
20230427:2310,0.0,0.0,0.0,10.7,0.83,0.0
20230428:0010,0.0,0.0,0.0,10.11,0.9,0.0
20230428:0110,0.0,0.0,0.0,9.24,0.97,0.0
20230428:0210,0.0,0.0,0.0,8.6,1.03,0.0
20230428:0310,0.0,0.0,0.0,7.9,1.1,0.0
20230428:0410,0.0,0.0,0.0,7.45,1.1,0.0
20230428:0510,34.55,49.23,8.18,7.32,0.97,0.0
20230428:0610,76.86,93.72,18.53,9.47,0.48,0.0
20230428:0710,188.78,208.53,28.93,11.46,0.62,0.0
20230428:0810,303.81,327.2,38.95,12.25,0.76,0.0
20230428:0910,437.58,470.61,47.95,13.12,0.83,0.0
20230428:1010,505.1,542.66,54.88,13.51,0.83,0.0
20230428:1110,541.54,582.57,58.17,14.2,0.97,0.0
20230428:1210,418.07,448.88,56.65,14.77,1.17,0.0
20230428:1310,489.57,527.94,50.9,15.29,0.9,0.0
20230428:1410,482.54,521.22,42.52,15.27,0.55,0.0
20230428:1510,410.49,445.81,32.79,15.64,0.21,0.0
20230428:1610,293.82,323.53,22.48,15.82,0.14,0.0
20230428:1710,176.04,204.42,12.07,15.48,0.28,0.0
20230428:1810,0.0,2.84,1.93,14.68,0.55,0.0
20230428:1910,0.0,0.0,0.0,14.93,0.34,0.0
20230428:2010,0.0,0.0,0.0,14.08,0.28,0.0
20230428:2110,0.0,0.0,0.0,13.15,0.34,0.0
20230428:2210,0.0,0.0,0.0,12.36,0.34,0.0
20230428:2310,0.0,0.0,0.0,11.76,0.55,0.0
20230429:0010,0.0,0.0,0.0,11.26,0.69,0.0
20230429:0110,0.0,0.0,0.0,11.37,0.62,0.0
20230429:0210,0.0,0.0,0.0,11.31,0.41,0.0
20230429:0310,0.0,0.0,0.0,11.27,0.21,0.0
20230429:0410,0.0,0.0,0.0,11.09,0.28,0.0
20230429:0510,22.08,35.97,8.43,10.87,0.21,0.0
20230429:0610,22.91,36.92,18.77,10.78,0.21,0.0
20230429:0710,82.71,100.94,29.17,12.41,0.07,0.0
20230429:0810,261.2,284.29,39.2,13.4,0.34,0.0
20230429:0910,430.25,465.39,48.23,14.96,1.03,0.0
20230429:1010,465.32,503.32,55.19,16.32,1.38,0.0
20230429:1110,392.27,426.34,58.48,17.73,1.52,0.0
20230429:1210,435.41,473.33,56.94,18.11,1.59,0.0
20230429:1310,317.55,346.87,51.15,18.55,1.86,0.0
20230429:1410,180.83,204.71,42.74,18.8,1.93,0.0
20230429:1510,399.38,433.16,32.99,18.84,2.0,0.0
20230429:1610,261.88,289.75,22.68,18.72,2.0,0.0
20230429:1710,149.16,176.05,12.27,18.14,1.72,0.0
20230429:1810,0.0,2.84,2.13,17.06,1.45,0.0
20230429:1910,0.0,0.0,0.0,14.83,0.9,0.0
20230429:2010,0.0,0.0,0.0,13.93,0.9,0.0
20230429:2110,0.0,0.0,0.0,13.15,0.9,0.0
20230429:2210,0.0,0.0,0.0,12.92,0.83,0.0
20230429:2310,0.0,0.0,0.0,12.45,0.76,0.0
20230430:0010,0.0,0.0,0.0,11.91,0.76,0.0
20230430:0110,0.0,0.0,0.0,11.94,0.69,0.0
20230430:0210,0.0,0.0,0.0,11.97,0.55,0.0
20230430:0310,0.0,0.0,0.0,11.8,0.62,0.0
20230430:0410,0.0,0.0,0.0,11.33,0.76,0.0
20230430:0510,27.84,42.6,8.67,11.44,0.62,0.0
20230430:0610,35.4,51.12,19.01,12.15,0.34,0.0
20230430:0710,106.4,125.21,29.42,12.94,0.55,0.0
20230430:0810,151.14,170.83,39.46,13.53,0.69,0.0
20230430:0910,304.88,329.62,48.51,14.08,0.62,0.0
20230430:1010,325.25,351.71,55.49,15.02,0.9,0.0
20230430:1110,234.1,256.24,58.79,14.41,0.69,0.0
20230430:1210,219.35,241.68,57.23,14.8,0.55,0.0
20230430:1310,175.58,197.04,51.4,15.27,0.76,0.0
20230430:1410,154.01,174.71,42.96,14.58,0.41,0.0
20230430:1510,37.96,54.35,33.19,14.35,0.76,0.0
20230430:1610,32.68,48.53,22.87,14.51,1.03,0.0
20230430:1710,21.68,35.91,12.46,13.89,0.55,0.0
20230430:1810,0.0,2.84,2.33,13.46,0.83,0.0
20230430:1910,0.0,0.0,0.0,12.08,0.9,0.0
20230430:2010,0.0,0.0,0.0,11.44,1.1,0.0
20230430:2110,0.0,0.0,0.0,10.95,1.1,0.0
20230430:2210,0.0,0.0,0.0,11.01,1.17,0.0
20230430:2310,0.0,0.0,0.0,10.94,1.17,0.0
20230501:0010,0.0,0.0,0.0,10.87,1.1,0.0
20230501:0110,0.0,0.0,0.0,10.42,0.97,0.0
20230501:0210,0.0,0.0,0.0,10.14,0.83,0.0
20230501:0310,0.0,0.0,0.0,9.91,0.76,0.0
20230501:0410,0.0,0.0,0.0,9.9,0.83,0.0
20230501:0510,35.0,50.18,8.91,9.65,0.69,0.0
20230501:0610,11.87,23.67,19.25,10.45,0.34,0.0
20230501:0710,171.81,189.65,29.65,10.65,1.03,0.0
20230501:0810,131.78,149.48,39.7,11.11,1.17,0.0
20230501:0910,143.08,161.12,48.77,11.6,1.1,0.0
20230501:1010,206.9,225.18,55.78,11.85,1.24,0.0
20230501:1110,124.56,142.68,59.1,11.85,1.24,0.0
20230501:1210,134.71,152.39,57.51,11.22,1.38,0.0
20230501:1310,136.66,154.33,51.64,11.17,1.31,0.0
20230501:1410,111.43,129.09,43.17,11.2,1.45,0.0
20230501:1510,270.61,287.96,33.38,11.19,1.45,0.0
20230501:1610,119.35,137.15,23.05,11.39,1.45,0.0
20230501:1710,44.78,61.12,12.65,11.49,1.31,0.0
20230501:1810,0.0,0.95,2.53,11.35,1.1,0.0
20230501:1910,0.0,0.0,0.0,10.43,0.97,0.0
20230501:2010,0.0,0.0,0.0,9.96,0.69,0.0
20230501:2110,0.0,0.0,0.0,10.21,0.48,0.0
20230501:2210,0.0,0.0,0.0,10.1,0.34,0.0
20230501:2310,0.0,0.0,0.0,9.92,0.28,0.0
20230502:0010,0.0,0.0,0.0,9.69,0.41,0.0
20230502:0110,0.0,0.0,0.0,9.41,0.55,0.0
20230502:0210,0.0,0.0,0.0,9.12,0.62,0.0
20230502:0310,0.0,0.0,0.0,8.73,0.76,0.0
20230502:0410,0.0,0.0,0.0,8.38,0.83,0.0
20230502:0510,34.38,49.23,9.14,8.27,0.83,0.0
20230502:0610,114.46,131.59,19.48,9.75,0.62,0.0
20230502:0710,0.0,0.0,0.0,11.33,0.83,0.0
20230502:0810,365.98,396.79,39.95,13.36,1.03,0.0
20230502:0910,477.59,516.96,49.04,15.09,1.17,0.0
20230502:1010,556.38,602.39,56.07,16.69,1.45,0.0
20230502:1110,611.32,666.9,59.4,18.05,1.38,0.0
20230502:1210,629.17,694.3,57.79,19.02,0.97,0.0
20230502:1310,585.13,646.12,51.89,19.37,0.83,0.0
20230502:1410,482.52,532.17,43.38,19.47,0.55,0.0
20230502:1510,383.73,420.89,33.58,18.83,0.62,0.0
20230502:1610,380.39,414.14,23.24,17.6,1.93,0.0
20230502:1710,244.81,276.17,12.84,16.13,2.0,0.0
20230502:1810,1.32,8.52,2.73,14.69,1.52,0.0
20230502:1910,0.0,0.0,0.0,13.31,1.31,0.0
20230502:2010,0.0,0.0,0.0,12.04,0.9,0.0
20230502:2110,0.0,0.0,0.0,11.67,0.76,0.0
20230502:2210,0.0,0.0,0.0,11.46,0.69,0.0
20230502:2310,0.0,0.0,0.0,10.93,0.55,0.0
20230503:0010,0.0,0.0,0.0,10.61,0.34,0.0
20230503:0110,0.0,0.0,0.0,10.4,0.21,0.0
20230503:0210,0.0,0.0,0.0,10.05,0.41,0.0
20230503:0310,0.0,0.0,0.0,8.88,0.83,0.0
20230503:0410,0.0,0.0,0.0,7.15,1.17,0.0
20230503:0510,39.09,53.96,9.37,6.82,1.24,0.0
20230503:0610,81.86,98.46,19.7,8.91,1.03,0.0
20230503:0710,275.55,311.16,30.11,11.26,0.69,0.0
20230503:0810,386.2,424.03,40.18,13.1,0.28,0.0
20230503:0910,492.59,530.81,49.29,14.58,1.38,0.0
20230503:1010,559.39,600.01,56.35,15.58,1.86,0.0
20230503:1110,592.68,637.52,59.7,16.3,1.93,0.0
20230503:1210,627.77,674.2,58.07,16.44,2.07,0.0
20230503:1310,590.22,632.21,52.12,16.34,2.14,0.0
20230503:1410,560.97,600.33,43.59,16.66,2.14,0.0
20230503:1510,466.46,499.77,33.77,16.68,2.0,0.0
20230503:1610,367.45,397.11,23.42,16.33,2.0,0.0
20230503:1710,156.69,180.95,13.03,15.77,1.66,0.0
20230503:1810,0.0,2.84,2.93,14.95,1.17,0.0
20230503:1910,0.0,0.0,0.0,14.06,1.52,0.0
20230503:2010,0.0,0.0,0.0,12.98,1.38,0.0
20230503:2110,0.0,0.0,0.0,12.04,1.24,0.0
20230503:2210,0.0,0.0,0.0,11.5,0.9,0.0
20230503:2310,0.0,0.0,0.0,11.79,0.55,0.0
20230504:0010,0.0,0.0,0.0,11.89,0.21,0.0
20230504:0110,0.0,0.0,0.0,11.67,0.14,0.0
20230504:0210,0.0,0.0,0.0,11.26,0.34,0.0
20230504:0310,0.0,0.0,0.0,11.12,0.48,0.0
20230504:0410,0.0,0.0,0.0,11.05,0.62,0.0
20230504:0510,21.22,35.03,9.6,11.33,0.55,0.0
20230504:0610,114.02,132.54,19.92,12.3,0.69,0.0
20230504:0710,250.9,276.69,30.33,12.48,0.55,0.0
20230504:0810,372.34,405.43,40.42,13.13,0.34,0.0
20230504:0910,474.51,516.32,49.55,13.66,0.07,0.0
20230504:1010,545.02,593.62,56.63,14.47,0.21,0.0
20230504:1110,507.38,551.45,59.99,15.04,0.48,0.0
20230504:1210,547.04,595.71,58.34,15.72,0.62,0.0
20230504:1310,449.05,488.48,52.36,16.19,0.48,0.0
20230504:1410,534.81,583.52,43.79,16.56,0.41,0.0
20230504:1510,466.37,508.89,33.96,16.97,0.34,0.0
20230504:1610,330.75,363.18,23.61,16.97,0.34,0.0
20230504:1710,239.61,272.8,13.21,16.94,0.34,0.0
20230504:1810,0.0,4.73,3.13,16.05,0.41,0.0
20230504:1910,0.0,0.0,0.0,16.75,0.48,0.0
20230504:2010,0.0,0.0,0.0,15.63,0.69,0.0
20230504:2110,0.0,0.0,0.0,14.8,0.69,0.0
20230504:2210,0.0,0.0,0.0,13.64,0.83,0.0
20230504:2310,0.0,0.0,0.0,12.73,0.97,0.0
20230505:0010,0.0,0.0,0.0,11.75,1.1,0.0
20230505:0110,0.0,0.0,0.0,10.39,1.24,0.0
20230505:0210,0.0,0.0,0.0,9.42,1.31,0.0
20230505:0310,0.0,0.0,0.0,8.66,1.31,0.0
20230505:0410,0.0,0.0,0.0,7.73,1.38,0.0
20230505:0510,35.44,50.18,9.82,7.34,1.31,0.0
20230505:0610,161.18,194.53,20.14,11.2,0.76,0.0
20230505:0710,274.57,317.02,30.55,14.94,0.34,0.0
20230505:0810,385.64,426.27,40.64,16.12,0.9,0.0
20230505:0910,473.5,516.89,49.79,17.11,1.1,0.0
20230505:1010,527.08,575.65,56.91,17.67,1.1,0.0
20230505:1110,557.74,611.34,60.28,18.47,1.17,0.0
20230505:1210,576.85,632.73,58.61,18.7,1.17,0.0
20230505:1310,532.18,583.36,52.59,19.13,1.17,0.0
20230505:1410,547.26,599.6,44.0,19.54,1.17,0.0
20230505:1510,484.34,529.26,34.14,19.29,1.17,0.0
20230505:1610,377.67,415.67,23.79,18.97,1.03,0.0
20230505:1710,196.85,227.06,13.4,18.73,0.69,0.0
20230505:1810,2.87,11.36,3.32,17.56,0.83,0.0
20230505:1910,0.0,0.0,0.0,16.63,0.97,0.0
20230505:2010,0.0,0.0,0.0,16.38,0.83,0.0
20230505:2110,0.0,0.0,0.0,16.04,0.76,0.0
20230505:2210,0.0,0.0,0.0,15.29,0.83,0.0
20230505:2310,0.0,0.0,0.0,13.98,0.97,0.0
20230506:0010,0.0,0.0,0.0,12.72,1.1,0.0
20230506:0110,0.0,0.0,0.0,11.81,1.17,0.0
20230506:0210,0.0,0.0,0.0,11.27,1.17,0.0
20230506:0310,0.0,0.0,0.0,10.72,1.17,0.0
20230506:0410,0.0,0.0,0.0,10.24,1.24,0.0
20230506:0510,47.38,63.43,10.03,10.03,1.31,0.0
20230506:0610,164.71,202.06,20.35,12.01,0.97,0.0
20230506:0710,254.28,285.37,30.76,15.93,0.41,0.0
20230506:0810,387.27,433.43,40.86,17.4,0.34,0.0
20230506:0910,481.23,532.4,50.04,18.51,0.55,0.0
20230506:1010,550.35,607.35,57.18,19.62,0.97,0.0
20230506:1110,580.26,640.9,60.56,20.28,1.24,0.0
20230506:1210,615.88,680.57,58.87,20.6,1.31,0.0
20230506:1310,594.52,656.62,52.82,20.66,1.24,0.0
20230506:1410,518.91,571.32,44.2,20.66,1.17,0.0
20230506:1510,453.38,499.08,34.33,20.83,1.1,0.0
20230506:1610,365.89,406.41,23.97,20.51,0.76,0.0
20230506:1710,87.18,109.6,13.58,19.99,0.21,0.0
20230506:1810,3.4,12.31,3.51,19.23,0.48,0.0
20230506:1910,0.0,0.0,0.0,18.87,0.28,0.0
20230506:2010,0.0,0.0,0.0,17.9,0.34,0.0
20230506:2110,0.0,0.0,0.0,16.74,0.83,0.0
20230506:2210,0.0,0.0,0.0,15.91,0.9,0.0
20230506:2310,0.0,0.0,0.0,15.41,0.69,0.0
20230507:0010,0.0,0.0,0.0,14.67,0.55,0.0
20230507:0110,0.0,0.0,0.0,13.19,0.9,0.0
20230507:0210,0.0,0.0,0.0,12.08,1.03,0.0
20230507:0310,0.0,0.0,0.0,11.77,1.17,0.0
20230507:0410,0.0,0.0,0.0,11.77,1.03,0.0
20230507:0510,44.27,60.59,10.24,11.77,0.97,0.0
20230507:0610,164.35,199.5,20.55,13.55,0.76,0.0
20230507:0710,274.54,307.27,30.97,14.43,1.1,0.0
20230507:0810,368.96,404.77,41.08,16.15,0.76,0.0
20230507:0910,397.89,438.44,50.27,17.71,0.21,0.0
20230507:1010,512.06,563.1,57.44,18.79,0.97,0.0
20230507:1110,582.9,639.65,60.84,19.52,1.45,0.0
20230507:1210,623.95,681.62,59.13,19.38,1.72,0.0
20230507:1310,476.5,519.91,53.05,19.11,1.52,0.0
20230507:1410,471.53,515.95,44.4,18.26,0.62,0.0
20230507:1510,365.08,398.38,34.51,18.03,0.69,0.0
20230507:1610,206.75,231.02,24.15,17.53,0.97,0.0
20230507:1710,53.3,71.7,13.76,16.75,0.69,0.0
20230507:1810,2.92,11.36,3.71,15.44,0.48,0.0
20230507:1910,0.0,0.0,0.0,14.85,0.97,0.0
20230507:2010,0.0,0.0,0.0,13.91,0.97,0.0
20230507:2110,0.0,0.0,0.0,13.74,0.83,0.0
20230507:2210,0.0,0.0,0.0,13.39,0.9,0.0
20230507:2310,0.0,0.0,0.0,12.93,0.97,0.0
20230508:0010,0.0,0.0,0.0,12.6,0.97,0.0
20230508:0110,0.0,0.0,0.0,12.53,0.83,0.0
20230508:0210,0.0,0.0,0.0,12.23,0.9,0.0
20230508:0310,0.0,0.0,0.0,12.05,0.9,0.0
20230508:0410,0.0,0.0,0.0,12.3,0.76,0.0
20230508:0510,30.2,45.44,10.45,12.6,0.55,0.0
20230508:0610,170.18,211.19,20.75,13.24,0.48,0.0
20230508:0710,284.99,323.47,31.17,14.36,0.55,0.0
20230508:0810,339.26,371.6,41.29,15.96,0.41,0.0
20230508:0910,296.13,324.22,50.5,17.08,0.9,0.0
20230508:1010,354.31,386.97,57.7,17.83,1.1,0.0
20230508:1110,464.94,504.91,61.11,18.24,1.86,0.0
20230508:1210,528.96,573.13,59.39,18.39,2.14,0.0
20230508:1310,551.36,594.13,53.27,17.18,1.86,0.0
20230508:1410,115.8,136.86,44.59,17.21,1.59,0.0
20230508:1510,93.94,114.53,34.69,17.37,0.97,0.0
20230508:1610,264.88,290.61,24.32,16.48,0.69,0.0
20230508:1710,173.49,199.11,13.94,16.37,0.34,0.0
20230508:1810,5.98,16.09,3.9,15.7,0.83,0.0
20230508:1910,0.0,0.0,0.0,14.24,0.69,0.0
20230508:2010,0.0,0.0,0.0,13.4,0.69,0.0
20230508:2110,0.0,0.0,0.0,12.77,0.69,0.0
20230508:2210,0.0,0.0,0.0,13.22,0.21,0.0
20230508:2310,0.0,0.0,0.0,13.12,0.34,0.0
20230509:0010,0.0,0.0,0.0,13.12,0.48,0.0
20230509:0110,0.0,0.0,0.0,12.6,0.48,0.0
20230509:0210,0.0,0.0,0.0,12.61,0.69,0.0
20230509:0310,0.0,0.0,0.0,12.4,0.76,0.0
20230509:0410,0.0,0.0,0.0,12.38,0.83,0.0
20230509:0510,8.15,18.93,10.65,12.31,0.83,0.0
20230509:0610,16.94,30.09,20.94,12.32,0.76,0.0
20230509:0710,175.39,195.29,31.36,13.12,0.83,0.0
20230509:0810,148.69,167.92,41.5,13.1,0.9,0.0
20230509:0910,192.82,213.54,50.73,14.34,1.03,0.0
20230509:1010,208.45,229.07,57.95,13.74,0.83,0.0
20230509:1110,184.87,205.77,61.38,14.69,1.03,0.0
20230509:1210,290.73,315.28,59.64,15.13,1.03,0.0
20230509:1310,251.21,274.2,53.49,15.29,1.17,0.0
20230509:1410,226.28,249.18,44.78,15.6,0.9,0.0
20230509:1510,108.0,128.12,34.87,15.58,0.97,0.0
20230509:1610,48.52,66.0,24.5,15.24,0.97,0.0
20230509:1710,33.52,49.5,14.12,14.64,0.9,0.0
20230509:1810,1.34,8.52,4.08,13.76,0.97,0.0
20230509:1910,0.0,0.0,0.0,13.03,0.9,0.0
20230509:2010,0.0,0.0,0.0,12.7,0.97,0.0
20230509:2110,0.0,0.0,0.0,12.53,1.03,0.0
20230509:2210,0.0,0.0,0.0,12.36,1.1,0.0
20230509:2310,0.0,0.0,0.0,12.02,1.31,0.0
20230510:0010,0.0,0.0,0.0,11.7,1.17,0.0
20230510:0110,0.0,0.0,0.0,11.39,0.9,0.0
20230510:0210,0.0,0.0,0.0,11.1,0.34,0.0
20230510:0310,0.0,0.0,0.0,11.03,0.14,0.0
20230510:0410,0.0,0.0,0.0,11.04,0.14,0.0
20230510:0510,10.36,21.77,10.84,10.93,0.21,0.0
20230510:0610,44.94,61.15,21.13,11.03,0.55,0.0
20230510:0710,119.82,137.83,31.55,11.31,0.62,0.0
20230510:0810,108.16,126.18,41.7,11.61,0.9,0.0
20230510:0910,182.02,199.95,50.95,11.61,1.31,0.0
20230510:1010,146.04,164.04,58.19,11.72,1.38,0.0
20230510:1110,212.23,231.01,61.65,12.49,1.45,0.0
20230510:1210,281.46,301.19,59.89,12.53,1.52,0.0
20230510:1310,312.5,333.57,53.71,12.84,1.38,0.0
20230510:1410,173.86,193.15,44.97,13.29,1.38,0.0
20230510:1510,205.76,224.93,35.05,13.17,1.52,0.0
20230510:1610,49.15,66.0,24.67,12.79,1.38,0.0
20230510:1710,138.88,158.73,14.29,12.1,0.97,0.0
20230510:1810,10.34,21.77,4.27,11.27,0.62,0.0
20230510:1910,0.0,0.0,0.0,11.26,0.41,0.0
20230510:2010,0.0,0.0,0.0,10.29,0.76,0.0
20230510:2110,0.0,0.0,0.0,9.52,0.69,0.0
20230510:2210,0.0,0.0,0.0,9.2,0.69,0.0
20230510:2310,0.0,0.0,0.0,9.41,0.55,0.0
20230511:0010,0.0,0.0,0.0,8.92,0.34,0.0
20230511:0110,0.0,0.0,0.0,9.1,0.41,0.0
20230511:0210,0.0,0.0,0.0,8.5,0.69,0.0
20230511:0310,0.0,0.0,0.0,7.65,0.9,0.0
20230511:0410,0.0,0.0,0.0,7.48,0.97,0.0
20230511:0510,26.69,40.71,11.03,7.67,0.9,0.0
20230511:0610,115.04,132.74,21.32,9.6,0.76,0.0
20230511:0710,286.15,313.14,31.74,11.63,0.76,0.0
20230511:0810,329.56,354.66,41.89,13.22,0.76,0.0
20230511:0910,379.78,409.81,51.16,14.6,0.69,0.0
20230511:1010,473.76,515.28,58.44,15.64,0.55,0.0
20230511:1110,579.59,637.24,61.91,16.33,0.34,0.0
20230511:1210,566.89,625.76,60.14,17.07,0.28,0.0
20230511:1310,289.47,316.94,53.92,16.74,0.69,0.0
20230511:1410,113.79,134.92,45.16,16.58,0.21,0.0
20230511:1510,124.24,143.65,35.22,14.38,2.0,0.0
20230511:1610,54.71,71.83,24.84,12.73,1.72,0.0
20230511:1710,35.8,51.44,14.47,11.87,1.59,0.0
20230511:1810,0.42,6.63,4.45,11.22,1.1,0.0
20230511:1910,0.0,0.0,0.0,10.32,0.83,0.0
20230511:2010,0.0,0.0,0.0,10.14,0.69,0.0
20230511:2110,0.0,0.0,0.0,9.76,0.21,0.0
20230511:2210,0.0,0.0,0.0,9.48,0.07,0.0
20230511:2310,0.0,0.0,0.0,9.28,0.14,0.0
20230512:0010,0.0,0.0,0.0,8.94,0.41,0.0
20230512:0110,0.0,0.0,0.0,8.95,0.41,0.0
20230512:0210,0.0,0.0,0.0,8.83,0.34,0.0
20230512:0310,0.0,0.0,0.0,8.5,0.41,0.0
20230512:0410,0.0,0.0,0.0,8.09,0.55,0.0
20230512:0510,31.77,46.39,11.21,8.1,0.48,0.0
20230512:0610,81.05,98.03,21.49,9.51,0.21,0.0
20230512:0710,179.15,197.34,31.92,10.52,0.21,0.0
20230512:0810,211.18,229.93,42.08,11.62,0.62,0.0
20230512:0910,381.41,406.31,51.37,12.33,0.9,0.0
20230512:1010,367.73,392.5,58.67,13.64,1.45,0.0
20230512:1110,255.42,276.36,62.16,14.23,1.86,0.0
20230512:1210,222.41,242.66,60.38,14.51,2.34,0.0
20230512:1310,318.81,341.25,54.13,13.84,1.59,0.0
20230512:1410,101.56,120.36,45.35,13.48,1.31,0.0
20230512:1510,76.29,94.15,35.39,12.39,1.1,0.0
20230512:1610,163.84,182.08,25.01,12.11,1.31,0.0
20230512:1710,50.21,66.97,14.64,11.93,0.48,0.0
20230512:1810,7.48,17.99,4.63,11.69,0.28,0.0
20230512:1910,0.0,0.0,0.0,10.36,0.76,0.0
20230512:2010,0.0,0.0,0.0,9.56,0.62,0.0
20230512:2110,0.0,0.0,0.0,9.2,0.55,0.0
20230512:2210,0.0,0.0,0.0,9.02,0.41,0.0
20230512:2310,0.0,0.0,0.0,9.11,0.34,0.0
20230513:0010,0.0,0.0,0.0,9.0,0.48,0.0
20230513:0110,0.0,0.0,0.0,9.07,0.48,0.0
20230513:0210,0.0,0.0,0.0,9.05,0.69,0.0
20230513:0310,0.0,0.0,0.0,8.78,0.62,0.0
20230513:0410,0.0,0.95,1.59,8.89,0.41,0.0
20230513:0510,8.31,18.93,11.39,8.94,0.41,0.0
20230513:0610,92.43,109.34,21.67,9.11,0.62,0.0
20230513:0710,239.66,257.85,32.09,9.67,0.9,0.0
20230513:0810,295.41,314.81,42.26,10.58,0.62,0.0
20230513:0910,258.41,277.22,51.57,10.89,0.48,0.0
20230513:1010,384.07,409.06,58.9,12.25,0.83,0.0
20230513:1110,295.4,316.32,62.41,12.69,1.17,0.0
20230513:1210,589.67,629.31,60.61,12.63,1.1,0.0
20230513:1310,534.25,571.85,54.33,13.29,0.83,0.0
20230513:1410,522.45,557.95,45.53,13.37,0.76,0.0
20230513:1510,457.84,487.31,35.56,13.53,0.83,0.0
20230513:1610,144.98,164.45,25.18,13.41,0.69,0.0
20230513:1710,20.95,34.94,14.81,13.04,0.34,0.0
20230513:1810,0.0,3.79,4.81,12.58,0.34,0.0
20230513:1910,0.0,0.0,0.0,11.31,0.55,0.0
20230513:2010,0.0,0.0,0.0,10.66,0.28,0.0
20230513:2110,0.0,0.0,0.0,10.26,0.21,0.0
20230513:2210,0.0,0.0,0.0,9.41,0.62,0.0
20230513:2310,0.0,0.0,0.0,8.98,0.76,0.0
20230514:0010,0.0,0.0,0.0,8.89,0.62,0.0
20230514:0110,0.0,0.0,0.0,8.79,0.62,0.0
20230514:0210,0.0,0.0,0.0,8.76,0.62,0.0
20230514:0310,0.0,0.0,0.0,8.47,0.62,0.0
20230514:0410,0.0,1.89,1.77,8.28,0.62,0.0
20230514:0510,55.95,71.95,11.56,8.26,0.48,0.0
20230514:0610,93.02,110.32,21.83,9.85,0.41,0.0
20230514:0710,251.68,272.46,32.26,10.19,0.07,0.0
20230514:0810,332.66,354.5,42.44,11.53,0.9,0.0
20230514:0910,371.77,395.23,51.76,12.57,1.31,0.0
20230514:1010,536.51,571.43,59.12,13.23,1.45,0.0
20230514:1110,470.43,500.53,62.65,13.96,1.86,0.0
20230514:1210,434.17,461.61,60.84,14.65,2.34,0.0
20230514:1310,593.42,629.62,54.53,14.33,2.14,0.0
20230514:1410,367.52,391.46,45.71,14.6,2.0,0.0
20230514:1510,176.28,196.23,35.73,14.04,1.31,0.0
20230514:1610,119.25,138.48,25.34,13.43,0.62,0.0
20230514:1710,68.32,86.11,14.98,12.34,0.55,0.0
20230514:1810,14.81,27.45,4.99,11.85,0.55,0.0
20230514:1910,0.0,0.0,0.0,11.4,0.76,0.0
20230514:2010,0.0,0.0,0.0,10.44,0.55,0.0
20230514:2110,0.0,0.0,0.0,10.12,0.48,0.0
20230514:2210,0.0,0.0,0.0,9.51,0.55,0.0
20230514:2310,0.0,0.0,0.0,9.14,0.48,0.0
20230515:0010,0.0,0.0,0.0,8.96,0.34,0.0
20230515:0110,0.0,0.0,0.0,8.64,0.48,0.0
20230515:0210,0.0,0.0,0.0,8.21,0.55,0.0
20230515:0310,0.0,0.0,0.0,7.57,0.76,0.0
20230515:0410,0.0,3.79,1.95,6.81,0.97,0.0
20230515:0510,39.95,54.91,11.73,6.96,0.97,0.0
20230515:0610,205.46,247.32,22.0,9.24,0.76,0.0
20230515:0710,326.52,363.86,32.42,12.38,1.24,0.0
20230515:0810,441.14,479.35,42.61,14.2,1.03,0.0
20230515:0910,532.41,580.47,51.95,15.74,0.55,0.0
20230515:1010,597.67,658.06,59.34,17.12,0.41,0.0
20230515:1110,644.98,716.01,62.89,18.01,0.41,0.0
20230515:1210,667.78,745.61,61.07,18.7,0.41,0.0
20230515:1310,654.84,727.53,54.73,18.94,0.62,0.0
20230515:1410,583.36,645.49,45.88,19.07,0.48,0.0
20230515:1510,312.91,345.55,35.89,18.79,0.14,0.0
20230515:1610,188.43,213.59,25.5,18.54,0.21,0.0
20230515:1710,298.36,334.6,15.14,18.24,0.34,0.0
20230515:1810,13.65,26.51,5.16,17.05,0.9,0.0
20230515:1910,0.0,0.0,0.0,13.83,0.97,0.0
20230515:2010,0.0,0.0,0.0,12.92,0.55,0.0
20230515:2110,0.0,0.0,0.0,11.35,1.1,0.0
20230515:2210,0.0,0.0,0.0,11.09,1.17,0.0
20230515:2310,0.0,0.0,0.0,10.36,1.31,0.0
20230516:0010,0.0,0.0,0.0,9.61,1.38,0.0
20230516:0110,0.0,0.0,0.0,8.56,1.52,0.0
20230516:0210,0.0,0.0,0.0,7.62,1.79,0.0
20230516:0310,0.0,0.0,0.0,7.25,1.86,0.0
20230516:0410,0.0,4.73,2.12,7.16,1.93,0.0
20230516:0510,46.06,61.54,11.89,8.07,1.93,0.0
20230516:0610,182.98,207.63,22.15,11.07,1.72,0.0
20230516:0710,178.99,197.83,32.58,12.94,2.07,0.0
20230516:0810,289.78,312.15,42.77,14.65,2.07,0.0
20230516:0910,450.97,484.93,52.14,15.82,1.72,0.0
20230516:1010,286.27,312.31,59.55,16.46,1.17,0.0
20230516:1110,194.37,217.42,63.12,16.17,0.48,0.0
20230516:1210,117.79,138.8,61.29,16.05,0.07,0.0
20230516:1310,353.43,383.76,54.93,16.09,0.69,0.0
20230516:1410,129.79,150.45,46.06,15.9,1.38,0.0
20230516:1510,177.96,199.15,36.06,15.55,1.45,0.0
20230516:1610,185.62,206.34,25.66,15.23,1.66,0.0
20230516:1710,24.95,39.8,15.31,14.7,1.93,0.0
20230516:1810,11.65,23.67,5.34,13.99,2.07,0.0
20230516:1910,0.0,0.0,0.0,13.56,1.93,0.0
20230516:2010,0.0,0.0,0.0,12.71,1.72,0.0
20230516:2110,0.0,0.0,0.0,11.83,1.52,0.0
20230516:2210,0.0,0.0,0.0,11.16,1.38,0.0
20230516:2310,0.0,0.0,0.0,10.49,1.52,0.0
20230517:0010,0.0,0.0,0.0,10.14,1.66,0.0
20230517:0110,0.0,0.0,0.0,9.81,1.66,0.0
20230517:0210,0.0,0.0,0.0,9.86,1.86,0.0
20230517:0310,0.0,0.0,0.0,10.03,2.0,0.0
20230517:0410,0.0,1.89,2.29,10.22,2.14,0.0
20230517:0510,56.38,72.9,12.05,10.5,2.21,0.0
20230517:0610,34.18,49.5,22.3,11.08,2.21,0.0
20230517:0710,89.02,106.77,32.73,11.89,2.0,0.0
20230517:0810,213.39,231.93,42.93,12.74,2.07,0.0
20230517:0910,95.88,114.53,52.31,13.68,2.07,0.0
20230517:1010,132.06,151.42,59.76,13.99,1.66,0.0
20230517:1110,134.39,154.33,63.35,14.56,1.17,0.0
20230517:1210,223.89,246.54,61.51,14.7,0.34,0.0
20230517:1310,213.81,235.86,55.12,14.85,0.69,0.0
20230517:1410,231.15,252.21,46.23,14.49,1.52,0.0
20230517:1510,252.54,273.03,36.22,13.92,1.45,0.0
20230517:1610,195.94,215.55,25.82,13.62,1.24,0.0
20230517:1710,154.31,174.75,15.47,13.42,0.97,0.0
20230517:1810,15.48,28.4,5.51,13.12,0.83,0.0
20230517:1910,0.0,0.0,0.0,12.09,1.17,0.0
20230517:2010,0.0,0.0,0.0,11.03,1.17,0.0
20230517:2110,0.0,0.0,0.0,10.87,1.1,0.0
20230517:2210,0.0,0.0,0.0,10.26,1.17,0.0
20230517:2310,0.0,0.0,0.0,10.08,1.1,0.0
20230518:0010,0.0,0.0,0.0,10.14,1.1,0.0
20230518:0110,0.0,0.0,0.0,10.13,1.1,0.0
20230518:0210,0.0,0.0,0.0,10.07,0.9,0.0
20230518:0310,0.0,0.0,0.0,10.24,0.69,0.0
20230518:0410,0.0,0.95,2.45,10.34,0.41,0.0
20230518:0510,13.39,25.56,12.2,10.29,0.21,0.0
20230518:0610,40.42,56.3,22.45,10.9,0.34,0.0
20230518:0710,75.03,92.21,32.87,10.3,0.28,0.0
20230518:0810,219.57,237.76,43.08,10.4,0.14,0.0
20230518:0910,307.68,327.98,52.48,10.51,0.21,0.0
20230518:1010,465.7,497.68,59.95,11.09,0.14,0.0
20230518:1110,619.87,666.46,63.57,11.35,0.28,0.0
20230518:1210,524.31,560.7,61.72,12.01,0.55,0.0
20230518:1310,525.78,560.89,55.31,12.31,0.69,0.0
20230518:1410,307.82,329.78,46.4,12.86,0.76,0.0
20230518:1510,187.08,207.11,36.38,13.46,0.69,0.0
20230518:1610,151.94,171.61,25.97,13.39,0.41,0.0
20230518:1710,46.16,63.09,15.63,13.54,0.28,0.0
20230518:1810,12.42,24.61,5.67,13.3,0.28,0.0
20230518:1910,0.0,0.0,0.0,12.66,0.34,0.0
20230518:2010,0.0,0.0,0.0,11.76,0.69,0.0
20230518:2110,0.0,0.0,0.0,11.19,0.76,0.0
20230518:2210,0.0,0.0,0.0,10.72,0.9,0.0
20230518:2310,0.0,0.0,0.0,10.51,0.97,0.0
20230519:0010,0.0,0.0,0.0,10.73,0.97,0.0
20230519:0110,0.0,0.0,0.0,10.44,0.9,0.0
20230519:0210,0.0,0.0,0.0,10.48,0.9,0.0
20230519:0310,0.0,0.0,0.0,10.43,0.83,0.0
20230519:0410,0.0,1.89,2.61,10.38,0.76,0.0
20230519:0510,40.99,56.8,12.35,10.46,0.55,0.0
20230519:0610,109.04,127.2,22.59,10.81,0.14,0.0
20230519:0710,74.62,92.21,33.01,11.64,0.76,0.0
20230519:0810,141.54,160.15,43.23,12.09,0.62,0.0
20230519:0910,209.4,229.07,52.65,12.49,0.55,0.0
20230519:1010,234.16,254.3,60.15,12.75,0.76,0.0
20230519:1110,101.83,120.36,63.78,12.79,1.03,0.0
20230519:1210,86.71,104.83,61.93,12.58,1.38,0.0
20230519:1310,180.26,198.98,55.49,12.58,1.38,0.0
20230519:1410,67.11,84.44,46.56,11.65,1.1,0.0
20230519:1510,51.27,67.94,36.53,11.38,0.41,0.0
20230519:1610,54.07,70.86,26.13,11.29,0.48,0.0
20230519:1710,27.09,41.74,15.79,11.29,0.62,0.0
20230519:1810,9.63,20.83,5.84,11.12,0.41,0.0
20230519:1910,0.0,0.0,0.0,10.82,0.83,0.0
20230519:2010,0.0,0.0,0.0,10.73,1.03,0.0
20230519:2110,0.0,0.0,0.0,10.67,1.03,0.0
20230519:2210,0.0,0.0,0.0,10.55,0.97,0.0
20230519:2310,0.0,0.0,0.0,10.39,0.76,0.0
20230520:0010,0.0,0.0,0.0,10.56,0.69,0.0
20230520:0110,0.0,0.0,0.0,10.34,0.69,0.0
20230520:0210,0.0,0.0,0.0,10.29,0.76,0.0
20230520:0310,0.0,0.0,0.0,10.05,0.83,0.0
20230520:0410,0.0,1.89,2.76,10.05,0.9,0.0
20230520:0510,6.85,17.04,12.49,10.6,0.9,0.0
20230520:0610,106.59,124.6,22.72,11.13,0.69,0.0
20230520:0710,59.48,76.68,33.15,12.14,1.24,0.0
20230520:0810,82.53,100.94,43.37,13.37,1.1,0.0
20230520:0910,84.06,102.89,52.81,14.0,0.55,0.0
20230520:1010,209.69,231.01,60.33,13.93,0.41,0.0
20230520:1110,153.67,173.74,63.99,14.06,0.76,0.0
20230520:1210,125.71,145.59,62.13,14.45,0.83,0.0
20230520:1310,123.73,143.65,55.67,14.75,1.1,0.0
20230520:1410,84.82,103.86,46.72,14.72,1.17,0.0
20230520:1510,45.12,62.12,36.68,14.36,0.97,0.0
20230520:1610,33.62,49.5,26.28,14.09,0.97,0.0
20230520:1710,45.24,62.12,15.94,13.79,0.9,0.0
20230520:1810,2.4,10.41,6.0,13.35,0.83,0.0
20230520:1910,0.0,0.0,0.0,12.56,1.03,0.0
20230520:2010,0.0,0.0,0.0,12.21,1.17,0.0
20230520:2110,0.0,0.0,0.0,12.01,1.38,0.0
20230520:2210,0.0,0.0,0.0,11.77,1.31,0.0
20230520:2310,0.0,0.0,0.0,11.58,0.97,0.0
20230521:0010,0.0,0.0,0.0,11.7,0.9,0.0
20230521:0110,0.0,0.0,0.0,11.45,0.97,0.0
20230521:0210,0.0,0.0,0.0,11.6,1.1,0.0
20230521:0310,0.0,0.0,0.0,11.32,1.24,0.0
20230521:0410,0.0,4.73,2.9,11.18,1.24,0.0
20230521:0510,51.52,68.16,12.62,11.45,1.24,0.0
20230521:0610,111.74,130.14,22.85,11.92,1.24,0.0
20230521:0710,196.15,215.02,33.27,12.41,1.52,0.0
20230521:0810,141.78,161.12,43.51,13.64,1.31,0.0
20230521:0910,150.51,170.83,52.96,14.91,1.38,0.0
20230521:1010,72.03,91.24,60.51,16.54,1.66,0.0
20230521:1110,143.03,165.01,64.2,17.52,1.59,0.0
20230521:1210,437.43,475.06,62.33,18.27,1.79,0.0
20230521:1310,411.22,447.84,55.85,19.05,1.79,0.0
20230521:1410,504.93,548.12,46.88,18.91,1.66,0.0
20230521:1510,517.64,564.32,36.83,19.39,1.24,0.0
20230521:1610,378.42,413.45,26.43,19.47,1.24,0.0
20230521:1710,290.83,324.75,16.09,19.31,0.9,0.0
20230521:1810,18.85,33.13,6.16,18.46,0.55,0.0
20230521:1910,0.0,0.0,0.0,17.81,0.62,0.0
20230521:2010,0.0,0.0,0.0,17.0,0.69,0.0
20230521:2110,0.0,0.0,0.0,15.07,1.1,0.0
20230521:2210,0.0,0.0,0.0,13.44,1.31,0.0
20230521:2310,0.0,0.0,0.0,12.45,1.45,0.0
20230522:0010,0.0,0.0,0.0,11.32,1.52,0.0
20230522:0110,0.0,0.0,0.0,10.39,1.52,0.0
20230522:0210,0.0,0.0,0.0,9.88,1.52,0.0
20230522:0310,0.0,0.0,0.0,9.5,1.66,0.0
20230522:0410,0.0,1.89,3.04,9.57,1.66,0.0
20230522:0510,5.52,15.15,12.75,10.41,1.52,0.0
20230522:0610,55.64,72.8,22.97,12.57,1.31,0.0
20230522:0710,132.37,153.36,33.4,16.1,1.03,0.0
20230522:0810,238.43,265.23,43.64,18.24,0.76,0.0
20230522:0910,525.26,581.81,53.11,19.37,0.55,0.0
20230522:1010,602.83,668.02,60.69,20.28,0.97,0.0
20230522:1110,636.94,705.92,64.4,20.8,1.31,0.0
20230522:1210,667.51,741.0,62.53,21.03,1.38,0.0
20230522:1310,640.43,707.21,56.02,21.4,1.72,0.0
20230522:1410,557.32,614.76,47.04,20.46,1.03,0.0
20230522:1510,318.2,351.22,36.98,19.87,0.69,0.0
20230522:1610,439.36,484.26,26.57,19.3,0.34,0.0
20230522:1710,275.41,307.44,16.24,19.11,0.9,0.0
20230522:1810,19.64,34.08,6.32,18.45,0.76,0.0
20230522:1910,0.0,0.0,0.0,18.26,0.21,0.0
20230522:2010,0.0,0.0,0.0,17.38,0.76,0.0
20230522:2110,0.0,0.0,0.0,15.45,1.03,0.0
20230522:2210,0.0,0.0,0.0,14.31,1.1,0.0
20230522:2310,0.0,0.0,0.0,13.24,1.17,0.0
20230523:0010,0.0,0.0,0.0,13.04,1.24,0.0
20230523:0110,0.0,0.0,0.0,12.33,1.38,0.0
20230523:0210,0.0,0.0,0.0,11.37,1.45,0.0
20230523:0310,0.0,0.0,0.0,10.29,1.52,0.0
20230523:0410,1.39,8.52,3.17,9.76,1.59,0.0
20230523:0510,62.65,79.52,12.87,10.76,1.45,0.0
20230523:0610,217.23,255.52,23.09,14.03,1.17,0.0
20230523:0710,333.52,377.17,33.51,17.83,0.9,0.0
20230523:0810,442.72,494.25,43.76,20.21,0.76,0.0
20230523:0910,531.65,592.89,53.25,21.48,0.83,0.0
20230523:1010,597.84,668.7,60.85,22.36,1.03,0.0
20230523:1110,651.89,731.06,64.59,22.97,1.31,0.0
20230523:1210,681.71,764.36,62.72,23.51,1.66,0.0
20230523:1310,549.84,612.19,56.19,23.47,1.79,0.0
20230523:1410,423.99,471.14,47.19,23.31,1.52,0.0
20230523:1510,448.36,496.38,37.12,22.57,1.17,0.0
20230523:1610,177.18,204.29,26.72,21.99,0.9,0.0
20230523:1710,78.7,100.42,16.39,21.24,0.48,0.0
20230523:1810,21.82,36.92,6.47,20.04,0.76,0.0
20230523:1910,0.0,0.0,0.0,20.15,0.21,0.0
20230523:2010,0.0,0.0,0.0,19.19,0.21,0.0
20230523:2110,0.0,0.0,0.0,18.07,0.48,0.0
20230523:2210,0.0,0.0,0.0,16.41,1.03,0.0
20230523:2310,0.0,0.0,0.0,14.75,1.17,0.0
20230524:0010,0.0,0.0,0.0,14.15,1.24,0.0
20230524:0110,0.0,0.0,0.0,13.74,1.31,0.0
20230524:0210,0.0,0.0,0.0,13.37,1.31,0.0
20230524:0310,0.0,0.0,0.0,12.63,1.38,0.0
20230524:0410,2.42,10.41,3.3,12.02,1.45,0.0
20230524:0510,57.65,74.79,12.99,12.21,1.31,0.0
20230524:0610,203.81,236.62,23.2,15.58,1.03,0.0
20230524:0710,279.94,308.64,33.63,16.42,1.1,0.0
20230524:0810,381.71,419.25,43.88,17.83,0.69,0.0
20230524:0910,436.15,483.06,53.38,18.81,0.21,0.0
20230524:1010,423.09,465.04,61.01,19.11,0.97,0.0
20230524:1110,444.33,487.42,64.77,19.19,1.24,0.0
20230524:1210,663.39,736.73,62.9,18.68,0.62,0.0
20230524:1310,655.55,731.7,56.36,19.14,0.41,0.0
20230524:1410,413.88,455.5,47.34,19.55,0.62,0.0
20230524:1510,53.77,72.8,37.27,19.07,0.41,0.0
20230524:1610,26.16,41.74,26.86,17.94,0.55,0.0
20230524:1710,21.42,35.91,16.53,16.18,0.69,0.0
20230524:1810,18.46,32.19,6.62,14.71,0.76,0.0
20230524:1910,0.0,0.0,0.0,14.26,1.24,0.0
20230524:2010,0.0,0.0,0.0,13.68,0.97,0.0
20230524:2110,0.0,0.0,0.0,13.29,0.76,0.0
20230524:2210,0.0,0.0,0.0,13.01,1.03,0.0
20230524:2310,0.0,0.0,0.0,12.74,0.97,0.0
20230525:0010,0.0,0.0,0.0,12.65,0.83,0.0
20230525:0110,0.0,0.0,0.0,12.18,0.97,0.0
20230525:0210,0.0,0.0,0.0,12.22,0.9,0.0
20230525:0310,0.0,0.0,0.0,12.08,1.17,0.0
20230525:0410,0.0,3.79,3.42,12.08,1.17,0.0
20230525:0510,57.55,74.79,13.1,12.46,1.03,0.0
20230525:0610,128.7,148.45,23.31,13.15,0.76,0.0
20230525:0710,103.28,122.3,33.73,13.48,0.62,0.0
20230525:0810,216.69,237.82,43.99,14.06,0.83,0.0
20230525:0910,338.75,364.81,53.51,15.04,1.31,0.0
20230525:1010,380.58,411.73,61.17,16.51,1.38,0.0
20230525:1110,637.84,695.31,64.95,17.35,1.31,0.0
20230525:1210,677.02,744.25,63.08,18.36,1.17,0.0
20230525:1310,626.82,689.59,56.52,18.73,1.03,0.0
20230525:1410,619.67,682.74,47.49,18.81,0.76,0.0
20230525:1510,547.56,604.09,37.41,19.19,0.41,0.0
20230525:1610,417.07,457.39,26.99,19.12,0.55,0.0
20230525:1710,186.63,212.29,16.67,18.83,0.83,0.0
20230525:1810,1.28,8.52,6.77,18.1,0.69,0.0
20230525:1910,0.0,0.0,0.0,17.71,0.48,0.0
20230525:2010,0.0,0.0,0.0,17.41,0.48,0.0
20230525:2110,0.0,0.0,0.0,16.6,0.76,0.0
20230525:2210,0.0,0.0,0.0,15.23,1.03,0.0
20230525:2310,0.0,0.0,0.0,13.99,1.17,0.0
20230526:0010,0.0,0.0,0.0,13.08,1.24,0.0
20230526:0110,0.0,0.0,0.0,12.15,1.31,0.0
20230526:0210,0.0,0.0,0.0,11.18,1.45,0.0
20230526:0310,0.0,0.0,0.0,10.24,1.52,0.0
20230526:0410,3.65,12.31,3.54,9.56,1.59,0.0
20230526:0510,50.88,67.22,13.21,10.5,1.45,0.0
20230526:0610,234.24,278.19,23.41,13.9,1.17,0.0
20230526:0710,350.73,395.13,33.83,17.02,0.83,0.0
20230526:0810,453.57,506.75,44.1,19.09,0.21,0.0
20230526:0910,546.47,609.47,53.63,20.6,0.55,0.0
20230526:1010,614.99,687.06,61.32,21.49,0.9,0.0
20230526:1110,660.31,739.15,65.13,22.05,1.17,0.0
20230526:1210,685.13,769.12,63.25,22.4,1.24,0.0
20230526:1310,678.91,760.4,56.67,22.64,1.38,0.0
20230526:1410,636.5,711.43,47.63,22.73,1.24,0.0
20230526:1510,557.38,619.2,37.54,22.58,1.17,0.0
20230526:1610,450.16,498.96,27.13,22.34,1.1,0.0
20230526:1710,286.12,322.24,16.81,21.79,0.9,0.0
20230526:1810,21.73,36.92,6.91,20.71,0.48,0.0
20230526:1910,0.0,0.0,0.0,20.26,0.48,0.0
20230526:2010,0.0,0.0,0.0,19.51,0.55,0.0
20230526:2110,0.0,0.0,0.0,18.57,0.76,0.0
20230526:2210,0.0,0.0,0.0,17.58,0.97,0.0
20230526:2310,0.0,0.0,0.0,16.65,1.1,0.0
20230527:0010,0.0,0.0,0.0,15.7,1.17,0.0
20230527:0110,0.0,0.0,0.0,14.4,1.38,0.0
20230527:0210,0.0,0.0,0.0,13.49,1.59,0.0
20230527:0310,0.0,0.0,0.0,12.78,1.52,0.0
20230527:0410,0.0,2.84,3.65,12.23,1.45,0.0
20230527:0510,70.23,88.04,13.31,12.69,0.97,0.0
20230527:0610,193.37,220.82,23.51,14.63,0.76,0.0
20230527:0710,301.37,333.55,33.93,16.48,0.62,0.0
20230527:0810,344.99,376.17,44.2,16.45,0.69,0.0
20230527:0910,450.72,489.46,53.74,16.77,1.03,0.0
20230527:1010,568.65,619.33,61.46,17.23,1.17,0.0
20230527:1110,606.46,664.32,65.29,17.58,1.03,0.0
20230527:1210,614.3,683.54,63.42,18.37,0.34,0.0
20230527:1310,614.56,686.65,56.83,18.8,0.14,0.0
20230527:1410,601.92,670.41,47.77,19.52,0.28,0.0
20230527:1510,492.57,541.66,37.67,19.42,0.48,0.0
20230527:1610,341.07,375.08,27.26,19.38,0.48,0.0
20230527:1710,264.89,296.49,16.95,19.26,0.34,0.0
20230527:1810,25.37,40.71,7.05,17.28,0.55,0.0
20230527:1910,0.0,0.0,0.0,15.69,1.24,0.0
20230527:2010,0.0,0.0,0.0,15.49,1.17,0.0
20230527:2110,0.0,0.0,0.0,14.84,1.17,0.0
20230527:2210,0.0,0.0,0.0,13.99,1.45,0.0
20230527:2310,0.0,0.0,0.0,13.79,1.38,0.0
20230528:0010,0.0,0.0,0.0,13.34,1.31,0.0
20230528:0110,0.0,0.0,0.0,12.66,1.38,0.0
20230528:0210,0.0,0.0,0.0,12.59,1.17,0.0
20230528:0310,0.0,0.0,0.0,12.34,1.59,0.0
20230528:0410,7.46,17.99,3.75,12.26,1.45,0.0
20230528:0510,71.2,88.99,13.4,12.66,1.31,0.0
20230528:0610,170.03,192.62,23.6,13.88,1.24,0.0
20230528:0710,342.03,382.73,34.01,16.48,0.69,0.0
20230528:0810,421.59,464.05,44.29,17.27,0.34,0.0
20230528:0910,525.12,581.85,53.85,18.01,0.07,0.0
20230528:1010,598.05,663.52,61.59,18.74,0.41,0.0
20230528:1110,619.57,692.58,65.46,19.56,0.41,0.0
20230528:1210,640.26,715.46,63.59,20.48,0.76,0.0
20230528:1310,638.83,709.58,56.97,20.77,1.1,0.0
20230528:1410,541.34,596.51,47.9,20.54,1.1,0.0
20230528:1510,273.94,304.89,37.8,19.93,0.41,0.0
20230528:1610,65.84,85.41,27.39,18.24,0.97,0.0
20230528:1710,26.97,42.71,17.08,18.15,0.48,0.0
20230528:1810,22.08,36.92,7.19,17.75,0.41,0.0
20230528:1910,0.0,0.0,0.0,14.9,1.38,0.0
20230528:2010,0.0,0.0,0.0,14.15,1.24,0.0
20230528:2110,0.0,0.0,0.0,13.66,1.38,0.0
20230528:2210,0.0,0.0,0.0,13.22,1.24,0.0
20230528:2310,0.0,0.0,0.0,12.4,1.24,0.0
20230529:0010,0.0,0.0,0.0,11.75,1.31,0.0
20230529:0110,0.0,0.0,0.0,11.26,1.38,0.0
20230529:0210,0.0,0.0,0.0,10.75,1.38,0.0
20230529:0310,0.0,0.0,0.0,10.32,1.45,0.0
20230529:0410,4.87,14.2,3.85,10.32,1.66,0.0
20230529:0510,64.35,81.42,13.49,11.24,1.59,0.0
20230529:0610,16.83,30.09,23.68,13.55,1.17,0.0
20230529:0710,59.16,77.65,34.1,16.23,0.97,0.0
20230529:0810,151.68,174.71,44.38,17.52,0.21,0.0
20230529:0910,505.78,555.37,53.96,18.22,0.76,0.0
20230529:1010,572.15,632.79,61.72,18.73,0.62,0.0
20230529:1110,656.92,731.78,65.61,19.35,0.62,0.0
20230529:1210,679.57,761.25,63.74,19.69,0.55,0.0
20230529:1310,674.77,756.94,57.12,20.19,0.55,0.0
20230529:1410,638.05,714.31,48.04,20.26,0.41,0.0
20230529:1510,545.38,602.1,37.93,20.1,0.62,0.0
20230529:1610,438.67,480.54,27.52,19.77,0.9,0.0
20230529:1710,193.61,219.6,17.21,19.19,0.9,0.0
20230529:1810,25.21,40.71,7.33,18.43,0.48,0.0
20230529:1910,0.0,0.0,0.0,18.14,0.28,0.0
20230529:2010,0.0,0.0,0.0,15.31,0.83,0.0
20230529:2110,0.0,0.0,0.0,14.4,1.31,0.0
20230529:2210,0.0,0.0,0.0,13.85,1.66,0.0
20230529:2310,0.0,0.0,0.0,13.28,1.79,0.0
20230530:0010,0.0,0.0,0.0,12.98,1.66,0.0
20230530:0110,0.0,0.0,0.0,12.51,1.66,0.0
20230530:0210,0.0,0.0,0.0,11.96,1.59,0.0
20230530:0310,0.0,0.0,0.0,11.36,1.59,0.0
20230530:0410,8.22,18.93,3.94,10.88,1.66,0.0
20230530:0510,73.4,90.88,13.58,11.69,1.45,0.0
20230530:0610,145.24,166.09,23.76,14.03,1.17,0.0
20230530:0710,320.83,357.45,34.18,17.04,0.34,0.0
20230530:0810,377.97,414.14,44.46,17.69,0.76,0.0
20230530:0910,487.15,533.38,54.05,18.19,0.97,0.0
20230530:1010,527.14,578.43,61.84,18.93,1.24,0.0
20230530:1110,612.89,673.62,65.76,18.93,1.31,0.0
20230530:1210,600.03,663.67,63.9,19.49,1.03,0.0
20230530:1310,638.24,718.57,57.26,19.58,0.07,0.0
20230530:1410,617.06,689.65,48.17,20.14,0.34,0.0
20230530:1510,510.89,559.69,38.06,19.47,0.83,0.0
20230530:1610,202.28,226.21,27.64,17.92,1.1,0.0
20230530:1710,28.76,44.65,17.33,17.48,0.9,0.0
20230530:1810,4.05,13.25,7.46,16.95,0.76,0.0
20230530:1910,0.0,0.0,0.0,16.74,0.62,0.0
20230530:2010,0.0,0.0,0.0,14.97,1.17,0.0
20230530:2110,0.0,0.0,0.0,13.7,1.72,0.0
20230530:2210,0.0,0.0,0.0,13.47,1.72,0.0
20230530:2310,0.0,0.0,0.0,13.46,1.59,0.0
20230531:0010,0.0,0.0,0.0,13.23,1.52,0.0
20230531:0110,0.0,0.0,0.0,12.88,1.59,0.0
20230531:0210,0.0,0.0,0.0,12.78,1.52,0.0
20230531:0310,0.0,0.0,0.0,12.28,1.59,0.0
20230531:0410,8.87,19.88,4.03,11.95,1.59,0.0
20230531:0510,16.29,29.35,13.66,12.81,1.31,0.0
20230531:0610,27.54,42.71,23.83,14.3,1.17,0.0
20230531:0710,73.76,92.21,34.25,14.24,1.38,0.0
20230531:0810,151.73,171.8,44.54,14.68,1.59,0.0
20230531:0910,395.51,424.45,54.14,15.5,1.72,0.0
20230531:1010,427.27,459.87,61.96,16.18,1.72,0.0
20230531:1110,674.9,728.71,65.9,16.84,1.86,0.0
20230531:1210,681.47,745.09,64.04,18.62,1.66,0.0
20230531:1310,466.82,510.53,57.4,19.1,1.31,0.0
20230531:1410,532.66,586.36,48.29,19.62,0.83,0.0
20230531:1510,278.57,308.97,38.18,19.67,0.62,0.0
20230531:1610,312.19,344.87,27.76,19.16,0.07,0.0
20230531:1710,138.72,162.04,17.46,18.8,0.69,0.0
20230531:1810,28.51,44.5,7.58,18.19,0.62,0.0
20230531:1910,0.0,0.0,0.0,17.35,0.21,0.0
20230531:2010,0.0,0.0,0.0,16.68,0.48,0.0
20230531:2110,0.0,0.0,0.0,15.36,0.9,0.0
20230531:2210,0.0,0.0,0.0,13.92,1.1,0.0
20230531:2310,0.0,0.0,0.0,13.11,1.1,0.0
20230601:0010,0.0,0.0,0.0,12.49,1.17,0.0
20230601:0110,0.0,0.0,0.0,11.94,1.24,0.0
20230601:0210,0.0,0.0,0.0,11.27,1.24,0.0
20230601:0310,0.0,0.0,0.0,10.24,1.38,0.0
20230601:0410,10.45,21.77,4.11,9.52,1.38,0.0
20230601:0510,68.14,85.2,13.73,10.78,1.1,0.0
20230601:0610,238.66,279.59,23.9,14.44,0.9,0.0
20230601:0710,355.6,398.51,34.32,17.08,0.76,0.0
20230601:0810,459.68,507.71,44.61,18.32,0.62,0.0
20230601:0910,547.44,602.04,54.23,19.34,1.03,0.0
20230601:1010,607.79,671.93,62.07,20.09,1.1,0.0
20230601:1110,658.33,730.68,66.04,20.44,1.17,0.0
20230601:1210,669.51,744.07,64.19,20.66,1.24,0.0
20230601:1310,666.18,741.55,57.53,21.04,1.17,0.0
20230601:1410,615.93,689.08,48.41,20.85,0.48,0.0
20230601:1510,532.72,586.24,38.29,19.99,0.76,0.0
20230601:1610,333.68,368.64,27.88,20.08,0.34,0.0
20230601:1710,108.79,131.32,17.57,19.87,1.1,0.0
20230601:1810,25.11,40.71,7.71,19.18,0.34,0.0
20230601:1910,0.0,0.0,0.0,19.39,0.34,0.0
20230601:2010,0.0,0.0,0.0,18.63,0.28,0.0
20230601:2110,0.0,0.0,0.0,17.86,0.76,0.0
20230601:2210,0.0,0.0,0.0,16.2,1.03,0.0
20230601:2310,0.0,0.0,0.0,15.22,1.1,0.0
20230602:0010,0.0,0.0,0.0,14.54,1.1,0.0
20230602:0110,0.0,0.0,0.0,13.31,1.38,0.0
20230602:0210,0.0,0.0,0.0,12.62,1.45,0.0
20230602:0310,0.0,0.0,0.0,11.96,1.38,0.0
20230602:0410,0.0,2.84,4.19,11.64,1.38,0.0
20230602:0510,12.48,24.61,13.8,12.62,1.1,0.0
20230602:0610,239.95,283.01,23.96,15.66,0.83,0.0
20230602:0710,358.39,402.9,34.38,17.47,0.62,0.0
20230602:0810,458.24,511.66,44.68,19.25,0.14,0.0
20230602:0910,552.0,612.34,54.31,20.3,0.76,0.0
20230602:1010,620.86,690.82,62.17,21.13,1.03,0.0
20230602:1110,653.66,730.11,66.16,21.74,1.17,0.0
20230602:1210,662.52,742.4,64.32,21.94,1.1,0.0
20230602:1310,661.92,744.35,57.65,22.38,0.97,0.0
20230602:1410,579.64,648.49,48.53,22.21,0.76,0.0
20230602:1510,528.09,576.48,38.41,20.17,1.45,0.0
20230602:1610,385.1,421.0,27.99,19.21,0.76,0.0
20230602:1710,9.58,21.35,17.69,18.98,0.9,0.0
20230602:1810,9.21,20.83,7.83,18.62,0.9,0.0
20230602:1910,0.0,0.0,0.0,17.81,1.38,0.0
20230602:2010,0.0,0.0,0.0,16.54,1.38,0.0
20230602:2110,0.0,0.0,0.0,15.48,1.52,0.0
20230602:2210,0.0,0.0,0.0,14.31,1.59,0.0
20230602:2310,0.0,0.0,0.0,13.62,1.45,0.0
20230603:0010,0.0,0.0,0.0,13.02,1.52,0.0
20230603:0110,0.0,0.0,0.0,12.53,1.52,0.0
20230603:0210,0.0,0.0,0.0,12.06,1.45,0.0
20230603:0310,0.0,0.0,0.0,11.41,1.45,0.0
20230603:0410,0.0,2.84,4.26,10.83,1.45,0.0
20230603:0510,55.78,72.9,13.86,12.33,1.1,0.0
20230603:0610,201.59,229.11,24.02,14.85,0.9,0.0
20230603:0710,323.91,357.59,34.43,15.89,0.55,0.0
20230603:0810,425.36,465.2,44.74,17.16,0.76,0.0
20230603:0910,509.45,556.71,54.38,18.02,1.03,0.0
20230603:1010,563.6,616.61,62.26,18.66,1.38,0.0
20230603:1110,581.68,636.74,66.29,19.38,1.79,0.0
20230603:1210,590.67,649.21,64.45,19.75,1.59,0.0
20230603:1310,646.01,710.44,57.78,19.51,1.38,0.0
20230603:1410,524.95,575.44,48.65,19.21,0.97,0.0
20230603:1510,157.18,181.51,38.52,19.02,0.34,0.0
20230603:1610,157.49,181.29,28.1,18.57,0.34,0.0
20230603:1710,136.46,159.06,17.8,17.84,0.48,0.0
20230603:1810,21.33,35.97,7.94,17.4,0.69,0.0
20230603:1910,0.0,0.0,0.0,16.55,0.62,0.0
20230603:2010,0.0,0.0,0.0,15.6,0.62,0.0
20230603:2110,0.0,0.0,0.0,14.45,0.9,0.0
20230603:2210,0.0,0.0,0.0,13.52,1.1,0.0
20230603:2310,0.0,0.0,0.0,12.82,1.03,0.0
20230604:0010,0.0,0.0,0.0,12.54,0.9,0.0
20230604:0110,0.0,0.0,0.0,12.69,0.9,0.0
20230604:0210,0.0,0.0,0.0,12.92,1.03,0.0
20230604:0310,0.0,0.0,0.0,13.02,1.03,0.0
20230604:0410,0.0,2.84,4.32,12.73,0.97,0.0
20230604:0510,49.31,66.27,13.92,12.92,0.62,0.0
20230604:0610,157.4,179.07,24.07,13.62,0.34,0.0
20230604:0710,169.12,191.31,34.48,15.62,0.14,0.0
20230604:0810,305.49,334.33,44.79,16.16,0.28,0.0
20230604:0910,421.02,459.54,54.44,17.04,0.62,0.0
20230604:1010,384.52,420.88,62.35,18.26,0.97,0.0
20230604:1110,216.92,242.66,66.4,17.9,0.48,0.0
20230604:1210,303.58,333.76,64.58,18.86,1.38,0.0
20230604:1310,607.22,666.31,57.9,18.53,1.1,0.0
20230604:1410,574.7,634.31,48.76,18.75,0.48,0.0
20230604:1510,543.24,599.74,38.63,18.88,0.21,0.0
20230604:1610,145.04,168.6,28.21,18.78,0.28,0.0
20230604:1710,101.57,122.87,17.91,17.88,0.48,0.0
20230604:1810,29.64,45.44,8.06,16.2,0.48,0.0
20230604:1910,0.0,0.0,0.0,15.44,0.55,0.0
20230604:2010,0.0,0.0,0.0,14.73,0.83,0.0
20230604:2110,0.0,0.0,0.0,13.93,0.9,0.0
20230604:2210,0.0,0.0,0.0,13.52,0.55,0.0
20230604:2310,0.0,0.0,0.0,13.03,0.62,0.0
20230605:0010,0.0,0.0,0.0,12.99,0.76,0.0
20230605:0110,0.0,0.0,0.0,12.18,0.83,0.0
20230605:0210,0.0,0.0,0.0,11.7,0.83,0.0
20230605:0310,0.0,0.0,0.0,11.36,0.83,0.0
20230605:0410,0.0,3.79,4.38,11.58,0.76,0.0
20230605:0510,8.86,19.88,13.97,12.1,0.69,0.0
20230605:0610,134.33,154.29,24.12,13.18,0.48,0.0
20230605:0710,343.39,380.36,34.53,15.02,0.14,0.0
20230605:0810,436.78,476.53,44.84,15.99,0.48,0.0
20230605:0910,453.01,492.92,54.51,17.23,1.03,0.0
20230605:1010,451.12,491.11,62.43,17.8,1.31,0.0
20230605:1110,461.93,503.6,66.51,18.15,1.38,0.0
20230605:1210,501.41,548.62,64.7,18.85,1.38,0.0
20230605:1310,403.76,441.98,58.01,18.87,1.1,0.0
20230605:1410,135.01,158.21,48.87,19.08,0.76,0.0
20230605:1510,308.14,340.31,38.73,18.92,0.21,0.0
20230605:1610,126.24,149.15,28.31,18.8,0.21,0.0
20230605:1710,173.77,197.97,18.02,18.1,0.41,0.0
20230605:1810,32.77,49.23,8.17,17.38,0.21,0.0
20230605:1910,0.0,0.0,0.0,15.24,0.48,0.0
20230605:2010,0.0,0.0,0.0,14.71,0.14,0.0
20230605:2110,0.0,0.0,0.0,14.53,0.28,0.0
20230605:2210,0.0,0.0,0.0,14.24,0.41,0.0
20230605:2310,0.0,0.0,0.0,13.17,0.55,0.0
20230606:0010,0.0,0.0,0.0,12.79,0.55,0.0
20230606:0110,0.0,0.0,0.0,12.36,0.69,0.0
20230606:0210,0.0,0.0,0.0,12.25,0.69,0.0
20230606:0310,0.0,0.0,0.0,11.75,0.83,0.0
20230606:0410,4.21,13.25,4.44,11.48,0.83,0.0
20230606:0510,71.27,88.99,14.01,12.17,0.62,0.0
20230606:0610,243.94,282.65,24.16,13.56,0.41,0.0
20230606:0710,0.0,0.0,0.0,15.14,0.14,0.0
20230606:0810,434.93,475.56,44.88,16.47,0.48,0.0
20230606:0910,520.1,569.58,54.56,18.23,0.97,0.0
20230606:1010,572.71,628.96,62.51,18.97,1.24,0.0
20230606:1110,608.38,671.97,66.61,19.81,1.31,0.0
20230606:1210,609.32,672.84,64.81,20.49,1.59,0.0
20230606:1310,632.94,698.58,58.12,20.89,1.66,0.0
20230606:1410,550.9,615.89,48.97,20.51,0.21,0.0
20230606:1510,441.92,486.4,38.83,19.87,0.48,0.0
20230606:1610,347.56,383.52,28.41,20.08,0.34,0.0
20230606:1710,241.5,270.9,18.12,19.67,0.34,0.0
20230606:1810,28.36,44.5,8.27,19.13,0.28,0.0
20230606:1910,0.0,0.0,0.0,16.78,0.83,0.0
20230606:2010,0.0,0.0,0.0,15.81,0.69,0.0
20230606:2110,0.0,0.0,0.0,14.81,0.83,0.0
20230606:2210,0.0,0.0,0.0,14.07,0.97,0.0
20230606:2310,0.0,0.0,0.0,13.83,1.03,0.0
20230607:0010,0.0,0.0,0.0,13.54,1.03,0.0
20230607:0110,0.0,0.0,0.0,13.37,0.9,0.0
20230607:0210,0.0,0.0,0.0,12.83,0.97,0.0
20230607:0310,0.0,0.0,0.0,12.87,0.83,0.0
20230607:0410,12.48,24.61,4.48,12.54,0.9,0.0
20230607:0510,35.22,51.12,14.05,13.21,0.62,0.0
20230607:0610,218.91,251.22,24.2,15.44,0.14,0.0
20230607:0710,351.97,392.82,34.6,16.85,0.41,0.0
20230607:0810,467.17,510.35,44.92,17.6,1.17,0.0
20230607:0910,555.65,607.27,54.61,18.13,1.03,0.0
20230607:1010,575.62,632.12,62.58,18.81,1.17,0.0
20230607:1110,654.75,720.37,66.71,19.43,1.45,0.0
20230607:1210,668.59,737.43,64.92,19.1,1.24,0.0
20230607:1310,578.71,637.35,58.22,19.18,1.03,0.0
20230607:1410,454.78,499.73,49.07,19.29,0.69,0.0
20230607:1510,538.99,594.19,38.93,19.29,0.41,0.0
20230607:1610,447.31,491.47,28.51,19.26,0.34,0.0
20230607:1710,309.43,342.79,18.22,18.8,0.28,0.0
20230607:1810,28.51,44.5,8.37,18.15,0.34,0.0
20230607:1910,0.0,0.0,0.0,18.08,0.14,0.0
20230607:2010,0.0,0.0,0.0,17.48,0.55,0.0
20230607:2110,0.0,0.0,0.0,16.32,0.48,0.0
20230607:2210,0.0,0.0,0.0,15.18,0.9,0.0
20230607:2310,0.0,0.0,0.0,14.23,1.1,0.0
20230608:0010,0.0,0.0,0.0,13.33,1.24,0.0
20230608:0110,0.0,0.0,0.0,12.41,1.17,0.0
20230608:0210,0.0,0.0,0.0,12.49,1.24,0.0
20230608:0310,0.0,0.0,0.0,11.58,1.24,0.0
20230608:0410,11.08,22.72,4.52,11.22,1.24,0.0
20230608:0510,76.15,93.72,14.09,11.67,1.17,0.0
20230608:0610,198.15,222.42,24.23,13.22,1.03,0.0
20230608:0710,263.48,290.29,34.63,16.15,0.62,0.0
20230608:0810,461.36,513.17,44.95,18.31,0.0,0.0
20230608:0910,554.51,615.45,54.65,19.41,0.41,0.0
20230608:1010,624.24,695.67,62.64,20.08,0.62,0.0
20230608:1110,664.77,744.3,66.8,20.91,0.83,0.0
20230608:1210,652.02,728.7,65.02,20.95,0.97,0.0
20230608:1310,653.92,731.06,58.32,20.85,0.83,0.0
20230608:1410,629.23,699.49,49.17,20.38,0.76,0.0
20230608:1510,556.93,615.96,39.02,20.98,0.83,0.0
20230608:1610,457.95,504.71,28.6,20.72,0.69,0.0
20230608:1710,321.89,358.36,18.31,20.53,0.55,0.0
20230608:1810,30.66,47.34,8.47,20.09,0.14,0.0
20230608:1910,0.0,0.0,0.0,19.13,0.21,0.0
20230608:2010,0.0,0.0,0.0,17.93,0.69,0.0
20230608:2110,0.0,0.0,0.0,17.25,0.76,0.0
20230608:2210,0.0,0.0,0.0,16.02,0.9,0.0
20230608:2310,0.0,0.0,0.0,14.97,0.97,0.0
20230609:0010,0.0,0.0,0.0,13.81,1.03,0.0
20230609:0110,0.0,0.0,0.0,12.71,1.03,0.0
20230609:0210,0.0,0.0,0.0,12.73,1.1,0.0
20230609:0310,0.0,0.0,0.0,12.36,1.24,0.0
20230609:0410,8.87,19.88,4.56,11.98,1.24,0.0
20230609:0510,75.82,93.72,14.12,12.54,1.1,0.0
20230609:0610,242.91,281.79,24.25,14.41,0.83,0.0
20230609:0710,321.15,354.4,34.66,16.5,0.69,0.0
20230609:0810,447.47,496.16,44.98,18.71,0.28,0.0
20230609:0910,543.18,603.7,54.69,19.85,0.41,0.0
20230609:1010,585.76,649.36,62.7,20.69,1.1,0.0
20230609:1110,451.11,499.07,66.88,21.05,1.31,0.0
20230609:1210,224.48,253.33,65.12,21.31,1.38,0.0
20230609:1310,495.74,549.25,58.42,20.84,0.97,0.0
20230609:1410,472.82,524.93,49.26,21.53,0.76,0.0
20230609:1510,308.8,344.57,39.11,21.51,0.41,0.0
20230609:1610,147.02,172.47,28.69,21.24,0.34,0.0
20230609:1710,112.96,135.83,18.4,20.01,0.69,0.0
20230609:1810,19.64,34.08,8.56,18.42,0.34,0.0
20230609:1910,0.0,0.0,0.0,18.32,0.28,0.0
20230609:2010,0.0,0.0,0.0,17.73,0.48,0.0
20230609:2110,0.0,0.0,0.0,17.22,0.48,0.0
20230609:2210,0.0,0.0,0.0,16.82,0.21,0.0
20230609:2310,0.0,0.0,0.0,16.32,0.34,0.0
20230610:0010,0.0,0.0,0.0,15.51,0.48,0.0
20230610:0110,0.0,0.0,0.0,15.25,0.55,0.0
20230610:0210,0.0,0.0,0.0,14.86,0.55,0.0
20230610:0310,0.0,0.0,0.0,14.86,0.41,0.0
20230610:0410,13.07,25.56,4.59,14.74,0.48,0.0
20230610:0510,72.04,90.88,14.14,15.03,0.34,0.0
20230610:0610,82.6,101.92,24.27,15.11,0.28,0.0
20230610:0710,159.38,181.92,34.68,17.07,0.83,0.0
20230610:0810,172.99,196.07,45.0,17.34,0.9,0.0
20230610:0910,296.69,325.59,54.72,17.77,0.97,0.0
20230610:1010,324.29,355.7,62.75,17.96,0.83,0.0
20230610:1110,432.46,476.02,66.95,18.46,0.55,0.0
20230610:1210,575.57,645.38,65.21,19.72,0.21,0.0
20230610:1310,404.1,450.18,58.51,21.02,0.41,0.0
20230610:1410,576.07,642.68,49.34,21.92,0.83,0.0
20230610:1510,513.83,572.09,39.2,21.97,0.55,0.0
20230610:1610,281.88,315.24,28.78,21.75,0.41,0.0
20230610:1710,224.38,255.42,18.49,21.65,0.0,0.0
20230610:1810,28.07,44.5,8.65,21.05,0.34,0.0
20230610:1910,0.0,0.0,0.0,18.31,0.76,0.0
20230610:2010,0.0,0.0,0.0,16.67,0.83,0.0
20230610:2110,0.0,0.0,0.0,15.89,1.1,0.0
20230610:2210,0.0,0.0,0.0,15.27,0.97,0.0
20230610:2310,0.0,0.0,0.0,14.82,0.97,0.0
20230611:0010,0.0,0.0,0.0,14.38,1.17,0.0
20230611:0110,0.0,0.0,0.0,13.78,1.17,0.0
20230611:0210,0.0,0.0,0.0,13.3,1.24,0.0
20230611:0310,0.0,0.0,0.0,12.88,1.31,0.0
20230611:0410,13.25,25.56,4.62,12.35,1.24,0.0
20230611:0510,58.39,75.74,14.16,12.72,1.17,0.0
20230611:0610,251.04,291.51,24.29,14.19,0.97,0.0
20230611:0710,358.59,405.7,34.69,18.63,0.14,0.0
20230611:0810,454.92,505.89,45.02,19.97,0.55,0.0
20230611:0910,507.09,562.47,54.74,20.95,0.97,0.0
20230611:1010,535.96,596.39,62.79,21.78,1.24,0.0
20230611:1110,614.57,686.05,67.02,22.43,1.45,0.0
20230611:1210,666.31,743.75,65.29,22.4,1.52,0.0
20230611:1310,652.59,735.54,58.6,22.51,0.83,0.0
20230611:1410,528.79,588.49,49.43,22.02,0.9,0.0
20230611:1510,412.94,450.27,39.28,19.83,1.38,0.0
20230611:1610,253.13,280.55,28.86,19.79,1.31,0.0
20230611:1710,10.24,22.32,18.57,20.11,0.97,0.0
20230611:1810,2.84,11.36,8.73,19.28,0.48,0.0
20230611:1910,0.0,0.0,0.0,17.37,1.38,0.0
20230611:2010,0.0,0.0,0.0,16.71,1.24,0.0
20230611:2110,0.0,0.0,0.0,16.1,1.31,0.0
20230611:2210,0.0,0.0,0.0,15.7,1.52,0.0
20230611:2310,0.0,0.0,0.0,15.43,1.45,0.0
20230612:0010,0.0,0.0,0.0,15.39,1.38,0.0
20230612:0110,0.0,0.0,0.0,14.54,1.45,0.0
20230612:0210,0.0,0.0,0.0,14.21,1.31,0.0
20230612:0310,0.0,0.0,0.0,14.35,1.31,0.0
20230612:0410,13.09,25.56,4.64,14.6,1.24,0.0
20230612:0510,59.52,77.63,14.17,14.99,1.1,0.0
20230612:0610,238.83,276.99,24.3,16.28,0.97,0.0
20230612:0710,364.72,410.7,34.7,17.9,0.28,0.0
20230612:0810,470.2,518.86,45.03,18.78,0.76,0.0
20230612:0910,0.0,0.0,0.0,19.08,0.97,0.0
20230612:1010,625.29,694.72,62.83,19.96,0.76,0.0
20230612:1110,651.77,729.29,67.08,20.66,0.76,0.0
20230612:1210,658.6,736.81,65.37,21.08,0.97,0.0
20230612:1310,626.86,702.06,58.68,21.65,0.9,0.0
20230612:1410,626.21,699.35,49.51,21.31,0.76,0.0
20230612:1510,470.96,524.46,39.36,20.92,0.07,0.0
20230612:1610,272.41,303.59,28.94,20.77,0.48,0.0
20230612:1710,71.23,91.97,18.65,20.41,0.83,0.0
20230612:1810,1.27,8.52,8.81,18.67,0.62,0.0
20230612:1910,0.0,0.0,0.0,17.12,0.55,0.0
20230612:2010,0.0,0.0,0.0,16.56,1.1,0.0
20230612:2110,0.0,0.0,0.0,16.16,1.31,0.0
20230612:2210,0.0,0.0,0.0,15.81,1.17,0.0
20230612:2310,0.0,0.0,0.0,15.8,1.1,0.0
20230613:0010,0.0,0.0,0.0,15.9,0.97,0.0
20230613:0110,0.0,0.0,0.0,15.77,0.83,0.0
20230613:0210,0.0,0.0,0.0,15.43,0.55,0.0
20230613:0310,0.0,0.0,0.0,15.34,0.9,0.0
20230613:0410,0.0,3.79,4.65,15.18,1.1,0.0
20230613:0510,6.0,16.09,14.18,15.25,1.38,0.0
20230613:0610,17.44,31.06,24.3,15.6,1.24,0.0
20230613:0710,33.39,49.5,34.7,15.57,1.72,0.0
20230613:0810,74.02,93.18,45.04,16.11,1.45,0.0
20230613:0910,148.15,169.86,54.78,16.7,1.17,0.0
20230613:1010,169.45,192.18,62.86,17.46,1.38,0.0
20230613:1110,232.39,258.19,67.14,18.06,1.1,0.0
20230613:1210,312.52,344.11,65.44,18.8,0.97,0.0
20230613:1310,564.9,622.79,58.75,19.15,0.9,0.0
20230613:1410,544.98,600.39,49.58,19.49,0.76,0.0
20230613:1510,444.85,486.21,39.43,19.01,0.69,0.0
20230613:1610,387.37,422.7,29.01,18.88,0.69,0.0
20230613:1710,84.35,105.13,18.72,18.63,0.83,0.0
20230613:1810,36.11,53.02,8.89,17.68,0.69,0.0
20230613:1910,0.0,0.0,0.0,17.3,0.9,0.0
20230613:2010,0.0,0.0,0.0,16.43,0.76,0.0
20230613:2110,0.0,0.0,0.0,15.94,0.48,0.0
20230613:2210,0.0,0.0,0.0,15.65,0.55,0.0
20230613:2310,0.0,0.0,0.0,15.73,0.62,0.0
20230614:0010,0.0,0.0,0.0,15.44,0.69,0.0
20230614:0110,0.0,0.0,0.0,15.19,0.69,0.0
20230614:0210,0.0,0.0,0.0,15.06,0.62,0.0
20230614:0310,0.0,0.0,0.0,15.23,0.55,0.0
20230614:0410,0.0,3.79,4.66,14.97,0.41,0.0
20230614:0510,39.14,55.86,14.19,15.1,0.14,0.0
20230614:0610,226.3,261.02,24.3,16.17,0.21,0.0
20230614:0710,273.38,301.06,34.7,15.77,0.28,0.0
20230614:0810,284.0,310.54,45.04,15.79,0.41,0.0
20230614:0910,518.16,562.98,54.78,15.98,0.69,0.0
20230614:1010,601.49,656.15,62.88,16.11,0.69,0.0
20230614:1110,633.5,694.26,67.19,16.79,0.83,0.0
20230614:1210,566.08,620.32,65.51,17.65,0.97,0.0
20230614:1310,613.56,676.35,58.82,18.0,0.69,0.0
20230614:1410,574.45,631.87,49.65,18.45,0.62,0.0
20230614:1510,496.41,543.43,39.5,18.91,0.62,0.0
20230614:1610,494.01,539.2,29.08,18.31,0.62,0.0
20230614:1710,362.8,397.73,18.8,17.98,0.62,0.0
20230614:1810,19.71,34.08,8.96,17.8,0.69,0.0
20230614:1910,0.0,0.0,0.0,17.83,0.83,0.0
20230614:2010,0.0,0.0,0.0,16.02,1.17,0.0
20230614:2110,0.0,0.0,0.0,14.91,1.1,0.0
20230614:2210,0.0,0.0,0.0,14.49,0.97,0.0
20230614:2310,0.0,0.0,0.0,14.07,1.1,0.0
20230615:0010,0.0,0.0,0.0,13.63,1.1,0.0
20230615:0110,0.0,0.0,0.0,13.76,0.97,0.0
20230615:0210,0.0,0.0,0.0,13.41,1.03,0.0
20230615:0310,0.0,0.0,0.0,13.54,0.97,0.0
20230615:0410,13.15,25.56,4.66,13.71,0.76,0.0
20230615:0510,58.69,76.68,14.18,14.56,0.55,0.0
20230615:0610,250.51,292.98,24.3,15.61,0.41,0.0
20230615:0710,364.1,406.0,34.7,16.74,0.48,0.0
20230615:0810,471.27,520.18,45.04,18.33,0.55,0.0
20230615:0910,566.7,626.0,54.79,19.6,0.83,0.0
20230615:1010,622.44,691.11,62.9,20.44,0.97,0.0
20230615:1110,666.15,742.64,67.23,21.3,1.24,0.0
20230615:1210,668.46,744.31,65.57,21.47,1.45,0.0
20230615:1310,678.86,755.16,58.89,22.1,1.66,0.0
20230615:1410,619.48,687.29,49.72,22.24,1.52,0.0
20230615:1510,547.6,603.17,39.57,22.15,1.59,0.0
20230615:1610,250.83,279.36,29.15,20.05,0.76,0.0
20230615:1710,115.42,137.78,18.86,19.39,1.31,0.0
20230615:1810,38.58,55.86,9.02,18.29,1.66,0.0
20230615:1910,0.0,0.0,0.0,18.03,0.9,0.0
20230615:2010,0.0,0.0,0.0,16.46,0.97,0.0
20230615:2110,0.0,0.0,0.0,15.69,1.03,0.0
20230615:2210,0.0,0.0,0.0,15.41,0.97,0.0
20230615:2310,0.0,0.0,0.0,14.59,1.03,0.0
20230616:0010,0.0,0.0,0.0,13.9,1.1,0.0
20230616:0110,0.0,0.0,0.0,13.36,1.1,0.0
20230616:0210,0.0,0.0,0.0,13.06,1.1,0.0
20230616:0310,0.0,0.0,0.0,12.45,1.17,0.0
20230616:0410,12.5,24.61,4.66,12.3,1.17,0.0
20230616:0510,54.66,71.95,14.18,13.07,0.9,0.0
20230616:0610,250.06,292.15,24.29,16.38,0.76,0.0
20230616:0710,364.64,410.24,34.69,18.21,0.34,0.0
20230616:0810,470.65,522.64,45.03,19.7,0.62,0.0
20230616:0910,562.38,625.42,54.79,20.73,0.76,0.0
20230616:1010,631.77,707.14,62.91,21.84,0.97,0.0
20230616:1110,680.24,765.7,67.26,22.7,1.17,0.0
20230616:1210,700.53,791.22,65.62,23.38,1.31,0.0
20230616:1310,696.36,786.38,58.95,23.98,1.45,0.0
20230616:1410,645.91,725.73,49.78,24.33,1.52,0.0
20230616:1510,593.44,663.0,39.63,24.22,1.52,0.0
20230616:1610,456.32,507.49,29.21,23.68,1.17,0.0
20230616:1710,336.87,377.78,18.92,23.23,0.97,0.0
20230616:1810,35.37,53.02,9.09,21.71,0.83,0.0
20230616:1910,0.0,0.0,0.0,20.26,1.17,0.0
20230616:2010,0.0,0.0,0.0,18.87,1.31,0.0
20230616:2110,0.0,0.0,0.0,17.77,1.45,0.0
20230616:2210,0.0,0.0,0.0,17.51,1.38,0.0
20230616:2310,0.0,0.0,0.0,17.36,1.24,0.0
20230617:0010,0.0,0.0,0.0,16.56,1.24,0.0
20230617:0110,0.0,0.0,0.0,15.48,1.31,0.0
20230617:0210,0.0,0.0,0.0,13.96,1.38,0.0
20230617:0310,0.0,0.0,0.0,12.79,1.45,0.0
20230617:0410,0.87,7.57,4.65,12.05,1.52,0.0
20230617:0510,72.17,89.94,14.17,12.53,1.38,0.0
20230617:0610,225.82,258.35,24.27,16.37,1.03,0.0
20230617:0710,359.39,405.65,34.67,18.78,0.21,0.0
20230617:0810,467.7,522.15,45.01,20.44,0.48,0.0
20230617:0910,559.24,625.6,54.78,21.5,0.62,0.0
20230617:1010,622.21,701.51,62.91,22.46,0.69,0.0
20230617:1110,672.88,762.7,67.29,23.2,0.9,0.0
20230617:1210,701.59,794.73,65.67,23.45,1.17,0.0
20230617:1310,671.88,758.35,59.0,23.65,1.24,0.0
20230617:1410,633.88,711.66,49.84,23.78,1.31,0.0
20230617:1510,576.04,642.7,39.69,23.69,1.31,0.0
20230617:1610,422.49,469.59,29.27,23.37,1.03,0.0
20230617:1710,305.38,343.21,18.98,22.98,0.76,0.0
20230617:1810,37.85,55.86,9.14,21.78,0.69,0.0
20230617:1910,0.0,0.0,0.0,22.04,0.48,0.0
20230617:2010,0.0,0.0,0.0,20.91,0.76,0.0
20230617:2110,0.0,0.0,0.0,18.75,1.03,0.0
20230617:2210,0.0,0.0,0.0,17.55,1.17,0.0
20230617:2310,0.0,0.0,0.0,17.09,1.17,0.0
20230618:0010,0.0,0.0,0.0,16.67,1.1,0.0
20230618:0110,0.0,0.0,0.0,16.38,1.03,0.0
20230618:0210,0.0,0.0,0.0,15.78,1.03,0.0
20230618:0310,0.0,0.0,0.0,14.55,1.24,0.0
20230618:0410,11.68,23.67,4.64,13.41,1.31,0.0
20230618:0510,73.49,91.83,14.15,13.86,1.1,0.0
20230618:0610,227.1,263.58,24.25,17.94,0.83,0.0
20230618:0710,335.59,377.62,34.65,19.7,0.48,0.0
20230618:0810,447.02,502.8,44.99,21.26,0.14,0.0
20230618:0910,540.8,607.89,54.76,22.11,0.41,0.0
20230618:1010,612.09,688.72,62.91,22.62,0.76,0.0
20230618:1110,654.69,737.32,67.31,23.33,1.17,0.0
20230618:1210,639.74,719.43,65.71,23.7,1.45,0.0
20230618:1310,653.6,734.11,59.05,23.52,1.38,0.0
20230618:1410,618.34,690.88,49.89,23.38,1.38,0.0
20230618:1510,553.43,615.93,39.74,23.04,1.1,0.0
20230618:1610,233.02,263.09,29.32,21.94,0.69,0.0
20230618:1710,144.92,170.25,19.03,21.49,0.62,0.0
20230618:1810,3.36,12.31,9.19,21.13,0.69,0.0
20230618:1910,0.0,0.0,0.0,20.13,1.1,0.0
20230618:2010,0.0,0.0,0.0,19.0,1.1,0.0
20230618:2110,0.0,0.0,0.0,18.27,1.24,0.0
20230618:2210,0.0,0.0,0.0,18.02,1.17,0.0
20230618:2310,0.0,0.0,0.0,17.75,1.1,0.0
20230619:0010,0.0,0.0,0.0,17.56,0.97,0.0
20230619:0110,0.0,0.0,0.0,17.05,0.97,0.0
20230619:0210,0.0,0.0,0.0,16.0,1.17,0.0
20230619:0310,0.0,0.0,0.0,15.28,1.17,0.0
20230619:0410,0.84,7.57,4.62,15.13,1.1,0.0
20230619:0510,67.32,86.15,14.13,15.84,0.9,0.0
20230619:0610,234.13,274.01,24.23,18.11,0.76,0.0
20230619:0710,355.94,403.77,34.63,20.07,0.48,0.0
20230619:0810,455.91,510.14,44.97,21.62,0.69,0.0
20230619:0910,548.72,611.44,54.75,22.41,1.1,0.0
20230619:1010,611.91,689.0,62.9,23.26,0.9,0.0
20230619:1110,650.01,737.36,67.32,24.19,0.97,0.0
20230619:1210,629.79,711.7,65.74,24.6,1.38,0.0
20230619:1310,525.94,589.97,59.09,24.61,1.59,0.0
20230619:1410,502.71,561.17,49.94,24.1,1.45,0.0
20230619:1510,57.95,78.62,39.79,23.4,1.17,0.0
20230619:1610,417.57,461.13,29.37,21.6,0.76,0.0
20230619:1710,326.1,361.93,19.08,21.48,1.24,0.0
20230619:1810,37.15,54.91,9.24,21.21,1.17,0.0
20230619:1910,0.0,0.0,0.0,19.96,1.1,0.0
20230619:2010,0.0,0.0,0.0,18.75,1.24,0.0
20230619:2110,0.0,0.0,0.0,17.95,1.24,0.0
20230619:2210,0.0,0.0,0.0,17.55,1.17,0.0
20230619:2310,0.0,0.0,0.0,16.99,1.17,0.0
20230620:0010,0.0,0.0,0.0,16.52,1.24,0.0
20230620:0110,0.0,0.0,0.0,16.26,1.17,0.0
20230620:0210,0.0,0.0,0.0,16.08,1.17,0.0
20230620:0310,0.0,0.0,0.0,15.78,1.17,0.0
20230620:0410,3.5,12.31,4.6,15.55,1.17,0.0
20230620:0510,55.52,73.84,14.1,16.45,1.03,0.0
20230620:0610,210.57,244.03,24.2,18.72,0.69,0.0
20230620:0710,340.34,383.53,34.6,20.51,0.97,0.0
20230620:0810,414.18,463.78,44.94,22.07,0.69,0.0
20230620:0910,510.08,573.5,54.72,23.04,0.69,0.0
20230620:1010,579.18,656.52,62.89,23.96,0.69,0.0
20230620:1110,613.62,699.86,67.33,24.69,0.76,0.0
20230620:1210,562.48,640.32,65.77,25.05,0.9,0.0
20230620:1310,423.79,479.43,59.13,25.31,0.97,0.0
20230620:1410,555.73,628.72,49.98,25.43,1.03,0.0
20230620:1510,457.4,513.45,39.83,25.33,1.1,0.0
20230620:1610,398.14,445.61,29.41,25.13,1.17,0.0
20230620:1710,337.6,379.4,19.13,24.32,1.31,0.0
20230620:1810,34.27,52.07,9.28,23.33,1.31,0.0
20230620:1910,0.0,0.0,0.0,21.43,1.1,0.0
20230620:2010,0.0,0.0,0.0,20.32,1.1,0.0
20230620:2110,0.0,0.0,0.0,19.38,1.1,0.0
20230620:2210,0.0,0.0,0.0,18.48,1.24,0.0
20230620:2310,0.0,0.0,0.0,18.08,1.17,0.0
20230621:0010,0.0,0.0,0.0,17.68,1.17,0.0
20230621:0110,0.0,0.0,0.0,17.19,1.17,0.0
20230621:0210,0.0,0.0,0.0,16.27,1.24,0.0
20230621:0310,0.0,0.0,0.0,15.94,1.24,0.0
20230621:0410,11.56,23.67,4.57,15.24,1.31,0.0
20230621:0510,74.65,93.72,14.07,15.69,1.17,0.0
20230621:0610,228.29,266.75,24.17,18.99,0.83,0.0
20230621:0710,332.83,376.2,34.56,20.84,0.62,0.0
20230621:0810,419.5,471.03,44.91,22.73,0.76,0.0
20230621:0910,500.61,567.25,54.69,24.16,0.55,0.0
20230621:1010,573.0,655.3,62.87,25.44,0.62,0.0
20230621:1110,615.96,706.11,67.33,26.28,0.97,0.0
20230621:1210,575.63,662.61,65.79,26.83,0.83,0.0
20230621:1310,520.55,595.31,59.17,27.24,1.1,0.0
20230621:1410,438.61,499.9,50.02,27.31,0.97,0.0
20230621:1510,321.83,366.05,39.87,27.02,1.17,0.0
20230621:1610,371.06,419.2,29.45,26.6,1.03,0.0
20230621:1710,339.49,386.54,19.16,25.84,0.62,0.0
20230621:1810,36.31,54.91,9.32,25.36,0.48,0.0
20230621:1910,0.0,0.0,0.0,24.63,0.69,0.0
20230621:2010,0.0,0.0,0.0,24.33,0.41,0.0
20230621:2110,0.0,0.0,0.0,23.39,0.69,0.0
20230621:2210,0.0,0.0,0.0,22.08,0.9,0.0
20230621:2310,0.0,0.0,0.0,20.34,1.17,0.0
20230622:0010,0.0,0.0,0.0,19.16,1.31,0.0
20230622:0110,0.0,0.0,0.0,18.46,1.31,0.0
20230622:0210,0.0,0.0,0.0,18.01,1.38,0.0
20230622:0310,0.0,0.0,0.0,17.81,1.38,0.0
20230622:0410,9.97,21.77,4.54,17.73,1.38,0.0
20230622:0510,44.6,62.48,14.03,18.15,1.24,0.0
20230622:0610,226.24,268.81,24.13,21.61,0.76,0.0
20230622:0710,302.89,345.29,34.52,23.7,0.9,0.0
20230622:0810,397.95,453.55,44.87,24.9,0.34,0.0
20230622:0910,520.85,597.65,54.66,25.92,0.28,0.0
20230622:1010,586.41,671.09,62.84,26.79,0.97,0.0
20230622:1110,639.52,736.29,67.32,27.39,1.03,0.0
20230622:1210,617.12,713.53,65.8,27.92,0.97,0.0
20230622:1310,436.2,498.34,59.19,28.38,1.52,0.0
20230622:1410,352.82,403.25,50.05,28.61,1.59,0.0
20230622:1510,392.93,445.95,39.91,28.41,1.66,0.0
20230622:1610,183.52,216.21,29.49,28.1,1.59,0.0
20230622:1710,27.28,44.65,19.2,27.45,0.97,0.0
20230622:1810,37.67,56.8,9.35,26.89,0.9,0.0
20230622:1910,0.0,0.0,0.0,23.98,0.76,0.0
20230622:2010,0.0,0.0,0.0,22.55,1.03,0.0
20230622:2110,0.0,0.0,0.0,20.51,1.24,0.0
20230622:2210,0.0,0.0,0.0,20.16,1.17,0.0
20230622:2310,0.0,0.0,0.0,19.23,1.31,0.0
20230623:0010,0.0,0.0,0.0,18.4,1.45,0.0
20230623:0110,0.0,0.0,0.0,17.65,1.59,0.0
20230623:0210,0.0,0.0,0.0,17.44,1.59,0.0
20230623:0310,0.0,0.0,0.0,17.24,1.52,0.0
20230623:0410,11.46,23.67,4.5,16.72,1.31,0.0
20230623:0510,74.94,94.67,13.99,17.34,1.17,0.0
20230623:0610,240.71,284.44,24.09,19.64,1.31,0.0
20230623:0710,368.6,417.38,34.48,21.64,1.79,0.0
20230623:0810,474.09,526.0,44.83,23.3,2.55,0.0
20230623:0910,569.75,626.51,54.62,24.1,3.38,0.0
20230623:1010,641.76,706.66,62.81,24.67,3.59,0.0
20230623:1110,689.56,763.59,67.3,25.25,3.52,0.0
20230623:1210,711.81,792.99,65.81,25.92,3.38,0.0
20230623:1310,701.08,782.38,59.22,26.33,3.31,0.0
20230623:1410,654.93,728.87,50.08,26.65,3.38,0.0
20230623:1510,593.31,657.13,39.94,26.39,3.38,0.0
20230623:1610,462.28,510.6,29.52,25.78,3.24,0.0
20230623:1710,342.79,381.4,19.23,24.79,3.38,0.0
20230623:1810,36.76,54.91,9.38,23.55,3.03,0.0
20230623:1910,0.0,0.0,0.0,22.53,2.97,0.0
20230623:2010,0.0,0.0,0.0,21.38,2.9,0.0
20230623:2110,0.0,0.0,0.0,20.36,2.83,0.0
20230623:2210,0.0,0.0,0.0,19.35,2.69,0.0
20230623:2310,0.0,0.0,0.0,18.41,2.55,0.0
20230624:0010,0.0,0.0,0.0,17.39,2.34,0.0
20230624:0110,0.0,0.0,0.0,16.65,2.28,0.0
20230624:0210,0.0,0.0,0.0,15.91,2.14,0.0
20230624:0310,0.0,0.0,0.0,15.12,2.0,0.0
20230624:0410,10.88,22.72,4.45,14.5,1.86,0.0
20230624:0510,48.86,66.27,13.95,15.04,1.66,0.0
20230624:0610,254.68,301.21,24.04,18.22,1.38,0.0
20230624:0710,369.01,414.2,34.44,20.46,2.21,0.0
20230624:0810,467.16,517.75,44.79,21.83,1.79,0.0
20230624:0910,560.26,626.91,54.58,23.13,1.17,0.0
20230624:1010,617.45,704.13,62.78,24.24,0.55,0.0
20230624:1110,656.01,763.82,67.28,25.2,0.07,0.0
20230624:1210,678.31,789.77,65.81,26.12,0.41,0.0
20230624:1310,683.02,786.23,59.23,26.67,1.1,0.0
20230624:1410,642.53,733.18,50.1,27.13,1.45,0.0
20230624:1510,584.23,662.05,39.96,27.09,1.52,0.0
20230624:1610,468.57,528.77,29.55,26.99,1.38,0.0
20230624:1710,352.84,400.73,19.25,26.38,1.17,0.0
20230624:1810,33.11,51.12,9.4,25.18,0.97,0.0
20230624:1910,0.0,0.0,0.0,23.74,1.31,0.0
20230624:2010,0.0,0.0,0.0,22.22,1.52,0.0
20230624:2110,0.0,0.0,0.0,20.82,1.66,0.0
20230624:2210,0.0,0.0,0.0,21.37,1.31,0.0
20230624:2310,0.0,0.0,0.0,21.43,0.97,0.0
20230625:0010,0.0,0.0,0.0,20.5,0.97,0.0
20230625:0110,0.0,0.0,0.0,20.03,0.9,0.0
20230625:0210,0.0,0.0,0.0,19.73,0.76,0.0
20230625:0310,0.0,0.0,0.0,19.21,0.76,0.0
20230625:0410,10.62,22.72,4.41,18.58,0.83,0.0
20230625:0510,47.79,66.27,13.9,19.1,0.62,0.0
20230625:0610,246.91,296.65,23.99,19.98,0.34,0.0
20230625:0710,357.88,408.99,34.38,21.16,0.41,0.0
20230625:0810,464.43,521.14,44.74,21.96,0.69,0.0
20230625:0910,547.92,615.74,54.53,22.62,0.62,0.0
20230625:1010,617.12,699.71,62.73,23.27,0.55,0.0
20230625:1110,657.76,753.21,67.25,23.98,0.48,0.0
20230625:1210,675.35,775.93,65.8,24.71,0.62,0.0
20230625:1310,668.23,772.06,59.24,25.45,0.48,0.0
20230625:1410,622.59,719.29,50.12,25.91,0.28,0.0
20230625:1510,565.6,648.11,39.99,25.82,0.28,0.0
20230625:1610,447.72,509.19,29.57,25.66,0.14,0.0
20230625:1710,336.49,383.28,19.27,25.39,0.34,0.0
20230625:1810,34.82,53.02,9.42,24.61,0.48,0.0
20230625:1910,0.0,0.0,0.0,24.13,0.48,0.0
20230625:2010,0.0,0.0,0.0,23.08,0.69,0.0
20230625:2110,0.0,0.0,0.0,22.54,0.69,0.0
20230625:2210,0.0,0.0,0.0,21.73,0.69,0.0
20230625:2310,0.0,0.0,0.0,21.02,0.76,0.0
20230626:0010,0.0,0.0,0.0,20.4,0.76,0.0
20230626:0110,0.0,0.0,0.0,19.42,0.9,0.0
20230626:0210,0.0,0.0,0.0,18.67,1.03,0.0
20230626:0310,0.0,0.0,0.0,18.17,1.03,0.0
20230626:0410,9.26,20.83,4.35,17.74,1.1,0.0
20230626:0510,50.97,69.11,13.84,16.9,0.83,0.0
20230626:0610,241.48,288.8,23.94,19.87,0.69,0.0
20230626:0710,349.08,401.58,34.33,22.44,0.34,0.0
20230626:0810,454.68,514.55,44.68,23.74,0.69,0.0
20230626:0910,540.98,612.67,54.47,24.84,0.83,0.0
20230626:1010,607.4,694.53,62.68,25.98,0.83,0.0
20230626:1110,650.86,750.76,67.22,26.77,0.83,0.0
20230626:1210,662.86,769.06,65.79,27.57,0.83,0.0
20230626:1310,663.75,768.33,59.25,27.98,1.03,0.0
20230626:1410,616.11,709.19,50.13,28.3,1.1,0.0
20230626:1510,555.28,638.31,40.0,28.65,0.9,0.0
20230626:1610,434.68,496.01,29.58,28.38,0.9,0.0
20230626:1710,300.47,346.33,19.29,27.5,0.34,0.0
20230626:1810,37.66,56.8,9.43,26.86,0.55,0.0
20230626:1910,0.0,0.0,0.0,24.63,1.17,0.0
20230626:2010,0.0,0.0,0.0,23.02,1.1,0.0
20230626:2110,0.0,0.0,0.0,22.73,0.97,0.0
20230626:2210,0.0,0.0,0.0,22.2,0.97,0.0
20230626:2310,0.0,0.0,0.0,21.29,1.03,0.0
20230627:0010,0.0,0.0,0.0,20.23,1.17,0.0
20230627:0110,0.0,0.0,0.0,19.48,1.24,0.0
20230627:0210,0.0,0.0,0.0,18.88,1.31,0.0
20230627:0310,0.0,0.0,0.0,18.52,1.38,0.0
20230627:0410,9.95,21.77,4.29,18.04,1.45,0.0
20230627:0510,71.85,91.83,13.78,18.47,1.31,0.0
20230627:0610,176.74,207.32,23.88,21.79,1.1,0.0
20230627:0710,307.02,350.06,34.27,22.94,0.55,0.0
20230627:0810,379.34,426.51,44.62,23.66,1.03,0.0
20230627:0910,489.16,552.67,54.42,24.38,0.83,0.0
20230627:1010,592.47,676.04,62.63,25.53,0.76,0.0
20230627:1110,631.67,728.85,67.18,26.43,0.62,0.0
20230627:1210,644.01,747.07,65.77,27.36,0.69,0.0
20230627:1310,617.31,716.26,59.25,27.68,0.62,0.0
20230627:1410,572.74,662.45,50.14,28.01,0.55,0.0
20230627:1510,507.04,579.87,40.01,28.05,0.83,0.0
20230627:1610,362.5,411.91,29.6,28.08,1.24,0.0
20230627:1710,212.75,247.51,19.3,27.45,1.31,0.0
20230627:1810,27.24,44.5,9.44,26.75,0.62,0.0
20230627:1910,0.0,0.0,0.0,24.68,1.1,0.0
20230627:2010,0.0,0.0,0.0,24.13,1.1,0.0
20230627:2110,0.0,0.0,0.0,22.94,1.31,0.0
20230627:2210,0.0,0.0,0.0,21.7,1.38,0.0
20230627:2310,0.0,0.0,0.0,22.47,0.97,0.0
20230628:0010,0.0,0.0,0.0,22.08,0.62,0.0
20230628:0110,0.0,0.0,0.0,20.83,0.55,0.0
20230628:0210,0.0,0.0,0.0,19.85,0.62,0.0
20230628:0310,0.0,0.0,0.0,19.07,0.62,0.0
20230628:0410,7.19,17.99,4.23,18.32,0.48,0.0
20230628:0510,62.94,82.36,13.72,18.09,0.34,0.0
20230628:0610,219.04,257.24,23.81,19.03,0.28,0.0
20230628:0710,314.32,356.54,34.21,20.57,0.0,0.0
20230628:0810,410.43,461.17,44.56,21.73,0.28,0.0
20230628:0910,502.41,567.81,54.35,22.88,0.28,0.0
20230628:1010,493.21,556.42,62.57,23.93,0.9,0.0
20230628:1110,350.57,392.36,67.13,24.14,1.93,0.0
20230628:1210,336.57,374.64,65.75,23.74,2.69,0.0
20230628:1310,588.11,649.71,59.24,23.46,2.62,0.0
20230628:1410,587.92,647.42,50.15,23.25,2.48,0.0
20230628:1510,496.55,547.5,40.02,22.93,1.72,0.0
20230628:1610,424.14,468.12,29.6,22.85,1.45,0.0
20230628:1710,133.99,159.1,19.3,22.4,1.24,0.0
20230628:1810,40.35,58.7,9.44,21.94,1.1,0.0
20230628:1910,0.0,0.0,0.0,21.15,1.38,0.0
20230628:2010,0.0,0.0,0.0,20.31,1.45,0.0
20230628:2110,0.0,0.0,0.0,19.74,1.52,0.0
20230628:2210,0.0,0.0,0.0,19.37,1.66,0.0
20230628:2310,0.0,0.0,0.0,18.86,1.31,0.0
20230629:0010,0.0,0.0,0.0,18.71,1.1,0.0
20230629:0110,0.0,0.0,0.0,18.43,0.9,0.0
20230629:0210,0.0,0.0,0.0,18.17,0.62,0.0
20230629:0310,0.0,0.0,0.0,17.9,0.28,0.0
20230629:0410,0.0,2.84,4.16,17.81,0.14,0.0
20230629:0510,15.82,29.35,13.65,17.98,0.07,0.0
20230629:0610,51.32,69.88,23.75,18.12,0.21,0.0
20230629:0710,163.71,187.48,34.14,18.07,0.48,0.0
20230629:0810,202.89,228.5,44.49,18.31,0.41,0.0
20230629:0910,399.92,439.63,54.29,18.44,0.55,0.0
20230629:1010,371.97,409.89,62.5,18.83,0.55,0.0
20230629:1110,491.77,543.44,67.07,19.19,0.69,0.0
20230629:1210,624.79,697.68,65.71,19.68,0.55,0.0
20230629:1310,656.84,740.03,59.23,20.34,0.28,0.0
20230629:1410,592.43,661.51,50.14,20.82,0.48,0.0
20230629:1510,263.83,294.87,40.02,21.0,0.83,0.0
20230629:1610,369.38,405.91,29.61,20.76,0.97,0.0
20230629:1710,56.07,75.71,19.3,20.59,0.83,0.0
20230629:1810,33.97,51.12,9.43,20.27,0.83,0.0
20230629:1910,0.0,0.0,0.0,20.03,1.17,0.0
20230629:2010,0.0,0.0,0.0,19.1,1.17,0.0
20230629:2110,0.0,0.0,0.0,18.56,1.1,0.0
20230629:2210,0.0,0.0,0.0,18.03,1.03,0.0
20230629:2310,0.0,0.0,0.0,18.36,0.83,0.0
20230630:0010,0.0,0.0,0.0,18.44,0.83,0.0
20230630:0110,0.0,0.0,0.0,17.67,1.03,0.0
20230630:0210,0.0,0.0,0.0,18.31,0.83,0.0
20230630:0310,0.0,0.0,0.0,18.36,0.69,0.0
20230630:0410,0.0,4.73,4.09,17.84,0.62,0.0
20230630:0510,49.02,67.22,13.58,17.62,0.55,0.0
20230630:0610,84.07,104.83,23.68,18.49,0.62,0.0
20230630:0710,81.4,101.92,34.07,18.17,0.48,0.0
20230630:0810,366.11,402.91,44.42,18.33,0.55,0.0
20230630:0910,171.02,195.09,54.21,18.57,0.9,0.0
20230630:1010,152.06,175.68,62.43,18.76,0.76,0.0
20230630:1110,0.0,0.0,0.0,19.37,0.83,0.0
20230630:1210,80.28,100.94,65.68,18.8,0.76,0.0
20230630:1310,98.7,120.36,59.21,18.95,0.69,0.0
20230630:1410,94.86,116.47,50.14,19.02,0.34,0.0
20230630:1510,83.55,104.83,40.02,19.7,0.55,0.0
20230630:1610,51.8,70.86,29.6,19.87,0.76,0.0
20230630:1710,28.48,44.65,19.3,19.38,1.17,0.0
20230630:1810,7.84,18.93,9.43,18.63,0.76,0.0
20230630:1910,0.0,0.0,0.0,16.59,0.83,0.0
20230630:2010,0.0,0.0,0.0,16.23,0.83,0.0
20230630:2110,0.0,0.0,0.0,15.91,0.9,0.0
20230630:2210,0.0,0.0,0.0,15.75,0.97,0.0
20230630:2310,0.0,0.0,0.0,15.87,0.9,0.0
20230701:0010,0.0,0.0,0.0,15.88,0.62,0.0
20230701:0110,0.0,0.0,0.0,15.7,0.62,0.0
20230701:0210,0.0,0.0,0.0,15.51,0.48,0.0
20230701:0310,0.0,0.0,0.0,15.54,0.48,0.0
20230701:0410,0.0,2.84,4.01,15.63,0.48,0.0
20230701:0510,17.61,31.24,13.51,15.28,0.62,0.0
20230701:0610,222.36,259.82,23.6,17.15,0.62,0.0
20230701:0710,329.61,369.64,33.99,18.27,0.41,0.0
20230701:0810,433.1,479.54,44.34,19.35,0.62,0.0
20230701:0910,479.45,534.13,54.14,20.89,0.55,0.0
20230701:1010,497.13,557.73,62.36,21.9,0.55,0.0
20230701:1110,592.39,667.59,66.94,22.72,0.83,0.0
20230701:1210,602.92,680.35,65.63,23.7,1.1,0.0
20230701:1310,640.67,718.93,59.18,24.12,1.59,0.0
20230701:1410,618.32,687.07,50.12,23.97,2.0,0.0
20230701:1510,498.64,551.23,40.01,23.87,1.93,0.0
20230701:1610,453.17,501.11,29.59,23.21,1.45,0.0
20230701:1710,339.27,379.79,19.29,22.83,0.9,0.0
20230701:1810,33.6,51.12,9.41,22.27,0.48,0.0
20230701:1910,0.0,0.0,0.0,21.61,0.21,0.0
20230701:2010,0.0,0.0,0.0,21.27,0.28,0.0
20230701:2110,0.0,0.0,0.0,20.82,0.41,0.0
20230701:2210,0.0,0.0,0.0,20.27,0.55,0.0
20230701:2310,0.0,0.0,0.0,17.6,0.83,0.0
20230702:0010,0.0,0.0,0.0,15.66,0.9,0.0
20230702:0110,0.0,0.0,0.0,15.3,0.9,0.0
20230702:0210,0.0,0.0,0.0,15.05,0.9,0.0
20230702:0310,0.0,0.0,0.0,14.77,0.97,0.0
20230702:0410,5.37,15.15,3.93,14.49,1.03,0.0
20230702:0510,53.98,71.95,13.43,15.54,0.83,0.0
20230702:0610,237.54,283.24,23.52,17.42,0.55,0.0
20230702:0710,341.24,387.81,33.92,19.79,0.34,0.0
20230702:0810,430.29,481.0,44.27,21.08,0.55,0.0
20230702:0910,523.11,586.92,54.06,22.29,0.55,0.0
20230702:1010,583.67,657.88,62.27,23.2,0.76,0.0
20230702:1110,634.12,716.66,66.87,23.86,1.03,0.0
20230702:1210,635.27,718.34,65.58,24.35,1.24,0.0
20230702:1310,626.67,706.57,59.15,24.37,1.31,0.0
20230702:1410,529.95,595.13,50.1,24.51,1.17,0.0
20230702:1510,406.91,455.61,40.0,24.32,0.9,0.0
20230702:1610,142.92,170.1,29.58,24.26,0.9,0.0
20230702:1710,293.04,331.35,19.27,23.92,0.69,0.0
20230702:1810,33.42,51.12,9.39,23.27,0.41,0.0
20230702:1910,0.0,0.0,0.0,22.61,0.69,0.0
20230702:2010,0.0,0.0,0.0,22.04,0.62,0.0
20230702:2110,0.0,0.0,0.0,21.66,0.48,0.0
20230702:2210,0.0,0.0,0.0,21.0,0.28,0.0
20230702:2310,0.0,0.0,0.0,20.47,0.28,0.0
20230703:0010,0.0,0.0,0.0,19.95,0.34,0.0
20230703:0110,0.0,0.0,0.0,19.46,0.41,0.0
20230703:0210,0.0,0.0,0.0,19.31,0.48,0.0
20230703:0310,0.0,0.0,0.0,19.08,0.55,0.0
20230703:0410,0.0,2.84,3.85,18.52,0.69,0.0
20230703:0510,12.84,25.56,13.34,17.91,0.62,0.0
20230703:0610,163.52,190.22,23.44,18.82,0.76,0.0
20230703:0710,278.12,313.07,33.83,20.27,0.48,0.0
20230703:0810,322.55,358.87,44.18,20.33,0.55,0.0
20230703:0910,499.56,557.81,53.97,20.71,0.34,0.0
20230703:1010,586.23,662.42,62.19,21.83,0.21,0.0
20230703:1110,636.69,717.85,66.79,22.73,0.83,0.0
20230703:1210,569.61,640.83,65.52,23.49,1.17,0.0
20230703:1310,612.65,690.01,59.12,23.85,1.17,0.0
20230703:1410,391.47,438.68,50.08,24.36,1.24,0.0
20230703:1510,273.59,309.1,39.98,23.5,0.69,0.0
20230703:1610,335.47,372.37,29.56,22.6,1.1,0.0
20230703:1710,76.64,97.76,19.25,20.48,0.9,0.0
20230703:1810,1.76,9.47,9.37,19.71,1.31,0.0
20230703:1910,0.0,0.0,0.0,19.98,0.97,0.0
20230703:2010,0.0,0.0,0.0,19.89,0.41,0.0
20230703:2110,0.0,0.0,0.0,17.29,1.38,0.0
20230703:2210,0.0,0.0,0.0,16.46,0.97,0.0
20230703:2310,0.0,0.0,0.0,16.28,0.34,0.0
20230704:0010,0.0,0.0,0.0,15.91,0.62,0.0
20230704:0110,0.0,0.0,0.0,15.47,0.97,0.0
20230704:0210,0.0,0.0,0.0,14.84,0.9,0.0
20230704:0310,0.0,0.0,0.0,14.63,1.03,0.0
20230704:0410,8.03,18.93,3.76,14.7,0.83,0.0
20230704:0510,46.89,64.38,13.25,15.56,0.48,0.0
20230704:0610,161.6,186.27,23.35,16.52,0.48,0.0
20230704:0710,296.06,328.14,33.75,17.15,0.62,0.0
20230704:0810,430.98,475.99,44.1,18.08,0.34,0.0
20230704:0910,529.8,590.97,53.88,19.5,0.07,0.0
20230704:1010,585.99,652.85,62.09,20.35,0.62,0.0
20230704:1110,639.79,716.06,66.7,20.93,0.76,0.0
20230704:1210,649.41,725.51,65.45,21.86,1.24,0.0
20230704:1310,645.02,720.72,59.07,22.22,1.24,0.0
20230704:1410,535.32,600.87,50.05,21.51,0.21,0.0
20230704:1510,488.49,535.82,39.96,20.05,0.9,0.0
20230704:1610,448.18,486.8,29.54,19.39,1.38,0.0
20230704:1710,162.5,186.66,19.23,19.41,1.1,0.0
20230704:1810,31.63,48.28,9.33,19.44,1.03,0.0
20230704:1910,0.0,0.0,0.0,18.19,1.31,0.0
20230704:2010,0.0,0.0,0.0,17.78,1.24,0.0
20230704:2110,0.0,0.0,0.0,17.26,1.1,0.0
20230704:2210,0.0,0.0,0.0,16.52,1.31,0.0
20230704:2310,0.0,0.0,0.0,15.86,1.24,0.0
20230705:0010,0.0,0.0,0.0,15.68,1.03,0.0
20230705:0110,0.0,0.0,0.0,15.12,1.1,0.0
20230705:0210,0.0,0.0,0.0,15.51,1.24,0.0
20230705:0310,0.0,0.0,0.0,15.8,1.24,0.0
20230705:0410,5.34,15.15,3.66,15.63,0.97,0.0
20230705:0510,67.94,87.1,13.16,16.58,0.69,0.0
20230705:0610,188.52,217.79,23.26,17.38,0.62,0.0
20230705:0710,0.0,0.0,0.0,17.84,0.28,0.0
20230705:0810,437.84,485.64,44.01,18.43,0.21,0.0
20230705:0910,539.97,598.16,53.79,18.57,0.21,0.0
20230705:1010,607.31,679.45,62.0,19.43,0.14,0.0
20230705:1110,659.06,739.12,66.6,20.43,0.55,0.0
20230705:1210,664.38,749.74,65.38,21.43,0.55,0.0
20230705:1310,191.04,219.36,59.02,21.83,0.62,0.0
20230705:1410,51.99,71.83,50.02,22.23,0.07,0.0
20230705:1510,435.2,482.45,39.93,21.67,0.62,0.0
20230705:1610,103.78,127.15,29.51,21.78,0.83,0.0
20230705:1710,327.8,365.83,19.2,21.74,0.76,0.0
20230705:1810,39.61,57.75,9.3,21.32,0.55,0.0
20230705:1910,0.0,0.0,0.0,21.47,0.55,0.0
20230705:2010,0.0,0.0,0.0,20.64,0.76,0.0
20230705:2110,0.0,0.0,0.0,20.11,0.83,0.0
20230705:2210,0.0,0.0,0.0,19.46,0.97,0.0
20230705:2310,0.0,0.0,0.0,18.93,1.03,0.0
20230706:0010,0.0,0.0,0.0,18.74,1.03,0.0
20230706:0110,0.0,0.0,0.0,17.63,1.24,0.0
20230706:0210,0.0,0.0,0.0,16.87,1.31,0.0
20230706:0310,0.0,0.0,0.0,16.9,1.17,0.0
20230706:0410,4.05,13.25,3.57,17.14,0.97,0.0
20230706:0510,67.95,87.1,13.07,16.73,1.1,0.0
20230706:0610,213.77,250.28,23.17,17.64,1.24,0.0
20230706:0710,280.96,311.64,33.57,18.33,1.38,0.0
20230706:0810,347.69,381.86,43.91,18.86,1.17,0.0
20230706:0910,530.55,580.25,53.69,18.9,1.24,0.0
20230706:1010,601.78,662.13,61.89,19.35,1.1,0.0
20230706:1110,644.06,714.83,66.5,19.79,0.9,0.0
20230706:1210,364.81,401.9,65.3,19.55,0.97,0.0
20230706:1310,79.22,99.97,58.97,19.43,1.38,0.0
20230706:1410,502.59,545.6,49.97,18.27,1.38,0.0
20230706:1510,486.71,530.84,39.89,18.56,0.76,0.0
20230706:1610,141.85,164.93,29.48,18.29,0.34,0.0
20230706:1710,343.65,377.2,19.16,18.5,0.83,0.0
20230706:1810,36.78,53.96,9.26,18.68,0.9,0.0
20230706:1910,0.0,0.0,0.0,18.85,0.76,0.0
20230706:2010,0.0,0.0,0.0,18.42,0.34,0.0
20230706:2110,0.0,0.0,0.0,17.41,0.83,0.0
20230706:2210,0.0,0.0,0.0,17.32,0.76,0.0
20230706:2310,0.0,0.0,0.0,16.78,0.83,0.0
20230707:0010,0.0,0.0,0.0,15.56,0.9,0.0
20230707:0110,0.0,0.0,0.0,14.08,0.97,0.0
20230707:0210,0.0,0.0,0.0,13.61,1.17,0.0
20230707:0310,0.0,0.0,0.0,13.37,1.24,0.0
20230707:0410,4.79,14.2,3.46,13.1,1.31,0.0
20230707:0510,47.34,64.38,12.97,13.88,1.17,0.0
20230707:0610,231.59,273.63,23.07,15.09,1.1,0.0
20230707:0710,344.7,391.17,33.47,18.87,0.55,0.0
20230707:0810,446.66,503.15,43.81,20.8,0.07,0.0
20230707:0910,539.77,604.2,53.59,21.86,0.62,0.0
20230707:1010,611.37,688.05,61.78,22.68,0.76,0.0
20230707:1110,662.9,749.09,66.4,23.47,1.03,0.0
20230707:1210,674.72,763.03,65.21,23.83,1.17,0.0
20230707:1310,673.25,760.58,58.91,24.21,1.31,0.0
20230707:1410,635.29,714.19,49.93,24.14,1.31,0.0
20230707:1510,556.57,623.24,39.85,24.0,1.03,0.0
20230707:1610,448.43,500.32,29.44,23.89,0.97,0.0
20230707:1710,297.58,335.51,19.12,23.57,0.9,0.0
20230707:1810,31.04,48.28,9.21,22.86,0.48,0.0
20230707:1910,0.0,0.0,0.0,21.44,0.55,0.0
20230707:2010,0.0,0.0,0.0,20.52,0.76,0.0
20230707:2110,0.0,0.0,0.0,20.17,0.69,0.0
20230707:2210,0.0,0.0,0.0,19.58,0.76,0.0
20230707:2310,0.0,0.0,0.0,19.09,0.76,0.0
20230708:0010,0.0,0.0,0.0,18.32,0.76,0.0
20230708:0110,0.0,0.0,0.0,17.33,1.17,0.0
20230708:0210,0.0,0.0,0.0,17.33,1.03,0.0
20230708:0310,0.0,0.0,0.0,17.2,1.17,0.0
20230708:0410,0.0,1.89,3.36,16.84,1.17,0.0
20230708:0510,43.9,61.54,12.86,17.34,0.97,0.0
20230708:0610,100.57,122.8,22.97,19.6,0.76,0.0
20230708:0710,282.37,316.91,33.37,19.69,0.76,0.0
20230708:0810,274.1,305.47,43.71,20.15,0.83,0.0
20230708:0910,415.89,459.71,53.48,20.4,0.97,0.0
20230708:1010,558.99,616.67,61.67,20.22,1.24,0.0
20230708:1110,618.46,684.62,66.28,21.19,1.52,0.0
20230708:1210,652.72,729.09,65.12,22.41,1.38,0.0
20230708:1310,642.75,727.33,58.84,23.52,0.83,0.0
20230708:1410,610.15,696.57,49.88,24.11,0.28,0.0
20230708:1510,546.18,617.58,39.81,24.2,0.41,0.0
20230708:1610,453.43,508.46,29.4,23.91,0.55,0.0
20230708:1710,331.0,373.11,19.07,23.7,0.76,0.0
20230708:1810,32.64,50.18,9.15,23.05,0.48,0.0
20230708:1910,0.0,0.0,0.0,22.02,0.83,0.0
20230708:2010,0.0,0.0,0.0,21.63,0.76,0.0
20230708:2110,0.0,0.0,0.0,20.87,0.76,0.0
20230708:2210,0.0,0.0,0.0,19.78,0.9,0.0
20230708:2310,0.0,0.0,0.0,19.03,0.97,0.0
20230709:0010,0.0,0.0,0.0,18.36,1.03,0.0
20230709:0110,0.0,0.0,0.0,17.01,1.17,0.0
20230709:0210,0.0,0.0,0.0,16.09,1.1,0.0
20230709:0310,0.0,0.0,0.0,16.36,1.24,0.0
20230709:0410,5.32,15.15,3.25,16.05,1.31,0.0
20230709:0510,43.29,60.59,12.76,16.28,1.24,0.0
20230709:0610,224.7,270.01,22.87,17.7,1.1,0.0
20230709:0710,337.16,386.48,33.27,21.14,0.83,0.0
20230709:0810,437.72,497.29,43.61,23.76,0.55,0.0
20230709:0910,523.94,599.18,53.37,25.33,0.34,0.0
20230709:1010,592.21,682.02,61.55,26.44,0.48,0.0
20230709:1110,639.7,739.79,66.16,27.3,0.76,0.0
20230709:1210,656.72,757.49,65.02,27.65,1.1,0.0
20230709:1310,652.06,751.98,58.76,27.8,1.1,0.0
20230709:1410,615.15,704.83,49.82,28.1,1.31,0.0
20230709:1510,541.81,619.13,39.76,28.09,1.03,0.0
20230709:1610,445.77,509.14,29.35,27.71,0.62,0.0
20230709:1710,340.56,391.67,19.02,27.38,0.55,0.0
20230709:1810,35.31,53.96,9.1,26.32,0.41,0.0
20230709:1910,0.0,0.0,0.0,25.77,0.41,0.0
20230709:2010,0.0,0.0,0.0,24.29,0.83,0.0
20230709:2110,0.0,0.0,0.0,23.61,0.76,0.0
20230709:2210,0.0,0.0,0.0,22.51,0.97,0.0
20230709:2310,0.0,0.0,0.0,21.46,1.03,0.0
20230710:0010,0.0,0.0,0.0,20.52,1.17,0.0
20230710:0110,0.0,0.0,0.0,19.91,1.1,0.0
20230710:0210,0.0,0.0,0.0,19.3,1.17,0.0
20230710:0310,0.0,0.0,0.0,18.86,1.17,0.0
20230710:0410,2.85,11.36,3.13,18.51,1.24,0.0
20230710:0510,50.53,69.11,12.65,18.7,1.17,0.0
20230710:0610,211.38,258.23,22.76,21.73,0.83,0.0
20230710:0710,321.07,375.08,33.16,24.49,0.48,0.0
20230710:0810,416.72,480.01,43.5,25.83,0.21,0.0
20230710:0910,513.29,591.49,53.26,26.75,0.28,0.0
20230710:1010,577.76,668.54,61.43,27.63,0.48,0.0
20230710:1110,626.16,727.75,66.04,28.31,0.69,0.0
20230710:1210,632.88,738.94,64.91,28.99,0.69,0.0
20230710:1310,627.44,736.25,58.68,29.08,0.41,0.0
20230710:1410,589.9,689.11,49.75,29.05,0.34,0.0
20230710:1510,522.94,606.17,39.7,29.08,0.34,0.0
20230710:1610,427.45,490.15,29.29,28.48,0.55,0.0
20230710:1710,299.98,345.7,18.96,27.44,0.55,0.0
20230710:1810,34.43,53.02,9.03,26.78,0.69,0.0
20230710:1910,0.0,0.0,0.0,26.98,0.55,0.0
20230710:2010,0.0,0.0,0.0,25.59,0.76,0.0
20230710:2110,0.0,0.0,0.0,24.19,0.9,0.0
20230710:2210,0.0,0.0,0.0,22.85,1.1,0.0
20230710:2310,0.0,0.0,0.0,22.53,1.03,0.0
20230711:0010,0.0,0.0,0.0,21.42,1.17,0.0
20230711:0110,0.0,0.0,0.0,20.98,1.24,0.0
20230711:0210,0.0,0.0,0.0,20.75,1.24,0.0
20230711:0310,0.0,0.0,0.0,20.66,1.24,0.0
20230711:0410,1.25,8.52,3.01,20.38,1.31,0.0
20230711:0510,27.36,43.55,12.53,20.57,1.17,0.0
20230711:0610,179.69,215.81,22.65,23.49,0.69,0.0
20230711:0710,288.29,333.95,33.05,24.77,0.41,0.0
20230711:0810,405.92,464.48,43.39,25.51,0.55,0.0
20230711:0910,507.58,580.82,53.14,26.13,0.48,0.0
20230711:1010,570.66,659.77,61.3,27.12,0.34,0.0
20230711:1110,606.99,702.39,65.91,27.73,0.69,0.0
20230711:1210,617.2,715.58,64.8,28.04,0.76,0.0
20230711:1310,604.8,703.71,58.6,28.37,0.55,0.0
20230711:1410,576.36,669.03,49.68,28.59,0.48,0.0
20230711:1510,536.59,617.09,39.64,28.64,0.76,0.0
20230711:1610,458.21,525.61,29.23,28.91,0.83,0.0
20230711:1710,143.81,174.76,18.9,28.44,0.28,0.0
20230711:1810,29.5,47.34,8.96,27.62,1.17,0.0
20230711:1910,0.0,0.0,0.0,25.29,1.03,0.0
20230711:2010,0.0,0.0,0.0,23.67,1.1,0.0
20230711:2110,0.0,0.0,0.0,22.94,1.17,0.0
20230711:2210,0.0,0.0,0.0,22.46,1.17,0.0
20230711:2310,0.0,0.0,0.0,23.14,0.48,0.0
20230712:0010,0.0,0.0,0.0,20.42,1.93,0.0
20230712:0110,0.0,0.0,0.0,20.11,1.86,0.0
20230712:0210,0.0,0.0,0.0,19.69,1.66,0.0
20230712:0310,0.0,0.0,0.0,19.47,1.24,0.0
20230712:0410,0.0,1.89,2.89,19.1,1.17,0.0
20230712:0510,35.8,53.02,12.42,19.49,1.17,0.0
20230712:0610,14.69,28.15,22.54,20.2,0.9,0.0
20230712:0710,81.22,102.89,32.94,21.12,0.97,0.0
20230712:0810,258.87,293.0,43.27,21.89,0.14,0.0
20230712:0910,333.1,373.69,53.02,21.81,0.28,0.0
20230712:1010,503.04,563.42,61.17,22.24,0.76,0.0
20230712:1110,533.72,603.36,65.77,21.73,0.14,0.0
20230712:1210,150.22,174.71,64.68,20.35,1.24,0.0
20230712:1310,53.74,72.8,58.5,19.71,2.28,0.0
20230712:1410,130.48,153.36,49.61,19.77,2.34,0.0
20230712:1510,203.52,229.57,39.57,20.22,1.79,0.0
20230712:1610,177.62,201.95,29.16,19.53,1.66,0.0
20230712:1710,76.93,97.48,18.83,19.37,1.72,0.0
20230712:1810,25.95,41.66,8.89,19.12,1.38,0.0
20230712:1910,0.0,0.0,0.0,19.9,1.17,0.0
20230712:2010,0.0,0.0,0.0,18.93,1.38,0.0
20230712:2110,0.0,0.0,0.0,18.53,1.1,0.0
20230712:2210,0.0,0.0,0.0,18.42,1.1,0.0
20230712:2310,0.0,0.0,0.0,18.44,1.24,0.0
20230713:0010,0.0,0.0,0.0,17.74,1.17,0.0
20230713:0110,0.0,0.0,0.0,17.44,1.03,0.0
20230713:0210,0.0,0.0,0.0,17.43,0.41,0.0
20230713:0310,0.0,0.0,0.0,16.39,0.83,0.0
20230713:0410,2.89,11.36,2.77,16.55,0.76,0.0
20230713:0510,44.87,62.48,12.3,16.65,0.21,0.0
20230713:0610,214.01,259.59,22.42,17.37,0.48,0.0
20230713:0710,327.04,373.65,32.82,20.27,1.1,0.0
20230713:0810,429.53,483.27,43.16,21.47,0.48,0.0
20230713:0910,520.6,580.53,52.89,22.52,1.1,0.0
20230713:1010,581.0,649.13,61.03,22.39,1.03,0.0
20230713:1110,467.44,523.87,65.62,22.85,0.97,0.0
20230713:1210,58.86,79.59,64.55,23.14,0.62,0.0
20230713:1310,621.15,701.76,58.4,23.64,0.9,0.0
20230713:1410,611.96,685.33,49.53,24.22,1.45,0.0
20230713:1510,550.49,617.01,39.5,24.96,1.31,0.0
20230713:1610,453.07,507.42,29.09,25.12,1.24,0.0
20230713:1710,328.66,372.4,18.75,25.01,1.1,0.0
20230713:1810,30.9,48.28,8.8,23.78,0.69,0.0
20230713:1910,0.0,0.0,0.0,23.83,0.55,0.0
20230713:2010,0.0,0.0,0.0,23.22,0.14,0.0
20230713:2110,0.0,0.0,0.0,21.47,0.83,0.0
20230713:2210,0.0,0.0,0.0,20.91,0.9,0.0
20230713:2310,0.0,0.0,0.0,20.3,0.9,0.0
20230714:0010,0.0,0.0,0.0,19.76,0.97,0.0
20230714:0110,0.0,0.0,0.0,19.39,0.83,0.0
20230714:0210,0.0,0.0,0.0,19.06,0.76,0.0
20230714:0310,0.0,0.0,0.0,16.83,0.9,0.0
20230714:0410,0.0,1.89,2.64,16.51,1.1,0.0
20230714:0510,7.26,17.99,12.17,16.66,1.03,0.0
20230714:0610,138.08,161.55,22.3,17.07,0.83,0.0
20230714:0710,83.86,104.83,32.71,19.07,0.76,0.0
20230714:0810,106.75,129.09,43.04,19.46,0.55,0.0
20230714:0910,165.54,191.21,52.76,20.25,0.41,0.0
20230714:1010,132.34,156.27,60.89,20.2,0.62,0.0
20230714:1110,112.49,135.89,65.48,21.0,0.83,0.0
20230714:1210,108.63,132.0,64.42,21.51,1.17,0.0
20230714:1310,154.62,180.54,58.3,22.01,1.38,0.0
20230714:1410,150.83,176.65,49.44,22.13,1.38,0.0
20230714:1510,261.27,293.54,39.42,22.28,1.03,0.0
20230714:1610,157.41,183.88,29.02,22.12,0.62,0.0
20230714:1710,317.56,355.96,18.67,22.04,0.76,0.0
20230714:1810,33.7,51.12,8.72,21.83,0.97,0.0
20230714:1910,0.0,0.0,0.0,20.54,1.1,0.0
20230714:2010,0.0,0.0,0.0,20.07,1.17,0.0
20230714:2110,0.0,0.0,0.0,19.25,1.31,0.0
20230714:2210,0.0,0.0,0.0,18.51,1.31,0.0
20230714:2310,0.0,0.0,0.0,18.03,1.24,0.0
20230715:0010,0.0,0.0,0.0,17.67,1.24,0.0
20230715:0110,0.0,0.0,0.0,17.32,1.31,0.0
20230715:0210,0.0,0.0,0.0,17.14,1.24,0.0
20230715:0310,0.0,0.0,0.0,16.98,1.24,0.0
20230715:0410,0.38,6.63,2.5,16.82,1.31,0.0
20230715:0510,37.03,53.96,12.05,17.44,1.24,0.0
20230715:0610,153.44,180.46,22.18,19.26,1.03,0.0
20230715:0710,245.89,278.84,32.59,21.07,0.69,0.0
20230715:0810,387.91,436.93,42.91,22.39,0.55,0.0
20230715:0910,506.13,571.58,52.63,23.04,0.34,0.0
20230715:1010,577.27,652.84,60.74,23.96,0.69,0.0
20230715:1110,632.59,712.32,65.32,24.85,1.52,0.0
20230715:1210,625.8,702.51,64.28,24.94,1.86,0.0
20230715:1310,536.98,600.91,58.18,24.92,1.93,0.0
20230715:1410,436.71,487.56,49.35,24.57,1.66,0.0
20230715:1510,257.3,292.53,39.33,24.74,1.1,0.0
20230715:1610,184.73,215.13,28.93,24.44,0.34,0.0
20230715:1710,259.84,296.43,18.59,24.23,0.62,0.0
20230715:1810,33.38,51.12,8.62,23.65,1.03,0.0
20230715:1910,0.0,0.0,0.0,22.74,1.24,0.0
20230715:2010,0.0,0.0,0.0,21.59,1.1,0.0
20230715:2110,0.0,0.0,0.0,20.75,1.03,0.0
20230715:2210,0.0,0.0,0.0,20.34,0.97,0.0
20230715:2310,0.0,0.0,0.0,19.81,1.03,0.0
20230716:0010,0.0,0.0,0.0,19.46,0.97,0.0
20230716:0110,0.0,0.0,0.0,18.74,1.1,0.0
20230716:0210,0.0,0.0,0.0,18.37,1.17,0.0
20230716:0310,0.0,0.0,0.0,18.06,1.24,0.0
20230716:0410,0.0,4.73,2.37,17.8,1.17,0.0
20230716:0510,55.02,73.84,11.92,18.24,1.03,0.0
20230716:0610,198.31,243.83,22.06,20.74,0.76,0.0
20230716:0710,310.98,360.85,32.46,22.4,0.69,0.0
20230716:0810,414.61,472.3,42.78,23.48,0.34,0.0
20230716:0910,502.69,570.46,52.5,24.4,0.48,0.0
20230716:1010,514.43,580.61,60.59,25.06,1.31,0.0
20230716:1110,570.65,645.55,65.16,25.5,1.45,0.0
20230716:1210,601.61,681.18,64.13,25.76,1.52,0.0
20230716:1310,501.7,567.51,58.07,25.82,1.31,0.0
20230716:1410,390.1,440.63,49.25,25.73,1.1,0.0
20230716:1510,491.47,557.93,39.24,25.57,0.41,0.0
20230716:1610,341.03,387.61,28.84,25.59,0.14,0.0
20230716:1710,292.46,333.33,18.5,25.08,0.83,0.0
20230716:1810,32.46,50.18,8.53,24.25,1.1,0.0
20230716:1910,0.0,0.0,0.0,23.78,1.03,0.0
20230716:2010,0.0,0.0,0.0,22.58,1.17,0.0
20230716:2110,0.0,0.0,0.0,21.76,1.17,0.0
20230716:2210,0.0,0.0,0.0,21.03,1.24,0.0
20230716:2310,0.0,0.0,0.0,20.48,1.17,0.0
20230717:0010,0.0,0.0,0.0,20.58,1.03,0.0
20230717:0110,0.0,0.0,0.0,20.61,0.97,0.0
20230717:0210,0.0,0.0,0.0,19.6,1.24,0.0
20230717:0310,0.0,0.0,0.0,19.64,1.45,0.0
20230717:0410,0.0,2.84,2.23,19.36,1.38,0.0
20230717:0510,56.35,75.74,11.79,19.81,1.17,0.0
20230717:0610,191.68,235.78,21.93,22.03,0.9,0.0
20230717:0710,305.7,356.69,32.34,23.29,0.62,0.0
20230717:0810,408.62,467.65,42.65,24.71,0.48,0.0
20230717:0910,500.97,571.04,52.36,25.46,0.55,0.0
20230717:1010,571.59,655.27,60.44,26.19,0.55,0.0
20230717:1110,615.55,713.1,64.99,26.92,0.41,0.0
20230717:1210,632.05,731.85,63.98,27.26,0.62,0.0
20230717:1310,618.32,718.75,57.94,27.61,0.41,0.0
20230717:1410,588.72,679.04,49.14,27.48,0.55,0.0
20230717:1510,515.43,590.02,39.15,27.6,0.62,0.0
20230717:1610,425.23,484.45,28.75,27.67,0.83,0.0
20230717:1710,304.24,350.55,18.4,27.29,0.76,0.0
20230717:1810,31.28,49.23,8.42,26.33,0.62,0.0
20230717:1910,0.0,0.0,0.0,25.28,1.17,0.0
20230717:2010,0.0,0.0,0.0,23.73,1.24,0.0
20230717:2110,0.0,0.0,0.0,23.03,1.17,0.0
20230717:2210,0.0,0.0,0.0,22.83,1.1,0.0
20230717:2310,0.0,0.0,0.0,22.78,1.03,0.0
20230718:0010,0.0,0.0,0.0,22.89,0.97,0.0
20230718:0110,0.0,0.0,0.0,22.67,1.03,0.0
20230718:0210,0.0,0.0,0.0,21.71,1.17,0.0
20230718:0310,0.0,0.0,0.0,20.77,1.38,0.0
20230718:0410,0.0,3.79,2.09,20.29,1.38,0.0
20230718:0510,49.36,68.16,11.65,19.96,1.31,0.0
20230718:0610,190.56,236.65,21.8,22.57,1.1,0.0
20230718:0710,300.01,352.1,32.21,23.87,0.28,0.0
20230718:0810,401.87,462.25,42.52,25.54,0.41,0.0
20230718:0910,494.65,563.53,52.21,26.67,1.03,0.0
20230718:1010,563.45,642.0,60.28,27.34,1.31,0.0
20230718:1110,608.47,695.14,64.82,27.75,1.45,0.0
20230718:1210,589.79,676.88,63.82,28.2,1.38,0.0
20230718:1310,440.96,504.04,57.81,28.78,1.66,0.0
20230718:1410,394.94,451.2,49.03,27.81,0.97,0.0
20230718:1510,350.43,401.63,39.05,27.54,0.34,0.0
20230718:1610,379.52,433.02,28.65,27.99,0.83,0.0
20230718:1710,255.39,297.67,18.3,27.71,0.21,0.0
20230718:1810,27.92,45.44,8.31,27.34,0.07,0.0
20230718:1910,0.0,0.0,0.0,25.68,0.83,0.0
20230718:2010,0.0,0.0,0.0,24.55,0.83,0.0
20230718:2110,0.0,0.0,0.0,23.24,1.17,0.0
20230718:2210,0.0,0.0,0.0,22.49,1.59,0.0
20230718:2310,0.0,0.0,0.0,21.88,2.21,0.0
20230719:0010,0.0,0.0,0.0,20.49,2.62,0.0
20230719:0110,0.0,0.0,0.0,19.96,2.34,0.0
20230719:0210,0.0,0.0,0.0,19.71,2.14,0.0
20230719:0310,0.0,0.0,0.0,19.58,1.93,0.0
20230719:0410,0.0,0.95,1.94,19.56,1.72,0.0
20230719:0510,25.88,41.66,11.51,19.67,1.59,0.0
20230719:0610,137.87,164.35,21.66,20.71,1.45,0.0
20230719:0710,215.61,249.24,32.08,23.35,0.14,0.0
20230719:0810,404.87,462.88,42.39,24.79,0.69,0.0
20230719:0910,494.61,565.0,52.07,26.08,0.62,0.0
20230719:1010,558.21,645.24,60.11,26.99,0.28,0.0
20230719:1110,592.68,689.23,64.64,27.72,0.34,0.0
20230719:1210,124.24,153.36,63.65,28.27,0.21,0.0
20230719:1310,607.19,698.76,57.67,28.41,1.17,0.0
20230719:1410,560.38,639.59,48.91,27.1,0.97,0.0
20230719:1510,493.74,559.8,38.94,26.65,0.9,0.0
20230719:1610,332.19,374.36,28.55,26.58,1.86,0.0
20230719:1710,254.73,292.85,18.19,26.49,1.52,0.0
20230719:1810,32.22,50.18,8.2,25.74,1.59,0.0
20230719:1910,0.0,0.0,0.0,24.12,0.9,0.0
20230719:2010,0.0,0.0,0.0,22.99,1.03,0.0
20230719:2110,0.0,0.0,0.0,22.24,1.17,0.0
20230719:2210,0.0,0.0,0.0,22.13,1.1,0.0
20230719:2310,0.0,0.0,0.0,21.7,1.1,0.0
20230720:0010,0.0,0.0,0.0,21.05,1.1,0.0
20230720:0110,0.0,0.0,0.0,20.64,1.1,0.0
20230720:0210,0.0,0.0,0.0,20.29,1.1,0.0
20230720:0310,0.0,0.0,0.0,19.86,1.1,0.0
20230720:0410,0.0,0.95,1.79,19.04,1.17,0.0
20230720:0510,44.6,62.48,11.37,18.16,1.31,0.0
20230720:0610,193.03,240.92,21.53,20.6,1.1,0.0
20230720:0710,307.27,355.87,31.94,21.58,1.24,0.0
20230720:0810,417.19,469.84,42.25,22.88,1.38,0.0
20230720:0910,508.71,571.66,51.92,24.21,1.24,0.0
20230720:1010,576.78,657.45,59.94,25.37,0.69,0.0
20230720:1110,599.71,696.76,64.46,26.28,0.07,0.0
20230720:1210,634.38,735.24,63.48,26.82,0.48,0.0
20230720:1310,630.22,727.08,57.53,27.17,0.76,0.0
20230720:1410,585.3,670.92,48.79,27.2,0.83,0.0
20230720:1510,525.12,598.52,38.83,27.14,0.83,0.0
20230720:1610,432.57,492.06,28.44,26.67,0.62,0.0
20230720:1710,241.17,278.8,18.07,26.05,0.69,0.0
20230720:1810,31.46,49.23,8.08,25.25,0.48,0.0
20230720:1910,0.0,0.0,0.0,24.06,0.76,0.0
20230720:2010,0.0,0.0,0.0,23.11,0.9,0.0
20230720:2110,0.0,0.0,0.0,23.71,0.34,0.0
20230720:2210,0.0,0.0,0.0,22.11,0.62,0.0
20230720:2310,0.0,0.0,0.0,21.57,0.62,0.0
20230721:0010,0.0,0.0,0.0,21.78,0.28,0.0
20230721:0110,0.0,0.0,0.0,19.27,0.83,0.0
20230721:0210,0.0,0.0,0.0,19.04,0.97,0.0
20230721:0310,0.0,0.0,0.0,19.02,0.76,0.0
20230721:0410,0.0,0.95,1.64,18.89,0.55,0.0
20230721:0510,21.25,35.97,11.23,18.13,0.69,0.0
20230721:0610,28.54,44.65,21.39,18.94,0.76,0.0
20230721:0710,96.42,118.42,31.8,20.1,1.17,0.0
20230721:0810,37.76,55.33,42.11,19.95,1.17,0.0
20230721:0910,62.45,82.5,51.76,20.33,1.03,0.0
20230721:1010,590.22,651.31,59.77,20.36,1.17,0.0
20230721:1110,641.92,707.2,64.27,20.26,1.45,0.0
20230721:1210,642.34,711.69,63.3,20.65,1.24,0.0
20230721:1310,575.81,640.3,57.38,21.33,1.03,0.0
20230721:1410,366.13,406.55,48.66,21.65,0.9,0.0
20230721:1510,507.0,561.85,38.71,21.6,0.76,0.0
20230721:1610,428.29,475.53,28.32,21.68,0.55,0.0
20230721:1710,305.13,343.71,17.96,21.38,0.28,0.0
20230721:1810,28.84,45.44,7.95,21.49,0.97,0.0
20230721:1910,0.0,0.0,0.0,22.7,0.41,0.0
20230721:2010,0.0,0.0,0.0,22.19,0.41,0.0
20230721:2110,0.0,0.0,0.0,21.58,0.34,0.0
20230721:2210,0.0,0.0,0.0,21.31,0.48,0.0
20230721:2310,0.0,0.0,0.0,20.98,0.48,0.0
20230722:0010,0.0,0.0,0.0,20.61,0.76,0.0
20230722:0110,0.0,0.0,0.0,20.06,0.69,0.0
20230722:0210,0.0,0.0,0.0,19.65,0.69,0.0
20230722:0310,0.0,0.0,0.0,19.22,0.76,0.0
20230722:0410,0.0,0.95,1.49,18.56,0.83,0.0
20230722:0510,53.42,71.95,11.08,17.65,0.97,0.0
20230722:0610,164.45,195.38,21.25,18.92,1.1,0.0
20230722:0710,299.65,342.47,31.66,18.93,0.83,0.0
20230722:0810,411.76,460.96,41.96,19.85,0.55,0.0
20230722:0910,491.35,549.37,51.61,21.19,0.48,0.0
20230722:1010,548.26,620.87,59.59,22.29,0.14,0.0
20230722:1110,581.37,659.49,64.07,23.2,0.48,0.0
20230722:1210,597.74,675.26,63.12,23.73,0.97,0.0
20230722:1310,552.43,620.8,57.22,24.06,1.24,0.0
20230722:1410,549.87,618.44,48.52,23.58,0.76,0.0
20230722:1510,520.68,586.05,38.58,23.7,0.48,0.0
20230722:1610,395.14,445.05,28.2,23.61,0.14,0.0
20230722:1710,291.04,330.72,17.83,23.15,0.41,0.0
20230722:1810,29.46,46.39,7.82,22.62,0.41,0.0
20230722:1910,0.0,0.0,0.0,23.14,0.55,0.0
20230722:2010,0.0,0.0,0.0,22.65,0.48,0.0
20230722:2110,0.0,0.0,0.0,22.06,0.34,0.0
20230722:2210,0.0,0.0,0.0,21.57,0.14,0.0
20230722:2310,0.0,0.0,0.0,21.12,0.21,0.0
20230723:0010,0.0,0.0,0.0,19.99,0.41,0.0
20230723:0110,0.0,0.0,0.0,18.85,0.69,0.0
20230723:0210,0.0,0.0,0.0,17.51,0.97,0.0
20230723:0310,0.0,0.0,0.0,18.3,0.69,0.0
20230723:0410,0.0,2.84,1.33,18.09,0.69,0.0
20230723:0510,40.29,57.75,10.94,18.03,0.62,0.0
20230723:0610,185.74,232.01,21.11,18.44,0.48,0.0
20230723:0710,205.86,232.16,31.52,18.53,1.03,0.0
20230723:0810,298.86,331.85,41.82,19.61,0.76,0.0
20230723:0910,485.62,541.27,51.45,20.78,0.55,0.0
20230723:1010,478.9,530.48,59.41,21.29,1.31,0.0
20230723:1110,575.84,638.86,63.87,21.8,1.52,0.0
20230723:1210,568.67,634.52,62.93,22.6,1.38,0.0
20230723:1310,555.69,622.17,57.06,23.0,1.1,0.0
20230723:1410,522.99,587.69,48.38,23.46,0.69,0.0
20230723:1510,485.94,545.19,38.45,23.6,0.55,0.0
20230723:1610,409.06,458.79,28.07,23.69,0.55,0.0
20230723:1710,214.15,247.45,17.7,23.51,0.07,0.0
20230723:1810,27.78,44.5,7.68,23.06,0.55,0.0
20230723:1910,0.0,0.0,0.0,22.3,1.17,0.0
20230723:2010,0.0,0.0,0.0,21.28,0.97,0.0
20230723:2110,0.0,0.0,0.0,21.3,0.83,0.0
20230723:2210,0.0,0.0,0.0,20.05,1.03,0.0
20230723:2310,0.0,0.0,0.0,20.17,0.97,0.0
20230724:0010,0.0,0.0,0.0,19.9,0.9,0.0
20230724:0110,0.0,0.0,0.0,19.92,0.83,0.0
20230724:0210,0.0,0.0,0.0,19.89,0.83,0.0
20230724:0310,0.0,0.0,0.0,19.51,0.97,0.0
20230724:0410,0.0,0.0,0.0,19.23,0.97,0.0
20230724:0510,47.74,66.27,10.78,19.37,0.9,0.0
20230724:0610,13.88,27.18,20.96,20.8,0.9,0.0
20230724:0710,33.33,50.47,31.38,20.67,0.97,0.0
20230724:0810,51.35,70.86,41.67,21.58,0.76,0.0
20230724:0910,46.81,66.0,51.28,22.34,1.24,0.0
20230724:1010,99.0,122.3,59.23,22.53,1.52,0.0
20230724:1110,58.13,78.62,63.67,22.95,1.72,0.0
20230724:1210,91.43,114.53,62.73,23.2,1.86,0.0
20230724:1310,70.54,92.21,56.89,23.42,2.14,0.0
20230724:1410,86.84,109.68,48.23,22.89,0.97,0.0
20230724:1510,41.53,60.18,38.32,22.6,1.03,0.0
20230724:1610,134.53,159.06,27.94,21.46,1.31,0.0
20230724:1710,38.76,56.3,17.56,19.33,1.45,0.0
20230724:1810,28.54,44.5,7.53,18.22,1.93,0.0
20230724:1910,0.0,0.0,0.0,19.14,1.1,0.0
20230724:2010,0.0,0.0,0.0,18.59,0.83,0.0
20230724:2110,0.0,0.0,0.0,18.09,0.9,0.0
20230724:2210,0.0,0.0,0.0,18.18,0.76,0.0
20230724:2310,0.0,0.0,0.0,18.2,0.14,0.0
20230725:0010,0.0,0.0,0.0,17.54,1.1,0.0
20230725:0110,0.0,0.0,0.0,16.81,0.76,0.0
20230725:0210,0.0,0.0,0.0,15.96,0.83,0.0
20230725:0310,0.0,0.0,0.0,16.41,0.9,0.0
20230725:0410,0.0,0.0,0.0,16.65,0.41,0.0
20230725:0510,28.7,44.5,10.63,16.91,0.48,0.0
20230725:0610,38.24,55.33,20.82,17.38,0.69,0.0
20230725:0710,299.56,346.46,31.23,18.37,0.55,0.0
20230725:0810,407.35,458.08,41.52,19.9,0.41,0.0
20230725:0910,502.66,562.85,51.12,20.89,0.34,0.0
20230725:1010,569.86,642.63,59.04,21.69,0.21,0.0
20230725:1110,601.45,684.9,63.46,22.79,0.14,0.0
20230725:1210,625.9,714.65,62.53,23.42,0.28,0.0
20230725:1310,595.97,677.39,56.71,23.8,0.48,0.0
20230725:1410,483.5,543.59,48.08,24.15,0.83,0.0
20230725:1510,335.16,376.36,38.17,24.1,0.9,0.0
20230725:1610,172.98,201.44,27.8,23.96,1.24,0.0
20230725:1710,82.12,104.85,17.42,23.54,1.59,0.0
20230725:1810,27.93,44.5,7.38,22.3,1.93,0.0
20230725:1910,0.0,0.0,0.0,21.29,2.62,0.0
20230725:2010,0.0,0.0,0.0,20.29,2.97,0.0
20230725:2110,0.0,0.0,0.0,19.35,2.97,0.0
20230725:2210,0.0,0.0,0.0,18.37,2.9,0.0
20230725:2310,0.0,0.0,0.0,17.51,2.83,0.0
20230726:0010,0.0,0.0,0.0,16.79,2.83,0.0
20230726:0110,0.0,0.0,0.0,16.13,2.83,0.0
20230726:0210,0.0,0.0,0.0,15.59,2.69,0.0
20230726:0310,0.0,0.0,0.0,15.18,2.62,0.0
20230726:0410,0.0,0.0,0.0,14.84,2.55,0.0
20230726:0510,36.7,53.02,10.48,14.91,2.62,0.0
20230726:0610,188.14,234.77,20.67,15.92,2.76,0.0
20230726:0710,312.69,354.43,31.09,16.71,3.03,0.0
20230726:0810,430.38,469.5,41.36,18.04,3.24,0.0
20230726:0910,531.67,574.49,50.95,19.18,3.1,0.0
20230726:1010,606.86,659.05,58.85,20.44,2.83,0.0
20230726:1110,658.75,722.41,63.25,21.48,2.48,0.0
20230726:1210,673.14,746.0,62.32,22.44,2.07,0.0
20230726:1310,658.25,735.13,56.53,22.94,1.59,0.0
20230726:1410,620.19,691.54,47.92,23.36,1.59,0.0
20230726:1510,551.71,611.75,38.03,23.41,1.72,0.0
20230726:1610,457.62,506.75,27.66,23.15,1.79,0.0
20230726:1710,325.15,365.23,17.28,22.44,1.66,0.0
20230726:1810,24.88,40.71,7.23,21.13,1.86,0.0
20230726:1910,0.0,0.0,0.0,19.11,2.21,0.0
20230726:2010,0.0,0.0,0.0,17.72,2.21,0.0
20230726:2110,0.0,0.0,0.0,16.55,2.21,0.0
20230726:2210,0.0,0.0,0.0,15.45,2.14,0.0
20230726:2310,0.0,0.0,0.0,14.51,2.0,0.0
20230727:0010,0.0,0.0,0.0,13.73,2.07,0.0
20230727:0110,0.0,0.0,0.0,13.23,1.86,0.0
20230727:0210,0.0,0.0,0.0,13.24,1.59,0.0
20230727:0310,0.0,0.0,0.0,13.0,1.45,0.0
20230727:0410,0.0,0.0,0.0,12.9,1.38,0.0
20230727:0510,44.02,60.59,10.32,12.96,1.24,0.0
20230727:0610,148.11,173.89,20.52,15.44,1.03,0.0
20230727:0710,244.92,272.15,30.93,16.13,1.03,0.0
20230727:0810,396.58,437.76,41.21,17.49,0.9,0.0
20230727:0910,509.32,561.23,50.78,18.46,0.69,0.0
20230727:1010,574.59,634.55,58.65,18.89,0.62,0.0
20230727:1110,595.63,660.55,63.02,20.02,0.9,0.0
20230727:1210,568.83,633.68,62.11,20.71,0.83,0.0
20230727:1310,558.17,620.67,56.34,21.01,0.9,0.0
20230727:1410,569.7,632.32,47.76,21.61,1.03,0.0
20230727:1510,513.69,567.69,37.87,21.71,1.1,0.0
20230727:1610,436.36,482.78,27.51,21.46,0.97,0.0
20230727:1710,306.64,345.02,17.12,21.2,0.83,0.0
20230727:1810,24.9,40.71,7.07,20.69,0.28,0.0
20230727:1910,0.0,0.0,0.0,20.14,0.48,0.0
20230727:2010,0.0,0.0,0.0,18.71,0.9,0.0
20230727:2110,0.0,0.0,0.0,18.07,1.03,0.0
20230727:2210,0.0,0.0,0.0,18.21,0.97,0.0
20230727:2310,0.0,0.0,0.0,17.9,0.9,0.0
20230728:0010,0.0,0.0,0.0,17.62,0.83,0.0
20230728:0110,0.0,0.0,0.0,17.02,0.9,0.0
20230728:0210,0.0,0.0,0.0,16.63,0.9,0.0
20230728:0310,0.0,0.0,0.0,16.17,0.97,0.0
20230728:0410,0.0,0.0,0.0,15.56,1.03,0.0
20230728:0510,47.01,64.38,10.16,15.23,0.97,0.0
20230728:0610,173.42,220.15,20.36,17.14,0.76,0.0
20230728:0710,288.64,337.13,30.78,18.93,0.34,0.0
20230728:0810,398.84,450.52,41.05,19.84,0.21,0.0
20230728:0910,491.73,549.52,50.6,20.83,0.48,0.0
20230728:1010,554.23,620.75,58.45,21.6,0.55,0.0
20230728:1110,581.18,651.99,62.8,22.46,0.9,0.0
20230728:1210,572.89,641.43,61.89,23.12,1.31,0.0
20230728:1310,549.38,614.78,56.15,23.49,1.31,0.0
20230728:1410,364.78,408.17,47.58,23.69,1.17,0.0
20230728:1510,406.11,452.7,37.71,23.92,1.24,0.0
20230728:1610,268.15,302.59,27.35,23.67,1.03,0.0
20230728:1710,99.09,123.36,16.96,23.37,0.34,0.0
20230728:1810,24.64,40.71,6.9,22.62,0.21,0.0
20230728:1910,0.0,0.0,0.0,21.87,0.28,0.0
20230728:2010,0.0,0.0,0.0,21.35,0.34,0.0
20230728:2110,0.0,0.0,0.0,20.63,0.14,0.0
20230728:2210,0.0,0.0,0.0,19.89,0.14,0.0
20230728:2310,0.0,0.0,0.0,19.3,0.21,0.0
20230729:0010,0.0,0.0,0.0,18.84,0.21,0.0
20230729:0110,0.0,0.0,0.0,18.53,0.41,0.0
20230729:0210,0.0,0.0,0.0,18.31,0.48,0.0
20230729:0310,0.0,0.0,0.0,18.12,0.48,0.0
20230729:0410,0.0,0.0,0.0,17.96,0.55,0.0
20230729:0510,44.02,61.54,10.0,16.76,0.76,0.0
20230729:0610,83.55,104.18,20.21,17.67,0.55,0.0
20230729:0710,257.96,296.53,30.63,20.09,0.21,0.0
20230729:0810,387.27,440.29,40.88,20.94,0.14,0.0
20230729:0910,445.72,500.89,50.42,21.85,0.34,0.0
20230729:1010,323.29,363.15,58.24,22.82,0.76,0.0
20230729:1110,532.55,597.4,62.57,23.33,1.17,0.0
20230729:1210,554.29,619.18,61.66,23.01,1.38,0.0
20230729:1310,269.21,303.81,55.95,22.48,0.62,0.0
20230729:1410,463.45,517.79,47.41,22.16,0.48,0.0
20230729:1510,271.42,304.37,37.55,22.11,0.9,0.0
20230729:1610,128.4,153.22,27.19,22.24,1.17,0.0
20230729:1710,200.59,230.87,16.8,22.01,0.83,0.0
20230729:1810,24.84,40.71,6.73,21.3,0.83,0.0
20230729:1910,0.0,0.0,0.0,21.87,0.76,0.0
20230729:2010,0.0,0.0,0.0,21.17,0.9,0.0
20230729:2110,0.0,0.0,0.0,20.71,0.9,0.0
20230729:2210,0.0,0.0,0.0,21.03,0.69,0.0
20230729:2310,0.0,0.0,0.0,20.54,0.62,0.0
20230730:0010,0.0,0.0,0.0,19.93,0.48,0.0
20230730:0110,0.0,0.0,0.0,19.65,0.21,0.0
20230730:0210,0.0,0.0,0.0,19.31,0.41,0.0
20230730:0310,0.0,0.0,0.0,18.78,0.48,0.0
20230730:0410,0.0,0.0,0.0,18.54,0.55,0.0
20230730:0510,38.76,55.86,9.83,17.2,0.76,0.0
20230730:0610,166.87,215.98,20.05,18.42,0.62,0.0
20230730:0710,280.18,330.81,30.47,20.16,0.34,0.0
20230730:0810,387.1,439.44,40.72,21.4,0.55,0.0
20230730:0910,471.6,529.93,50.24,22.68,0.76,0.0
20230730:1010,541.55,611.44,58.03,23.89,0.76,0.0
20230730:1110,593.23,671.67,62.34,24.67,0.97,0.0
20230730:1210,621.88,706.9,61.43,25.55,1.1,0.0
20230730:1310,609.43,694.55,55.74,26.15,1.03,0.0
20230730:1410,563.58,642.04,47.22,26.49,0.9,0.0
20230730:1510,500.71,568.71,37.38,26.53,0.83,0.0
20230730:1610,403.34,458.32,27.02,26.46,0.83,0.0
20230730:1710,251.2,291.59,16.63,25.79,0.62,0.0
20230730:1810,22.78,38.82,6.55,24.99,0.41,0.0
20230730:1910,0.0,0.0,0.0,24.57,0.28,0.0
20230730:2010,0.0,0.0,0.0,23.47,0.55,0.0
20230730:2110,0.0,0.0,0.0,22.27,0.83,0.0
20230730:2210,0.0,0.0,0.0,21.39,0.97,0.0
20230730:2310,0.0,0.0,0.0,21.02,0.97,0.0
20230731:0010,0.0,0.0,0.0,20.66,0.97,0.0
20230731:0110,0.0,0.0,0.0,20.48,0.9,0.0
20230731:0210,0.0,0.0,0.0,19.88,0.9,0.0
20230731:0310,0.0,0.0,0.0,19.47,0.9,0.0
20230731:0410,0.0,0.0,0.0,19.17,0.9,0.0
20230731:0510,31.77,48.28,9.67,18.58,0.97,0.0
20230731:0610,30.2,46.59,19.89,19.14,0.9,0.0
20230731:0710,230.86,263.36,30.31,20.46,0.9,0.0
20230731:0810,367.06,415.28,40.56,21.27,0.41,0.0
20230731:0910,473.21,530.63,50.06,22.05,0.69,0.0
20230731:1010,538.63,601.16,57.82,22.71,1.17,0.0
20230731:1110,550.05,614.34,62.1,23.15,1.45,0.0
20230731:1210,575.02,643.92,61.19,23.5,1.38,0.0
20230731:1310,532.76,597.12,55.53,23.8,1.24,0.0
20230731:1410,448.58,502.18,47.03,23.93,1.03,0.0
20230731:1510,452.6,507.22,37.2,23.82,0.69,0.0
20230731:1610,361.62,406.67,26.85,24.03,0.69,0.0
20230731:1710,263.46,302.97,16.46,23.73,0.48,0.0
20230731:1810,22.25,37.87,6.37,22.92,0.41,0.0
20230731:1910,0.0,0.0,0.0,22.48,0.48,0.0
20230731:2010,0.0,0.0,0.0,22.31,0.55,0.0
20230731:2110,0.0,0.0,0.0,21.6,0.69,0.0
20230731:2210,0.0,0.0,0.0,21.07,0.76,0.0
20230731:2310,0.0,0.0,0.0,20.61,0.69,0.0
20230801:0010,0.0,0.0,0.0,20.38,0.62,0.0
20230801:0110,0.0,0.0,0.0,19.68,0.62,0.0
20230801:0210,0.0,0.0,0.0,19.64,0.83,0.0
20230801:0310,0.0,0.0,0.0,19.46,0.97,0.0
20230801:0410,0.0,0.0,0.0,19.17,0.97,0.0
20230801:0510,2.84,11.36,9.5,18.99,0.9,0.0
20230801:0610,74.23,94.78,19.73,19.02,0.69,0.0
20230801:0710,202.61,229.74,30.15,18.85,1.03,0.0
20230801:0810,297.28,329.16,40.39,19.23,1.17,0.0
20230801:0910,309.68,342.59,49.87,19.57,0.9,0.0
20230801:1010,125.26,148.51,57.6,19.59,0.55,0.0
20230801:1110,515.81,576.26,61.85,20.11,0.28,0.0
20230801:1210,523.17,582.84,60.95,20.63,0.62,0.0
20230801:1310,560.0,622.07,55.31,21.48,1.03,0.0
20230801:1410,455.03,504.79,46.84,22.26,1.1,0.0
20230801:1510,382.39,424.79,37.02,22.93,1.17,0.0
20230801:1610,341.38,380.91,26.67,22.94,1.1,0.0
20230801:1710,266.95,304.66,16.28,22.74,1.03,0.0
20230801:1810,20.0,35.03,6.18,22.31,1.03,0.0
20230801:1910,0.0,0.0,0.0,21.12,0.83,0.0
20230801:2010,0.0,0.0,0.0,20.36,0.9,0.0
20230801:2110,0.0,0.0,0.0,19.74,1.1,0.0
20230801:2210,0.0,0.0,0.0,18.68,1.17,0.0
20230801:2310,0.0,0.0,0.0,18.21,1.24,0.0
20230802:0010,0.0,0.0,0.0,18.15,1.31,0.0
20230802:0110,0.0,0.0,0.0,18.34,1.31,0.0
20230802:0210,0.0,0.0,0.0,18.76,1.17,0.0
20230802:0310,0.0,0.0,0.0,18.42,1.17,0.0
20230802:0410,0.0,0.0,0.0,18.92,0.9,0.0
20230802:0510,29.25,45.44,9.33,18.78,0.76,0.0
20230802:0610,77.01,97.69,19.57,18.98,0.83,0.0
20230802:0710,144.15,167.77,29.99,19.04,0.9,0.0
20230802:0810,284.84,316.15,40.22,19.03,0.83,0.0
20230802:0910,452.06,498.18,49.68,19.48,1.1,0.0
20230802:1010,515.0,565.82,57.38,19.87,1.38,0.0
20230802:1110,463.9,512.08,61.6,20.48,1.24,0.0
20230802:1210,422.3,467.66,60.7,21.2,1.17,0.0
20230802:1310,152.87,178.59,55.09,21.92,1.45,0.0
20230802:1410,74.51,96.09,46.64,22.15,1.31,0.0
20230802:1510,135.83,161.12,36.83,22.3,1.17,0.0
20230802:1610,121.57,146.41,26.49,22.82,1.17,0.0
20230802:1710,12.27,25.24,16.09,22.49,1.1,0.0
20230802:1810,14.73,28.4,5.99,22.03,0.83,0.0
20230802:1910,0.0,0.0,0.0,20.79,0.9,0.0
20230802:2010,0.0,0.0,0.0,20.11,0.55,0.0
20230802:2110,0.0,0.0,0.0,20.49,0.14,0.0
20230802:2210,0.0,0.0,0.0,19.51,0.55,0.0
20230802:2310,0.0,0.0,0.0,19.21,0.62,0.0
20230803:0010,0.0,0.0,0.0,19.18,0.62,0.0
20230803:0110,0.0,0.0,0.0,19.14,0.55,0.0
20230803:0210,0.0,0.0,0.0,19.29,0.41,0.0
20230803:0310,0.0,0.0,0.0,19.09,0.55,0.0
20230803:0410,0.0,0.0,0.0,19.47,0.41,0.0
20230803:0510,22.72,37.87,9.16,19.1,0.41,0.0
20230803:0610,148.26,186.04,19.4,19.62,0.55,0.0
20230803:0710,137.09,160.37,29.82,19.16,1.1,0.0
20230803:0810,199.65,226.61,40.04,20.16,0.83,0.0
20230803:0910,428.42,480.35,49.49,21.08,0.28,0.0
20230803:1010,513.75,581.79,57.16,22.33,0.07,0.0
20230803:1110,557.29,631.61,61.35,23.22,0.41,0.0
20230803:1210,552.32,621.79,60.45,23.71,1.03,0.0
20230803:1310,490.95,554.71,54.86,24.0,0.62,0.0
20230803:1410,337.01,381.38,46.43,23.61,0.07,0.0
20230803:1510,238.67,271.06,36.64,23.78,1.31,0.0
20230803:1610,177.4,204.77,26.3,22.35,1.17,0.0
20230803:1710,213.88,244.19,15.9,20.71,1.31,0.0
20230803:1810,18.74,33.13,5.79,19.73,1.52,0.0
20230803:1910,0.0,0.0,0.0,19.19,1.72,0.0
20230803:2010,0.0,0.0,0.0,18.57,1.38,0.0
20230803:2110,0.0,0.0,0.0,18.42,1.59,0.0
20230803:2210,0.0,0.0,0.0,18.44,1.79,0.0
20230803:2310,0.0,0.0,0.0,18.12,1.86,0.0
20230804:0010,0.0,0.0,0.0,17.88,1.66,0.0
20230804:0110,0.0,0.0,0.0,16.44,1.66,0.0
20230804:0210,0.0,0.0,0.0,15.51,1.52,0.0
20230804:0310,0.0,0.0,0.0,14.63,1.38,0.0
20230804:0410,0.0,0.0,0.0,14.6,1.66,0.0
20230804:0510,12.3,24.61,8.99,15.14,1.38,0.0
20230804:0610,112.97,133.49,19.24,16.32,1.45,0.0
20230804:0710,223.29,251.53,29.66,18.01,1.52,0.0
20230804:0810,355.81,390.63,39.87,18.18,2.21,0.0
20230804:0910,446.96,484.68,49.3,18.43,2.48,0.0
20230804:1010,482.93,523.82,56.93,18.59,2.21,0.0
20230804:1110,505.28,550.44,61.09,19.13,2.0,0.0
20230804:1210,178.23,201.89,60.19,18.48,1.72,0.0
20230804:1310,368.02,400.69,54.62,18.51,1.72,0.0
20230804:1410,282.0,310.01,46.22,18.8,1.66,0.0
20230804:1510,45.85,64.06,36.44,19.06,1.59,0.0
20230804:1610,34.44,51.44,26.11,19.26,1.03,0.0
20230804:1710,7.48,18.44,15.7,18.99,0.76,0.0
20230804:1810,1.78,9.47,5.59,18.33,0.62,0.0
20230804:1910,0.0,0.0,0.0,19.1,0.55,0.0
20230804:2010,0.0,0.0,0.0,18.79,0.41,0.0
20230804:2110,0.0,0.0,0.0,17.72,0.76,0.0
20230804:2210,0.0,0.0,0.0,16.57,1.03,0.0
20230804:2310,0.0,0.0,0.0,16.72,0.97,0.0
20230805:0010,0.0,0.0,0.0,15.96,1.24,0.0
20230805:0110,0.0,0.0,0.0,15.55,1.59,0.0
20230805:0210,0.0,0.0,0.0,15.33,1.86,0.0
20230805:0310,0.0,0.0,0.0,14.98,2.0,0.0
20230805:0410,0.0,0.0,0.0,14.14,2.0,0.0
20230805:0510,29.08,44.5,8.81,14.73,2.34,0.0
20230805:0610,60.02,78.58,19.07,16.67,2.41,0.0
20230805:0710,269.2,315.55,29.49,17.33,2.14,0.0
20230805:0810,385.31,428.34,39.69,18.75,2.55,0.0
20230805:0910,488.64,533.22,49.1,19.88,2.76,0.0
20230805:1010,564.98,614.53,56.7,20.87,2.9,0.0
20230805:1110,616.33,671.91,60.83,21.77,3.03,0.0
20230805:1210,631.58,691.81,59.92,22.89,3.1,0.0
20230805:1310,619.82,683.04,54.38,23.65,2.76,0.0
20230805:1410,579.69,639.96,46.0,24.0,2.55,0.0
20230805:1510,510.22,563.31,36.24,24.05,2.48,0.0
20230805:1610,411.67,458.26,25.91,23.83,2.07,0.0
20230805:1710,282.35,323.08,15.5,23.25,1.59,0.0
20230805:1810,17.01,31.24,5.38,21.63,0.97,0.0
20230805:1910,0.0,0.0,0.0,19.85,1.31,0.0
20230805:2010,0.0,0.0,0.0,18.54,1.17,0.0
20230805:2110,0.0,0.0,0.0,18.6,0.69,0.0
20230805:2210,0.0,0.0,0.0,18.12,0.55,0.0
20230805:2310,0.0,0.0,0.0,16.83,0.9,0.0
20230806:0010,0.0,0.0,0.0,15.32,1.17,0.0
20230806:0110,0.0,0.0,0.0,14.28,1.31,0.0
20230806:0210,0.0,0.0,0.0,13.64,1.45,0.0
20230806:0310,0.0,0.0,0.0,13.45,1.45,0.0
20230806:0410,0.0,0.0,0.0,13.26,1.52,0.0
20230806:0510,28.48,43.55,8.63,13.0,1.52,0.0
20230806:0610,57.65,75.74,18.9,15.34,1.38,0.0
20230806:0710,269.2,318.95,29.32,18.44,1.93,0.0
20230806:0810,387.37,432.98,39.51,19.27,2.34,0.0
20230806:0910,489.64,535.94,48.9,20.22,2.69,0.0
20230806:1010,569.86,620.23,56.47,20.81,2.9,0.0
20230806:1110,624.05,678.74,60.56,21.46,3.24,0.0
20230806:1210,645.56,701.63,59.65,21.7,3.45,0.0
20230806:1310,636.26,690.56,54.13,21.71,3.52,0.0
20230806:1410,599.5,649.94,45.78,21.77,3.52,0.0
20230806:1510,529.31,572.44,36.03,21.23,3.52,0.0
20230806:1610,423.81,460.62,25.7,20.48,3.38,0.0
20230806:1710,292.52,326.47,15.3,19.45,3.17,0.0
20230806:1810,15.07,28.4,5.17,18.21,3.03,0.0
20230806:1910,0.0,0.0,0.0,17.41,3.24,0.0
20230806:2010,0.0,0.0,0.0,16.39,3.03,0.0
20230806:2110,0.0,0.0,0.0,15.48,2.97,0.0
20230806:2210,0.0,0.0,0.0,14.63,2.9,0.0
20230806:2310,0.0,0.0,0.0,13.85,2.69,0.0
20230807:0010,0.0,0.0,0.0,13.12,2.48,0.0
20230807:0110,0.0,0.0,0.0,12.44,2.34,0.0
20230807:0210,0.0,0.0,0.0,11.8,2.21,0.0
20230807:0310,0.0,0.0,0.0,11.34,2.21,0.0
20230807:0410,0.0,0.0,0.0,10.94,2.21,0.0
20230807:0510,29.66,44.5,8.46,10.9,2.14,0.0
20230807:0610,57.52,74.79,18.73,12.83,2.0,0.0
20230807:0710,271.81,316.86,29.15,14.9,2.48,0.0
20230807:0810,392.97,432.0,39.33,16.14,2.83,0.0
20230807:0910,498.22,536.58,48.69,17.21,3.03,0.0
20230807:1010,579.56,622.59,56.23,18.22,3.03,0.0
20230807:1110,630.96,680.64,60.29,19.32,3.03,0.0
20230807:1210,648.24,701.78,59.38,20.07,3.03,0.0
20230807:1310,638.82,693.63,53.88,20.72,2.97,0.0
20230807:1410,604.78,656.15,45.55,20.99,3.03,0.0
20230807:1510,529.95,574.61,35.81,20.84,2.97,0.0
20230807:1610,424.03,463.0,25.49,20.43,2.69,0.0
20230807:1710,294.29,330.4,15.09,19.62,2.28,0.0
20230807:1810,14.3,27.45,4.95,18.34,2.07,0.0
20230807:1910,0.0,0.0,0.0,17.01,2.41,0.0
20230807:2010,0.0,0.0,0.0,15.66,2.21,0.0
20230807:2110,0.0,0.0,0.0,14.51,2.07,0.0
20230807:2210,0.0,0.0,0.0,13.59,2.0,0.0
20230807:2310,0.0,0.0,0.0,12.87,2.0,0.0
20230808:0010,0.0,0.0,0.0,12.46,1.93,0.0
20230808:0110,0.0,0.0,0.0,12.36,1.86,0.0
20230808:0210,0.0,0.0,0.0,12.14,1.86,0.0
20230808:0310,0.0,0.0,0.0,12.02,1.79,0.0
20230808:0410,0.0,0.0,0.0,11.63,1.72,0.0
20230808:0510,22.05,35.97,8.28,11.35,1.72,0.0
20230808:0610,110.62,129.7,18.56,13.82,1.45,0.0
20230808:0710,255.48,294.03,28.98,15.77,1.17,0.0
20230808:0810,333.1,368.41,39.15,17.63,0.76,0.0
20230808:0910,465.46,516.58,48.49,19.11,0.69,0.0
20230808:1010,495.78,549.51,55.99,20.01,0.83,0.0
20230808:1110,597.16,663.81,60.02,20.68,0.9,0.0
20230808:1210,558.86,623.03,59.1,21.02,0.83,0.0
20230808:1310,511.89,571.98,53.62,21.34,0.55,0.0
20230808:1410,522.53,583.79,45.31,21.58,0.48,0.0
20230808:1510,507.21,565.75,35.59,22.01,0.69,0.0
20230808:1610,397.35,445.89,25.28,21.97,0.41,0.0
20230808:1710,268.38,308.22,14.87,21.41,0.55,0.0
20230808:1810,13.42,26.51,4.72,20.05,0.83,0.0
20230808:1910,0.0,0.0,0.0,17.72,1.17,0.0
20230808:2010,0.0,0.0,0.0,17.56,1.1,0.0
20230808:2110,0.0,0.0,0.0,17.61,0.97,0.0
20230808:2210,0.0,0.0,0.0,17.25,1.03,0.0
20230808:2310,0.0,0.0,0.0,16.89,1.03,0.0
20230809:0010,0.0,0.0,0.0,16.73,0.97,0.0
20230809:0110,0.0,0.0,0.0,16.78,0.83,0.0
20230809:0210,0.0,0.0,0.0,16.7,0.83,0.0
20230809:0310,0.0,0.0,0.0,16.14,0.97,0.0
20230809:0410,0.0,0.0,0.0,15.78,0.97,0.0
20230809:0510,24.74,39.76,8.1,15.94,0.9,0.0
20230809:0610,107.36,127.81,18.38,16.07,0.76,0.0
20230809:0710,245.39,292.26,28.8,18.19,0.41,0.0
20230809:0810,355.36,405.82,38.96,19.53,0.21,0.0
20230809:0910,449.78,503.8,48.28,20.51,0.48,0.0
20230809:1010,521.1,582.57,55.74,21.22,0.55,0.0
20230809:1110,567.09,638.71,59.74,22.11,0.41,0.0
20230809:1210,586.92,664.15,58.82,22.89,0.41,0.0
20230809:1310,581.65,654.67,53.36,23.44,0.83,0.0
20230809:1410,550.14,616.33,45.07,23.85,1.1,0.0
20230809:1510,481.52,539.51,35.37,24.06,1.03,0.0
20230809:1610,382.15,431.19,25.06,23.9,0.83,0.0
20230809:1710,253.8,295.55,14.65,23.51,0.48,0.0
20230809:1810,12.49,25.56,4.49,22.67,0.55,0.0
20230809:1910,0.0,0.0,0.0,23.1,0.0,0.0
20230809:2010,0.0,0.0,0.0,22.41,0.41,0.0
20230809:2110,0.0,0.0,0.0,21.53,0.69,0.0
20230809:2210,0.0,0.0,0.0,20.73,0.69,0.0
20230809:2310,0.0,0.0,0.0,19.89,0.76,0.0
20230810:0010,0.0,0.0,0.0,19.6,0.69,0.0
20230810:0110,0.0,0.0,0.0,19.43,0.69,0.0
20230810:0210,0.0,0.0,0.0,19.04,0.69,0.0
20230810:0310,0.0,0.0,0.0,18.75,0.69,0.0
20230810:0410,0.0,0.0,0.0,18.36,0.48,0.0
20230810:0510,27.7,43.55,7.92,18.04,0.34,0.0
20230810:0610,62.15,81.42,18.21,17.75,0.28,0.0
20230810:0710,239.66,291.54,28.63,19.67,0.41,0.0
20230810:0810,352.46,404.15,38.77,20.78,0.69,0.0
20230810:0910,449.14,505.23,48.07,21.84,0.76,0.0
20230810:1010,522.49,587.23,55.49,22.88,0.76,0.0
20230810:1110,568.73,641.51,59.46,23.79,0.83,0.0
20230810:1210,583.44,658.35,58.53,24.45,1.03,0.0
20230810:1310,577.04,649.06,53.09,24.99,1.38,0.0
20230810:1410,533.85,600.13,44.83,25.35,1.38,0.0
20230810:1510,244.01,278.89,35.14,25.0,0.97,0.0
20230810:1610,306.67,348.06,24.83,24.77,0.9,0.0
20230810:1710,111.62,138.25,14.42,24.4,0.69,0.0
20230810:1810,9.64,21.77,4.26,23.32,0.62,0.0
20230810:1910,0.0,0.0,0.0,23.17,0.76,0.0
20230810:2010,0.0,0.0,0.0,22.19,0.76,0.0
20230810:2110,0.0,0.0,0.0,21.35,0.83,0.0
20230810:2210,0.0,0.0,0.0,20.94,0.76,0.0
20230810:2310,0.0,0.0,0.0,20.69,0.69,0.0
20230811:0010,0.0,0.0,0.0,20.34,0.69,0.0
20230811:0110,0.0,0.0,0.0,19.88,0.69,0.0
20230811:0210,0.0,0.0,0.0,19.65,0.62,0.0
20230811:0310,0.0,0.0,0.0,19.47,0.48,0.0
20230811:0410,0.0,0.0,0.0,19.06,0.34,0.0
20230811:0510,25.25,40.71,7.73,18.09,0.34,0.0
20230811:0610,86.09,106.98,18.03,18.36,0.28,0.0
20230811:0710,171.31,197.74,28.45,19.82,0.76,0.0
20230811:0810,290.74,326.61,38.59,21.03,0.9,0.0
20230811:0910,412.26,462.75,47.85,22.0,0.76,0.0
20230811:1010,473.99,533.99,55.24,22.96,0.62,0.0
20230811:1110,549.71,624.03,59.17,24.13,0.48,0.0
20230811:1210,570.81,651.48,58.23,25.33,0.55,0.0
20230811:1310,561.78,639.85,52.82,26.04,0.83,0.0
20230811:1410,530.78,603.17,44.58,26.48,0.97,0.0
20230811:1510,452.94,515.5,34.9,26.62,0.76,0.0
20230811:1610,363.35,415.42,24.6,26.38,0.9,0.0
20230811:1710,230.27,272.37,14.19,25.82,0.83,0.0
20230811:1810,10.25,22.72,4.02,24.67,0.69,0.0
20230811:1910,0.0,0.0,0.0,24.17,0.62,0.0
20230811:2010,0.0,0.0,0.0,23.22,0.69,0.0
20230811:2110,0.0,0.0,0.0,22.6,0.76,0.0
20230811:2210,0.0,0.0,0.0,22.07,0.76,0.0
20230811:2310,0.0,0.0,0.0,21.9,0.69,0.0
20230812:0010,0.0,0.0,0.0,21.53,0.69,0.0
20230812:0110,0.0,0.0,0.0,21.19,0.69,0.0
20230812:0210,0.0,0.0,0.0,21.06,0.55,0.0
20230812:0310,0.0,0.0,0.0,20.8,0.48,0.0
20230812:0410,0.0,0.0,0.0,20.59,0.55,0.0
20230812:0510,27.37,43.55,7.55,20.38,0.55,0.0
20230812:0610,83.43,105.08,17.85,20.48,0.41,0.0
20230812:0710,226.82,278.03,28.27,21.69,0.48,0.0
20230812:0810,332.88,386.14,38.39,22.56,0.34,0.0
20230812:0910,426.26,484.8,47.64,23.54,0.55,0.0
20230812:1010,492.74,558.04,54.99,24.1,0.62,0.0
20230812:1110,528.34,599.79,58.88,24.56,0.62,0.0
20230812:1210,530.67,602.74,57.94,25.25,0.83,0.0
20230812:1310,538.55,611.17,52.54,25.85,0.97,0.0
20230812:1410,483.5,549.24,44.32,26.47,0.9,0.0
20230812:1510,431.48,489.46,34.66,26.65,1.03,0.0
20230812:1610,351.43,401.55,24.37,26.21,0.97,0.0
20230812:1710,223.79,265.91,13.95,25.91,0.69,0.0
20230812:1810,8.84,20.83,3.78,25.49,0.55,0.0
20230812:1910,0.0,0.0,0.0,23.21,0.69,0.0
20230812:2010,0.0,0.0,0.0,22.75,0.76,0.0
20230812:2110,0.0,0.0,0.0,22.12,0.83,0.0
20230812:2210,0.0,0.0,0.0,21.65,0.83,0.0
20230812:2310,0.0,0.0,0.0,21.32,0.83,0.0
20230813:0010,0.0,0.0,0.0,20.63,0.97,0.0
20230813:0110,0.0,0.0,0.0,20.1,1.03,0.0
20230813:0210,0.0,0.0,0.0,17.93,1.17,0.0
20230813:0310,0.0,0.0,0.0,18.06,1.17,0.0
20230813:0410,0.0,0.0,0.0,17.93,1.17,0.0
20230813:0510,28.59,44.5,7.36,17.75,1.1,0.0
20230813:0610,73.57,93.72,17.67,18.53,0.97,0.0
20230813:0710,223.56,274.05,28.09,20.81,0.9,0.0
20230813:0810,329.05,382.88,38.2,23.03,0.62,0.0
20230813:0910,419.91,482.84,47.42,24.67,0.21,0.0
20230813:1010,492.15,565.43,54.73,25.73,0.21,0.0
20230813:1110,539.63,617.43,58.58,26.69,0.76,0.0
20230813:1210,555.38,635.26,57.63,27.38,1.03,0.0
20230813:1310,543.76,622.31,52.26,27.16,0.83,0.0
20230813:1410,507.06,580.19,44.06,27.05,0.62,0.0
20230813:1510,444.33,502.23,34.41,25.2,0.76,0.0
20230813:1610,349.18,393.88,24.13,24.18,1.45,0.0
20230813:1710,221.27,260.69,13.71,24.05,1.1,0.0
20230813:1810,7.61,18.93,3.53,23.54,0.9,0.0
20230813:1910,0.0,0.0,0.0,24.46,0.62,0.0
20230813:2010,0.0,0.0,0.0,22.1,0.9,0.0
20230813:2110,0.0,0.0,0.0,20.77,1.1,0.0
20230813:2210,0.0,0.0,0.0,20.82,0.97,0.0
20230813:2310,0.0,0.0,0.0,20.23,1.17,0.0
20230814:0010,0.0,0.0,0.0,19.7,1.24,0.0
20230814:0110,0.0,0.0,0.0,19.51,1.24,0.0
20230814:0210,0.0,0.0,0.0,19.92,1.24,0.0
20230814:0310,0.0,0.0,0.0,19.5,1.17,0.0
20230814:0410,0.0,0.0,0.0,18.78,1.24,0.0
20230814:0510,25.23,40.71,7.18,18.44,1.38,0.0
20230814:0610,83.67,105.08,17.49,20.24,1.1,0.0
20230814:0710,218.32,259.17,27.91,21.63,1.1,0.0
20230814:0810,329.15,380.64,38.01,21.25,0.69,0.0
20230814:0910,421.42,471.54,47.2,21.55,1.24,0.0
20230814:1010,488.43,544.78,54.47,22.65,1.31,0.0
20230814:1110,534.25,601.65,58.28,24.08,0.97,0.0
20230814:1210,553.53,629.17,57.33,24.97,0.62,0.0
20230814:1310,545.36,623.4,51.97,25.92,0.48,0.0
20230814:1410,507.92,581.77,43.79,26.42,0.34,0.0
20230814:1510,434.47,495.62,34.16,26.33,0.48,0.0
20230814:1610,320.55,366.89,23.88,25.73,0.76,0.0
20230814:1710,64.42,86.82,13.47,25.42,0.9,0.0
20230814:1810,0.0,1.89,3.28,24.67,1.1,0.0
20230814:1910,0.0,0.0,0.0,23.38,1.31,0.0
20230814:2010,0.0,0.0,0.0,22.37,1.45,0.0
20230814:2110,0.0,0.0,0.0,21.87,1.31,0.0
20230814:2210,0.0,0.0,0.0,21.6,1.24,0.0
20230814:2310,0.0,0.0,0.0,21.08,1.31,0.0
20230815:0010,0.0,0.0,0.0,20.78,1.31,0.0
20230815:0110,0.0,0.0,0.0,20.6,1.24,0.0
20230815:0210,0.0,0.0,0.0,20.77,1.1,0.0
20230815:0310,0.0,0.0,0.0,20.56,1.1,0.0
20230815:0410,0.0,0.0,0.0,20.03,1.17,0.0
20230815:0510,25.81,41.66,6.99,20.09,1.1,0.0
20230815:0610,68.4,88.99,17.31,20.56,0.97,0.0
20230815:0710,212.9,267.21,27.72,22.68,0.14,0.0
20230815:0810,319.78,376.14,37.81,23.58,0.21,0.0
20230815:0910,413.1,475.37,46.97,24.53,0.21,0.0
20230815:1010,484.38,555.45,54.21,25.31,0.21,0.0
20230815:1110,532.39,609.96,57.98,25.67,0.34,0.0
20230815:1210,548.77,627.19,57.01,26.26,0.69,0.0
20230815:1310,543.6,618.8,51.67,25.93,0.76,0.0
20230815:1410,506.33,576.58,43.52,26.08,0.62,0.0
20230815:1510,436.27,495.76,33.91,26.45,0.9,0.0
20230815:1610,361.12,412.38,23.64,25.87,1.24,0.0
20230815:1710,224.0,267.12,13.22,25.39,0.83,0.0
20230815:1810,5.65,16.09,3.02,24.46,0.83,0.0
20230815:1910,0.0,0.0,0.0,25.21,0.83,0.0
20230815:2010,0.0,0.0,0.0,24.47,0.76,0.0
20230815:2110,0.0,0.0,0.0,24.14,0.69,0.0
20230815:2210,0.0,0.0,0.0,23.12,0.76,0.0
20230815:2310,0.0,0.0,0.0,23.29,0.41,0.0
20230816:0010,0.0,0.0,0.0,22.75,0.14,0.0
20230816:0110,0.0,0.0,0.0,19.88,0.97,0.0
20230816:0210,0.0,0.0,0.0,19.35,1.17,0.0
20230816:0310,0.0,0.0,0.0,19.16,1.1,0.0
20230816:0410,0.0,0.0,0.0,19.3,1.1,0.0
20230816:0510,17.22,31.24,6.8,19.44,1.03,0.0
20230816:0610,72.07,92.78,17.13,20.14,0.83,0.0
20230816:0710,210.88,264.44,27.54,22.46,0.48,0.0
20230816:0810,317.89,373.64,37.61,23.66,0.55,0.0
20230816:0910,410.94,470.74,46.74,24.67,0.69,0.0
20230816:1010,484.5,551.85,53.94,25.63,0.83,0.0
20230816:1110,532.23,606.36,57.68,26.36,0.97,0.0
20230816:1210,535.21,611.1,56.7,26.96,1.03,0.0
20230816:1310,533.24,605.65,51.38,26.41,1.1,0.0
20230816:1410,458.88,522.4,43.25,26.02,0.55,0.0
20230816:1510,316.5,361.36,33.64,26.38,0.62,0.0
20230816:1610,15.67,30.09,23.38,26.4,0.55,0.0
20230816:1710,56.1,77.38,12.96,24.81,0.41,0.0
20230816:1810,3.85,13.25,2.76,24.27,0.48,0.0
20230816:1910,0.0,0.0,0.0,22.99,0.76,0.0
20230816:2010,0.0,0.0,0.0,23.12,0.76,0.0
20230816:2110,0.0,0.0,0.0,23.37,0.69,0.0
20230816:2210,0.0,0.0,0.0,22.25,0.83,0.0
20230816:2310,0.0,0.0,0.0,20.15,1.52,0.0
20230817:0010,0.0,0.0,0.0,20.18,1.38,0.0
20230817:0110,0.0,0.0,0.0,21.12,0.83,0.0
20230817:0210,0.0,0.0,0.0,20.78,0.9,0.0
20230817:0310,0.0,0.0,0.0,20.34,1.03,0.0
20230817:0410,0.0,0.0,0.0,20.57,0.97,0.0
20230817:0510,0.0,5.68,6.61,19.37,0.97,0.0
20230817:0610,86.12,107.92,16.95,20.63,0.76,0.0
20230817:0710,207.82,261.09,27.35,21.42,0.41,0.0
20230817:0810,310.61,360.06,37.41,23.03,0.34,0.0
20230817:0910,401.87,461.83,46.52,24.64,0.34,0.0
20230817:1010,467.69,534.4,53.67,25.83,0.69,0.0
20230817:1110,528.65,605.04,57.37,26.86,0.83,0.0
20230817:1210,541.75,624.3,56.38,27.44,0.55,0.0
20230817:1310,533.57,613.85,51.07,28.2,0.83,0.0
20230817:1410,334.44,379.73,42.97,27.02,1.66,0.0
20230817:1510,362.43,412.86,33.38,25.97,0.48,0.0
20230817:1610,182.65,214.78,23.12,25.95,0.76,0.0
20230817:1710,25.12,41.74,12.7,25.56,0.76,0.0
20230817:1810,0.0,4.73,2.49,24.87,0.76,0.0
20230817:1910,0.0,0.0,0.0,23.54,0.83,0.0
20230817:2010,0.0,0.0,0.0,23.02,0.9,0.0
20230817:2110,0.0,0.0,0.0,22.29,1.03,0.0
20230817:2210,0.0,0.0,0.0,22.46,0.97,0.0
20230817:2310,0.0,0.0,0.0,22.45,0.62,0.0
20230818:0010,0.0,0.0,0.0,22.02,0.9,0.0
20230818:0110,0.0,0.0,0.0,21.28,0.97,0.0
20230818:0210,0.0,0.0,0.0,21.17,0.83,0.0
20230818:0310,0.0,0.0,0.0,20.75,0.83,0.0
20230818:0410,0.0,0.0,0.0,18.2,1.03,0.0
20230818:0510,22.19,36.92,6.42,16.93,1.17,0.0
20230818:0610,64.69,84.26,16.76,18.4,0.97,0.0
20230818:0710,206.5,259.32,27.16,20.04,0.9,0.0
20230818:0810,314.08,369.37,37.21,22.75,0.55,0.0
20230818:0910,408.65,471.74,46.28,24.67,0.28,0.0
20230818:1010,480.17,551.25,53.39,26.05,0.48,0.0
20230818:1110,527.68,604.67,57.05,27.21,0.9,0.0
20230818:1210,547.23,625.9,56.05,27.86,1.24,0.0
20230818:1310,535.94,613.56,50.77,28.27,1.24,0.0
20230818:1410,487.7,558.31,42.68,28.44,1.17,0.0
20230818:1510,414.29,474.47,33.11,28.44,1.24,0.0
20230818:1610,321.29,375.04,22.86,28.24,0.48,0.0
20230818:1710,186.67,228.31,12.44,27.1,0.41,0.0
20230818:1810,2.68,11.36,2.22,26.88,0.14,0.0
20230818:1910,0.0,0.0,0.0,26.62,0.55,0.0
20230818:2010,0.0,0.0,0.0,24.92,0.83,0.0
20230818:2110,0.0,0.0,0.0,23.89,0.9,0.0
20230818:2210,0.0,0.0,0.0,23.22,0.9,0.0
20230818:2310,0.0,0.0,0.0,22.73,0.9,0.0
20230819:0010,0.0,0.0,0.0,22.07,0.9,0.0
20230819:0110,0.0,0.0,0.0,21.29,1.03,0.0
20230819:0210,0.0,0.0,0.0,20.89,1.1,0.0
20230819:0310,0.0,0.0,0.0,20.68,1.1,0.0
20230819:0410,0.0,0.0,0.0,20.14,1.17,0.0
20230819:0510,21.84,36.92,6.23,19.93,1.17,0.0
20230819:0610,65.05,85.2,16.58,19.98,0.83,0.0
20230819:0710,199.4,253.99,26.97,21.81,0.76,0.0
20230819:0810,306.63,364.02,37.0,23.98,0.48,0.0
20230819:0910,400.47,463.71,46.05,25.82,0.55,0.0
20230819:1010,472.46,544.73,53.12,27.07,0.55,0.0
20230819:1110,519.38,597.36,56.74,28.17,0.97,0.0
20230819:1210,537.34,618.28,55.73,28.94,1.17,0.0
20230819:1310,528.19,610.18,50.45,29.58,1.03,0.0
20230819:1410,488.42,564.76,42.39,29.73,0.9,0.0
20230819:1510,420.46,486.66,32.83,29.82,0.97,0.0
20230819:1610,318.76,373.81,22.59,29.34,0.76,0.0
20230819:1710,182.58,226.27,12.17,28.89,0.34,0.0
20230819:1810,0.71,7.57,1.95,28.05,0.62,0.0
20230819:1910,0.0,0.0,0.0,27.4,0.69,0.0
20230819:2010,0.0,0.0,0.0,26.41,0.76,0.0
20230819:2110,0.0,0.0,0.0,25.21,0.9,0.0
20230819:2210,0.0,0.0,0.0,24.53,0.9,0.0
20230819:2310,0.0,0.0,0.0,24.23,0.83,0.0
20230820:0010,0.0,0.0,0.0,23.59,0.83,0.0
20230820:0110,0.0,0.0,0.0,22.89,0.9,0.0
20230820:0210,0.0,0.0,0.0,22.43,0.9,0.0
20230820:0310,0.0,0.0,0.0,21.92,0.9,0.0
20230820:0410,0.0,0.0,0.0,20.41,1.03,0.0
20230820:0510,18.78,33.13,6.03,19.23,1.03,0.0
20230820:0610,74.42,95.62,16.39,21.0,0.83,0.0
20230820:0710,192.7,248.1,26.78,24.05,0.14,0.0
20230820:0810,297.79,355.86,36.79,25.42,0.48,0.0
20230820:0910,390.84,454.03,45.81,26.38,0.55,0.0
20230820:1010,464.87,536.81,52.84,27.37,0.55,0.0
20230820:1110,509.07,589.24,56.42,28.33,0.55,0.0
20230820:1210,526.34,609.97,55.39,29.1,0.69,0.0
20230820:1310,517.42,601.58,50.14,29.77,0.62,0.0
20230820:1410,478.13,556.66,42.1,30.2,0.55,0.0
20230820:1510,409.0,475.29,32.56,30.26,0.83,0.0
20230820:1610,313.49,368.12,22.32,29.94,1.17,0.0
20230820:1710,178.49,221.72,11.9,29.28,1.17,0.0
20230820:1810,0.0,5.68,1.67,28.01,1.03,0.0
20230820:1910,0.0,0.0,0.0,26.18,1.03,0.0
20230820:2010,0.0,0.0,0.0,25.64,0.9,0.0
20230820:2110,0.0,0.0,0.0,24.96,0.83,0.0
20230820:2210,0.0,0.0,0.0,23.98,0.97,0.0
20230820:2310,0.0,0.0,0.0,24.06,0.9,0.0
20230821:0010,0.0,0.0,0.0,23.95,0.83,0.0
20230821:0110,0.0,0.0,0.0,23.4,0.9,0.0
20230821:0210,0.0,0.0,0.0,22.73,0.97,0.0
20230821:0310,0.0,0.0,0.0,22.37,0.97,0.0
20230821:0410,0.0,0.0,0.0,21.82,1.03,0.0
20230821:0510,17.86,32.19,5.84,20.77,1.1,0.0
20230821:0610,72.06,93.72,16.2,22.6,0.83,0.0
20230821:0710,188.53,243.69,26.59,24.82,0.62,0.0
20230821:0810,292.61,351.22,36.59,26.15,0.55,0.0
20230821:0910,384.37,449.33,45.57,27.27,0.48,0.0
20230821:1010,454.77,528.46,52.56,28.22,0.41,0.0
20230821:1110,499.05,580.43,56.09,29.09,0.48,0.0
20230821:1210,516.41,602.96,55.06,29.75,0.41,0.0
20230821:1310,508.12,593.8,49.82,29.97,0.34,0.0
20230821:1410,471.96,551.2,41.8,30.2,0.34,0.0
20230821:1510,400.58,469.67,32.27,30.43,0.21,0.0
20230821:1610,294.25,349.76,22.04,30.28,0.14,0.0
20230821:1710,155.78,196.7,11.62,29.72,0.21,0.0
20230821:1810,0.0,2.84,1.38,29.16,0.48,0.0
20230821:1910,0.0,0.0,0.0,28.61,0.55,0.0
20230821:2010,0.0,0.0,0.0,28.0,0.62,0.0
20230821:2110,0.0,0.0,0.0,27.07,0.62,0.0
20230821:2210,0.0,0.0,0.0,26.34,0.62,0.0
20230821:2310,0.0,0.0,0.0,25.79,0.76,0.0
20230822:0010,0.0,0.0,0.0,25.15,0.83,0.0
20230822:0110,0.0,0.0,0.0,24.31,0.9,0.0
20230822:0210,0.0,0.0,0.0,23.92,0.97,0.0
20230822:0310,0.0,0.0,0.0,23.55,0.97,0.0
20230822:0410,0.0,0.0,0.0,22.19,1.1,0.0
20230822:0510,17.88,32.19,5.65,20.58,1.1,0.0
20230822:0610,60.91,81.42,16.01,22.02,1.03,0.0
20230822:0710,184.29,241.09,26.4,24.12,0.83,0.0
20230822:0810,288.88,349.1,36.38,26.49,0.76,0.0
20230822:0910,381.39,447.66,45.33,28.06,0.62,0.0
20230822:1010,449.81,526.08,52.27,29.0,0.28,0.0
20230822:1110,493.42,578.03,55.77,29.85,0.28,0.0
20230822:1210,508.94,598.86,54.72,30.36,0.14,0.0
20230822:1310,500.98,589.78,49.49,30.96,0.21,0.0
20230822:1410,468.57,549.43,41.5,31.12,0.41,0.0
20230822:1510,397.01,465.0,31.98,31.11,0.62,0.0
20230822:1610,294.29,347.91,21.76,30.68,1.24,0.0
20230822:1710,149.92,189.24,11.34,29.19,1.03,0.0
20230822:1810,0.0,0.0,0.0,28.29,1.31,0.0
20230822:1910,0.0,0.0,0.0,29.12,0.41,0.0
20230822:2010,0.0,0.0,0.0,28.28,0.62,0.0
20230822:2110,0.0,0.0,0.0,26.77,0.83,0.0
20230822:2210,0.0,0.0,0.0,26.52,0.76,0.0
20230822:2310,0.0,0.0,0.0,25.67,0.83,0.0
20230823:0010,0.0,0.0,0.0,24.81,0.97,0.0
20230823:0110,0.0,0.0,0.0,24.36,1.03,0.0
20230823:0210,0.0,0.0,0.0,23.66,1.1,0.0
20230823:0310,0.0,0.0,0.0,23.07,1.17,0.0
20230823:0410,0.0,0.0,0.0,20.57,1.17,0.0
20230823:0510,16.37,30.29,5.45,20.46,1.17,0.0
20230823:0610,64.51,85.2,15.82,21.7,1.03,0.0
20230823:0710,179.99,237.46,26.2,24.78,0.55,0.0
20230823:0810,283.83,345.01,36.16,26.75,0.48,0.0
20230823:0910,376.88,442.99,45.09,28.12,0.62,0.0
20230823:1010,446.01,521.86,51.98,29.37,0.41,0.0
20230823:1110,487.5,574.03,55.44,30.35,0.14,0.0
20230823:1210,506.83,596.12,54.38,31.15,0.41,0.0
20230823:1310,500.58,584.32,49.17,31.68,1.03,0.0
20230823:1410,463.17,540.37,41.19,31.41,0.9,0.0
20230823:1510,391.53,456.73,31.69,31.06,1.03,0.0
20230823:1610,282.72,334.74,21.48,30.22,0.97,0.0
20230823:1710,138.98,176.92,11.06,29.26,1.1,0.0
20230823:1810,0.0,0.0,0.0,27.92,1.24,0.0
20230823:1910,0.0,0.0,0.0,28.84,0.76,0.0
20230823:2010,0.0,0.0,0.0,27.59,0.83,0.0
20230823:2110,0.0,0.0,0.0,25.77,1.03,0.0
20230823:2210,0.0,0.0,0.0,24.92,1.1,0.0
20230823:2310,0.0,0.0,0.0,24.41,1.1,0.0
20230824:0010,0.0,0.0,0.0,24.06,1.03,0.0
20230824:0110,0.0,0.0,0.0,23.44,1.03,0.0
20230824:0210,0.0,0.0,0.0,23.33,1.03,0.0
20230824:0310,0.0,0.0,0.0,22.32,1.17,0.0
20230824:0410,0.0,0.0,0.0,21.79,1.24,0.0
20230824:0510,14.76,28.4,5.25,21.72,1.24,0.0
20230824:0610,69.42,90.88,15.63,22.66,0.9,0.0
20230824:0710,177.28,233.56,26.01,25.8,0.34,0.0
20230824:0810,278.12,340.24,35.95,27.35,0.07,0.0
20230824:0910,370.24,437.18,44.84,28.45,0.41,0.0
20230824:1010,443.31,516.12,51.69,29.34,0.83,0.0
20230824:1110,490.76,569.19,55.11,30.24,1.17,0.0
20230824:1210,506.06,589.06,54.03,30.33,0.83,0.0
20230824:1310,497.72,579.54,48.83,30.25,0.69,0.0
20230824:1410,44.87,66.0,40.88,30.48,1.38,0.0
20230824:1510,220.74,260.4,31.4,30.05,0.83,0.0
20230824:1610,164.54,199.94,21.19,29.99,0.28,0.0
20230824:1710,90.91,120.37,10.77,28.74,0.76,0.0
20230824:1810,0.0,0.0,0.0,26.7,1.1,0.0
20230824:1910,0.0,0.0,0.0,26.29,1.17,0.0
20230824:2010,0.0,0.0,0.0,25.43,1.1,0.0
20230824:2110,0.0,0.0,0.0,25.0,1.03,0.0
20230824:2210,0.0,0.0,0.0,24.34,1.17,0.0
20230824:2310,0.0,0.0,0.0,23.74,1.24,0.0
20230825:0010,0.0,0.0,0.0,23.27,1.31,0.0
20230825:0110,0.0,0.0,0.0,22.85,1.31,0.0
20230825:0210,0.0,0.0,0.0,22.47,1.31,0.0
20230825:0310,0.0,0.0,0.0,22.04,1.38,0.0
20230825:0410,0.0,0.0,0.0,21.78,1.31,0.0
20230825:0510,14.05,27.45,5.06,21.46,1.31,0.0
20230825:0610,67.59,88.99,15.44,22.96,1.1,0.0
20230825:0710,174.57,228.74,25.81,23.22,1.31,0.0
20230825:0810,278.6,335.45,35.73,24.9,0.9,0.0
20230825:0910,368.33,432.21,44.59,26.78,0.34,0.0
20230825:1010,439.41,511.31,51.4,28.09,0.41,0.0
20230825:1110,487.25,565.37,54.77,28.68,0.55,0.0
20230825:1210,505.21,585.61,53.68,29.31,0.76,0.0
20230825:1310,496.03,575.99,48.5,29.51,0.62,0.0
20230825:1410,455.9,530.09,40.56,29.57,0.48,0.0
20230825:1510,381.01,442.75,31.1,29.14,0.62,0.0
20230825:1610,275.03,324.68,20.9,28.48,0.76,0.0
20230825:1710,134.84,172.13,10.48,27.68,1.1,0.0
20230825:1810,0.0,0.0,0.0,25.37,1.45,0.0
20230825:1910,0.0,0.0,0.0,24.48,1.86,0.0
20230825:2010,0.0,0.0,0.0,23.6,1.45,0.0
20230825:2110,0.0,0.0,0.0,22.82,1.66,0.0
20230825:2210,0.0,0.0,0.0,21.84,1.72,0.0
20230825:2310,0.0,0.0,0.0,21.54,1.72,0.0
20230826:0010,0.0,0.0,0.0,21.15,1.66,0.0
20230826:0110,0.0,0.0,0.0,20.58,1.45,0.0
20230826:0210,0.0,0.0,0.0,20.09,1.24,0.0
20230826:0310,0.0,0.0,0.0,19.95,1.31,0.0
20230826:0410,0.0,0.0,0.0,19.77,1.24,0.0
20230826:0510,11.98,24.61,4.86,19.84,1.17,0.0
20230826:0610,58.65,78.58,15.25,20.83,0.97,0.0
20230826:0710,158.84,186.73,25.61,21.06,1.59,0.0
20230826:0810,226.98,257.4,35.52,21.44,1.45,0.0
20230826:0910,238.08,270.13,44.34,22.72,1.03,0.0
20230826:1010,369.89,418.8,51.1,23.46,0.34,0.0
20230826:1110,301.61,341.46,54.43,24.39,0.97,0.0
20230826:1210,313.65,354.83,53.33,24.51,0.97,0.0
20230826:1310,78.5,100.94,48.16,23.16,0.55,0.0
20230826:1410,35.62,53.38,40.24,21.86,0.0,0.0
20230826:1510,36.6,54.35,30.79,21.47,0.97,0.0
20230826:1610,19.36,33.97,20.6,20.33,1.52,0.0
20230826:1710,11.73,24.27,10.18,19.66,1.45,0.0
20230826:1810,0.0,0.0,0.0,19.09,1.24,0.0
20230826:1910,0.0,0.0,0.0,18.57,1.38,0.0
20230826:2010,0.0,0.0,0.0,17.89,1.72,0.0
20230826:2110,0.0,0.0,0.0,17.97,1.45,0.0
20230826:2210,0.0,0.0,0.0,18.29,1.17,0.0
20230826:2310,0.0,0.0,0.0,18.03,0.97,0.0
20230827:0010,0.0,0.0,0.0,18.06,1.31,0.0
20230827:0110,0.0,0.0,0.0,17.71,1.17,0.0
20230827:0210,0.0,0.0,0.0,17.71,1.03,0.0
20230827:0310,0.0,0.0,0.0,17.63,0.97,0.0
20230827:0410,0.0,0.0,0.0,17.55,0.9,0.0
20230827:0510,5.91,16.09,4.66,17.4,0.69,0.0
20230827:0610,77.35,97.51,15.05,17.86,0.55,0.0
20230827:0710,43.14,61.15,25.41,19.01,0.34,0.0
20230827:0810,45.62,64.06,35.3,19.69,0.41,0.0
20230827:0910,60.04,79.59,44.09,19.37,1.03,0.0
20230827:1010,82.96,103.86,50.8,19.27,1.31,0.0
20230827:1110,209.41,234.89,54.09,18.93,1.38,0.0
20230827:1210,198.55,223.24,52.97,18.45,1.24,0.0
20230827:1310,45.09,63.09,47.81,18.6,1.86,0.0
20230827:1410,264.22,291.13,39.92,18.39,1.52,0.0
20230827:1510,67.51,87.36,30.49,18.86,1.45,0.0
20230827:1610,120.14,142.83,20.3,18.86,1.31,0.0
20230827:1710,36.86,54.54,9.88,19.35,0.9,0.0
20230827:1810,0.0,0.0,0.0,19.04,0.62,0.0
20230827:1910,0.0,0.0,0.0,18.11,2.21,0.0
20230827:2010,0.0,0.0,0.0,17.85,2.48,0.0
20230827:2110,0.0,0.0,0.0,17.37,2.21,0.0
20230827:2210,0.0,0.0,0.0,16.82,2.07,0.0
20230827:2310,0.0,0.0,0.0,16.4,2.21,0.0
20230828:0010,0.0,0.0,0.0,16.05,2.34,0.0
20230828:0110,0.0,0.0,0.0,15.68,2.55,0.0
20230828:0210,0.0,0.0,0.0,15.29,2.48,0.0
20230828:0310,0.0,0.0,0.0,14.88,2.07,0.0
20230828:0410,0.0,0.0,0.0,14.67,2.48,0.0
20230828:0510,10.17,21.77,4.46,14.39,2.9,0.0
20230828:0610,56.3,73.84,14.86,14.15,2.9,0.0
20230828:0710,24.1,38.82,25.21,14.85,2.14,0.0
20230828:0810,30.84,46.59,35.07,15.35,2.34,0.0
20230828:0910,42.29,59.21,43.83,15.27,2.28,0.0
20230828:1010,49.5,66.97,50.5,15.36,2.76,0.0
20230828:1110,65.11,83.47,53.75,15.34,2.62,0.0
20230828:1210,415.83,443.19,52.62,15.53,2.76,0.0
20230828:1310,68.77,87.36,47.47,15.49,2.55,0.0
20230828:1410,83.84,102.89,39.59,15.31,2.55,0.0
20230828:1510,73.73,92.21,30.18,14.7,2.55,0.0
20230828:1610,137.07,157.22,20.0,14.47,2.48,0.0
20230828:1710,1.98,9.71,9.58,14.23,2.76,0.0
20230828:1810,0.0,0.0,0.0,13.72,2.62,0.0
20230828:1910,0.0,0.0,0.0,13.72,2.83,0.0
20230828:2010,0.0,0.0,0.0,13.14,2.83,0.0
20230828:2110,0.0,0.0,0.0,12.87,2.76,0.0
20230828:2210,0.0,0.0,0.0,13.13,2.69,0.0
20230828:2310,0.0,0.0,0.0,13.06,2.62,0.0
20230829:0010,0.0,0.0,0.0,13.04,2.55,0.0
20230829:0110,0.0,0.0,0.0,12.95,2.48,0.0
20230829:0210,0.0,0.0,0.0,13.08,2.48,0.0
20230829:0310,0.0,0.0,0.0,13.01,2.41,0.0
20230829:0410,0.0,0.0,0.0,12.92,2.41,0.0
20230829:0510,9.54,20.83,4.26,12.84,2.41,0.0
20230829:0610,79.48,97.51,14.66,13.06,2.34,0.0
20230829:0710,166.43,218.33,25.0,13.98,2.55,0.0
20230829:0810,282.31,326.95,34.85,15.05,2.76,0.0
20230829:0910,385.55,422.03,43.58,16.23,3.1,0.0
20230829:1010,457.81,494.07,50.2,17.5,3.31,0.0
20230829:1110,506.42,546.32,53.4,18.79,3.31,0.0
20230829:1210,501.99,543.25,52.25,19.6,3.17,0.0
20230829:1310,437.58,474.78,47.12,20.0,3.1,0.0
20230829:1410,425.13,461.77,39.26,20.13,3.1,0.0
20230829:1510,388.54,425.75,29.86,19.96,2.9,0.0
20230829:1610,281.0,316.61,19.69,19.18,2.48,0.0
20230829:1710,83.96,108.42,9.28,18.27,2.55,0.0
20230829:1810,0.0,0.0,0.0,17.23,2.41,0.0
20230829:1910,0.0,0.0,0.0,16.24,2.41,0.0
20230829:2010,0.0,0.0,0.0,15.52,2.41,0.0
20230829:2110,0.0,0.0,0.0,14.74,2.28,0.0
20230829:2210,0.0,0.0,0.0,13.91,2.14,0.0
20230829:2310,0.0,0.0,0.0,13.24,2.07,0.0
20230830:0010,0.0,0.0,0.0,12.66,1.93,0.0
20230830:0110,0.0,0.0,0.0,12.24,1.86,0.0
20230830:0210,0.0,0.0,0.0,12.06,1.86,0.0
20230830:0310,0.0,0.0,0.0,11.81,1.93,0.0
20230830:0410,0.0,0.0,0.0,11.39,1.93,0.0
20230830:0510,10.36,21.77,4.06,11.12,1.93,0.0
20230830:0610,51.27,68.16,14.46,12.57,1.79,0.0
20230830:0710,160.41,213.34,24.8,15.02,1.79,0.0
20230830:0810,275.02,323.5,34.63,16.42,1.79,0.0
20230830:0910,375.06,420.36,43.32,17.87,1.52,0.0
20230830:1010,449.05,498.15,49.89,19.1,1.03,0.0
20230830:1110,493.21,550.67,53.05,20.04,0.41,0.0
20230830:1210,508.15,568.15,51.89,20.49,0.34,0.0
20230830:1310,498.48,553.24,46.77,20.6,0.83,0.0
20230830:1410,445.38,493.34,38.93,20.72,1.03,0.0
20230830:1510,378.72,421.94,29.54,20.54,1.1,0.0
20230830:1610,269.25,307.75,19.39,20.28,1.24,0.0
20230830:1710,114.0,145.17,8.97,19.55,1.1,0.0
20230830:1810,0.0,0.0,0.0,18.03,1.1,0.0
20230830:1910,0.0,0.0,0.0,18.22,0.69,0.0
20230830:2010,0.0,0.0,0.0,17.8,0.41,0.0
20230830:2110,0.0,0.0,0.0,17.23,0.34,0.0
20230830:2210,0.0,0.0,0.0,16.82,0.28,0.0
20230830:2310,0.0,0.0,0.0,16.48,0.41,0.0
20230831:0010,0.0,0.0,0.0,16.17,0.55,0.0
20230831:0110,0.0,0.0,0.0,15.95,0.9,0.0
20230831:0210,0.0,0.0,0.0,15.29,0.97,0.0
20230831:0310,0.0,0.0,0.0,14.69,1.1,0.0
20230831:0410,0.0,0.0,0.0,13.58,1.24,0.0
20230831:0510,0.41,6.63,3.86,12.67,1.31,0.0
20230831:0610,78.65,96.56,14.27,12.44,1.31,0.0
20230831:0710,176.13,213.35,24.59,15.24,0.97,0.0
20230831:0810,265.5,316.14,34.4,17.08,0.62,0.0
20230831:0910,362.64,413.67,43.05,18.67,0.14,0.0
20230831:1010,438.57,489.73,49.58,19.41,0.62,0.0
20230831:1110,485.04,536.65,52.7,19.8,1.03,0.0
20230831:1210,471.3,520.19,51.52,20.1,1.17,0.0
20230831:1310,324.58,359.75,46.41,20.32,0.9,0.0
20230831:1410,261.93,292.35,38.59,20.17,0.83,0.0
20230831:1510,214.68,242.27,29.22,19.95,0.97,0.0
20230831:1610,40.43,58.24,19.07,19.54,0.83,0.0
20230831:1710,116.41,148.87,8.66,19.08,0.62,0.0
20230831:1810,0.0,0.0,0.0,18.33,0.55,0.0
20230831:1910,0.0,0.0,0.0,17.36,0.83,0.0
20230831:2010,0.0,0.0,0.0,17.39,0.83,0.0
20230831:2110,0.0,0.0,0.0,17.43,0.83,0.0
20230831:2210,0.0,0.0,0.0,17.08,0.83,0.0
20230831:2310,0.0,0.0,0.0,17.02,0.83,0.0
20230901:0010,0.0,0.0,0.0,17.06,0.62,0.0
20230901:0110,0.0,0.0,0.0,16.91,0.41,0.0
20230901:0210,0.0,0.0,0.0,16.79,0.28,0.0
20230901:0310,0.0,0.0,0.0,16.7,0.41,0.0
20230901:0410,0.0,0.0,0.0,16.57,0.55,0.0
20230901:0510,5.95,16.09,3.66,16.49,0.55,0.0
20230901:0610,69.7,88.99,14.07,16.59,0.41,0.0
20230901:0710,172.38,205.93,24.39,16.94,0.28,0.0
20230901:0810,268.29,309.67,34.17,17.81,0.07,0.0
20230901:0910,355.86,404.66,42.79,18.78,0.28,0.0
20230901:1010,421.51,471.63,49.27,19.58,0.34,0.0
20230901:1110,428.07,474.93,52.35,19.92,0.69,0.0
20230901:1210,460.21,510.91,51.15,20.68,0.9,0.0
20230901:1310,430.59,476.97,46.05,20.86,1.03,0.0
20230901:1410,416.73,462.21,38.25,21.17,1.17,0.0
20230901:1510,325.21,363.42,28.9,20.94,1.17,0.0
20230901:1610,187.92,218.13,18.76,20.4,0.9,0.0
20230901:1710,80.44,107.24,8.34,20.02,0.55,0.0
20230901:1810,0.0,0.0,0.0,19.11,0.62,0.0
20230901:1910,0.0,0.0,0.0,17.7,0.97,0.0
20230901:2010,0.0,0.0,0.0,17.6,0.97,0.0
20230901:2110,0.0,0.0,0.0,17.57,0.97,0.0
20230901:2210,0.0,0.0,0.0,17.99,0.83,0.0
20230901:2310,0.0,0.0,0.0,17.93,0.83,0.0
20230902:0010,0.0,0.0,0.0,17.73,0.83,0.0
20230902:0110,0.0,0.0,0.0,17.17,0.9,0.0
20230902:0210,0.0,0.0,0.0,16.71,0.97,0.0
20230902:0310,0.0,0.0,0.0,16.21,1.03,0.0
20230902:0410,0.0,0.0,0.0,15.68,1.1,0.0
20230902:0510,6.65,17.04,3.45,15.31,1.17,0.0
20230902:0610,54.95,72.9,13.87,15.32,1.1,0.0
20230902:0710,147.26,199.87,24.18,18.43,0.62,0.0
20230902:0810,254.68,306.08,33.94,19.6,0.55,0.0
20230902:0910,349.47,400.06,42.52,20.61,0.34,0.0
20230902:1010,421.51,475.26,48.95,21.45,0.69,0.0
20230902:1110,463.2,517.91,51.99,21.84,1.03,0.0
20230902:1210,440.26,490.71,50.78,22.24,1.24,0.0
20230902:1310,425.39,474.31,45.69,22.41,1.17,0.0
20230902:1410,405.26,454.73,37.91,22.43,0.69,0.0
20230902:1510,335.37,380.91,28.57,22.6,0.41,0.0
20230902:1610,246.04,288.53,18.44,22.48,0.48,0.0
20230902:1710,96.11,128.05,8.02,21.95,0.48,0.0
20230902:1810,0.0,0.0,0.0,21.31,0.55,0.0
20230902:1910,0.0,0.0,0.0,20.93,0.55,0.0
20230902:2010,0.0,0.0,0.0,20.31,0.62,0.0
20230902:2110,0.0,0.0,0.0,19.65,0.76,0.0
20230902:2210,0.0,0.0,0.0,18.84,0.83,0.0
20230902:2310,0.0,0.0,0.0,18.5,0.9,0.0
20230903:0010,0.0,0.0,0.0,18.66,0.76,0.0
20230903:0110,0.0,0.0,0.0,17.39,0.83,0.0
20230903:0210,0.0,0.0,0.0,14.55,1.1,0.0
20230903:0310,0.0,0.0,0.0,14.72,1.31,0.0
20230903:0410,0.0,0.0,0.0,14.87,1.24,0.0
20230903:0510,4.12,13.25,3.25,14.62,1.31,0.0
20230903:0610,68.44,87.1,13.67,15.33,1.24,0.0
20230903:0710,167.99,203.71,23.97,16.97,1.1,0.0
20230903:0810,261.28,305.14,33.71,19.25,0.76,0.0
20230903:0910,346.27,398.26,42.25,21.42,0.62,0.0
20230903:1010,414.53,469.67,48.64,23.05,0.97,0.0
20230903:1110,456.74,515.56,51.63,24.1,1.24,0.0
20230903:1210,467.48,527.39,50.4,24.79,1.38,0.0
20230903:1310,464.02,524.28,45.32,25.13,1.31,0.0
20230903:1410,426.0,482.78,37.57,25.19,1.24,0.0
20230903:1510,300.19,342.82,28.24,24.94,1.24,0.0
20230903:1610,200.44,237.87,18.12,24.58,0.97,0.0
20230903:1710,73.57,101.95,7.7,23.67,0.62,0.0
20230903:1810,0.0,0.0,0.0,23.04,0.48,0.0
20230903:1910,0.0,0.0,0.0,22.57,0.62,0.0
20230903:2010,0.0,0.0,0.0,21.48,0.76,0.0
20230903:2110,0.0,0.0,0.0,20.45,0.9,0.0
20230903:2210,0.0,0.0,0.0,19.99,0.9,0.0
20230903:2310,0.0,0.0,0.0,19.63,0.9,0.0
20230904:0010,0.0,0.0,0.0,19.18,0.97,0.0
20230904:0110,0.0,0.0,0.0,19.1,0.97,0.0
20230904:0210,0.0,0.0,0.0,19.01,0.9,0.0
20230904:0310,0.0,0.0,0.0,18.82,0.9,0.0
20230904:0410,0.0,0.0,0.0,18.47,0.83,0.0
20230904:0510,1.81,9.47,3.05,16.45,1.03,0.0
20230904:0610,69.37,88.99,13.46,17.67,0.76,0.0
20230904:0710,158.53,197.33,23.76,20.47,0.34,0.0
20230904:0810,242.74,295.06,33.48,21.88,0.97,0.0
20230904:0910,335.17,389.47,41.98,22.57,1.1,0.0
20230904:1010,406.65,461.05,48.32,23.2,1.1,0.0
20230904:1110,439.66,494.85,51.27,23.6,1.24,0.0
20230904:1210,435.65,487.0,50.03,23.42,1.59,0.0
20230904:1310,414.67,463.13,44.96,23.42,1.59,0.0
20230904:1410,369.33,413.81,37.22,23.17,1.31,0.0
20230904:1510,275.0,312.38,27.91,22.93,0.97,0.0
20230904:1610,153.75,183.71,17.79,22.52,0.48,0.0
20230904:1710,29.51,46.39,7.38,22.22,0.28,0.0
20230904:1810,0.0,0.0,0.0,21.64,0.41,0.0
20230904:1910,0.0,0.0,0.0,21.28,0.48,0.0
20230904:2010,0.0,0.0,0.0,20.81,0.62,0.0
20230904:2110,0.0,0.0,0.0,20.65,0.55,0.0
20230904:2210,0.0,0.0,0.0,20.24,0.55,0.0
20230904:2310,0.0,0.0,0.0,19.16,0.97,0.0
20230905:0010,0.0,0.0,0.0,19.11,1.24,0.0
20230905:0110,0.0,0.0,0.0,19.02,1.31,0.0
20230905:0210,0.0,0.0,0.0,18.53,1.1,0.0
20230905:0310,0.0,0.0,0.0,18.18,0.9,0.0
20230905:0410,0.0,0.0,0.0,17.97,0.69,0.0
20230905:0510,0.0,3.79,2.84,17.73,0.62,0.0
20230905:0610,42.04,59.64,13.26,17.81,0.48,0.0
20230905:0710,85.15,105.8,23.54,18.17,0.69,0.0
20230905:0810,112.21,133.95,33.24,18.15,0.83,0.0
20230905:0910,93.56,114.53,41.71,18.31,1.24,0.0
20230905:1010,106.75,128.12,48.0,18.21,1.45,0.0
20230905:1110,129.34,151.42,50.91,18.14,1.45,0.0
20230905:1210,129.13,151.42,49.65,18.43,1.38,0.0
20230905:1310,164.41,188.3,44.59,18.87,1.17,0.0
20230905:1410,148.1,171.8,36.87,19.17,0.9,0.0
20230905:1510,149.5,173.56,27.57,19.19,0.62,0.0
20230905:1610,224.61,261.93,17.47,19.08,0.48,0.0
20230905:1710,27.6,43.55,7.06,18.76,0.48,0.0
20230905:1810,0.0,0.0,0.0,18.29,0.41,0.0
20230905:1910,0.0,0.0,0.0,18.03,0.28,0.0
20230905:2010,0.0,0.0,0.0,16.8,0.83,0.0
20230905:2110,0.0,0.0,0.0,15.87,1.17,0.0
20230905:2210,0.0,0.0,0.0,15.44,1.31,0.0
20230905:2310,0.0,0.0,0.0,15.19,1.31,0.0
20230906:0010,0.0,0.0,0.0,15.04,1.24,0.0
20230906:0110,0.0,0.0,0.0,14.79,1.24,0.0
20230906:0210,0.0,0.0,0.0,14.58,1.24,0.0
20230906:0310,0.0,0.0,0.0,14.25,1.24,0.0
20230906:0410,0.0,0.0,0.0,14.03,1.31,0.0
20230906:0510,2.96,11.36,2.64,13.71,1.31,0.0
20230906:0610,45.46,62.48,13.06,14.4,1.24,0.0
20230906:0710,69.35,88.99,23.33,17.7,0.69,0.0
20230906:0810,232.6,288.2,33.0,18.91,0.14,0.0
20230906:0910,332.66,385.66,41.43,19.81,0.48,0.0
20230906:1010,411.28,464.01,47.67,20.57,0.9,0.0
20230906:1110,460.42,515.19,50.54,21.15,0.97,0.0
20230906:1210,476.28,533.54,49.27,21.6,0.76,0.0
20230906:1310,465.48,524.0,44.22,22.0,0.48,0.0
20230906:1410,417.38,472.87,36.51,22.35,0.28,0.0
20230906:1510,344.13,394.85,27.24,22.49,0.28,0.0
20230906:1610,232.34,276.95,17.14,22.48,0.41,0.0
20230906:1710,24.74,40.71,6.73,21.92,0.41,0.0
20230906:1810,0.0,0.0,0.0,21.69,0.41,0.0
20230906:1910,0.0,0.0,0.0,21.17,0.07,0.0
20230906:2010,0.0,0.0,0.0,20.8,0.07,0.0
20230906:2110,0.0,0.0,0.0,20.59,0.07,0.0
20230906:2210,0.0,0.0,0.0,20.42,0.21,0.0
20230906:2310,0.0,0.0,0.0,19.95,0.55,0.0
20230907:0010,0.0,0.0,0.0,17.13,1.03,0.0
20230907:0110,0.0,0.0,0.0,14.29,1.1,0.0
20230907:0210,0.0,0.0,0.0,14.82,1.31,0.0
20230907:0310,0.0,0.0,0.0,14.93,1.38,0.0
20230907:0410,0.0,0.0,0.0,14.74,1.52,0.0
20230907:0510,2.37,10.41,2.43,14.72,1.52,0.0
20230907:0610,46.23,63.43,12.85,14.92,1.52,0.0
20230907:0710,72.63,91.83,23.11,16.29,1.24,0.0
20230907:0810,229.17,283.6,32.76,18.74,0.76,0.0
20230907:0910,324.81,380.44,41.16,20.81,0.21,0.0
20230907:1010,402.96,458.51,47.35,21.8,0.76,0.0
20230907:1110,451.96,509.36,50.17,22.46,0.97,0.0
20230907:1210,469.27,527.76,48.88,22.95,1.03,0.0
20230907:1310,458.76,516.54,43.84,23.13,0.97,0.0
20230907:1410,411.6,465.47,36.16,23.38,0.97,0.0
20230907:1510,335.92,384.91,26.9,23.29,1.03,0.0
20230907:1610,221.13,264.42,16.81,23.04,1.03,0.0
20230907:1710,23.9,39.76,6.4,22.39,0.76,0.0
20230907:1810,0.0,0.0,0.0,21.98,0.41,0.0
20230907:1910,0.0,0.0,0.0,21.41,0.28,0.0
20230907:2010,0.0,0.0,0.0,21.04,0.0,0.0
20230907:2110,0.0,0.0,0.0,20.63,0.34,0.0
20230907:2210,0.0,0.0,0.0,19.91,0.69,0.0
20230907:2310,0.0,0.0,0.0,19.25,0.76,0.0
20230908:0010,0.0,0.0,0.0,18.82,0.83,0.0
20230908:0110,0.0,0.0,0.0,18.41,0.76,0.0
20230908:0210,0.0,0.0,0.0,18.06,0.83,0.0
20230908:0310,0.0,0.0,0.0,17.71,0.83,0.0
20230908:0410,0.0,0.0,0.0,17.37,0.9,0.0
20230908:0510,0.82,7.57,2.23,17.38,0.9,0.0
20230908:0610,64.81,84.26,12.65,17.94,0.69,0.0
20230908:0710,128.82,152.42,22.9,19.49,0.07,0.0
20230908:0810,226.42,280.62,32.52,20.46,0.48,0.0
20230908:0910,321.34,374.93,40.88,20.78,0.62,0.0
20230908:1010,396.95,450.7,47.02,21.11,0.62,0.0
20230908:1110,444.89,501.81,49.8,21.73,0.62,0.0
20230908:1210,462.72,520.91,48.5,22.05,0.62,0.0
20230908:1310,452.69,510.9,43.47,22.81,0.69,0.0
20230908:1410,407.31,461.58,35.8,23.26,0.83,0.0
20230908:1510,331.25,381.03,26.55,23.26,0.83,0.0
20230908:1610,216.03,260.28,16.48,23.08,0.62,0.0
20230908:1710,21.52,36.92,6.07,22.49,0.41,0.0
20230908:1810,0.0,0.0,0.0,22.01,0.21,0.0
20230908:1910,0.0,0.0,0.0,21.63,0.34,0.0
20230908:2010,0.0,0.0,0.0,21.13,0.28,0.0
20230908:2110,0.0,0.0,0.0,20.57,0.48,0.0
20230908:2210,0.0,0.0,0.0,19.75,0.76,0.0
20230908:2310,0.0,0.0,0.0,18.77,0.83,0.0
20230909:0010,0.0,0.0,0.0,17.81,0.97,0.0
20230909:0110,0.0,0.0,0.0,17.41,0.97,0.0
20230909:0210,0.0,0.0,0.0,15.89,1.1,0.0
20230909:0310,0.0,0.0,0.0,15.46,1.24,0.0
20230909:0410,0.0,0.0,0.0,15.8,1.24,0.0
20230909:0510,0.39,6.63,2.02,15.89,1.24,0.0
20230909:0610,46.78,64.38,12.44,16.2,1.1,0.0
20230909:0710,76.42,96.56,22.68,17.96,0.62,0.0
20230909:0810,218.19,275.16,32.28,20.08,0.14,0.0
20230909:0910,314.18,370.73,40.6,21.8,0.55,0.0
20230909:1010,391.71,448.74,46.69,22.7,0.83,0.0
20230909:1110,440.12,498.42,49.43,23.25,1.03,0.0
20230909:1210,457.42,516.61,48.11,23.69,1.1,0.0
20230909:1310,446.28,505.78,43.09,24.29,1.03,0.0
20230909:1410,397.56,452.44,35.44,24.35,1.03,0.0
20230909:1510,324.24,375.36,26.21,24.29,0.97,0.0
20230909:1610,208.61,253.16,16.14,23.83,0.83,0.0
20230909:1710,19.92,35.03,5.74,23.04,0.48,0.0
20230909:1810,0.0,0.0,0.0,22.79,0.07,0.0
20230909:1910,0.0,0.0,0.0,22.12,0.34,0.0
20230909:2010,0.0,0.0,0.0,21.4,0.55,0.0
20230909:2110,0.0,0.0,0.0,20.74,0.76,0.0
20230909:2210,0.0,0.0,0.0,19.6,0.9,0.0
20230909:2310,0.0,0.0,0.0,18.82,0.9,0.0
20230910:0010,0.0,0.0,0.0,18.19,0.97,0.0
20230910:0110,0.0,0.0,0.0,17.9,0.97,0.0
20230910:0210,0.0,0.0,0.0,16.44,1.1,0.0
20230910:0310,0.0,0.0,0.0,15.44,1.1,0.0
20230910:0410,0.0,0.0,0.0,15.8,1.17,0.0
20230910:0510,0.39,6.63,1.81,15.74,1.24,0.0
20230910:0610,45.97,63.43,12.23,15.94,1.17,0.0
20230910:0710,78.99,99.4,22.46,18.27,0.55,0.0
20230910:0810,211.79,270.3,32.03,20.82,0.21,0.0
20230910:0910,308.94,366.28,40.31,22.57,0.69,0.0
20230910:1010,385.73,443.96,46.36,23.44,0.9,0.0
20230910:1110,435.63,495.85,49.06,24.15,1.1,0.0
20230910:1210,452.54,514.29,47.72,24.75,1.1,0.0
20230910:1310,439.67,500.64,42.71,25.06,1.03,0.0
20230910:1410,393.69,450.92,35.08,25.3,1.03,0.0
20230910:1510,314.17,366.49,25.86,25.23,0.83,0.0
20230910:1610,200.56,246.03,15.8,24.86,0.69,0.0
20230910:1710,18.28,33.13,5.4,24.09,0.48,0.0
20230910:1810,0.0,0.0,0.0,23.46,0.21,0.0
20230910:1910,0.0,0.0,0.0,22.46,0.41,0.0
20230910:2010,0.0,0.0,0.0,21.72,0.48,0.0
20230910:2110,0.0,0.0,0.0,20.98,0.76,0.0
20230910:2210,0.0,0.0,0.0,19.89,0.9,0.0
20230910:2310,0.0,0.0,0.0,19.19,0.9,0.0
20230911:0010,0.0,0.0,0.0,18.55,0.97,0.0
20230911:0110,0.0,0.0,0.0,17.53,1.03,0.0
20230911:0210,0.0,0.0,0.0,15.83,1.1,0.0
20230911:0310,0.0,0.0,0.0,16.31,1.17,0.0
20230911:0410,0.0,0.0,0.0,15.98,1.24,0.0
20230911:0510,0.0,3.79,1.6,15.8,1.24,0.0
20230911:0610,46.87,64.38,12.03,15.85,1.1,0.0
20230911:0710,82.76,103.19,22.24,17.94,0.76,0.0
20230911:0810,209.47,266.53,31.79,20.3,0.34,0.0
20230911:0910,302.97,361.41,40.03,22.71,0.55,0.0
20230911:1010,380.0,439.18,46.03,23.88,0.83,0.0
20230911:1110,428.82,490.12,48.68,24.65,1.03,0.0
20230911:1210,444.8,507.11,47.33,25.26,1.1,0.0
20230911:1310,430.88,492.4,42.33,25.5,0.97,0.0
20230911:1410,386.81,445.19,34.71,25.72,0.9,0.0
20230911:1510,303.56,355.06,25.52,25.54,0.9,0.0
20230911:1610,191.23,236.03,15.47,25.08,0.62,0.0
20230911:1710,16.74,31.24,5.07,24.47,0.14,0.0
20230911:1810,0.0,0.0,0.0,23.78,0.28,0.0
20230911:1910,0.0,0.0,0.0,22.67,0.48,0.0
20230911:2010,0.0,0.0,0.0,22.07,0.55,0.0
20230911:2110,0.0,0.0,0.0,21.22,0.83,0.0
20230911:2210,0.0,0.0,0.0,20.91,0.83,0.0
20230911:2310,0.0,0.0,0.0,20.56,0.83,0.0
20230912:0010,0.0,0.0,0.0,20.04,0.9,0.0
20230912:0110,0.0,0.0,0.0,19.74,0.9,0.0
20230912:0210,0.0,0.0,0.0,19.76,0.83,0.0
20230912:0310,0.0,0.0,0.0,19.67,0.83,0.0
20230912:0410,0.0,0.0,0.0,17.62,1.03,0.0
20230912:0510,0.0,2.84,1.39,16.3,1.1,0.0
20230912:0610,51.74,70.06,11.82,17.34,0.9,0.0
20230912:0710,82.24,103.19,22.02,19.12,0.55,0.0
20230912:0810,201.78,258.24,31.54,21.21,0.41,0.0
20230912:0910,294.85,351.08,39.74,22.47,0.69,0.0
20230912:1010,337.66,380.98,45.69,23.28,1.17,0.0
20230912:1110,305.8,344.2,48.31,23.4,1.24,0.0
20230912:1210,396.72,447.83,46.94,23.97,1.1,0.0
20230912:1310,397.48,451.82,41.94,24.08,0.62,0.0
20230912:1410,213.24,246.35,34.35,24.28,0.34,0.0
20230912:1510,193.6,226.7,25.17,24.35,0.34,0.0
20230912:1610,41.18,60.18,15.13,24.07,0.48,0.0
20230912:1710,13.91,27.45,4.73,23.08,0.62,0.0
20230912:1810,0.0,0.0,0.0,22.03,0.97,0.0
20230912:1910,0.0,0.0,0.0,21.49,0.76,0.0
20230912:2010,0.0,0.0,0.0,21.1,0.76,0.0
20230912:2110,0.0,0.0,0.0,18.7,1.24,0.0
20230912:2210,0.0,0.0,0.0,17.99,0.9,0.0
20230912:2310,0.0,0.0,0.0,17.93,1.38,0.0
20230913:0010,0.0,0.0,0.0,17.46,1.17,0.0
20230913:0110,0.0,0.0,0.0,17.26,1.24,0.0
20230913:0210,0.0,0.0,0.0,17.41,0.97,0.0
20230913:0310,0.0,0.0,0.0,18.17,0.76,0.0
20230913:0410,0.0,0.0,0.0,17.08,1.1,0.0
20230913:0510,0.0,0.0,0.0,16.77,1.17,0.0
20230913:0610,9.94,21.77,11.61,18.05,0.62,0.0
20230913:0710,99.59,121.18,21.79,18.8,0.83,0.0
20230913:0810,61.78,81.53,31.29,19.31,0.34,0.0
20230913:0910,64.31,84.44,39.45,19.87,0.34,0.0
20230913:1010,247.93,278.85,45.35,20.33,0.34,0.0
20230913:1110,227.22,256.87,47.93,21.06,0.69,0.0
20230913:1210,178.89,205.77,46.55,21.25,0.83,0.0
20230913:1310,131.07,155.3,41.56,20.88,0.83,0.0
20230913:1410,273.06,305.87,33.98,20.39,0.76,0.0
20230913:1510,226.78,258.13,24.82,19.84,0.97,0.0
20230913:1610,66.82,87.23,14.78,19.24,0.69,0.0
20230913:1710,0.0,5.68,4.39,18.7,0.62,0.0
20230913:1810,0.0,0.0,0.0,18.32,0.48,0.0
20230913:1910,0.0,0.0,0.0,18.13,0.48,0.0
20230913:2010,0.0,0.0,0.0,18.26,0.55,0.0
20230913:2110,0.0,0.0,0.0,18.09,0.62,0.0
20230913:2210,0.0,0.0,0.0,18.16,0.55,0.0
20230913:2310,0.0,0.0,0.0,17.89,0.34,0.0
20230914:0010,0.0,0.0,0.0,17.66,0.21,0.0
20230914:0110,0.0,0.0,0.0,17.5,0.07,0.0
20230914:0210,0.0,0.0,0.0,17.29,0.21,0.0
20230914:0310,0.0,0.0,0.0,17.21,0.28,0.0
20230914:0410,0.0,0.0,0.0,17.09,0.28,0.0
20230914:0510,0.0,0.0,0.0,16.91,0.34,0.0
20230914:0610,39.64,56.8,11.39,16.95,0.34,0.0
20230914:0710,70.09,89.94,21.57,18.03,0.41,0.0
20230914:0810,189.65,247.41,31.04,19.16,0.07,0.0
20230914:0910,292.68,343.11,39.16,20.14,1.03,0.0
20230914:1010,366.53,415.19,45.02,20.7,1.1,0.0
20230914:1110,410.1,461.59,47.55,21.03,0.9,0.0
20230914:1210,385.26,432.55,46.15,21.38,0.41,0.0
20230914:1310,394.77,446.47,41.17,21.84,0.28,0.0
20230914:1410,241.12,273.61,33.61,21.98,0.62,0.0
20230914:1510,186.46,215.96,24.46,21.9,1.03,0.0
20230914:1610,6.69,17.47,14.44,21.49,0.97,0.0
20230914:1710,0.0,2.84,4.05,20.25,0.62,0.0
20230914:1810,0.0,0.0,0.0,19.06,0.55,0.0
20230914:1910,0.0,0.0,0.0,18.22,1.03,0.0
20230914:2010,0.0,0.0,0.0,18.74,0.62,0.0
20230914:2110,0.0,0.0,0.0,18.63,0.34,0.0
20230914:2210,0.0,0.0,0.0,17.04,0.76,0.0
20230914:2310,0.0,0.0,0.0,15.96,0.9,0.0
20230915:0010,0.0,0.0,0.0,15.8,0.62,0.0
20230915:0110,0.0,0.0,0.0,15.85,0.83,0.0
20230915:0210,0.0,0.0,0.0,15.6,0.9,0.0
20230915:0310,0.0,0.0,0.0,15.4,0.69,0.0
20230915:0410,0.0,0.0,0.0,15.53,0.69,0.0
20230915:0510,0.0,0.0,0.0,16.03,0.55,0.0
20230915:0610,3.49,12.31,11.18,15.94,0.83,0.0
20230915:0710,51.74,70.06,21.34,17.25,0.62,0.0
20230915:0810,144.59,167.6,30.79,18.01,0.69,0.0
20230915:0910,152.51,176.65,38.87,19.05,0.34,0.0
20230915:1010,47.41,66.0,44.68,19.66,0.55,0.0
20230915:1110,67.94,88.33,47.17,20.04,0.76,0.0
20230915:1210,106.38,129.09,45.76,20.37,0.9,0.0
20230915:1310,406.38,454.67,40.79,20.42,0.9,0.0
20230915:1410,342.67,385.72,33.24,20.27,0.62,0.0
20230915:1510,226.6,259.63,24.11,20.15,0.76,0.0
20230915:1610,168.3,207.58,14.1,19.32,0.55,0.0
20230915:1710,9.21,20.83,3.71,18.67,0.21,0.0
20230915:1810,0.0,0.0,0.0,17.75,0.55,0.0
20230915:1910,0.0,0.0,0.0,16.69,1.1,0.0
20230915:2010,0.0,0.0,0.0,16.78,0.97,0.0
20230915:2110,0.0,0.0,0.0,16.87,0.9,0.0
20230915:2210,0.0,0.0,0.0,16.3,1.03,0.0
20230915:2310,0.0,0.0,0.0,16.41,1.03,0.0
20230916:0010,0.0,0.0,0.0,16.71,0.9,0.0
20230916:0110,0.0,0.0,0.0,17.16,0.83,0.0
20230916:0210,0.0,0.0,0.0,17.31,0.76,0.0
20230916:0310,0.0,0.0,0.0,17.6,0.48,0.0
20230916:0410,0.0,0.0,0.0,16.43,0.76,0.0
20230916:0510,0.0,0.0,0.0,16.72,0.55,0.0
20230916:0610,12.95,25.56,10.97,16.42,0.62,0.0
20230916:0710,92.24,112.66,21.12,16.86,0.48,0.0
20230916:0810,178.07,202.81,30.53,17.06,0.28,0.0
20230916:0910,116.21,137.83,38.57,17.23,0.14,0.0
20230916:1010,142.39,165.01,44.33,17.52,0.34,0.0
20230916:1110,45.1,63.09,46.79,18.18,0.48,0.0
20230916:1210,326.03,360.82,45.36,19.05,0.62,0.0
20230916:1310,383.91,428.21,40.4,19.16,0.41,0.0
20230916:1410,328.83,369.94,32.87,19.57,0.34,0.0
20230916:1510,257.16,296.96,23.75,19.79,0.34,0.0
20230916:1610,103.91,130.51,13.75,19.93,0.28,0.0
20230916:1710,4.58,14.2,3.37,19.64,0.07,0.0
20230916:1810,0.0,0.0,0.0,19.32,0.21,0.0
20230916:1910,0.0,0.0,0.0,17.58,0.97,0.0
20230916:2010,0.0,0.0,0.0,17.99,0.83,0.0
20230916:2110,0.0,0.0,0.0,18.64,0.41,0.0
20230916:2210,0.0,0.0,0.0,18.45,0.28,0.0
20230916:2310,0.0,0.0,0.0,18.34,0.14,0.0
20230917:0010,0.0,0.0,0.0,18.24,0.14,0.0
20230917:0110,0.0,0.0,0.0,18.11,0.28,0.0
20230917:0210,0.0,0.0,0.0,17.94,0.34,0.0
20230917:0310,0.0,0.0,0.0,17.75,0.41,0.0
20230917:0410,0.0,0.0,0.0,17.79,0.34,0.0
20230917:0510,0.0,0.0,0.0,17.43,0.55,0.0
20230917:0610,32.83,49.23,10.75,17.2,0.76,0.0
20230917:0710,117.15,139.17,20.89,18.18,0.62,0.0
20230917:0810,213.17,246.74,30.28,18.62,0.62,0.0
20230917:0910,291.57,332.34,38.28,19.06,0.55,0.0
20230917:1010,350.99,396.64,43.99,19.9,0.48,0.0
20230917:1110,388.82,439.5,46.41,20.62,0.34,0.0
20230917:1210,394.44,446.8,44.96,21.27,0.07,0.0
20230917:1310,375.45,426.6,40.01,21.82,0.07,0.0
20230917:1410,310.69,352.83,32.5,21.75,0.48,0.0
20230917:1510,229.29,266.54,23.4,21.54,0.55,0.0
20230917:1610,135.79,171.15,13.41,21.28,0.55,0.0
20230917:1710,2.8,11.36,3.03,20.76,0.62,0.0
20230917:1810,0.0,0.0,0.0,20.14,0.55,0.0
20230917:1910,0.0,0.0,0.0,19.95,0.41,0.0
20230917:2010,0.0,0.0,0.0,19.36,0.69,0.0
20230917:2110,0.0,0.0,0.0,18.96,0.9,0.0
20230917:2210,0.0,0.0,0.0,19.15,0.83,0.0
20230917:2310,0.0,0.0,0.0,19.52,0.62,0.0
20230918:0010,0.0,0.0,0.0,18.5,0.83,0.0
20230918:0110,0.0,0.0,0.0,18.36,0.9,0.0
20230918:0210,0.0,0.0,0.0,18.93,0.76,0.0
20230918:0310,0.0,0.0,0.0,19.18,0.48,0.0
20230918:0410,0.0,0.0,0.0,18.47,0.76,0.0
20230918:0510,0.0,0.0,0.0,17.83,0.9,0.0
20230918:0610,46.38,64.38,10.54,17.88,0.97,0.0
20230918:0710,12.84,25.56,20.66,17.98,1.79,0.0
20230918:0810,32.09,48.53,30.02,18.19,2.0,0.0
20230918:0910,72.38,92.21,37.98,18.49,2.9,0.0
20230918:1010,160.62,183.45,43.64,18.63,2.62,0.0
20230918:1110,244.16,270.43,46.02,19.01,2.21,0.0
20230918:1210,131.58,154.33,44.57,19.28,1.86,0.0
20230918:1310,184.01,209.0,39.62,19.47,1.45,0.0
20230918:1410,52.03,70.86,32.13,19.17,1.31,0.0
20230918:1510,18.74,33.0,23.04,18.56,0.97,0.0
20230918:1610,6.83,17.47,13.06,18.12,0.83,0.0
20230918:1710,4.03,13.25,2.69,17.81,0.69,0.0
20230918:1810,0.0,0.0,0.0,17.36,0.41,0.0
20230918:1910,0.0,0.0,0.0,17.19,1.17,0.0
20230918:2010,0.0,0.0,0.0,16.87,0.76,0.0
20230918:2110,0.0,0.0,0.0,16.7,0.97,0.0
20230918:2210,0.0,0.0,0.0,16.32,0.83,0.0
20230918:2310,0.0,0.0,0.0,15.9,0.9,0.0
20230919:0010,0.0,0.0,0.0,15.62,1.03,0.0
20230919:0110,0.0,0.0,0.0,15.69,0.9,0.0
20230919:0210,0.0,0.0,0.0,15.72,0.9,0.0
20230919:0310,0.0,0.0,0.0,15.67,1.24,0.0
20230919:0410,0.0,0.0,0.0,15.22,1.24,0.0
20230919:0510,0.0,0.0,0.0,14.46,1.17,0.0
20230919:0610,38.52,54.91,10.32,14.18,1.24,0.0
20230919:0710,70.66,88.99,20.42,14.27,1.52,0.0
20230919:0810,167.33,224.74,29.76,16.34,1.24,0.0
20230919:0910,263.9,318.98,37.68,18.88,0.9,0.0
20230919:1010,337.7,393.57,43.3,21.05,0.55,0.0
20230919:1110,384.68,442.98,45.64,22.44,0.41,0.0
20230919:1210,399.6,457.91,44.17,23.04,0.41,0.0
20230919:1310,388.25,443.78,39.23,23.42,0.97,0.0
20230919:1410,341.55,392.37,31.76,23.03,1.38,0.0
20230919:1510,261.3,308.95,22.69,22.5,1.38,0.0
20230919:1610,141.74,182.21,12.71,21.76,0.9,0.0
20230919:1710,2.81,11.36,2.34,20.7,0.62,0.0
20230919:1810,0.0,0.0,0.0,20.43,0.34,0.0
20230919:1910,0.0,0.0,0.0,20.54,0.55,0.0
20230919:2010,0.0,0.0,0.0,19.27,0.83,0.0
20230919:2110,0.0,0.0,0.0,18.43,0.83,0.0
20230919:2210,0.0,0.0,0.0,17.41,0.83,0.0
20230919:2310,0.0,0.0,0.0,16.33,0.97,0.0
20230920:0010,0.0,0.0,0.0,16.07,0.9,0.0
20230920:0110,0.0,0.0,0.0,16.26,0.69,0.0
20230920:0210,0.0,0.0,0.0,16.6,0.48,0.0
20230920:0310,0.0,0.0,0.0,16.43,0.28,0.0
20230920:0410,0.0,0.0,0.0,16.52,0.28,0.0
20230920:0510,0.0,0.0,0.0,16.47,0.41,0.0
20230920:0610,26.28,41.66,10.1,16.49,0.34,0.0
20230920:0710,66.04,85.2,20.19,16.98,0.9,0.0
20230920:0810,92.64,113.56,29.5,17.97,0.62,0.0
20230920:0910,129.3,152.39,37.38,18.93,0.34,0.0
20230920:1010,114.22,136.86,42.95,19.48,0.69,0.0
20230920:1110,83.83,104.83,45.26,19.27,1.03,0.0
20230920:1210,344.0,381.32,43.77,19.94,1.17,0.0
20230920:1310,269.42,299.61,38.84,19.74,1.31,0.0
20230920:1410,149.96,173.25,31.38,18.35,0.76,0.0
20230920:1510,140.76,164.63,22.33,18.36,0.9,0.0
20230920:1610,67.48,88.81,12.37,18.47,0.55,0.0
20230920:1710,0.0,0.95,2.0,17.3,0.41,0.0
20230920:1810,0.0,0.0,0.0,16.51,0.55,0.0
20230920:1910,0.0,0.0,0.0,16.18,0.48,0.0
20230920:2010,0.0,0.0,0.0,15.94,0.69,0.0
20230920:2110,0.0,0.0,0.0,15.75,0.83,0.0
20230920:2210,0.0,0.0,0.0,15.9,0.69,0.0
20230920:2310,0.0,0.0,0.0,16.12,0.83,0.0
20230921:0010,0.0,0.0,0.0,16.0,1.1,0.0
20230921:0110,0.0,0.0,0.0,15.64,1.24,0.0
20230921:0210,0.0,0.0,0.0,15.39,1.31,0.0
20230921:0310,0.0,0.0,0.0,15.2,1.38,0.0
20230921:0410,0.0,0.0,0.0,15.13,1.24,0.0
20230921:0510,0.0,0.0,0.0,15.16,1.31,0.0
20230921:0610,40.84,57.75,9.88,15.54,1.24,0.0
20230921:0710,61.02,79.52,19.96,15.82,0.69,0.0
20230921:0810,148.16,169.94,29.23,15.92,0.76,0.0
20230921:0910,252.48,279.66,37.07,16.72,1.24,0.0
20230921:1010,299.09,327.99,42.6,16.88,1.31,0.0
20230921:1110,342.63,375.59,44.87,17.2,1.1,0.0
20230921:1210,40.82,58.24,43.37,17.8,1.31,0.0
20230921:1310,80.55,100.94,38.45,18.43,1.45,0.0
20230921:1410,37.35,54.35,31.01,17.59,1.17,0.0
20230921:1510,70.93,90.27,21.97,16.81,1.03,0.0
20230921:1610,43.79,61.44,12.02,16.67,1.1,0.0
20230921:1710,0.0,3.79,1.65,16.5,1.31,0.0
20230921:1810,0.0,0.0,0.0,16.23,1.52,0.0
20230921:1910,0.0,0.0,0.0,15.55,1.31,0.0
20230921:2010,0.0,0.0,0.0,15.5,1.24,0.0
20230921:2110,0.0,0.0,0.0,15.59,1.45,0.0
20230921:2210,0.0,0.0,0.0,15.49,1.66,0.0
20230921:2310,0.0,0.0,0.0,15.49,1.86,0.0
20230922:0010,0.0,0.0,0.0,15.54,1.93,0.0
20230922:0110,0.0,0.0,0.0,15.38,2.0,0.0
20230922:0210,0.0,0.0,0.0,15.35,2.0,0.0
20230922:0310,0.0,0.0,0.0,15.26,2.14,0.0
20230922:0410,0.0,0.0,0.0,15.11,2.28,0.0
20230922:0510,0.0,0.0,0.0,14.97,2.28,0.0
20230922:0610,14.58,27.45,9.67,14.92,2.28,0.0
20230922:0710,54.96,72.9,19.72,15.53,1.93,0.0
20230922:0810,60.36,78.62,28.97,15.53,1.72,0.0
20230922:0910,106.2,126.18,36.77,15.65,1.45,0.0
20230922:1010,74.17,93.18,42.25,15.68,1.38,0.0
20230922:1110,78.51,98.03,44.48,16.38,1.03,0.0
20230922:1210,75.96,95.12,42.97,15.65,0.83,0.0
20230922:1310,200.52,223.41,38.05,15.46,0.28,0.0
20230922:1410,201.66,224.7,30.63,15.6,0.83,0.0
20230922:1510,40.46,57.27,21.61,15.23,0.97,0.0
20230922:1610,46.06,63.68,11.67,14.95,1.38,0.0
20230922:1710,0.0,0.95,1.31,14.44,1.59,0.0
20230922:1810,0.0,0.0,0.0,13.38,1.1,0.0
20230922:1910,0.0,0.0,0.0,13.59,1.72,0.0
20230922:2010,0.0,0.0,0.0,12.86,1.38,0.0
20230922:2110,0.0,0.0,0.0,12.54,1.38,0.0
20230922:2210,0.0,0.0,0.0,12.47,1.03,0.0
20230922:2310,0.0,0.0,0.0,12.43,0.97,0.0
20230923:0010,0.0,0.0,0.0,11.2,1.31,0.0
20230923:0110,0.0,0.0,0.0,11.03,1.38,0.0
20230923:0210,0.0,0.0,0.0,12.26,1.38,0.0
20230923:0310,0.0,0.0,0.0,11.92,1.45,0.0
20230923:0410,0.0,0.0,0.0,11.45,1.45,0.0
20230923:0510,0.0,0.0,0.0,11.18,1.59,0.0
20230923:0610,45.33,61.54,9.44,11.21,1.72,0.0
20230923:0710,124.33,142.01,19.48,11.56,2.14,0.0
20230923:0810,151.56,206.33,28.7,12.4,2.34,0.0
20230923:0910,93.02,111.62,36.46,13.84,2.55,0.0
20230923:1010,345.58,377.31,41.9,15.05,2.69,0.0
20230923:1110,383.35,422.01,44.1,16.03,2.97,0.0
20230923:1210,293.37,318.47,42.57,16.78,2.69,0.0
20230923:1310,253.36,277.72,37.66,16.95,2.28,0.0
20230923:1410,256.56,283.46,30.26,17.15,2.34,0.0
20230923:1510,172.42,198.14,21.25,17.26,2.28,0.0
20230923:1610,132.9,173.79,11.33,16.84,2.14,0.0
20230923:1710,0.0,0.0,0.0,15.65,2.21,0.0
20230923:1810,0.0,0.0,0.0,14.48,2.21,0.0
20230923:1910,0.0,0.0,0.0,14.02,2.41,0.0
20230923:2010,0.0,0.0,0.0,13.22,2.48,0.0
20230923:2110,0.0,0.0,0.0,12.52,2.41,0.0
20230923:2210,0.0,0.0,0.0,11.8,2.28,0.0
20230923:2310,0.0,0.0,0.0,11.22,2.21,0.0
20230924:0010,0.0,0.0,0.0,10.69,2.21,0.0
20230924:0110,0.0,0.0,0.0,10.23,2.14,0.0
20230924:0210,0.0,0.0,0.0,9.82,2.07,0.0
20230924:0310,0.0,0.0,0.0,9.27,2.07,0.0
20230924:0410,0.0,0.0,0.0,8.75,2.0,0.0
20230924:0510,0.0,0.0,0.0,8.2,2.0,0.0
20230924:0610,36.16,51.12,9.22,8.35,2.0,0.0
20230924:0710,67.4,84.26,19.25,10.53,2.14,0.0
20230924:0810,146.58,203.55,28.44,12.61,1.93,0.0
20230924:0910,245.9,298.98,36.16,14.9,1.59,0.0
20230924:1010,324.91,376.11,41.55,16.8,1.03,0.0
20230924:1110,372.89,425.79,43.71,18.12,0.34,0.0
20230924:1210,390.45,441.69,42.17,18.94,0.62,0.0
20230924:1310,377.93,427.73,37.27,19.31,1.1,0.0
20230924:1410,327.2,374.84,29.89,19.32,1.38,0.0
20230924:1510,242.31,288.49,20.9,18.89,1.45,0.0
20230924:1610,125.0,166.15,10.98,18.18,1.1,0.0
20230924:1710,0.0,0.0,0.0,16.68,0.9,0.0
20230924:1810,0.0,0.0,0.0,16.81,0.41,0.0
20230924:1910,0.0,0.0,0.0,16.35,0.14,0.0
20230924:2010,0.0,0.0,0.0,15.66,0.69,0.0
20230924:2110,0.0,0.0,0.0,14.21,0.97,0.0
20230924:2210,0.0,0.0,0.0,13.21,1.1,0.0
20230924:2310,0.0,0.0,0.0,12.69,1.17,0.0
20230925:0010,0.0,0.0,0.0,12.57,1.1,0.0
20230925:0110,0.0,0.0,0.0,12.72,1.1,0.0
20230925:0210,0.0,0.0,0.0,12.71,1.03,0.0
20230925:0310,0.0,0.0,0.0,12.53,1.03,0.0
20230925:0410,0.0,0.0,0.0,12.07,1.1,0.0
20230925:0510,0.0,0.0,0.0,11.53,1.17,0.0
20230925:0610,34.25,49.23,9.0,9.1,1.24,0.0
20230925:0710,66.35,83.31,19.01,10.65,1.24,0.0
20230925:0810,139.52,197.34,28.17,13.79,0.97,0.0
20230925:0910,235.47,291.71,35.85,16.36,0.83,0.0
20230925:1010,313.94,367.03,41.19,17.7,0.69,0.0
20230925:1110,364.23,416.45,43.32,18.61,0.69,0.0
20230925:1210,382.05,432.17,41.77,19.24,0.97,0.0
20230925:1310,369.17,419.66,36.88,19.57,1.03,0.0
20230925:1410,317.29,366.55,29.51,19.65,0.97,0.0
20230925:1510,232.37,280.12,20.54,19.37,0.83,0.0
20230925:1610,119.62,162.26,10.63,18.84,0.62,0.0
20230925:1710,0.0,0.0,0.0,18.0,0.48,0.0
20230925:1810,0.0,0.0,0.0,17.53,0.41,0.0
20230925:1910,0.0,0.0,0.0,17.17,0.21,0.0
20230925:2010,0.0,0.0,0.0,16.7,0.69,0.0
20230925:2110,0.0,0.0,0.0,14.81,1.1,0.0
20230925:2210,0.0,0.0,0.0,14.1,1.24,0.0
20230925:2310,0.0,0.0,0.0,13.83,1.31,0.0
20230926:0010,0.0,0.0,0.0,13.18,1.45,0.0
20230926:0110,0.0,0.0,0.0,12.8,1.45,0.0
20230926:0210,0.0,0.0,0.0,12.9,1.45,0.0
20230926:0310,0.0,0.0,0.0,12.76,1.45,0.0
20230926:0410,0.0,0.0,0.0,12.06,1.59,0.0
20230926:0510,0.0,0.0,0.0,12.1,1.59,0.0
20230926:0610,33.78,49.23,8.78,11.81,1.45,0.0
20230926:0710,66.02,83.31,18.77,11.67,1.31,0.0
20230926:0810,133.83,191.07,27.9,15.13,0.9,0.0
20230926:0910,224.47,282.9,35.54,18.34,0.21,0.0
20230926:1010,301.3,357.07,40.84,19.78,0.55,0.0
20230926:1110,350.84,405.74,42.93,20.48,0.69,0.0
20230926:1210,367.8,421.46,41.37,21.01,0.76,0.0
20230926:1310,351.61,404.36,36.49,21.36,0.9,0.0
20230926:1410,304.9,356.71,29.14,21.37,0.97,0.0
20230926:1510,220.99,270.29,20.18,21.11,0.9,0.0
20230926:1610,108.36,149.9,10.29,20.48,0.76,0.0
20230926:1710,0.0,0.0,0.0,19.12,0.69,0.0
20230926:1810,0.0,0.0,0.0,18.89,0.28,0.0
20230926:1910,0.0,0.0,0.0,18.21,0.34,0.0
20230926:2010,0.0,0.0,0.0,17.74,0.62,0.0
20230926:2110,0.0,0.0,0.0,16.98,0.83,0.0
20230926:2210,0.0,0.0,0.0,15.89,0.9,0.0
20230926:2310,0.0,0.0,0.0,15.31,0.97,0.0
20230927:0010,0.0,0.0,0.0,14.88,1.03,0.0
20230927:0110,0.0,0.0,0.0,13.29,1.17,0.0
20230927:0210,0.0,0.0,0.0,11.95,1.38,0.0
20230927:0310,0.0,0.0,0.0,12.56,1.59,0.0
20230927:0410,0.0,0.0,0.0,12.21,1.52,0.0
20230927:0510,0.0,0.0,0.0,12.01,1.59,0.0
20230927:0610,34.53,50.18,8.55,12.45,1.45,0.0
20230927:0710,85.5,104.14,18.52,13.92,1.59,0.0
20230927:0810,131.39,187.94,27.63,16.71,1.24,0.0
20230927:0910,219.27,277.3,35.23,19.48,0.76,0.0
20230927:1010,293.18,350.39,40.49,20.78,0.41,0.0
20230927:1110,342.45,397.67,42.54,21.4,0.9,0.0
20230927:1210,357.71,408.36,40.97,21.74,1.1,0.0
20230927:1310,343.12,395.58,36.1,21.9,1.17,0.0
20230927:1410,292.3,342.87,28.76,21.92,1.1,0.0
20230927:1510,207.98,255.13,19.82,21.68,1.03,0.0
20230927:1610,99.73,140.24,9.94,21.08,0.76,0.0
20230927:1710,0.0,0.0,0.0,20.21,0.55,0.0
20230927:1810,0.0,0.0,0.0,19.0,0.69,0.0
20230927:1910,0.0,0.0,0.0,17.31,0.97,0.0
20230927:2010,0.0,0.0,0.0,16.54,1.03,0.0
20230927:2110,0.0,0.0,0.0,16.0,1.1,0.0
20230927:2210,0.0,0.0,0.0,15.47,1.17,0.0
20230927:2310,0.0,0.0,0.0,14.93,1.31,0.0
20230928:0010,0.0,0.0,0.0,14.39,1.38,0.0
20230928:0110,0.0,0.0,0.0,14.11,1.38,0.0
20230928:0210,0.0,0.0,0.0,13.87,1.45,0.0
20230928:0310,0.0,0.0,0.0,13.68,1.52,0.0
20230928:0410,0.0,0.0,0.0,13.68,1.45,0.0
20230928:0510,0.0,0.0,0.0,13.59,1.45,0.0
20230928:0610,26.69,41.66,8.33,13.79,1.38,0.0
20230928:0710,111.4,131.59,18.28,15.59,1.03,0.0
20230928:0810,134.1,188.8,27.35,18.15,0.48,0.0
20230928:0910,218.33,275.14,34.91,19.72,0.55,0.0
20230928:1010,289.79,345.59,40.13,20.49,0.83,0.0
20230928:1110,337.33,392.03,42.16,21.08,0.97,0.0
20230928:1210,352.32,403.62,40.57,21.5,1.03,0.0
20230928:1310,336.71,389.36,35.71,21.73,1.03,0.0
20230928:1410,286.87,337.96,28.39,21.68,0.97,0.0
20230928:1510,203.86,252.3,19.47,21.44,0.9,0.0
20230928:1610,93.53,133.11,9.59,20.85,0.69,0.0
20230928:1710,0.0,0.0,0.0,20.08,0.41,0.0
20230928:1810,0.0,0.0,0.0,19.44,0.34,0.0
20230928:1910,0.0,0.0,0.0,18.45,0.76,0.0
20230928:2010,0.0,0.0,0.0,17.14,0.97,0.0
20230928:2110,0.0,0.0,0.0,16.21,1.03,0.0
20230928:2210,0.0,0.0,0.0,15.61,1.03,0.0
20230928:2310,0.0,0.0,0.0,15.05,1.1,0.0
20230929:0010,0.0,0.0,0.0,12.59,1.24,0.0
20230929:0110,0.0,0.0,0.0,12.4,1.31,0.0
20230929:0210,0.0,0.0,0.0,13.03,1.52,0.0
20230929:0310,0.0,0.0,0.0,12.85,1.59,0.0
20230929:0410,0.0,0.0,0.0,12.69,1.52,0.0
20230929:0510,0.0,0.0,0.0,12.68,1.66,0.0
20230929:0610,29.4,44.5,8.1,12.5,1.72,0.0
20230929:0710,70.06,88.04,18.03,13.36,1.52,0.0
20230929:0810,120.5,176.35,27.08,15.84,1.17,0.0
20230929:0910,205.38,264.12,34.6,18.79,0.48,0.0
20230929:1010,278.59,335.87,39.77,20.5,0.55,0.0
20230929:1110,328.25,382.66,41.77,21.23,1.03,0.0
20230929:1210,344.69,397.08,40.17,21.59,1.17,0.0
20230929:1310,328.01,380.23,35.32,21.72,1.17,0.0
20230929:1410,277.89,328.96,28.02,21.66,0.97,0.0
20230929:1510,195.55,244.09,19.11,21.37,0.76,0.0
20230929:1610,85.46,123.37,9.25,20.79,0.48,0.0
20230929:1710,0.0,0.0,0.0,20.07,0.34,0.0
20230929:1810,0.0,0.0,0.0,19.3,0.28,0.0
20230929:1910,0.0,0.0,0.0,18.58,0.41,0.0
20230929:2010,0.0,0.0,0.0,18.12,0.69,0.0
20230929:2110,0.0,0.0,0.0,17.72,0.62,0.0
20230929:2210,0.0,0.0,0.0,17.42,0.62,0.0
20230929:2310,0.0,0.0,0.0,17.14,0.69,0.0
20230930:0010,0.0,0.0,0.0,16.84,0.69,0.0
20230930:0110,0.0,0.0,0.0,16.63,0.69,0.0
20230930:0210,0.0,0.0,0.0,16.63,0.69,0.0
20230930:0310,0.0,0.0,0.0,16.58,0.62,0.0
20230930:0410,0.0,0.0,0.0,14.82,0.76,0.0
20230930:0510,0.0,0.0,0.0,14.34,0.9,0.0
20230930:0610,33.34,49.23,7.87,14.32,1.1,0.0
20230930:0710,92.27,112.66,17.79,16.84,0.55,0.0
20230930:0810,175.32,206.29,26.8,19.34,0.28,0.0
20230930:0910,199.44,259.45,34.28,20.76,0.14,0.0
20230930:1010,271.2,329.13,39.42,21.45,0.69,0.0
20230930:1110,319.18,375.24,41.38,22.31,1.03,0.0
20230930:1210,335.04,388.75,39.77,22.62,1.24,0.0
20230930:1310,319.05,371.73,34.93,22.48,1.31,0.0
20230930:1410,266.34,316.2,27.65,22.43,1.1,0.0
20230930:1510,176.42,218.38,18.76,22.17,0.97,0.0
20230930:1610,64.0,92.74,8.91,21.48,0.62,0.0
20230930:1710,0.0,0.0,0.0,20.7,0.14,0.0
20230930:1810,0.0,0.0,0.0,19.82,0.55,0.0
20230930:1910,0.0,0.0,0.0,19.3,0.55,0.0
20230930:2010,0.0,0.0,0.0,18.74,0.62,0.0
20230930:2110,0.0,0.0,0.0,18.31,0.69,0.0
20230930:2210,0.0,0.0,0.0,17.65,0.76,0.0
20230930:2310,0.0,0.0,0.0,17.08,0.83,0.0
20231001:0010,0.0,0.0,0.0,16.2,0.9,0.0
20231001:0110,0.0,0.0,0.0,15.28,0.97,0.0
20231001:0210,0.0,0.0,0.0,15.03,1.1,0.0
20231001:0310,0.0,0.0,0.0,14.97,1.17,0.0
20231001:0410,0.0,0.0,0.0,14.99,1.17,0.0
20231001:0510,0.0,0.0,0.0,14.67,1.17,0.0
20231001:0610,29.9,45.44,7.64,14.65,1.17,0.0
20231001:0710,73.57,92.78,17.54,16.04,0.83,0.0
20231001:0810,114.51,169.64,26.53,17.92,0.62,0.0
20231001:0910,196.66,255.45,33.97,19.34,0.14,0.0
20231001:1010,267.17,324.52,39.06,20.48,0.62,0.0
20231001:1110,315.43,371.06,40.99,21.3,0.76,0.0
20231001:1210,332.53,383.4,39.38,21.37,0.83,0.0
20231001:1310,311.71,362.63,34.54,21.81,0.69,0.0
20231001:1410,259.82,308.8,27.28,21.79,0.69,0.0
20231001:1510,179.56,226.72,18.4,21.69,0.69,0.0
20231001:1610,73.2,109.45,8.57,21.07,0.55,0.0
20231001:1710,0.0,0.0,0.0,20.5,0.34,0.0
20231001:1810,0.0,0.0,0.0,19.93,0.14,0.0
20231001:1910,0.0,0.0,0.0,19.18,0.34,0.0
20231001:2010,0.0,0.0,0.0,18.38,0.69,0.0
20231001:2110,0.0,0.0,0.0,17.31,0.83,0.0
20231001:2210,0.0,0.0,0.0,16.69,0.83,0.0
20231001:2310,0.0,0.0,0.0,16.34,0.9,0.0
20231002:0010,0.0,0.0,0.0,15.35,0.97,0.0
20231002:0110,0.0,0.0,0.0,13.98,1.03,0.0
20231002:0210,0.0,0.0,0.0,14.44,1.17,0.0
20231002:0310,0.0,0.0,0.0,14.09,1.24,0.0
20231002:0410,0.0,0.0,0.0,13.93,1.24,0.0
20231002:0510,0.0,0.0,0.0,13.95,1.31,0.0
20231002:0610,30.88,46.39,7.41,13.83,1.38,0.0
20231002:0710,67.4,86.15,17.29,15.57,0.83,0.0
20231002:0810,102.33,159.75,26.25,18.31,0.55,0.0
20231002:0910,185.6,247.11,33.65,20.19,0.14,0.0
20231002:1010,257.83,317.88,38.7,21.17,0.55,0.0
20231002:1110,307.51,364.82,40.61,22.02,0.9,0.0
20231002:1210,324.43,379.47,38.98,22.49,1.1,0.0
20231002:1310,307.19,362.07,34.15,22.6,1.03,0.0
20231002:1410,257.77,311.49,26.91,22.59,0.9,0.0
20231002:1510,174.89,224.41,18.05,22.42,0.76,0.0
20231002:1610,67.94,103.76,8.23,21.78,0.69,0.0
20231002:1710,0.0,0.0,0.0,20.76,0.55,0.0
20231002:1810,0.0,0.0,0.0,20.35,0.07,0.0
20231002:1910,0.0,0.0,0.0,19.31,0.48,0.0
20231002:2010,0.0,0.0,0.0,18.33,0.83,0.0
20231002:2110,0.0,0.0,0.0,17.52,0.9,0.0
20231002:2210,0.0,0.0,0.0,16.96,0.97,0.0
20231002:2310,0.0,0.0,0.0,16.46,1.03,0.0
20231003:0010,0.0,0.0,0.0,15.01,1.03,0.0
20231003:0110,0.0,0.0,0.0,15.08,1.1,0.0
20231003:0210,0.0,0.0,0.0,14.96,1.17,0.0
20231003:0310,0.0,0.0,0.0,14.9,1.17,0.0
20231003:0410,0.0,0.0,0.0,14.78,1.1,0.0
20231003:0510,0.0,0.0,0.0,14.73,1.17,0.0
20231003:0610,28.21,43.55,7.18,14.73,1.17,0.0
20231003:0710,100.58,120.23,17.04,15.13,1.17,0.0
20231003:0810,130.01,176.1,25.97,16.67,0.97,0.0
20231003:0910,189.13,246.45,33.34,19.24,0.55,0.0
20231003:1010,268.25,321.46,38.35,20.67,0.34,0.0
20231003:1110,312.24,362.54,40.22,21.45,0.76,0.0
20231003:1210,319.67,370.31,38.59,21.83,0.97,0.0
20231003:1310,296.97,344.58,33.77,22.06,1.1,0.0
20231003:1410,225.71,263.32,26.54,21.99,0.97,0.0
20231003:1510,128.89,158.66,17.7,21.89,0.76,0.0
20231003:1610,46.43,71.08,7.89,21.4,0.62,0.0
20231003:1710,0.0,0.0,0.0,20.3,0.48,0.0
20231003:1810,0.0,0.0,0.0,19.92,0.34,0.0
20231003:1910,0.0,0.0,0.0,18.96,0.34,0.0
20231003:2010,0.0,0.0,0.0,18.56,0.48,0.0
20231003:2110,0.0,0.0,0.0,18.25,0.28,0.0
20231003:2210,0.0,0.0,0.0,17.99,0.41,0.0
20231003:2310,0.0,0.0,0.0,17.79,0.34,0.0
20231004:0010,0.0,0.0,0.0,17.62,0.41,0.0
20231004:0110,0.0,0.0,0.0,17.4,0.48,0.0
20231004:0210,0.0,0.0,0.0,17.32,0.83,0.0
20231004:0310,0.0,0.0,0.0,16.88,1.03,0.0
20231004:0410,0.0,0.0,0.0,16.16,1.17,0.0
20231004:0510,0.0,0.0,0.0,15.34,1.24,0.0
20231004:0610,26.52,41.66,6.95,14.96,1.31,0.0
20231004:0710,75.6,94.67,16.79,15.45,0.83,0.0
20231004:0810,117.12,166.38,25.69,18.12,0.55,0.0
20231004:0910,224.73,256.55,33.02,19.61,0.62,0.0
20231004:1010,285.38,327.33,37.99,20.33,0.83,0.0
20231004:1110,314.22,356.05,39.83,20.35,1.17,0.0
20231004:1210,300.07,336.28,38.19,20.52,1.59,0.0
20231004:1310,288.89,328.08,33.39,20.1,1.59,0.0
20231004:1410,224.41,258.98,26.17,19.73,1.52,0.0
20231004:1510,130.98,159.55,17.35,19.16,1.38,0.0
20231004:1610,31.76,48.28,7.55,18.66,1.1,0.0
20231004:1710,0.0,0.0,0.0,18.03,0.69,0.0
20231004:1810,0.0,0.0,0.0,17.85,0.07,0.0
20231004:1910,0.0,0.0,0.0,17.24,0.62,0.0
20231004:2010,0.0,0.0,0.0,16.52,0.62,0.0
20231004:2110,0.0,0.0,0.0,16.46,0.55,0.0
20231004:2210,0.0,0.0,0.0,16.12,0.62,0.0
20231004:2310,0.0,0.0,0.0,16.05,0.76,0.0
20231005:0010,0.0,0.0,0.0,15.97,0.69,0.0
20231005:0110,0.0,0.0,0.0,16.01,0.55,0.0
20231005:0210,0.0,0.0,0.0,15.92,0.62,0.0
20231005:0310,0.0,0.0,0.0,15.83,0.48,0.0
20231005:0410,0.0,0.0,0.0,16.01,0.21,0.0
20231005:0510,0.0,0.0,0.0,16.0,0.28,0.0
20231005:0610,24.75,39.76,6.72,15.78,0.55,0.0
20231005:0710,75.24,94.67,16.54,16.14,0.28,0.0
20231005:0810,161.24,194.69,25.41,16.65,0.34,0.0
20231005:0910,194.86,246.18,32.7,17.62,0.48,0.0
20231005:1010,277.8,321.8,37.63,18.27,0.55,0.0
20231005:1110,301.54,350.25,39.45,18.53,0.83,0.0
20231005:1210,313.16,359.61,37.8,19.19,0.9,0.0
20231005:1310,288.47,333.14,33.0,19.83,0.83,0.0
20231005:1410,235.23,279.98,25.81,20.0,0.97,0.0
20231005:1510,143.46,178.67,17.0,19.81,0.97,0.0
20231005:1610,29.18,45.44,7.22,19.22,0.9,0.0
20231005:1710,0.0,0.0,0.0,18.25,0.69,0.0
20231005:1810,0.0,0.0,0.0,17.94,0.34,0.0
20231005:1910,0.0,0.0,0.0,17.75,0.28,0.0
20231005:2010,0.0,0.0,0.0,17.34,0.48,0.0
20231005:2110,0.0,0.0,0.0,16.94,0.55,0.0
20231005:2210,0.0,0.0,0.0,16.65,0.55,0.0
20231005:2310,0.0,0.0,0.0,16.44,0.55,0.0
20231006:0010,0.0,0.0,0.0,16.29,0.55,0.0
20231006:0110,0.0,0.0,0.0,16.25,0.55,0.0
20231006:0210,0.0,0.0,0.0,15.65,0.69,0.0
20231006:0310,0.0,0.0,0.0,14.56,0.83,0.0
20231006:0410,0.0,0.0,0.0,13.54,0.97,0.0
20231006:0510,0.0,0.0,0.0,13.87,0.97,0.0
20231006:0610,25.03,39.76,6.49,13.71,0.97,0.0
20231006:0710,95.77,114.55,16.29,13.53,1.1,0.0
20231006:0810,148.69,171.56,25.13,15.8,0.76,0.0
20231006:0910,208.89,236.63,32.38,17.75,0.28,0.0
20231006:1010,225.91,253.94,37.27,19.01,0.76,0.0
20231006:1110,307.67,351.73,39.06,19.92,0.97,0.0
20231006:1210,309.16,353.55,37.41,20.43,1.03,0.0
20231006:1310,278.21,318.67,32.62,20.51,1.03,0.0
20231006:1410,226.39,268.06,25.45,20.47,0.97,0.0
20231006:1510,142.31,179.91,16.66,20.2,0.83,0.0
20231006:1610,26.66,42.6,6.88,19.64,0.55,0.0
20231006:1710,0.0,0.0,0.0,18.82,0.48,0.0
20231006:1810,0.0,0.0,0.0,18.4,0.41,0.0
20231006:1910,0.0,0.0,0.0,17.79,0.55,0.0
20231006:2010,0.0,0.0,0.0,17.18,0.55,0.0
20231006:2110,0.0,0.0,0.0,16.53,0.69,0.0
20231006:2210,0.0,0.0,0.0,15.71,0.83,0.0
20231006:2310,0.0,0.0,0.0,15.25,0.83,0.0
20231007:0010,0.0,0.0,0.0,13.89,0.9,0.0
20231007:0110,0.0,0.0,0.0,12.8,0.97,0.0
20231007:0210,0.0,0.0,0.0,13.01,1.1,0.0
20231007:0310,0.0,0.0,0.0,12.94,1.24,0.0
20231007:0410,0.0,0.0,0.0,12.69,1.31,0.0
20231007:0510,0.0,0.0,0.0,12.38,1.38,0.0
20231007:0610,21.93,35.97,6.25,12.32,1.38,0.0
20231007:0710,58.87,76.68,16.04,14.07,0.9,0.0
20231007:0810,80.59,135.0,24.84,16.7,0.48,0.0
20231007:0910,156.99,220.22,32.06,18.6,0.28,0.0
20231007:1010,232.8,292.61,36.92,19.79,0.76,0.0
20231007:1110,281.03,338.26,38.68,20.66,0.9,0.0
20231007:1210,297.96,353.51,37.02,21.31,0.9,0.0
20231007:1310,278.96,335.49,32.24,21.74,0.83,0.0
20231007:1410,228.28,283.25,25.08,21.92,0.9,0.0
20231007:1510,148.58,199.08,16.31,21.6,0.83,0.0
20231007:1610,24.08,39.76,6.55,20.93,0.62,0.0
20231007:1710,0.0,0.0,0.0,20.16,0.21,0.0
20231007:1810,0.0,0.0,0.0,19.37,0.55,0.0
20231007:1910,0.0,0.0,0.0,18.14,1.03,0.0
20231007:2010,0.0,0.0,0.0,17.12,1.17,0.0
20231007:2110,0.0,0.0,0.0,16.09,1.38,0.0
20231007:2210,0.0,0.0,0.0,15.7,1.38,0.0
20231007:2310,0.0,0.0,0.0,15.58,1.45,0.0
20231008:0010,0.0,0.0,0.0,15.4,1.52,0.0
20231008:0110,0.0,0.0,0.0,14.9,1.52,0.0
20231008:0210,0.0,0.0,0.0,14.65,1.59,0.0
20231008:0310,0.0,0.0,0.0,14.41,1.66,0.0
20231008:0410,0.0,0.0,0.0,13.94,1.72,0.0
20231008:0510,0.0,0.0,0.0,13.64,1.79,0.0
20231008:0610,21.8,35.97,6.02,13.48,1.86,0.0
20231008:0710,62.32,80.47,15.78,14.83,1.66,0.0
20231008:0810,78.22,131.57,24.56,18.99,1.31,0.0
20231008:0910,151.14,214.93,31.74,21.15,1.1,0.0
20231008:1010,225.0,287.59,36.56,23.4,0.97,0.0
20231008:1110,268.68,331.7,38.3,25.05,0.76,0.0
20231008:1210,283.47,345.47,36.63,25.97,0.76,0.0
20231008:1310,265.04,327.35,31.86,26.46,0.83,0.0
20231008:1410,215.35,273.81,24.73,26.47,0.83,0.0
20231008:1510,130.43,173.03,15.97,25.93,0.69,0.0
20231008:1610,22.86,38.82,6.22,24.35,0.62,0.0
20231008:1710,0.0,0.0,0.0,22.04,0.97,0.0
20231008:1810,0.0,0.0,0.0,20.53,1.38,0.0
20231008:1910,0.0,0.0,0.0,18.51,1.66,0.0
20231008:2010,0.0,0.0,0.0,17.7,1.79,0.0
20231008:2110,0.0,0.0,0.0,16.95,1.86,0.0
20231008:2210,0.0,0.0,0.0,16.29,1.93,0.0
20231008:2310,0.0,0.0,0.0,15.76,2.0,0.0
20231009:0010,0.0,0.0,0.0,15.27,2.0,0.0
20231009:0110,0.0,0.0,0.0,14.79,1.93,0.0
20231009:0210,0.0,0.0,0.0,14.3,1.93,0.0
20231009:0310,0.0,0.0,0.0,13.61,1.93,0.0
20231009:0410,0.0,0.0,0.0,13.17,2.0,0.0
20231009:0510,0.0,0.0,0.0,12.87,2.0,0.0
20231009:0610,20.27,34.08,5.78,12.71,1.93,0.0
20231009:0710,61.49,79.52,15.53,14.56,1.59,0.0
20231009:0810,79.68,100.35,24.28,18.97,0.97,0.0
20231009:0910,148.89,212.32,31.42,21.53,0.62,0.0
20231009:1010,217.04,281.65,36.2,23.6,0.41,0.0
20231009:1110,263.78,327.38,37.92,24.82,0.55,0.0
20231009:1210,279.85,341.38,36.24,25.32,0.76,0.0
20231009:1310,261.28,321.38,31.49,25.51,0.9,0.0
20231009:1410,211.66,267.07,24.37,25.32,0.9,0.0
20231009:1510,131.13,178.17,15.63,24.69,0.62,0.0
20231009:1610,21.43,36.92,5.9,23.3,0.48,0.0
20231009:1710,0.0,0.0,0.0,22.84,0.07,0.0
20231009:1810,0.0,0.0,0.0,21.76,0.62,0.0
20231009:1910,0.0,0.0,0.0,20.89,0.76,0.0
20231009:2010,0.0,0.0,0.0,20.02,0.83,0.0
20231009:2110,0.0,0.0,0.0,19.36,0.97,0.0
20231009:2210,0.0,0.0,0.0,18.47,1.1,0.0
20231009:2310,0.0,0.0,0.0,17.56,1.24,0.0
20231010:0010,0.0,0.0,0.0,16.6,1.45,0.0
20231010:0110,0.0,0.0,0.0,15.95,1.52,0.0
20231010:0210,0.0,0.0,0.0,15.4,1.59,0.0
20231010:0310,0.0,0.0,0.0,14.9,1.59,0.0
20231010:0410,0.0,0.0,0.0,14.64,1.59,0.0
20231010:0510,0.0,0.0,0.0,14.66,1.52,0.0
20231010:0610,19.3,33.13,5.54,14.35,1.59,0.0
20231010:0710,56.94,74.79,15.27,14.66,1.31,0.0
20231010:0810,76.2,96.56,23.99,18.57,0.69,0.0
20231010:0910,143.66,206.53,31.1,20.57,0.28,0.0
20231010:1010,210.93,275.06,35.85,22.35,0.28,0.0
20231010:1110,260.36,321.59,37.53,23.42,0.69,0.0
20231010:1210,275.92,334.97,35.86,23.94,0.9,0.0
20231010:1310,256.81,317.99,31.11,24.07,0.97,0.0
20231010:1410,206.16,264.15,24.01,23.8,0.97,0.0
20231010:1510,102.72,131.99,15.3,23.22,0.83,0.0
20231010:1610,18.51,33.13,5.57,21.88,0.55,0.0
20231010:1710,0.0,0.0,0.0,21.35,0.48,0.0
20231010:1810,0.0,0.0,0.0,20.14,0.69,0.0
20231010:1910,0.0,0.0,0.0,20.01,0.48,0.0
20231010:2010,0.0,0.0,0.0,19.17,0.34,0.0
20231010:2110,0.0,0.0,0.0,18.4,0.28,0.0
20231010:2210,0.0,0.0,0.0,17.88,0.48,0.0
20231010:2310,0.0,0.0,0.0,17.35,0.69,0.0
20231011:0010,0.0,0.0,0.0,16.87,0.83,0.0
20231011:0110,0.0,0.0,0.0,14.96,1.1,0.0
20231011:0210,0.0,0.0,0.0,12.27,1.17,0.0
20231011:0310,0.0,0.0,0.0,12.69,1.24,0.0
20231011:0410,0.0,0.0,0.0,12.63,1.24,0.0
20231011:0510,0.0,0.0,0.0,12.5,1.17,0.0
20231011:0610,17.9,31.24,5.31,12.34,1.17,0.0
20231011:0710,70.96,88.99,15.01,13.22,0.97,0.0
20231011:0810,116.64,137.27,23.7,15.91,0.69,0.0
20231011:0910,155.55,211.1,30.78,18.56,0.07,0.0
20231011:1010,212.76,271.08,35.49,19.95,0.41,0.0
20231011:1110,254.96,312.35,37.16,20.81,0.76,0.0
20231011:1210,268.99,324.68,35.47,21.3,0.97,0.0
20231011:1310,251.37,305.01,30.74,21.54,1.03,0.0
20231011:1410,200.6,249.62,23.66,21.56,1.1,0.0
20231011:1510,121.41,166.23,14.96,21.2,1.03,0.0
20231011:1610,17.13,31.24,5.25,20.43,0.83,0.0
20231011:1710,0.0,0.0,0.0,19.17,0.69,0.0
20231011:1810,0.0,0.0,0.0,19.06,0.41,0.0
20231011:1910,0.0,0.0,0.0,18.29,0.28,0.0
20231011:2010,0.0,0.0,0.0,17.35,0.62,0.0
20231011:2110,0.0,0.0,0.0,16.65,0.69,0.0
20231011:2210,0.0,0.0,0.0,16.13,0.76,0.0
20231011:2310,0.0,0.0,0.0,15.96,0.76,0.0
20231012:0010,0.0,0.0,0.0,15.5,0.83,0.0
20231012:0110,0.0,0.0,0.0,14.5,0.9,0.0
20231012:0210,0.0,0.0,0.0,14.34,1.03,0.0
20231012:0310,0.0,0.0,0.0,14.08,1.1,0.0
20231012:0410,0.0,0.0,0.0,13.75,1.1,0.0
20231012:0510,0.0,0.0,0.0,14.06,1.03,0.0
20231012:0610,15.43,28.4,5.07,13.78,0.97,0.0
20231012:0710,68.56,87.1,14.76,14.84,0.9,0.0
20231012:0810,146.78,168.51,23.42,16.41,0.69,0.0
20231012:0910,202.2,242.13,30.46,17.77,0.07,0.0
20231012:1010,243.17,290.08,35.14,19.09,0.55,0.0
20231012:1110,280.63,320.39,36.78,19.9,0.76,0.0
20231012:1210,279.38,324.92,35.09,20.38,0.83,0.0
20231012:1310,250.42,296.84,30.37,20.82,0.83,0.0
20231012:1410,194.96,240.06,23.31,20.94,0.76,0.0
20231012:1510,108.43,141.27,14.63,20.76,0.76,0.0
20231012:1610,13.41,26.51,4.93,20.14,0.62,0.0
20231012:1710,0.0,0.0,0.0,19.45,0.34,0.0
20231012:1810,0.0,0.0,0.0,18.7,0.41,0.0
20231012:1910,0.0,0.0,0.0,17.61,0.62,0.0
20231012:2010,0.0,0.0,0.0,16.75,0.76,0.0
20231012:2110,0.0,0.0,0.0,16.08,0.83,0.0
20231012:2210,0.0,0.0,0.0,15.81,0.83,0.0
20231012:2310,0.0,0.0,0.0,15.87,0.83,0.0
20231013:0010,0.0,0.0,0.0,14.7,0.83,0.0
20231013:0110,0.0,0.0,0.0,13.59,0.76,0.0
20231013:0210,0.0,0.0,0.0,13.4,0.83,0.0
20231013:0310,0.0,0.0,0.0,13.49,0.9,0.0
20231013:0410,0.0,0.0,0.0,13.43,1.03,0.0
20231013:0510,0.0,0.0,0.0,13.49,1.03,0.0
20231013:0610,10.92,22.72,4.83,13.73,0.97,0.0
20231013:0710,68.7,87.1,14.5,14.35,0.69,0.0
20231013:0810,124.72,145.79,23.13,16.14,0.48,0.0
20231013:0910,203.21,240.31,30.14,17.53,0.28,0.0
20231013:1010,248.52,281.76,34.78,18.23,0.34,0.0
20231013:1110,248.82,279.9,36.4,19.06,0.55,0.0
20231013:1210,76.4,97.06,34.71,19.34,0.76,0.0
20231013:1310,150.95,175.17,30.01,19.47,0.97,0.0
20231013:1410,97.92,119.95,22.96,19.73,1.03,0.0
20231013:1510,94.01,120.48,14.3,19.25,0.97,0.0
20231013:1610,14.26,27.45,4.62,18.69,0.62,0.0
20231013:1710,0.0,0.0,0.0,18.35,0.14,0.0
20231013:1810,0.0,0.0,0.0,17.95,0.34,0.0
20231013:1910,0.0,0.0,0.0,16.33,0.83,0.0
20231013:2010,0.0,0.0,0.0,16.2,0.83,0.0
20231013:2110,0.0,0.0,0.0,16.3,0.76,0.0
20231013:2210,0.0,0.0,0.0,16.86,0.48,0.0
20231013:2310,0.0,0.0,0.0,16.63,0.34,0.0
20231014:0010,0.0,0.0,0.0,16.39,0.28,0.0
20231014:0110,0.0,0.0,0.0,16.21,0.28,0.0
20231014:0210,0.0,0.0,0.0,16.05,0.28,0.0
20231014:0310,0.0,0.0,0.0,15.9,0.14,0.0
20231014:0410,0.0,0.0,0.0,15.8,0.07,0.0
20231014:0510,0.0,0.0,0.0,15.67,0.07,0.0
20231014:0610,0.0,5.68,4.59,15.57,0.14,0.0
20231014:0710,24.86,39.76,14.24,14.86,0.14,0.0
20231014:0810,63.67,82.36,22.84,15.66,0.07,0.0
20231014:0910,175.01,219.01,29.81,16.46,0.21,0.0
20231014:1010,247.03,280.87,34.43,17.32,0.21,0.0
20231014:1110,252.9,284.34,36.03,18.0,0.28,0.0
20231014:1210,269.26,308.5,34.34,18.3,0.55,0.0
20231014:1310,185.09,211.48,29.64,18.95,0.76,0.0
20231014:1410,172.3,204.0,22.62,18.9,0.76,0.0
20231014:1510,91.46,118.35,13.97,18.53,0.69,0.0
20231014:1610,11.37,23.67,4.3,18.03,0.48,0.0
20231014:1710,0.0,0.0,0.0,17.1,0.76,0.0
20231014:1810,0.0,0.0,0.0,16.62,0.69,0.0
20231014:1910,0.0,0.0,0.0,15.63,0.83,0.0
20231014:2010,0.0,0.0,0.0,15.36,0.9,0.0
20231014:2110,0.0,0.0,0.0,14.95,1.03,0.0
20231014:2210,0.0,0.0,0.0,14.41,1.17,0.0
20231014:2310,0.0,0.0,0.0,13.93,1.24,0.0
20231015:0010,0.0,0.0,0.0,13.18,1.38,0.0
20231015:0110,0.0,0.0,0.0,12.69,1.52,0.0
20231015:0210,0.0,0.0,0.0,11.42,1.86,0.0
20231015:0310,0.0,0.0,0.0,10.8,2.0,0.0
20231015:0410,0.0,0.0,0.0,10.56,2.14,0.0
20231015:0510,0.0,0.0,0.0,10.18,2.21,0.0
20231015:0610,7.56,17.99,4.35,10.11,2.34,0.0
20231015:0710,70.51,88.04,13.98,12.34,2.48,0.0
20231015:0810,123.77,142.95,22.56,14.34,2.76,0.0
20231015:0910,172.81,216.33,29.49,15.23,3.31,0.0
20231015:1010,255.72,289.35,34.08,16.14,3.52,0.0
20231015:1110,273.75,301.3,35.66,16.66,3.79,0.0
20231015:1210,267.38,311.63,33.96,16.87,3.52,0.0
20231015:1310,247.22,286.3,29.28,16.8,3.31,0.0
20231015:1410,186.75,234.31,22.27,16.78,3.1,0.0
20231015:1510,82.46,104.78,13.65,16.37,2.62,0.0
20231015:1610,2.92,11.36,3.99,15.61,2.41,0.0
20231015:1710,0.0,0.0,0.0,14.26,1.38,0.0
20231015:1810,0.0,0.0,0.0,14.39,0.62,0.0
20231015:1910,0.0,0.0,0.0,11.95,2.34,0.0
20231015:2010,0.0,0.0,0.0,11.12,1.52,0.0
20231015:2110,0.0,0.0,0.0,12.66,0.83,0.0
20231015:2210,0.0,0.0,0.0,12.4,0.55,0.0
20231015:2310,0.0,0.0,0.0,12.07,0.41,0.0
20231016:0010,0.0,0.0,0.0,11.82,0.34,0.0
20231016:0110,0.0,0.0,0.0,11.68,0.21,0.0
20231016:0210,0.0,0.0,0.0,11.65,0.14,0.0
20231016:0310,0.0,0.0,0.0,11.56,0.34,0.0
20231016:0410,0.0,0.0,0.0,11.03,0.34,0.0
20231016:0510,0.0,0.0,0.0,10.91,0.21,0.0
20231016:0610,6.85,17.04,4.11,10.4,0.69,0.0
20231016:0710,61.82,78.58,13.72,10.28,0.83,0.0
20231016:0810,113.46,130.65,22.27,10.06,0.97,0.0
20231016:0910,208.82,231.96,29.17,10.14,1.1,0.0
20231016:1010,256.28,280.67,33.73,10.48,1.1,0.0
20231016:1110,279.29,304.96,35.29,10.8,0.97,0.0
20231016:1210,242.81,264.31,33.59,11.56,0.62,0.0
20231016:1310,211.45,233.26,28.92,11.64,0.34,0.0
20231016:1410,175.38,202.56,21.94,12.03,0.14,0.0
20231016:1510,89.19,112.71,13.33,11.87,0.41,0.0
20231016:1610,8.88,19.88,3.69,11.72,0.48,0.0
20231016:1710,0.0,0.0,0.0,11.1,0.55,0.0
20231016:1810,0.0,0.0,0.0,11.14,0.48,0.0
20231016:1910,0.0,0.0,0.0,9.69,0.83,0.0
20231016:2010,0.0,0.0,0.0,9.64,0.83,0.0
20231016:2110,0.0,0.0,0.0,10.48,0.62,0.0
20231016:2210,0.0,0.0,0.0,10.28,0.41,0.0
20231016:2310,0.0,0.0,0.0,10.18,0.28,0.0
20231017:0010,0.0,0.0,0.0,10.1,0.28,0.0
20231017:0110,0.0,0.0,0.0,10.05,0.34,0.0
20231017:0210,0.0,0.0,0.0,9.91,0.55,0.0
20231017:0310,0.0,0.0,0.0,9.58,0.76,0.0
20231017:0410,0.0,0.0,0.0,9.27,0.83,0.0
20231017:0510,0.0,0.0,0.0,8.99,0.83,0.0
20231017:0610,9.8,20.83,3.87,8.04,0.9,0.0
20231017:0710,47.73,63.43,13.46,8.39,0.76,0.0
20231017:0810,111.25,128.75,21.98,10.4,0.55,0.0
20231017:0910,142.85,190.36,28.85,11.36,0.14,0.0
20231017:1010,231.72,254.41,33.38,12.05,0.41,0.0
20231017:1110,265.25,291.86,34.92,13.04,0.69,0.0
20231017:1210,239.25,263.09,33.22,13.52,0.76,0.0
20231017:1310,233.46,263.4,28.57,13.66,0.83,0.0
20231017:1410,172.67,202.5,21.6,13.83,0.76,0.0
20231017:1510,88.82,114.88,13.01,13.72,0.83,0.0
20231017:1610,7.43,17.99,3.38,12.96,1.1,0.0
20231017:1710,0.0,0.0,0.0,11.54,1.03,0.0
20231017:1810,0.0,0.0,0.0,11.67,0.76,0.0
20231017:1910,0.0,0.0,0.0,10.69,0.28,0.0
20231017:2010,0.0,0.0,0.0,10.55,0.55,0.0
20231017:2110,0.0,0.0,0.0,10.46,0.55,0.0
20231017:2210,0.0,0.0,0.0,10.4,0.41,0.0
20231017:2310,0.0,0.0,0.0,10.3,0.28,0.0
20231018:0010,0.0,0.0,0.0,10.21,0.41,0.0
20231018:0110,0.0,0.0,0.0,10.23,0.62,0.0
20231018:0210,0.0,0.0,0.0,10.23,0.69,0.0
20231018:0310,0.0,0.0,0.0,10.25,0.55,0.0
20231018:0410,0.0,0.0,0.0,10.3,0.41,0.0
20231018:0510,0.0,0.0,0.0,10.29,0.41,0.0
20231018:0610,8.96,19.88,3.63,10.12,0.62,0.0
20231018:0710,54.68,71.0,13.2,9.64,0.76,0.0
20231018:0810,54.36,71.0,21.69,10.76,0.55,0.0
20231018:0910,40.32,56.3,28.53,11.41,0.41,0.0
20231018:1010,31.38,46.59,33.03,11.61,0.34,0.0
20231018:1110,39.3,55.33,34.55,11.92,0.14,0.0
20231018:1210,30.47,45.62,32.86,11.81,0.28,0.0
20231018:1310,32.27,47.56,28.21,11.58,0.55,0.0
20231018:1410,46.68,63.09,21.27,11.36,0.41,0.0
20231018:1510,16.24,29.12,12.7,11.1,0.41,0.0
20231018:1610,0.0,1.89,3.08,11.0,0.55,0.0
20231018:1710,0.0,0.0,0.0,10.82,0.48,0.0
20231018:1810,0.0,0.0,0.0,10.64,0.41,0.0
20231018:1910,0.0,0.0,0.0,10.29,0.07,0.0
20231018:2010,0.0,0.0,0.0,10.41,0.14,0.0
20231018:2110,0.0,0.0,0.0,10.47,0.21,0.0
20231018:2210,0.0,0.0,0.0,10.47,0.14,0.0
20231018:2310,0.0,0.0,0.0,10.59,0.55,0.0
20231019:0010,0.0,0.0,0.0,10.44,0.48,0.0
20231019:0110,0.0,0.0,0.0,10.71,0.34,0.0
20231019:0210,0.0,0.0,0.0,10.87,0.55,0.0
20231019:0310,0.0,0.0,0.0,10.72,0.55,0.0
20231019:0410,0.0,0.0,0.0,10.73,0.41,0.0
20231019:0510,0.0,0.0,0.0,10.66,0.55,0.0
20231019:0610,0.0,3.79,3.39,10.51,0.62,0.0
20231019:0710,20.47,34.08,12.94,10.66,0.14,0.0
20231019:0810,42.62,58.7,21.41,11.03,0.21,0.0
20231019:0910,35.87,51.44,28.22,11.2,0.28,0.0
20231019:1010,30.49,45.62,32.68,11.68,0.21,0.0
20231019:1110,67.78,85.41,34.19,12.09,0.21,0.0
20231019:1210,51.06,67.94,32.49,12.19,0.41,0.0
20231019:1310,40.18,56.3,27.87,12.09,0.41,0.0
20231019:1410,41.08,57.27,20.94,12.11,0.55,0.0
20231019:1510,17.79,31.06,12.39,11.88,0.41,0.0
20231019:1610,0.0,3.79,2.79,11.78,0.55,0.0
20231019:1710,0.0,0.0,0.0,11.54,0.62,0.0
20231019:1810,0.0,0.0,0.0,11.42,0.28,0.0
20231019:1910,0.0,0.0,0.0,11.34,0.07,0.0
20231019:2010,0.0,0.0,0.0,11.44,0.14,0.0
20231019:2110,0.0,0.0,0.0,11.56,0.21,0.0
20231019:2210,0.0,0.0,0.0,11.64,0.69,0.0
20231019:2310,0.0,0.0,0.0,11.64,0.9,0.0
20231020:0010,0.0,0.0,0.0,11.79,1.03,0.0
20231020:0110,0.0,0.0,0.0,11.88,0.48,0.0
20231020:0210,0.0,0.0,0.0,11.86,0.69,0.0
20231020:0310,0.0,0.0,0.0,11.72,0.76,0.0
20231020:0410,0.0,0.0,0.0,11.53,0.55,0.0
20231020:0510,0.0,0.0,0.0,11.67,1.03,0.0
20231020:0610,0.0,3.79,3.15,11.88,1.93,0.0
20231020:0710,6.1,16.09,12.67,12.46,2.34,0.0
20231020:0810,28.46,43.55,21.12,13.28,2.62,0.0
20231020:0910,31.06,46.59,27.9,14.14,3.38,0.0
20231020:1010,40.73,57.27,32.34,14.35,3.45,0.0
20231020:1110,34.45,50.47,33.83,14.7,3.17,0.0
20231020:1210,29.25,44.65,32.13,14.59,3.17,0.0
20231020:1310,23.28,37.85,27.52,14.77,2.76,0.0
20231020:1410,14.37,27.18,20.61,14.74,2.21,0.0
20231020:1510,18.35,32.03,12.08,14.66,2.07,0.0
20231020:1610,0.0,1.89,2.5,13.86,1.86,0.0
20231020:1710,0.0,0.0,0.0,12.91,1.38,0.0
20231020:1810,0.0,0.0,0.0,12.72,1.31,0.0
20231020:1910,0.0,0.0,0.0,11.93,0.9,0.0
20231020:2010,0.0,0.0,0.0,11.85,0.97,0.0
20231020:2110,0.0,0.0,0.0,12.14,1.1,0.0
20231020:2210,0.0,0.0,0.0,12.24,1.03,0.0
20231020:2310,0.0,0.0,0.0,12.23,1.1,0.0
20231021:0010,0.0,0.0,0.0,12.07,1.24,0.0
20231021:0110,0.0,0.0,0.0,11.98,1.31,0.0
20231021:0210,0.0,0.0,0.0,11.96,1.17,0.0
20231021:0310,0.0,0.0,0.0,12.0,1.17,0.0
20231021:0410,0.0,0.0,0.0,12.06,1.1,0.0
20231021:0510,0.0,0.0,0.0,12.17,0.97,0.0
20231021:0610,3.58,12.31,2.9,12.14,1.17,0.0
20231021:0710,52.99,70.06,12.41,12.53,0.69,0.0
20231021:0810,99.38,118.34,20.83,13.57,0.76,0.0
20231021:0910,57.99,75.71,27.58,13.96,0.97,0.0
20231021:1010,177.15,198.11,31.99,14.4,1.24,0.0
20231021:1110,31.72,47.56,33.47,15.12,1.52,0.0
20231021:1210,47.02,64.06,31.77,14.04,1.38,0.0
20231021:1310,74.65,93.18,27.18,14.52,1.79,0.0
20231021:1410,141.61,165.82,20.29,14.12,1.52,0.0
20231021:1510,9.15,20.38,11.78,13.77,0.9,0.0
20231021:1610,0.0,3.79,2.21,13.31,0.69,0.0
20231021:1710,0.0,0.0,0.0,12.32,0.97,0.0
20231021:1810,0.0,0.0,0.0,12.34,0.69,0.0
20231021:1910,0.0,0.0,0.0,12.04,0.55,0.0
20231021:2010,0.0,0.0,0.0,11.3,0.76,0.0
20231021:2110,0.0,0.0,0.0,11.1,0.83,0.0
20231021:2210,0.0,0.0,0.0,11.28,0.69,0.0
20231021:2310,0.0,0.0,0.0,11.54,0.48,0.0
20231022:0010,0.0,0.0,0.0,11.8,0.28,0.0
20231022:0110,0.0,0.0,0.0,11.93,0.28,0.0
20231022:0210,0.0,0.0,0.0,11.97,0.21,0.0
20231022:0310,0.0,0.0,0.0,11.91,0.41,0.0
20231022:0410,0.0,0.0,0.0,11.98,0.41,0.0
20231022:0510,0.0,0.0,0.0,11.76,0.34,0.0
20231022:0610,3.6,12.31,2.66,11.39,0.76,0.0
20231022:0710,49.94,66.27,12.15,10.38,0.62,0.0
20231022:0810,102.89,121.18,20.54,12.09,0.69,0.0
20231022:0910,183.95,211.94,27.26,12.94,0.34,0.0
20231022:1010,201.93,224.9,31.65,13.88,0.34,0.0
20231022:1110,247.86,281.47,33.11,14.53,0.41,0.0
20231022:1210,240.4,277.99,31.42,15.01,0.48,0.0
20231022:1310,209.94,244.51,26.84,15.2,0.9,0.0
20231022:1410,148.55,178.42,19.97,15.21,1.1,0.0
20231022:1510,74.29,104.5,11.48,14.77,0.83,0.0
20231022:1610,0.0,4.73,1.92,14.13,0.62,0.0
20231022:1710,0.0,0.0,0.0,13.68,0.41,0.0
20231022:1810,0.0,0.0,0.0,12.72,0.55,0.0
20231022:1910,0.0,0.0,0.0,13.0,0.69,0.0
20231022:2010,0.0,0.0,0.0,12.85,0.76,0.0
20231022:2110,0.0,0.0,0.0,12.7,0.76,0.0
20231022:2210,0.0,0.0,0.0,12.39,0.83,0.0
20231022:2310,0.0,0.0,0.0,11.82,0.97,0.0
20231023:0010,0.0,0.0,0.0,11.67,0.97,0.0
20231023:0110,0.0,0.0,0.0,11.66,0.83,0.0
20231023:0210,0.0,0.0,0.0,11.36,0.9,0.0
20231023:0310,0.0,0.0,0.0,10.9,0.97,0.0
20231023:0410,0.0,0.0,0.0,10.6,0.97,0.0
20231023:0510,0.0,0.0,0.0,10.32,1.03,0.0
20231023:0610,0.89,7.57,2.42,10.39,1.03,0.0
20231023:0710,48.99,65.32,11.89,10.69,0.97,0.0
20231023:0810,58.45,75.74,20.26,12.4,0.76,0.0
20231023:0910,61.98,79.59,26.95,12.94,0.83,0.0
20231023:1010,102.19,121.33,31.31,13.84,0.76,0.0
20231023:1110,30.98,46.59,32.76,14.18,0.69,0.0
20231023:1210,28.39,43.68,31.07,14.2,0.55,0.0
20231023:1310,22.49,36.88,26.5,14.08,0.62,0.0
20231023:1410,26.71,41.74,19.65,14.0,0.62,0.0
20231023:1510,10.62,22.32,11.18,13.72,0.69,0.0
20231023:1610,0.0,0.95,1.64,13.23,0.76,0.0
20231023:1710,0.0,0.0,0.0,12.9,0.83,0.0
20231023:1810,0.0,0.0,0.0,12.54,0.69,0.0
20231023:1910,0.0,0.0,0.0,11.86,0.76,0.0
20231023:2010,0.0,0.0,0.0,11.97,0.83,0.0
20231023:2110,0.0,0.0,0.0,11.87,0.83,0.0
20231023:2210,0.0,0.0,0.0,11.71,0.83,0.0
20231023:2310,0.0,0.0,0.0,11.72,0.76,0.0
20231024:0010,0.0,0.0,0.0,11.76,0.48,0.0
20231024:0110,0.0,0.0,0.0,11.78,0.48,0.0
20231024:0210,0.0,0.0,0.0,11.8,0.55,0.0
20231024:0310,0.0,0.0,0.0,11.66,0.55,0.0
20231024:0410,0.0,0.0,0.0,11.64,0.69,0.0
20231024:0510,0.0,0.0,0.0,11.46,0.69,0.0
20231024:0610,0.0,2.84,2.18,11.45,0.55,0.0
20231024:0710,11.07,22.72,11.63,11.38,0.48,0.0
20231024:0810,19.59,33.13,19.97,11.39,0.55,0.0
20231024:0910,26.21,40.77,26.64,11.47,0.62,0.0
20231024:1010,45.74,62.12,30.97,11.53,0.62,0.0
20231024:1110,44.8,61.15,32.41,11.69,0.62,0.0
20231024:1210,52.06,68.91,30.72,11.93,0.62,0.0
20231024:1310,21.87,35.91,26.17,12.25,0.55,0.0
20231024:1410,59.3,76.68,19.34,12.44,0.41,0.0
20231024:1510,16.12,29.12,10.89,12.45,0.48,0.0
20231024:1610,0.0,0.95,1.37,12.3,0.14,0.0
20231024:1710,0.0,0.0,0.0,12.23,0.48,0.0
20231024:1810,0.0,0.0,0.0,12.08,0.41,0.0
20231024:1910,0.0,0.0,0.0,11.28,0.76,0.0
20231024:2010,0.0,0.0,0.0,11.44,0.62,0.0
20231024:2110,0.0,0.0,0.0,11.54,0.55,0.0
20231024:2210,0.0,0.0,0.0,10.71,0.83,0.0
20231024:2310,0.0,0.0,0.0,9.95,1.03,0.0
20231025:0010,0.0,0.0,0.0,9.98,1.03,0.0
20231025:0110,0.0,0.0,0.0,9.26,1.17,0.0
20231025:0210,0.0,0.0,0.0,8.85,1.17,0.0
20231025:0310,0.0,0.0,0.0,8.69,1.17,0.0
20231025:0410,0.0,0.0,0.0,7.89,1.24,0.0
20231025:0510,0.0,0.0,0.0,8.01,1.31,0.0
20231025:0610,0.45,6.63,1.93,7.79,1.45,0.0
20231025:0710,58.49,74.79,11.37,9.13,0.83,0.0
20231025:0810,125.34,142.95,19.69,10.65,0.69,0.0
20231025:0910,175.37,197.56,26.32,11.5,0.41,0.0
20231025:1010,178.16,199.05,30.64,13.03,0.21,0.0
20231025:1110,73.74,92.21,32.06,13.92,0.48,0.0
20231025:1210,183.06,204.78,30.38,14.52,0.97,0.0
20231025:1310,185.96,211.26,25.84,14.7,1.17,0.0
20231025:1410,91.22,110.54,19.04,14.34,1.38,0.0
20231025:1510,34.76,51.0,10.6,13.91,1.17,0.0
20231025:1610,0.0,0.0,0.0,13.19,0.69,0.0
20231025:1710,0.0,0.0,0.0,12.66,0.21,0.0
20231025:1810,0.0,0.0,0.0,11.92,0.62,0.0
20231025:1910,0.0,0.0,0.0,11.14,0.83,0.0
20231025:2010,0.0,0.0,0.0,10.92,1.1,0.0
20231025:2110,0.0,0.0,0.0,11.12,1.1,0.0
20231025:2210,0.0,0.0,0.0,11.1,1.1,0.0
20231025:2310,0.0,0.0,0.0,11.28,1.03,0.0
20231026:0010,0.0,0.0,0.0,11.28,0.83,0.0
20231026:0110,0.0,0.0,0.0,11.56,0.69,0.0
20231026:0210,0.0,0.0,0.0,11.49,0.55,0.0
20231026:0310,0.0,0.0,0.0,11.02,0.69,0.0
20231026:0410,0.0,0.0,0.0,11.0,0.69,0.0
20231026:0510,0.0,0.0,0.0,11.03,0.48,0.0
20231026:0610,0.0,2.84,1.69,10.87,0.55,0.0
20231026:0710,56.56,72.9,11.11,9.46,0.76,0.0
20231026:0810,121.96,140.11,19.4,11.37,0.41,0.0
20231026:0910,150.58,170.59,26.01,12.52,0.69,0.0
20231026:1010,123.4,142.68,30.3,13.13,0.28,0.0
20231026:1110,72.07,90.27,31.72,13.23,0.21,0.0
20231026:1210,175.48,196.39,30.04,13.41,0.41,0.0
20231026:1310,133.57,153.8,25.52,13.54,0.14,0.0
20231026:1410,29.31,44.65,18.73,13.74,0.41,0.0
20231026:1510,17.64,31.06,10.32,13.47,0.41,0.0
20231026:1610,0.0,0.0,0.0,12.92,0.41,0.0
20231026:1710,0.0,0.0,0.0,12.6,0.0,0.0
20231026:1810,0.0,0.0,0.0,12.01,0.83,0.0
20231026:1910,0.0,0.0,0.0,11.79,1.24,0.0
20231026:2010,0.0,0.0,0.0,11.54,0.83,0.0
20231026:2110,0.0,0.0,0.0,11.65,0.69,0.0
20231026:2210,0.0,0.0,0.0,11.76,0.9,0.0
20231026:2310,0.0,0.0,0.0,11.63,0.83,0.0
20231027:0010,0.0,0.0,0.0,11.76,0.97,0.0
20231027:0110,0.0,0.0,0.0,11.65,1.1,0.0
20231027:0210,0.0,0.0,0.0,11.57,0.9,0.0
20231027:0310,0.0,0.0,0.0,11.57,0.83,0.0
20231027:0410,0.0,0.0,0.0,11.28,0.83,0.0
20231027:0510,0.0,0.0,0.0,10.81,1.03,0.0
20231027:0610,0.0,4.73,1.45,10.32,1.1,0.0
20231027:0710,37.48,53.02,10.85,10.51,1.03,0.0
20231027:0810,62.15,79.52,19.12,12.3,1.17,0.0
20231027:0910,59.95,110.93,25.7,13.81,1.38,0.0
20231027:1010,115.5,176.47,29.97,15.29,1.59,0.0
20231027:1110,160.09,219.87,31.38,16.5,1.79,0.0
20231027:1210,170.71,230.85,29.7,17.2,1.72,0.0
20231027:1310,156.67,213.59,25.2,17.53,1.72,0.0
20231027:1410,130.44,164.39,18.44,17.43,1.79,0.0
20231027:1510,51.7,72.97,10.04,16.79,1.24,0.0
20231027:1610,0.0,0.0,0.0,15.01,1.17,0.0
20231027:1710,0.0,0.0,0.0,14.16,1.1,0.0
20231027:1810,0.0,0.0,0.0,13.42,1.03,0.0
20231027:1910,0.0,0.0,0.0,12.33,1.17,0.0
20231027:2010,0.0,0.0,0.0,11.43,1.17,0.0
20231027:2110,0.0,0.0,0.0,10.29,1.38,0.0
20231027:2210,0.0,0.0,0.0,10.16,1.38,0.0
20231027:2310,0.0,0.0,0.0,10.31,1.38,0.0
20231028:0010,0.0,0.0,0.0,9.63,1.45,0.0
20231028:0110,0.0,0.0,0.0,9.18,1.52,0.0
20231028:0210,0.0,0.0,0.0,8.83,1.52,0.0
20231028:0310,0.0,0.0,0.0,9.06,1.45,0.0
20231028:0410,0.0,0.0,0.0,9.87,1.24,0.0
20231028:0510,0.0,0.0,0.0,10.28,1.03,0.0
20231028:0610,0.0,0.0,0.0,10.51,0.83,0.0
20231028:0710,36.43,51.12,10.59,6.76,1.24,0.0
20231028:0810,61.94,78.58,18.83,9.95,0.97,0.0
20231028:0910,143.19,175.24,25.4,12.11,0.41,0.0
20231028:1010,191.41,228.77,29.64,13.36,0.55,0.0
20231028:1110,185.43,234.44,31.04,14.15,0.97,0.0
20231028:1210,217.78,253.83,29.37,14.45,0.9,0.0
20231028:1310,186.49,221.29,24.88,14.58,0.69,0.0
20231028:1410,116.63,162.97,18.14,14.51,0.76,0.0
20231028:1510,48.8,86.82,9.77,14.14,0.48,0.0
20231028:1610,0.0,0.0,0.0,13.75,0.0,0.0
20231028:1710,0.0,0.0,0.0,13.14,0.21,0.0
20231028:1810,0.0,0.0,0.0,12.57,0.07,0.0
20231028:1910,0.0,0.0,0.0,9.53,1.17,0.0
20231028:2010,0.0,0.0,0.0,10.64,1.17,0.0
20231028:2110,0.0,0.0,0.0,10.43,1.1,0.0
20231028:2210,0.0,0.0,0.0,10.57,1.1,0.0
20231028:2310,0.0,0.0,0.0,10.97,1.03,0.0
20231029:0010,0.0,0.0,0.0,10.54,1.1,0.0
20231029:0110,0.0,0.0,0.0,10.5,1.03,0.0
20231029:0210,0.0,0.0,0.0,10.5,1.03,0.0
20231029:0310,0.0,0.0,0.0,10.67,1.03,0.0
20231029:0410,0.0,0.0,0.0,10.95,1.17,0.0
20231029:0510,0.0,0.0,0.0,10.8,1.17,0.0
20231029:0610,0.0,0.0,0.0,10.78,1.31,0.0
20231029:0710,16.51,29.35,10.33,10.26,0.9,0.0
20231029:0810,39.17,54.91,18.55,10.82,0.9,0.0
20231029:0910,42.21,58.24,25.09,11.09,0.69,0.0
20231029:1010,26.23,40.77,29.32,11.36,0.83,0.0
20231029:1110,28.79,43.68,30.7,11.58,1.03,0.0
20231029:1210,47.53,64.06,29.04,11.86,1.1,0.0
20231029:1310,23.58,37.85,24.57,12.13,1.1,0.0
20231029:1410,20.25,33.97,17.85,11.93,0.97,0.0
20231029:1510,9.25,20.38,9.5,11.91,1.03,0.0
20231029:1610,0.0,0.0,0.0,11.78,1.03,0.0
20231029:1710,0.0,0.0,0.0,11.74,1.24,0.0
20231029:1810,0.0,0.0,0.0,11.67,1.24,0.0
20231029:1910,0.0,0.0,0.0,11.05,0.97,0.0
20231029:2010,0.0,0.0,0.0,11.11,0.83,0.0
20231029:2110,0.0,0.0,0.0,11.31,0.97,0.0
20231029:2210,0.0,0.0,0.0,11.28,0.9,0.0
20231029:2310,0.0,0.0,0.0,11.38,0.76,0.0
20231030:0010,0.0,0.0,0.0,11.48,0.62,0.0
20231030:0110,0.0,0.0,0.0,11.61,0.62,0.0
20231030:0210,0.0,0.0,0.0,11.6,0.62,0.0
20231030:0310,0.0,0.0,0.0,11.55,0.62,0.0
20231030:0410,0.0,0.0,0.0,11.56,0.62,0.0
20231030:0510,0.0,0.0,0.0,11.52,0.62,0.0
20231030:0610,0.0,0.0,0.0,11.63,0.69,0.0
20231030:0710,20.37,34.08,10.07,11.63,0.34,0.0
20231030:0810,21.94,35.97,18.27,12.11,0.55,0.0
20231030:0910,20.22,33.97,24.78,12.17,0.41,0.0
20231030:1010,41.03,57.27,29.0,12.33,0.41,0.0
20231030:1110,27.79,42.71,30.37,12.41,0.48,0.0
20231030:1210,33.02,48.53,28.72,12.41,0.69,0.0
20231030:1310,37.42,53.38,24.26,12.45,0.41,0.0
20231030:1410,21.01,34.94,17.57,12.5,0.55,0.0
20231030:1510,6.38,16.5,9.24,12.5,0.48,0.0
20231030:1610,0.0,0.0,0.0,12.2,0.48,0.0
20231030:1710,0.0,0.0,0.0,12.08,0.34,0.0
20231030:1810,0.0,0.0,0.0,12.06,1.03,0.0
20231030:1910,0.0,0.0,0.0,12.37,1.72,0.0
20231030:2010,0.0,0.0,0.0,12.28,1.03,0.0
20231030:2110,0.0,0.0,0.0,12.31,0.83,0.0
20231030:2210,0.0,0.0,0.0,12.07,0.69,0.0
20231030:2310,0.0,0.0,0.0,11.96,0.62,0.0
20231031:0010,0.0,0.0,0.0,11.76,0.55,0.0
20231031:0110,0.0,0.0,0.0,11.42,0.97,0.0
20231031:0210,0.0,0.0,0.0,11.01,1.24,0.0
20231031:0310,0.0,0.0,0.0,10.94,1.72,0.0
20231031:0410,0.0,0.0,0.0,10.81,1.93,0.0
20231031:0510,0.0,0.0,0.0,10.31,1.72,0.0
20231031:0610,0.0,0.0,0.0,10.26,1.59,0.0
20231031:0710,7.56,17.99,9.81,9.94,1.72,0.0
20231031:0810,50.14,66.27,17.99,9.85,1.52,0.0
20231031:0910,158.34,177.72,24.48,10.83,1.31,0.0
20231031:1010,182.74,216.99,28.68,11.75,1.31,0.0
20231031:1110,140.43,198.77,30.05,12.94,1.45,0.0
20231031:1210,148.57,209.4,28.4,13.96,1.38,0.0
20231031:1310,135.66,192.73,23.96,14.54,1.31,0.0
20231031:1410,103.23,148.69,17.29,14.74,1.1,0.0
20231031:1510,46.75,71.66,8.98,14.39,0.76,0.0
20231031:1610,0.0,0.0,0.0,13.25,0.76,0.0
20231031:1710,0.0,0.0,0.0,12.51,0.83,0.0
20231031:1810,0.0,0.0,0.0,11.62,0.97,0.0
20231031:1910,0.0,0.0,0.0,11.36,0.97,0.0
20231031:2010,0.0,0.0,0.0,10.71,1.03,0.0
20231031:2110,0.0,0.0,0.0,10.0,1.31,0.0
20231031:2210,0.0,0.0,0.0,8.57,1.66,0.0
20231031:2310,0.0,0.0,0.0,8.07,1.79,0.0
20231101:0010,0.0,0.0,0.0,7.33,1.86,0.0
20231101:0110,0.0,0.0,0.0,7.31,1.72,0.0
20231101:0210,0.0,0.0,0.0,7.18,1.59,0.0
20231101:0310,0.0,0.0,0.0,7.03,1.45,0.0
20231101:0410,0.0,0.0,0.0,6.78,1.45,0.0
20231101:0510,0.0,0.0,0.0,6.13,1.52,0.0
20231101:0610,0.0,0.0,0.0,6.24,1.45,0.0
20231101:0710,40.37,54.91,9.55,4.95,1.45,0.0
20231101:0810,115.38,131.59,17.71,8.42,1.17,0.0
20231101:0910,104.84,122.3,24.18,10.55,0.9,0.0
20231101:1010,191.51,213.19,28.36,11.63,0.48,0.0
20231101:1110,58.55,75.71,29.72,11.95,0.76,0.0
20231101:1210,168.08,187.16,28.08,11.61,0.9,0.0
20231101:1310,93.94,111.62,23.66,11.08,0.76,0.0
20231101:1410,24.6,38.82,17.01,10.72,0.76,0.0
20231101:1510,2.61,10.68,8.72,10.44,0.62,0.0
20231101:1610,0.0,0.0,0.0,10.06,0.55,0.0
20231101:1710,0.0,0.0,0.0,9.66,0.76,0.0
20231101:1810,0.0,0.0,0.0,9.42,0.69,0.0
20231101:1910,0.0,0.0,0.0,9.22,0.97,0.0
20231101:2010,0.0,0.0,0.0,9.16,0.76,0.0
20231101:2110,0.0,0.0,0.0,9.27,0.76,0.0
20231101:2210,0.0,0.0,0.0,9.26,0.97,0.0
20231101:2310,0.0,0.0,0.0,9.2,1.03,0.0
20231102:0010,0.0,0.0,0.0,8.94,0.97,0.0
20231102:0110,0.0,0.0,0.0,8.77,1.03,0.0
20231102:0210,0.0,0.0,0.0,8.79,0.9,0.0
20231102:0310,0.0,0.0,0.0,8.9,0.97,0.0
20231102:0410,0.0,0.0,0.0,8.86,0.76,0.0
20231102:0510,0.0,0.0,0.0,8.93,0.9,0.0
20231102:0610,0.0,0.0,0.0,8.91,1.17,0.0
20231102:0710,8.32,18.93,9.3,8.79,0.83,0.0
20231102:0810,24.82,38.82,17.44,8.94,0.83,0.0
20231102:0910,34.49,49.5,23.88,9.09,0.97,0.0
20231102:1010,25.66,39.8,28.04,9.2,0.62,0.0
20231102:1110,33.51,48.53,29.4,9.5,0.55,0.0
20231102:1210,25.6,39.8,27.77,9.53,0.34,0.0
20231102:1310,24.73,38.82,23.37,9.67,0.48,0.0
20231102:1410,23.89,37.85,16.74,9.6,0.83,0.0
20231102:1510,7.58,17.99,8.47,9.5,0.97,0.0
20231102:1610,0.0,0.0,0.0,9.47,1.03,0.0
20231102:1710,0.0,0.0,0.0,9.4,0.9,0.0
20231102:1810,0.0,0.0,0.0,9.54,1.1,0.0
20231102:1910,0.0,0.0,0.0,9.6,0.9,0.0
20231102:2010,0.0,0.0,0.0,9.84,0.34,0.0
20231102:2110,0.0,0.0,0.0,10.02,0.14,0.0
20231102:2210,0.0,0.0,0.0,9.74,0.48,0.0
20231102:2310,0.0,0.0,0.0,9.33,0.55,0.0
20231103:0010,0.0,0.0,0.0,7.94,1.31,0.0
20231103:0110,0.0,0.0,0.0,7.65,1.17,0.0
20231103:0210,0.0,0.0,0.0,7.47,1.03,0.0
20231103:0310,0.0,0.0,0.0,7.11,1.03,0.0
20231103:0410,0.0,0.0,0.0,7.02,1.17,0.0
20231103:0510,0.0,0.0,0.0,7.66,1.45,0.0
20231103:0610,0.0,0.0,0.0,7.67,1.66,0.0
20231103:0710,10.63,21.77,9.04,6.66,1.59,0.0
20231103:0810,66.67,82.36,17.16,6.86,1.38,0.0
20231103:0910,98.54,114.53,23.59,7.67,1.17,0.0
20231103:1010,184.71,201.99,27.73,8.6,1.31,0.0
20231103:1110,127.98,184.23,29.09,9.56,1.31,0.0
20231103:1210,136.78,194.06,27.46,10.66,1.24,0.0
20231103:1310,117.79,175.28,23.08,11.52,1.45,0.0
20231103:1410,110.75,134.85,16.47,11.64,1.24,0.0
20231103:1510,20.41,34.08,8.23,11.33,1.17,0.0
20231103:1610,0.0,0.0,0.0,10.13,1.17,0.0
20231103:1710,0.0,0.0,0.0,9.22,1.17,0.0
20231103:1810,0.0,0.0,0.0,9.12,1.17,0.0
20231103:1910,0.0,0.0,0.0,8.21,1.31,0.0
20231103:2010,0.0,0.0,0.0,8.33,1.24,0.0
20231103:2110,0.0,0.0,0.0,7.87,1.24,0.0
20231103:2210,0.0,0.0,0.0,7.56,1.17,0.0
20231103:2310,0.0,0.0,0.0,7.09,1.17,0.0
20231104:0010,0.0,0.0,0.0,6.42,1.24,0.0
20231104:0110,0.0,0.0,0.0,5.98,1.24,0.0
20231104:0210,0.0,0.0,0.0,5.13,1.38,0.0
20231104:0310,0.0,0.0,0.0,4.35,1.45,0.0
20231104:0410,0.0,0.0,0.0,4.42,1.38,0.0
20231104:0510,0.0,0.0,0.0,4.82,1.24,0.0
20231104:0610,0.0,0.0,0.0,5.25,1.03,0.0
20231104:0710,38.15,52.07,8.79,2.37,1.24,0.0
20231104:0810,106.63,121.18,16.89,4.83,0.97,0.0
20231104:0910,94.45,109.82,23.3,5.96,0.69,0.0
20231104:1010,113.48,129.09,27.43,7.05,0.76,0.0
20231104:1110,69.47,85.41,28.78,7.42,1.03,0.0
20231104:1210,25.87,39.8,27.16,7.68,1.1,0.0
20231104:1310,25.85,39.8,22.8,7.82,1.1,0.0
20231104:1410,18.2,31.06,16.21,7.67,0.83,0.0
20231104:1510,11.33,22.72,7.99,7.38,0.97,0.0
20231104:1610,0.0,0.0,0.0,7.17,1.03,0.0
20231104:1710,0.0,0.0,0.0,7.0,1.1,0.0
20231104:1810,0.0,0.0,0.0,6.85,1.38,0.0
20231104:1910,0.0,0.0,0.0,5.93,1.38,0.0
20231104:2010,0.0,0.0,0.0,5.65,1.59,0.0
20231104:2110,0.0,0.0,0.0,5.62,1.52,0.0
20231104:2210,0.0,0.0,0.0,5.68,1.45,0.0
20231104:2310,0.0,0.0,0.0,5.72,1.38,0.0
20231105:0010,0.0,0.0,0.0,5.72,1.31,0.0
20231105:0110,0.0,0.0,0.0,5.78,1.1,0.0
20231105:0210,0.0,0.0,0.0,5.63,0.9,0.0
20231105:0310,0.0,0.0,0.0,5.62,0.83,0.0
20231105:0410,0.0,0.0,0.0,6.09,0.55,0.0
20231105:0510,0.0,0.0,0.0,6.16,0.55,0.0
20231105:0610,0.0,0.0,0.0,6.1,0.48,0.0
20231105:0710,36.58,51.12,8.53,5.8,0.69,0.0
20231105:0810,62.81,78.58,16.62,7.07,0.83,0.0
20231105:0910,85.09,101.3,23.01,7.87,0.9,0.0
20231105:1010,79.78,132.33,27.12,9.05,0.69,0.0
20231105:1110,108.06,167.24,28.47,9.88,0.41,0.0
20231105:1210,117.12,177.82,26.86,10.3,0.62,0.0
20231105:1310,120.0,170.46,22.52,10.59,0.48,0.0
20231105:1410,67.21,118.71,15.96,10.54,0.48,0.0
20231105:1510,28.0,42.6,7.75,10.31,0.41,0.0
20231105:1610,0.0,0.0,0.0,9.66,0.83,0.0
20231105:1710,0.0,0.0,0.0,8.26,1.1,0.0
20231105:1810,0.0,0.0,0.0,7.67,1.24,0.0
20231105:1910,0.0,0.0,0.0,8.21,1.24,0.0
20231105:2010,0.0,0.0,0.0,7.96,1.24,0.0
20231105:2110,0.0,0.0,0.0,7.74,1.24,0.0
20231105:2210,0.0,0.0,0.0,6.93,1.38,0.0
20231105:2310,0.0,0.0,0.0,6.26,1.45,0.0
20231106:0010,0.0,0.0,0.0,3.94,1.59,0.0
20231106:0110,0.0,0.0,0.0,3.88,1.66,0.0
20231106:0210,0.0,0.0,0.0,3.71,1.72,0.0
20231106:0310,0.0,0.0,0.0,3.64,1.86,0.0
20231106:0410,0.0,0.0,0.0,3.47,2.0,0.0
20231106:0510,0.0,0.0,0.0,3.7,2.07,0.0
20231106:0610,0.0,0.0,0.0,3.77,1.93,0.0
20231106:0710,26.35,39.76,8.28,3.97,1.66,0.0
20231106:0810,48.43,63.43,16.35,5.63,1.38,0.0
20231106:0910,54.26,70.06,22.72,7.88,1.03,0.0
20231106:1010,60.18,116.65,26.82,10.7,0.41,0.0
20231106:1110,94.66,158.09,28.17,12.14,0.48,0.0
20231106:1210,108.65,172.3,26.57,12.64,0.76,0.0
20231106:1310,132.89,176.83,22.25,12.69,0.9,0.0
20231106:1410,89.98,110.05,15.7,12.43,1.03,0.0
20231106:1510,4.19,13.25,7.52,11.97,0.97,0.0
20231106:1610,0.0,0.0,0.0,11.0,0.83,0.0
20231106:1710,0.0,0.0,0.0,10.25,0.62,0.0
20231106:1810,0.0,0.0,0.0,9.87,0.62,0.0
20231106:1910,0.0,0.0,0.0,10.28,0.83,0.0
20231106:2010,0.0,0.0,0.0,10.32,0.69,0.0
20231106:2110,0.0,0.0,0.0,9.44,0.83,0.0
20231106:2210,0.0,0.0,0.0,9.33,0.83,0.0
20231106:2310,0.0,0.0,0.0,9.29,0.76,0.0
20231107:0010,0.0,0.0,0.0,9.67,0.62,0.0
20231107:0110,0.0,0.0,0.0,8.63,0.69,0.0
20231107:0210,0.0,0.0,0.0,6.3,1.1,0.0
20231107:0310,0.0,0.0,0.0,6.6,1.03,0.0
20231107:0410,0.0,0.0,0.0,6.88,1.03,0.0
20231107:0510,0.0,0.0,0.0,7.13,1.03,0.0
20231107:0610,0.0,0.0,0.0,6.76,1.1,0.0
20231107:0710,3.09,11.36,8.03,7.44,0.83,0.0
20231107:0810,73.56,89.94,16.08,8.37,0.69,0.0
20231107:0910,105.6,122.13,22.43,8.59,0.69,0.0
20231107:1010,44.56,60.18,26.52,8.69,0.69,0.0
20231107:1110,158.26,198.43,27.87,8.77,0.62,0.0
20231107:1210,193.22,218.35,26.28,8.66,0.69,0.0
20231107:1310,85.4,101.92,21.98,8.72,1.1,0.0
20231107:1410,74.91,91.95,15.46,8.72,0.97,0.0
20231107:1510,19.06,32.19,7.3,8.73,0.83,0.0
20231107:1610,0.0,0.0,0.0,8.31,0.83,0.0
20231107:1710,0.0,0.0,0.0,7.95,0.55,0.0
20231107:1810,0.0,0.0,0.0,7.16,0.55,0.0
20231107:1910,0.0,0.0,0.0,8.38,0.9,0.0
20231107:2010,0.0,0.0,0.0,7.74,1.1,0.0
20231107:2110,0.0,0.0,0.0,7.26,1.24,0.0
20231107:2210,0.0,0.0,0.0,5.62,1.31,0.0
20231107:2310,0.0,0.0,0.0,3.59,1.52,0.0
20231108:0010,0.0,0.0,0.0,3.52,1.59,0.0
20231108:0110,0.0,0.0,0.0,3.24,1.72,0.0
20231108:0210,0.0,0.0,0.0,2.97,1.86,0.0
20231108:0310,0.0,0.0,0.0,2.74,2.0,0.0
20231108:0410,0.0,0.0,0.0,2.77,2.07,0.0
20231108:0510,0.0,0.0,0.0,2.87,2.07,0.0
20231108:0610,0.0,0.0,0.0,2.74,2.0,0.0
20231108:0710,26.47,39.76,7.78,3.11,1.86,0.0
20231108:0810,49.6,64.38,15.81,4.62,1.52,0.0
20231108:0910,48.11,63.43,22.15,6.9,1.17,0.0
20231108:1010,54.8,108.51,26.23,8.92,0.76,0.0
20231108:1110,89.05,150.89,27.57,10.42,0.14,0.0
20231108:1210,101.43,164.71,26.0,11.18,0.48,0.0
20231108:1310,95.87,152.92,21.72,11.41,0.69,0.0
20231108:1410,57.11,107.32,15.22,11.2,0.83,0.0
20231108:1510,25.44,39.76,7.08,10.62,0.76,0.0
20231108:1610,0.0,0.0,0.0,9.36,0.76,0.0
20231108:1710,0.0,0.0,0.0,9.43,0.41,0.0
20231108:1810,0.0,0.0,0.0,9.01,0.0,0.0
20231108:1910,0.0,0.0,0.0,7.84,0.76,0.0
20231108:2010,0.0,0.0,0.0,7.79,0.97,0.0
20231108:2110,0.0,0.0,0.0,7.2,1.03,0.0
20231108:2210,0.0,0.0,0.0,6.65,1.1,0.0
20231108:2310,0.0,0.0,0.0,6.18,1.17,0.0
20231109:0010,0.0,0.0,0.0,6.04,1.1,0.0
20231109:0110,0.0,0.0,0.0,5.91,1.1,0.0
20231109:0210,0.0,0.0,0.0,6.22,0.97,0.0
20231109:0310,0.0,0.0,0.0,6.17,0.97,0.0
20231109:0410,0.0,0.0,0.0,6.18,0.97,0.0
20231109:0510,0.0,0.0,0.0,5.95,1.1,0.0
20231109:0610,0.0,0.0,0.0,5.62,1.17,0.0
20231109:0710,22.01,35.03,7.54,4.47,1.45,0.0
20231109:0810,34.86,49.23,15.55,5.61,1.24,0.0
20231109:0910,63.09,78.58,21.87,6.3,1.24,0.0
20231109:1010,56.38,71.83,25.94,6.52,1.24,0.0
20231109:1110,59.15,74.74,27.29,6.83,1.31,0.0
20231109:1210,78.29,94.15,25.72,7.16,1.24,0.0
20231109:1310,91.91,107.74,21.46,7.08,0.97,0.0
20231109:1410,52.43,67.94,14.98,7.07,0.97,0.0
20231109:1510,17.62,30.29,6.87,6.88,0.97,0.0
20231109:1610,0.0,0.0,0.0,6.69,0.97,0.0
20231109:1710,0.0,0.0,0.0,6.6,1.1,0.0
20231109:1810,0.0,0.0,0.0,6.54,1.24,0.0
20231109:1910,0.0,0.0,0.0,6.02,1.17,0.0
20231109:2010,0.0,0.0,0.0,5.98,1.17,0.0
20231109:2110,0.0,0.0,0.0,5.96,1.1,0.0
20231109:2210,0.0,0.0,0.0,5.92,0.97,0.0
20231109:2310,0.0,0.0,0.0,5.88,0.97,0.0
20231110:0010,0.0,0.0,0.0,5.77,0.83,0.0
20231110:0110,0.0,0.0,0.0,6.29,0.62,0.0
20231110:0210,0.0,0.0,0.0,6.11,0.55,0.0
20231110:0310,0.0,0.0,0.0,6.25,0.34,0.0
20231110:0410,0.0,0.0,0.0,6.12,0.41,0.0
20231110:0510,0.0,0.0,0.0,6.17,0.48,0.0
20231110:0610,0.0,0.0,0.0,6.2,0.48,0.0
20231110:0710,32.12,46.39,7.29,5.94,0.41,0.0
20231110:0810,79.94,95.62,15.29,6.38,0.55,0.0
20231110:0910,127.61,142.95,21.6,6.67,0.34,0.0
20231110:1010,163.53,188.92,25.66,7.21,0.34,0.0
20231110:1110,189.45,208.49,27.0,7.82,0.34,0.0
20231110:1210,172.13,190.33,25.45,8.27,0.41,0.0
20231110:1310,125.68,163.93,21.21,8.68,0.69,0.0
20231110:1410,93.35,117.71,14.76,8.65,0.83,0.0
20231110:1510,28.3,42.6,6.66,8.36,1.03,0.0
20231110:1610,0.0,0.0,0.0,7.83,1.03,0.0
20231110:1710,0.0,0.0,0.0,6.43,1.1,0.0
20231110:1810,0.0,0.0,0.0,6.56,0.97,0.0
20231110:1910,0.0,0.0,0.0,7.03,0.9,0.0
20231110:2010,0.0,0.0,0.0,6.96,0.9,0.0
20231110:2110,0.0,0.0,0.0,6.74,0.97,0.0
20231110:2210,0.0,0.0,0.0,6.26,1.03,0.0
20231110:2310,0.0,0.0,0.0,5.24,1.17,0.0
20231111:0010,0.0,0.0,0.0,3.87,1.45,0.0
20231111:0110,0.0,0.0,0.0,1.66,1.59,0.0
20231111:0210,0.0,0.0,0.0,1.16,1.66,0.0
20231111:0310,0.0,0.0,0.0,0.83,1.79,0.0
20231111:0410,0.0,0.0,0.0,0.9,1.79,0.0
20231111:0510,0.0,0.0,0.0,0.95,1.86,0.0
20231111:0610,0.0,0.0,0.0,1.03,1.93,0.0
20231111:0710,24.1,36.92,7.05,1.37,1.79,0.0
20231111:0810,48.0,62.48,15.03,3.6,1.52,0.0
20231111:0910,52.59,68.16,21.32,7.34,1.24,0.0
20231111:1010,47.59,96.19,25.38,8.91,1.1,0.0
20231111:1110,82.96,140.67,26.72,9.95,1.1,0.0
20231111:1210,88.84,150.52,25.18,10.55,1.03,0.0
20231111:1310,81.55,138.05,20.96,10.69,1.1,0.0
20231111:1410,45.27,93.37,14.53,10.57,1.03,0.0
20231111:1510,20.55,34.08,6.46,10.0,0.83,0.0
20231111:1610,0.0,0.0,0.0,8.41,1.03,0.0
20231111:1710,0.0,0.0,0.0,7.47,1.17,0.0
20231111:1810,0.0,0.0,0.0,6.95,1.24,0.0
20231111:1910,0.0,0.0,0.0,6.88,1.17,0.0
20231111:2010,0.0,0.0,0.0,6.26,1.38,0.0
20231111:2110,0.0,0.0,0.0,5.18,1.59,0.0
20231111:2210,0.0,0.0,0.0,5.05,1.52,0.0
20231111:2310,0.0,0.0,0.0,3.92,1.66,0.0
20231112:0010,0.0,0.0,0.0,3.04,1.72,0.0
20231112:0110,0.0,0.0,0.0,2.03,1.86,0.0
20231112:0210,0.0,0.0,0.0,1.28,1.86,0.0
20231112:0310,0.0,0.0,0.0,1.9,1.79,0.0
20231112:0410,0.0,0.0,0.0,2.54,1.79,0.0
20231112:0510,0.0,0.0,0.0,2.99,1.52,0.0
20231112:0610,0.0,0.0,0.0,3.25,1.52,0.0
20231112:0710,30.75,44.5,6.81,3.74,1.52,0.0
20231112:0810,90.61,105.08,14.78,4.12,1.45,0.0
20231112:0910,102.09,116.45,21.06,4.46,1.45,0.0
20231112:1010,173.15,191.92,25.1,4.83,1.31,0.0
20231112:1110,184.67,208.25,26.45,5.35,1.24,0.0
20231112:1210,108.29,158.12,24.92,5.86,1.17,0.0
20231112:1310,79.81,132.9,20.72,6.32,1.03,0.0
20231112:1410,46.72,90.22,14.31,6.61,0.97,0.0
20231112:1510,24.29,37.87,6.26,6.54,0.9,0.0
20231112:1610,0.0,0.0,0.0,6.01,0.9,0.0
20231112:1710,0.0,0.0,0.0,5.3,0.9,0.0
20231112:1810,0.0,0.0,0.0,5.31,0.69,0.0
20231112:1910,0.0,0.0,0.0,5.85,0.34,0.0
20231112:2010,0.0,0.0,0.0,5.42,0.07,0.0
20231112:2110,0.0,0.0,0.0,5.06,0.0,0.0
20231112:2210,0.0,0.0,0.0,4.83,0.07,0.0
20231112:2310,0.0,0.0,0.0,4.75,0.28,0.0
20231113:0010,0.0,0.0,0.0,4.76,0.41,0.0
20231113:0110,0.0,0.0,0.0,4.8,0.69,0.0
20231113:0210,0.0,0.0,0.0,3.02,1.31,0.0
20231113:0310,0.0,0.0,0.0,3.32,1.52,0.0
20231113:0410,0.0,0.0,0.0,3.97,1.45,0.0
20231113:0510,0.0,0.0,0.0,4.39,1.45,0.0
20231113:0610,0.0,0.0,0.0,4.9,1.38,0.0
20231113:0710,21.89,35.03,6.57,5.51,1.1,0.0
20231113:0810,45.61,60.59,14.52,5.89,1.1,0.0
20231113:0910,58.5,74.79,20.79,9.03,0.69,0.0
20231113:1010,44.49,87.98,24.83,10.44,0.21,0.0
20231113:1110,114.74,158.97,26.18,11.32,0.55,0.0
20231113:1210,87.46,143.27,24.66,12.07,0.34,0.0
20231113:1310,117.27,154.54,20.48,12.53,0.21,0.0
20231113:1410,83.62,108.2,14.1,12.42,0.48,0.0
20231113:1510,23.61,37.87,6.07,11.85,0.34,0.0
20231113:1610,0.0,0.0,0.0,10.91,0.21,0.0
20231113:1710,0.0,0.0,0.0,9.82,0.14,0.0
20231113:1810,0.0,0.0,0.0,9.26,0.55,0.0
20231113:1910,0.0,0.0,0.0,7.65,0.69,0.0
20231113:2010,0.0,0.0,0.0,7.51,0.48,0.0
20231113:2110,0.0,0.0,0.0,5.45,0.83,0.0
20231113:2210,0.0,0.0,0.0,5.1,1.24,0.0
20231113:2310,0.0,0.0,0.0,5.44,1.38,0.0
20231114:0010,0.0,0.0,0.0,5.82,1.38,0.0
20231114:0110,0.0,0.0,0.0,6.21,1.38,0.0
20231114:0210,0.0,0.0,0.0,6.49,1.45,0.0
20231114:0310,0.0,0.0,0.0,6.14,1.31,0.0
20231114:0410,0.0,0.0,0.0,6.52,1.17,0.0
20231114:0510,0.0,0.0,0.0,6.98,1.1,0.0
20231114:0610,0.0,0.0,0.0,7.39,0.97,0.0
20231114:0710,26.02,39.76,6.34,6.28,0.97,0.0
20231114:0810,85.15,101.3,14.27,7.74,0.9,0.0
20231114:0910,56.52,72.9,20.53,9.6,0.83,0.0
20231114:1010,38.87,80.77,24.56,10.91,0.76,0.0
20231114:1110,70.71,124.65,25.91,12.52,0.62,0.0
20231114:1210,79.54,136.21,24.41,13.45,0.48,0.0
20231114:1310,131.32,159.59,20.25,13.73,0.07,0.0
20231114:1410,31.12,46.59,13.9,13.33,0.83,0.0
20231114:1510,17.12,30.29,5.89,12.23,0.83,0.0
20231114:1610,0.0,0.0,0.0,11.12,0.07,0.0
20231114:1710,0.0,0.0,0.0,10.03,0.41,0.0
20231114:1810,0.0,0.0,0.0,9.32,0.55,0.0
20231114:1910,0.0,0.0,0.0,8.48,0.83,0.0
20231114:2010,0.0,0.0,0.0,8.47,0.76,0.0
20231114:2110,0.0,0.0,0.0,8.83,0.41,0.0
20231114:2210,0.0,0.0,0.0,8.52,0.48,0.0
20231114:2310,0.0,0.0,0.0,8.1,0.69,0.0
20231115:0010,0.0,0.0,0.0,5.97,0.9,0.0
20231115:0110,0.0,0.0,0.0,5.25,1.24,0.0
20231115:0210,0.0,0.0,0.0,5.14,1.52,0.0
20231115:0310,0.0,0.0,0.0,5.25,1.72,0.0
20231115:0410,0.0,0.0,0.0,5.19,1.93,0.0
20231115:0510,0.0,0.0,0.0,5.6,2.07,0.0
20231115:0610,0.0,0.0,0.0,5.85,2.07,0.0
20231115:0710,20.27,33.13,6.1,5.22,2.14,0.0
20231115:0810,46.39,61.54,14.03,6.65,1.93,0.0
20231115:0910,58.64,74.79,20.27,8.89,1.79,0.0
20231115:1010,31.63,73.02,24.3,11.22,1.79,0.0
20231115:1110,58.88,115.94,25.65,12.84,1.93,0.0
20231115:1210,72.62,131.66,24.17,13.43,2.21,0.0
20231115:1310,66.09,119.99,20.03,13.41,2.34,0.0
20231115:1410,36.56,78.38,13.7,13.06,1.93,0.0
20231115:1510,20.33,34.08,5.71,12.22,2.07,0.0
20231115:1610,0.0,0.0,0.0,10.77,2.07,0.0
20231115:1710,0.0,0.0,0.0,8.99,1.93,0.0
20231115:1810,0.0,0.0,0.0,7.76,1.79,0.0
20231115:1910,0.0,0.0,0.0,7.63,1.66,0.0
20231115:2010,0.0,0.0,0.0,6.73,1.66,0.0
20231115:2110,0.0,0.0,0.0,5.48,1.79,0.0
20231115:2210,0.0,0.0,0.0,4.64,1.93,0.0
20231115:2310,0.0,0.0,0.0,4.15,1.93,0.0
20231116:0010,0.0,0.0,0.0,3.73,2.0,0.0
20231116:0110,0.0,0.0,0.0,3.42,2.07,0.0
20231116:0210,0.0,0.0,0.0,3.1,2.14,0.0
20231116:0310,0.0,0.0,0.0,2.66,2.07,0.0
20231116:0410,0.0,0.0,0.0,2.29,2.07,0.0
20231116:0510,0.0,0.0,0.0,1.97,2.07,0.0
20231116:0610,0.0,0.0,0.0,2.03,2.0,0.0
20231116:0710,18.04,30.29,5.87,2.62,1.93,0.0
20231116:0810,65.49,80.47,13.78,4.69,1.45,0.0
20231116:0910,125.46,141.06,20.02,7.55,1.1,0.0
20231116:1010,85.55,117.64,24.04,9.32,0.62,0.0
20231116:1110,127.8,165.78,25.4,10.52,0.34,0.0
20231116:1210,158.96,179.37,23.93,10.57,0.14,0.0
20231116:1310,122.72,154.17,19.81,10.52,0.14,0.0
20231116:1410,59.75,76.85,13.5,10.41,0.41,0.0
20231116:1510,19.76,33.13,5.53,9.8,0.55,0.0
20231116:1610,0.0,0.0,0.0,8.57,0.69,0.0
20231116:1710,0.0,0.0,0.0,7.44,0.97,0.0
20231116:1810,0.0,0.0,0.0,6.54,1.03,0.0
20231116:1910,0.0,0.0,0.0,6.56,0.9,0.0
20231116:2010,0.0,0.0,0.0,5.89,0.97,0.0
20231116:2110,0.0,0.0,0.0,5.51,1.03,0.0
20231116:2210,0.0,0.0,0.0,5.25,0.97,0.0
20231116:2310,0.0,0.0,0.0,4.93,0.97,0.0
20231117:0010,0.0,0.0,0.0,4.4,1.17,0.0
20231117:0110,0.0,0.0,0.0,3.39,1.45,0.0
20231117:0210,0.0,0.0,0.0,2.51,1.86,0.0
20231117:0310,0.0,0.0,0.0,2.39,2.0,0.0
20231117:0410,0.0,0.0,0.0,2.33,2.07,0.0
20231117:0510,0.0,0.0,0.0,2.52,2.21,0.0
20231117:0610,0.0,0.0,0.0,3.03,2.28,0.0
20231117:0710,17.97,30.29,5.64,3.4,2.28,0.0
20231117:0810,43.8,58.7,13.54,6.08,2.41,0.0
20231117:0910,56.67,72.9,19.77,9.52,2.48,0.0
20231117:1010,30.91,67.42,23.79,10.7,2.55,0.0
20231117:1110,54.43,108.77,25.15,11.33,2.9,0.0
20231117:1210,68.54,125.24,23.7,11.5,3.03,0.0
20231117:1310,61.25,113.33,19.6,11.31,2.83,0.0
20231117:1410,32.78,71.76,13.32,10.94,2.62,0.0
20231117:1510,19.75,33.13,5.37,10.15,2.62,0.0
20231117:1610,0.0,0.0,0.0,9.15,2.41,0.0
20231117:1710,0.0,0.0,0.0,8.04,2.28,0.0
20231117:1810,0.0,0.0,0.0,7.47,2.0,0.0
20231117:1910,0.0,0.0,0.0,5.9,2.14,0.0
20231117:2010,0.0,0.0,0.0,5.29,1.93,0.0
20231117:2110,0.0,0.0,0.0,4.89,1.79,0.0
20231117:2210,0.0,0.0,0.0,4.97,1.66,0.0
20231117:2310,0.0,0.0,0.0,4.39,1.72,0.0
20231118:0010,0.0,0.0,0.0,3.91,1.86,0.0
20231118:0110,0.0,0.0,0.0,3.63,2.0,0.0
20231118:0210,0.0,0.0,0.0,3.06,2.14,0.0
20231118:0310,0.0,0.0,0.0,2.81,2.21,0.0
20231118:0410,0.0,0.0,0.0,2.79,2.07,0.0
20231118:0510,0.0,0.0,0.0,2.4,2.07,0.0
20231118:0610,0.0,0.0,0.0,1.95,2.07,0.0
20231118:0710,16.59,28.4,5.42,0.57,2.28,0.0
20231118:0810,42.67,56.8,13.31,2.8,2.0,0.0
20231118:0910,53.08,68.16,19.52,5.6,1.86,0.0
20231118:1010,33.34,66.28,23.54,7.36,1.72,0.0
20231118:1110,83.79,128.0,24.91,8.66,1.38,0.0
20231118:1210,83.31,132.47,23.47,9.14,1.1,0.0
20231118:1310,63.48,111.71,19.4,9.88,0.83,0.0
20231118:1410,45.1,77.96,13.13,9.79,0.55,0.0
20231118:1510,18.21,31.24,5.21,9.14,0.55,0.0
20231118:1610,0.0,0.0,0.0,8.59,0.55,0.0
20231118:1710,0.0,0.0,0.0,8.29,0.55,0.0
20231118:1810,0.0,0.0,0.0,7.69,0.69,0.0
20231118:1910,0.0,0.0,0.0,6.58,0.97,0.0
20231118:2010,0.0,0.0,0.0,6.25,0.97,0.0
20231118:2110,0.0,0.0,0.0,6.24,0.9,0.0
20231118:2210,0.0,0.0,0.0,6.21,0.83,0.0
20231118:2310,0.0,0.0,0.0,5.98,0.9,0.0
20231119:0010,0.0,0.0,0.0,5.9,0.83,0.0
20231119:0110,0.0,0.0,0.0,6.52,0.76,0.0
20231119:0210,0.0,0.0,0.0,6.44,0.62,0.0
20231119:0310,0.0,0.0,0.0,6.26,0.76,0.0
20231119:0410,0.0,0.0,0.0,6.03,0.83,0.0
20231119:0510,0.0,0.0,0.0,5.75,0.83,0.0
20231119:0610,0.0,0.0,0.0,5.6,0.83,0.0
20231119:0710,16.99,29.35,5.19,4.92,0.69,0.0
20231119:0810,51.16,66.27,13.07,5.57,0.69,0.0
20231119:0910,102.59,118.34,19.28,6.86,0.48,0.0
20231119:1010,51.13,80.48,23.29,8.39,0.41,0.0
20231119:1110,60.91,108.43,24.67,9.48,0.48,0.0
20231119:1210,58.87,113.39,23.25,10.36,0.69,0.0
20231119:1310,86.7,125.72,19.2,10.66,0.69,0.0
20231119:1410,35.89,69.13,12.96,10.55,0.76,0.0
20231119:1510,17.35,30.29,5.05,9.7,0.62,0.0
20231119:1610,0.0,0.0,0.0,8.7,0.21,0.0
20231119:1710,0.0,0.0,0.0,7.89,0.07,0.0
20231119:1810,0.0,0.0,0.0,7.2,0.41,0.0
20231119:1910,0.0,0.0,0.0,6.9,0.69,0.0
20231119:2010,0.0,0.0,0.0,6.55,0.76,0.0
20231119:2110,0.0,0.0,0.0,5.96,0.9,0.0
20231119:2210,0.0,0.0,0.0,5.44,0.97,0.0
20231119:2310,0.0,0.0,0.0,5.13,1.03,0.0
20231120:0010,0.0,0.0,0.0,4.97,1.03,0.0
20231120:0110,0.0,0.0,0.0,4.89,1.1,0.0
20231120:0210,0.0,0.0,0.0,4.2,1.17,0.0
20231120:0310,0.0,0.0,0.0,3.09,1.31,0.0
20231120:0410,0.0,0.0,0.0,2.56,1.38,0.0
20231120:0510,0.0,0.0,0.0,2.82,1.38,0.0
20231120:0610,0.0,0.0,0.0,2.38,1.52,0.0
20231120:0710,16.4,28.4,4.97,2.63,1.38,0.0
20231120:0810,42.55,56.8,12.85,3.16,1.17,0.0
20231120:0910,41.97,56.8,19.05,5.83,0.9,0.0
20231120:1010,28.52,56.7,23.06,8.01,0.69,0.0
20231120:1110,45.05,94.72,24.44,10.07,0.14,0.0
20231120:1210,155.74,181.28,23.03,10.9,0.34,0.0
20231120:1310,122.12,148.19,19.0,11.12,0.76,0.0
20231120:1410,67.13,85.3,12.79,10.74,0.9,0.0
20231120:1510,14.98,27.45,4.91,9.8,0.83,0.0
20231120:1610,0.0,0.0,0.0,8.34,0.62,0.0
20231120:1710,0.0,0.0,0.0,7.93,0.41,0.0
20231120:1810,0.0,0.0,0.0,7.37,0.34,0.0
20231120:1910,0.0,0.0,0.0,7.0,0.55,0.0
20231120:2010,0.0,0.0,0.0,6.89,0.69,0.0
20231120:2110,0.0,0.0,0.0,6.21,0.62,0.0
20231120:2210,0.0,0.0,0.0,6.03,0.55,0.0
20231120:2310,0.0,0.0,0.0,5.07,0.62,0.0
20231121:0010,0.0,0.0,0.0,4.67,0.9,0.0
20231121:0110,0.0,0.0,0.0,4.27,0.83,0.0
20231121:0210,0.0,0.0,0.0,3.92,0.9,0.0
20231121:0310,0.0,0.0,0.0,3.8,0.9,0.0
20231121:0410,0.0,0.0,0.0,3.52,1.1,0.0
20231121:0510,0.0,0.0,0.0,3.32,1.24,0.0
20231121:0610,0.0,0.0,0.0,3.16,1.45,0.0
20231121:0710,13.1,24.61,4.76,3.94,1.31,0.0
20231121:0810,41.29,55.86,12.62,4.86,1.24,0.0
20231121:0910,56.36,71.95,18.81,6.96,1.1,0.0
20231121:1010,28.64,54.36,22.82,8.77,0.97,0.0
20231121:1110,46.9,94.51,24.22,10.19,1.03,0.0
20231121:1210,53.4,106.88,22.82,11.18,1.03,0.0
20231121:1310,52.43,99.57,18.82,11.77,0.97,0.0
20231121:1410,30.0,61.89,12.63,11.9,0.76,0.0
20231121:1510,15.63,28.4,4.76,11.35,0.41,0.0
20231121:1610,0.0,0.0,0.0,10.7,0.41,0.0
20231121:1710,0.0,0.0,0.0,9.7,0.55,0.0
20231121:1810,0.0,0.0,0.0,9.04,0.83,0.0
20231121:1910,0.0,0.0,0.0,7.74,0.69,0.0
20231121:2010,0.0,0.0,0.0,7.34,0.9,0.0
20231121:2110,0.0,0.0,0.0,7.18,0.97,0.0
20231121:2210,0.0,0.0,0.0,6.11,1.24,0.0
20231121:2310,0.0,0.0,0.0,5.5,1.31,0.0
20231122:0010,0.0,0.0,0.0,4.82,1.45,0.0
20231122:0110,0.0,0.0,0.0,4.38,1.52,0.0
20231122:0210,0.0,0.0,0.0,3.98,1.59,0.0
20231122:0310,0.0,0.0,0.0,4.11,1.59,0.0
20231122:0410,0.0,0.0,0.0,4.35,1.59,0.0
20231122:0510,0.0,0.0,0.0,4.2,1.59,0.0
20231122:0610,0.0,0.0,0.0,4.23,1.59,0.0
20231122:0710,13.86,25.56,4.54,4.25,1.79,0.0
20231122:0810,40.4,54.91,12.4,4.87,1.72,0.0
20231122:0910,52.4,68.16,18.59,8.07,1.31,0.0
20231122:1010,31.11,54.6,22.6,10.38,1.45,0.0
20231122:1110,41.99,89.16,24.0,11.09,1.59,0.0
20231122:1210,52.02,104.57,22.62,11.5,1.59,0.0
20231122:1310,53.16,98.76,18.64,11.63,1.38,0.0
20231122:1410,27.4,58.2,12.47,11.41,0.97,0.0
20231122:1510,14.93,27.45,4.63,10.4,0.83,0.0
20231122:1610,0.0,0.0,0.0,8.87,1.1,0.0
20231122:1710,0.0,0.0,0.0,7.41,1.45,0.0
20231122:1810,0.0,0.0,0.0,5.38,1.86,0.0
20231122:1910,0.0,0.0,0.0,5.19,1.79,0.0
20231122:2010,0.0,0.0,0.0,4.22,1.93,0.0
20231122:2110,0.0,0.0,0.0,4.05,1.86,0.0
20231122:2210,0.0,0.0,0.0,3.97,1.72,0.0
20231122:2310,0.0,0.0,0.0,4.12,1.66,0.0
20231123:0010,0.0,0.0,0.0,4.7,1.45,0.0
20231123:0110,0.0,0.0,0.0,4.87,1.31,0.0
20231123:0210,0.0,0.0,0.0,4.66,1.24,0.0
20231123:0310,0.0,0.0,0.0,4.6,1.1,0.0
20231123:0410,0.0,0.0,0.0,4.55,1.1,0.0
20231123:0510,0.0,0.0,0.0,4.75,0.97,0.0
20231123:0610,0.0,0.0,0.0,4.03,0.9,0.0
20231123:0710,12.59,23.67,4.33,0.11,1.66,0.0
20231123:0810,41.05,54.91,12.18,1.58,1.38,0.0
20231123:0910,53.27,68.16,18.36,4.67,1.03,0.0
20231123:1010,24.84,44.9,22.37,7.46,0.62,0.0
20231123:1110,42.55,87.13,23.79,9.0,0.34,0.0
20231123:1210,49.66,100.42,22.43,9.75,0.41,0.0
20231123:1310,47.73,92.64,18.46,10.14,0.48,0.0
20231123:1410,26.29,55.15,12.32,10.09,0.62,0.0
20231123:1510,14.24,26.51,4.5,9.31,0.69,0.0
20231123:1610,0.0,0.0,0.0,8.24,0.48,0.0
20231123:1710,0.0,0.0,0.0,7.48,0.34,0.0
20231123:1810,0.0,0.0,0.0,6.97,0.55,0.0
20231123:1910,0.0,0.0,0.0,6.52,0.97,0.0
20231123:2010,0.0,0.0,0.0,6.31,1.03,0.0
20231123:2110,0.0,0.0,0.0,6.24,1.1,0.0
20231123:2210,0.0,0.0,0.0,6.26,1.03,0.0
20231123:2310,0.0,0.0,0.0,6.4,1.03,0.0
20231124:0010,0.0,0.0,0.0,6.45,1.03,0.0
20231124:0110,0.0,0.0,0.0,5.98,1.1,0.0
20231124:0210,0.0,0.0,0.0,5.86,1.17,0.0
20231124:0310,0.0,0.0,0.0,5.72,1.38,0.0
20231124:0410,0.0,0.0,0.0,5.54,1.52,0.0
20231124:0510,0.0,0.0,0.0,4.99,1.72,0.0
20231124:0610,0.0,0.0,0.0,4.03,2.0,0.0
20231124:0710,12.35,23.67,4.13,3.61,1.86,0.0
20231124:0810,40.55,54.91,11.97,4.2,2.0,0.0
20231124:0910,51.47,67.22,18.15,8.28,1.86,0.0
20231124:1010,29.7,47.82,22.16,10.29,1.66,0.0
20231124:1110,40.27,83.83,23.58,11.3,1.59,0.0
20231124:1210,47.03,97.33,22.24,11.9,1.52,0.0
20231124:1310,49.09,92.49,18.3,11.9,1.52,0.0
20231124:1410,28.46,55.68,12.18,11.53,1.38,0.0
20231124:1510,8.95,19.88,4.38,10.52,1.59,0.0
20231124:1610,0.0,0.0,0.0,8.51,1.79,0.0
20231124:1710,0.0,0.0,0.0,6.81,2.21,0.0
20231124:1810,0.0,0.0,0.0,6.12,2.69,0.0
20231124:1910,0.0,0.0,0.0,6.57,3.03,0.0
20231124:2010,0.0,0.0,0.0,6.52,3.72,0.0
20231124:2110,0.0,0.0,0.0,6.15,3.93,0.0
20231124:2210,0.0,0.0,0.0,5.5,3.45,0.0
20231124:2310,0.0,0.0,0.0,4.52,2.76,0.0
20231125:0010,0.0,0.0,0.0,3.61,2.28,0.0
20231125:0110,0.0,0.0,0.0,2.79,2.0,0.0
20231125:0210,0.0,0.0,0.0,2.04,1.79,0.0
20231125:0310,0.0,0.0,0.0,1.18,1.79,0.0
20231125:0410,0.0,0.0,0.0,0.61,1.79,0.0
20231125:0510,0.0,0.0,0.0,0.04,1.86,0.0
20231125:0610,0.0,0.0,0.0,1.72,1.45,0.0
20231125:0710,10.93,21.77,3.92,1.73,1.38,0.0
20231125:0810,37.37,51.12,11.76,1.68,1.31,0.0
20231125:0910,46.08,60.59,17.93,3.93,1.59,0.0
20231125:1010,23.81,37.8,21.95,4.61,2.62,0.0
20231125:1110,35.53,77.46,23.38,4.86,2.83,0.0
20231125:1210,47.52,95.57,22.06,4.98,2.97,0.0
20231125:1310,41.84,84.97,18.14,4.93,2.62,0.0
20231125:1410,21.95,47.77,12.04,4.66,2.14,0.0
20231125:1510,13.87,25.56,4.26,4.09,1.31,0.0
20231125:1610,0.0,0.0,0.0,2.85,1.17,0.0
20231125:1710,0.0,0.0,0.0,2.48,1.17,0.0
20231125:1810,0.0,0.0,0.0,1.89,1.31,0.0
20231125:1910,0.0,0.0,0.0,1.35,1.38,0.0
20231125:2010,0.0,0.0,0.0,0.94,1.45,0.0
20231125:2110,0.0,0.0,0.0,0.43,1.45,0.0
20231125:2210,0.0,0.0,0.0,0.4,1.45,0.0
20231125:2310,0.0,0.0,0.0,0.4,1.38,0.0
20231126:0010,0.0,0.0,0.0,0.36,1.45,0.0
20231126:0110,0.0,0.0,0.0,0.48,1.38,0.0
20231126:0210,0.0,0.0,0.0,0.38,1.45,0.0
20231126:0310,0.0,0.0,0.0,0.35,1.52,0.0
20231126:0410,0.0,0.0,0.0,0.21,1.59,0.0
20231126:0510,0.0,0.0,0.0,0.52,1.59,0.0
20231126:0610,0.0,0.0,0.0,0.95,1.52,0.0
20231126:0710,10.19,20.83,3.72,1.32,1.59,0.0
20231126:0810,36.56,50.18,11.55,1.2,1.66,0.0
20231126:0910,47.8,62.48,17.73,4.45,1.59,0.0
20231126:1010,59.52,74.79,21.74,5.89,1.79,0.0
20231126:1110,34.16,74.25,23.18,6.42,1.93,0.0
20231126:1210,47.94,94.18,21.88,6.78,2.0,0.0
20231126:1310,42.2,83.54,17.98,6.82,1.79,0.0
20231126:1410,22.85,47.04,11.91,6.65,1.31,0.0
20231126:1510,12.21,23.67,4.15,5.46,1.03,0.0
20231126:1610,0.0,0.0,0.0,5.91,0.9,0.0
20231126:1710,0.0,0.0,0.0,5.32,0.97,0.0
20231126:1810,0.0,0.0,0.0,4.89,1.03,0.0
20231126:1910,0.0,0.0,0.0,3.21,1.38,0.0
20231126:2010,0.0,0.0,0.0,2.8,1.31,0.0
20231126:2110,0.0,0.0,0.0,2.18,1.38,0.0
20231126:2210,0.0,0.0,0.0,1.52,1.45,0.0
20231126:2310,0.0,0.0,0.0,0.99,1.52,0.0
20231127:0010,0.0,0.0,0.0,0.43,1.52,0.0
20231127:0110,0.0,0.0,0.0,0.05,1.52,0.0
20231127:0210,0.0,0.0,0.0,-0.28,1.52,0.0
20231127:0310,0.0,0.0,0.0,-0.34,1.52,0.0
20231127:0410,0.0,0.0,0.0,-0.42,1.52,0.0
20231127:0510,0.0,0.0,0.0,-0.09,1.45,0.0
20231127:0610,0.0,0.0,0.0,0.25,1.38,0.0
20231127:0710,8.73,18.93,3.53,0.52,1.24,0.0
20231127:0810,36.57,50.18,11.35,1.1,1.17,0.0
20231127:0910,63.99,78.58,17.52,3.28,0.9,0.0
20231127:1010,126.98,141.06,21.54,4.76,0.69,0.0
20231127:1110,158.47,174.54,23.0,5.45,0.55,0.0
20231127:1210,145.15,166.0,21.71,5.58,0.41,0.0
20231127:1310,109.12,125.55,17.84,5.51,0.34,0.0
20231127:1410,59.46,75.05,11.78,5.17,0.21,0.0
20231127:1510,9.97,20.83,4.05,5.02,0.28,0.0
20231127:1610,0.0,0.0,0.0,4.74,0.41,0.0
20231127:1710,0.0,0.0,0.0,4.28,0.76,0.0
20231127:1810,0.0,0.0,0.0,3.63,0.9,0.0
20231127:1910,0.0,0.0,0.0,1.23,0.97,0.0
20231127:2010,0.0,0.0,0.0,1.1,0.97,0.0
20231127:2110,0.0,0.0,0.0,0.82,1.03,0.0
20231127:2210,0.0,0.0,0.0,0.91,0.9,0.0
20231127:2310,0.0,0.0,0.0,0.86,0.97,0.0
20231128:0010,0.0,0.0,0.0,1.2,0.97,0.0
20231128:0110,0.0,0.0,0.0,1.39,0.97,0.0
20231128:0210,0.0,0.0,0.0,1.69,0.83,0.0
20231128:0310,0.0,0.0,0.0,1.67,0.76,0.0
20231128:0410,0.0,0.0,0.0,1.6,0.69,0.0
20231128:0510,0.0,0.0,0.0,1.51,0.76,0.0
20231128:0610,0.0,0.0,0.0,0.97,0.97,0.0
20231128:0710,8.77,18.93,3.34,-0.15,1.17,0.0
20231128:0810,39.55,53.02,11.16,-0.17,1.1,0.0
20231128:0910,54.71,69.11,17.33,2.76,1.03,0.0
20231128:1010,59.85,74.79,21.35,4.5,0.97,0.0
20231128:1110,30.27,66.67,22.82,5.91,1.24,0.0
20231128:1210,42.39,86.31,21.55,6.91,1.31,0.0
20231128:1310,37.63,76.75,17.7,7.48,1.38,0.0
20231128:1410,20.68,41.79,11.67,7.4,1.38,0.0
20231128:1510,11.35,22.72,3.95,7.07,2.0,0.0
20231128:1610,0.0,0.0,0.0,5.87,2.55,0.0
20231128:1710,0.0,0.0,0.0,4.51,2.55,0.0
20231128:1810,0.0,0.0,0.0,3.18,2.48,0.0
20231128:1910,0.0,0.0,0.0,2.57,2.76,0.0
20231128:2010,0.0,0.0,0.0,1.66,2.55,0.0
20231128:2110,0.0,0.0,0.0,1.08,2.41,0.0
20231128:2210,0.0,0.0,0.0,0.64,2.21,0.0
20231128:2310,0.0,0.0,0.0,0.09,2.14,0.0
20231129:0010,0.0,0.0,0.0,-0.82,2.21,0.0
20231129:0110,0.0,0.0,0.0,-1.55,2.28,0.0
20231129:0210,0.0,0.0,0.0,-1.99,2.34,0.0
20231129:0310,0.0,0.0,0.0,-2.15,2.41,0.0
20231129:0410,0.0,0.0,0.0,-2.43,2.41,0.0
20231129:0510,0.0,0.0,0.0,-2.81,2.28,0.0
20231129:0610,0.0,0.0,0.0,-3.24,2.07,0.0
20231129:0710,8.16,17.99,3.15,-2.79,2.14,0.0
20231129:0810,36.09,49.23,10.96,-1.18,1.79,0.0
20231129:0910,56.82,71.0,17.13,2.09,1.66,0.0
20231129:1010,59.14,73.84,21.16,3.82,1.38,0.0
20231129:1110,28.08,63.03,22.64,5.04,0.97,0.0
20231129:1210,46.78,88.53,21.39,5.54,0.76,0.0
20231129:1310,39.86,77.32,17.56,5.55,0.83,0.0
20231129:1410,20.27,39.75,11.56,5.23,0.69,0.0
20231129:1510,9.98,20.83,3.86,4.8,0.41,0.0
20231129:1610,0.0,0.0,0.0,4.36,0.21,0.0
20231129:1710,0.0,0.0,0.0,3.94,0.28,0.0
20231129:1810,0.0,0.0,0.0,3.63,0.62,0.0
20231129:1910,0.0,0.0,0.0,3.15,0.97,0.0
20231129:2010,0.0,0.0,0.0,2.3,1.1,0.0
20231129:2110,0.0,0.0,0.0,1.58,1.17,0.0
20231129:2210,0.0,0.0,0.0,1.35,1.17,0.0
20231129:2310,0.0,0.0,0.0,1.63,1.03,0.0
20231130:0010,0.0,0.0,0.0,0.9,1.17,0.0
20231130:0110,0.0,0.0,0.0,0.79,1.24,0.0
20231130:0210,0.0,0.0,0.0,0.62,1.17,0.0
20231130:0310,0.0,0.0,0.0,0.32,1.17,0.0
20231130:0410,0.0,0.0,0.0,0.04,1.17,0.0
20231130:0510,0.0,0.0,0.0,0.02,1.03,0.0
20231130:0610,0.0,0.0,0.0,-0.04,0.97,0.0
20231130:0710,1.53,8.52,2.97,-0.21,0.69,0.0
20231130:0810,17.45,29.35,10.78,0.03,0.9,0.0
20231130:0910,73.66,87.1,16.95,0.22,1.03,0.0
20231130:1010,54.35,68.16,20.98,0.6,1.1,0.0
20231130:1110,42.49,56.3,22.47,1.13,1.1,0.0
20231130:1210,65.43,79.59,21.24,1.97,0.97,0.0
20231130:1310,60.31,74.74,17.44,2.67,0.69,0.0
20231130:1410,42.09,56.3,11.45,2.88,0.55,0.0
20231130:1510,6.47,16.09,3.78,2.83,0.55,0.0
20231130:1610,0.0,0.0,0.0,2.78,0.48,0.0
20231130:1710,0.0,0.0,0.0,2.79,0.62,0.0
20231130:1810,0.0,0.0,0.0,2.98,0.55,0.0
20231130:1910,0.0,0.0,0.0,1.52,0.62,0.0
20231130:2010,0.0,0.0,0.0,0.76,1.03,0.0
20231130:2110,0.0,0.0,0.0,0.74,1.17,0.0
20231130:2210,0.0,0.0,0.0,1.2,1.17,0.0
20231130:2310,0.0,0.0,0.0,1.26,1.24,0.0
20231201:0010,0.0,0.0,0.0,2.14,1.03,0.0
20231201:0110,0.0,0.0,0.0,3.59,0.83,0.0
20231201:0210,0.0,0.0,0.0,3.79,0.69,0.0
20231201:0310,0.0,0.0,0.0,3.48,0.76,0.0
20231201:0410,0.0,0.0,0.0,3.12,0.9,0.0
20231201:0510,0.0,0.0,0.0,2.47,1.17,0.0
20231201:0610,0.0,0.0,0.0,2.78,1.1,0.0
20231201:0710,0.0,1.89,2.79,2.82,1.03,0.0
20231201:0810,9.33,19.88,10.6,3.31,0.9,0.0
20231201:0910,60.95,75.74,16.77,3.93,0.83,0.0
20231201:1010,48.48,63.43,20.81,5.14,0.41,0.0
20231201:1110,39.64,54.35,22.31,5.71,0.28,0.0
20231201:1210,17.55,30.09,21.1,5.71,0.28,0.0
20231201:1310,24.37,37.85,17.32,5.72,0.48,0.0
20231201:1410,17.57,30.09,11.36,5.6,0.55,0.0
20231201:1510,0.0,2.84,3.7,5.33,0.69,0.0
20231201:1610,0.0,0.0,0.0,5.05,0.83,0.0
20231201:1710,0.0,0.0,0.0,4.93,0.9,0.0
20231201:1810,0.0,0.0,0.0,4.88,0.97,0.0
20231201:1910,0.0,0.0,0.0,4.58,1.17,0.0
20231201:2010,0.0,0.0,0.0,4.59,1.52,0.0
20231201:2110,0.0,0.0,0.0,4.66,1.66,0.0
20231201:2210,0.0,0.0,0.0,4.67,1.52,0.0
20231201:2310,0.0,0.0,0.0,4.67,1.38,0.0
20231202:0010,0.0,0.0,0.0,4.73,1.45,0.0
20231202:0110,0.0,0.0,0.0,4.73,1.52,0.0
20231202:0210,0.0,0.0,0.0,4.85,1.45,0.0
20231202:0310,0.0,0.0,0.0,4.93,1.45,0.0
20231202:0410,0.0,0.0,0.0,4.93,1.66,0.0
20231202:0510,0.0,0.0,0.0,4.85,1.93,0.0
20231202:0610,0.0,0.0,0.0,4.74,2.28,0.0
20231202:0710,3.79,12.31,2.61,3.86,2.48,0.0
20231202:0810,13.9,25.56,10.42,3.79,2.76,0.0
20231202:0910,19.59,32.19,16.59,3.86,2.9,0.0
20231202:1010,53.53,68.16,20.64,4.13,2.97,0.0
20231202:1110,151.5,165.94,22.16,4.64,3.1,0.0
20231202:1210,104.02,118.35,20.97,4.96,3.17,0.0
20231202:1310,45.93,77.41,17.21,5.26,3.17,0.0
20231202:1410,19.01,34.1,11.27,5.2,3.17,0.0
20231202:1510,9.26,19.88,3.63,4.73,3.03,0.0
20231202:1610,0.0,0.0,0.0,4.09,3.03,0.0
20231202:1710,0.0,0.0,0.0,3.49,3.1,0.0
20231202:1810,0.0,0.0,0.0,2.97,3.17,0.0
20231202:1910,0.0,0.0,0.0,2.66,3.38,0.0
20231202:2010,0.0,0.0,0.0,2.23,3.31,0.0
20231202:2110,0.0,0.0,0.0,1.78,3.17,0.0
20231202:2210,0.0,0.0,0.0,1.34,3.03,0.0
20231202:2310,0.0,0.0,0.0,1.01,2.9,0.0
20231203:0010,0.0,0.0,0.0,0.73,2.76,0.0
20231203:0110,0.0,0.0,0.0,0.52,2.69,0.0
20231203:0210,0.0,0.0,0.0,0.2,2.55,0.0
20231203:0310,0.0,0.0,0.0,-0.15,2.41,0.0
20231203:0410,0.0,0.0,0.0,-0.51,2.41,0.0
20231203:0510,0.0,0.0,0.0,-0.92,2.07,0.0
20231203:0610,0.0,0.0,0.0,-1.28,2.0,0.0
20231203:0710,3.96,12.31,2.44,-2.38,2.14,0.0
20231203:0810,29.84,42.6,10.25,-1.87,2.07,0.0
20231203:0910,57.56,71.0,16.42,-0.52,1.79,0.0
20231203:1010,76.45,89.94,20.48,0.76,1.59,0.0
20231203:1110,23.57,50.83,22.01,1.84,1.24,0.0
20231203:1210,38.7,75.71,20.84,2.63,0.83,0.0
20231203:1310,30.4,63.57,17.1,2.98,0.48,0.0
20231203:1410,15.92,29.19,11.18,2.97,0.34,0.0
20231203:1510,9.36,19.88,3.57,2.63,0.21,0.0
20231203:1610,0.0,0.0,0.0,2.53,0.07,0.0
20231203:1710,0.0,0.0,0.0,2.34,0.21,0.0
20231203:1810,0.0,0.0,0.0,2.07,0.48,0.0
20231203:1910,0.0,0.0,0.0,1.24,0.97,0.0
20231203:2010,0.0,0.0,0.0,0.86,0.9,0.0
20231203:2110,0.0,0.0,0.0,-0.07,1.03,0.0
20231203:2210,0.0,0.0,0.0,-0.66,1.1,0.0
20231203:2310,0.0,0.0,0.0,-2.06,1.17,0.0
20231204:0010,0.0,0.0,0.0,-3.18,1.31,0.0
20231204:0110,0.0,0.0,0.0,-3.61,1.38,0.0
20231204:0210,0.0,0.0,0.0,-2.96,1.45,0.0
20231204:0310,0.0,0.0,0.0,-2.6,1.45,0.0
20231204:0410,0.0,0.0,0.0,-2.58,1.52,0.0
20231204:0510,0.0,0.0,0.0,-2.48,1.52,0.0
20231204:0610,0.0,0.0,0.0,-2.27,1.45,0.0
20231204:0710,0.53,6.63,2.28,-1.72,1.31,0.0
20231204:0810,50.03,63.43,10.08,-1.03,1.17,0.0
20231204:0910,28.68,41.66,16.26,-0.22,0.97,0.0
20231204:1010,101.97,114.55,20.32,0.37,0.83,0.0
20231204:1110,115.5,127.8,21.87,0.68,0.69,0.0
20231204:1210,141.2,156.7,20.72,0.8,0.62,0.0
20231204:1310,27.74,40.77,17.0,0.45,0.62,0.0
20231204:1410,9.49,19.88,11.11,0.32,0.76,0.0
20231204:1510,8.75,18.93,3.51,0.12,0.76,0.0
20231204:1610,0.0,0.0,0.0,-0.11,0.76,0.0
20231204:1710,0.0,0.0,0.0,-0.31,0.76,0.0
20231204:1810,0.0,0.0,0.0,-0.41,0.76,0.0
20231204:1910,0.0,0.0,0.0,-0.8,0.83,0.0
20231204:2010,0.0,0.0,0.0,-0.79,0.9,0.0
20231204:2110,0.0,0.0,0.0,-0.68,0.83,0.0
20231204:2210,0.0,0.0,0.0,-0.82,0.9,0.0
20231204:2310,0.0,0.0,0.0,-0.88,0.97,0.0
20231205:0010,0.0,0.0,0.0,-0.64,0.83,0.0
20231205:0110,0.0,0.0,0.0,-0.56,0.83,0.0
20231205:0210,0.0,0.0,0.0,0.0,0.76,0.0
20231205:0310,0.0,0.0,0.0,0.52,0.55,0.0
20231205:0410,0.0,0.0,0.0,0.53,0.48,0.0
20231205:0510,0.0,0.0,0.0,0.55,0.34,0.0
20231205:0610,0.0,0.0,0.0,0.61,0.34,0.0
20231205:0710,0.52,6.63,2.11,-0.09,0.48,0.0
20231205:0810,50.67,64.38,9.92,-0.06,0.34,0.0
20231205:0910,108.68,121.18,16.1,0.55,0.48,0.0
20231205:1010,44.68,58.7,20.18,1.56,0.21,0.0
20231205:1110,93.83,107.74,21.74,2.47,0.34,0.0
20231205:1210,49.62,64.06,20.6,3.1,0.69,0.0
20231205:1310,96.5,111.03,16.91,3.27,0.69,0.0
20231205:1410,63.04,77.63,11.04,3.16,0.62,0.0
20231205:1510,5.79,15.15,3.46,2.78,0.83,0.0
20231205:1610,0.0,0.0,0.0,1.45,0.97,0.0
20231205:1710,0.0,0.0,0.0,1.92,0.83,0.0
20231205:1810,0.0,0.0,0.0,1.83,0.55,0.0
20231205:1910,0.0,0.0,0.0,1.93,0.69,0.0
20231205:2010,0.0,0.0,0.0,1.82,0.76,0.0
20231205:2110,0.0,0.0,0.0,1.72,0.76,0.0
20231205:2210,0.0,0.0,0.0,-0.14,0.97,0.0
20231205:2310,0.0,0.0,0.0,-0.44,1.1,0.0
20231206:0010,0.0,0.0,0.0,-1.89,1.24,0.0
20231206:0110,0.0,0.0,0.0,-2.63,1.31,0.0
20231206:0210,0.0,0.0,0.0,-2.9,1.45,0.0
20231206:0310,0.0,0.0,0.0,-3.06,1.52,0.0
20231206:0410,0.0,0.0,0.0,-3.29,1.66,0.0
20231206:0510,0.0,0.0,0.0,-3.4,1.72,0.0
20231206:0610,0.0,0.0,0.0,-3.43,1.72,0.0
20231206:0710,1.57,8.52,1.96,-3.17,1.79,0.0
20231206:0810,33.43,46.39,9.77,-1.7,1.59,0.0
20231206:0910,108.24,121.18,15.95,1.89,1.38,0.0
20231206:1010,78.08,92.78,20.04,3.99,1.1,0.0
20231206:1110,32.45,55.02,21.61,5.43,0.9,0.0
20231206:1210,61.02,91.91,20.5,6.41,0.76,0.0
20231206:1310,26.35,56.58,16.83,6.86,0.83,0.0
20231206:1410,26.82,40.71,10.97,6.67,0.69,0.0
20231206:1510,8.45,18.93,3.41,6.21,0.55,0.0
20231206:1610,0.0,0.0,0.0,5.86,0.55,0.0
20231206:1710,0.0,0.0,0.0,5.38,0.83,0.0
20231206:1810,0.0,0.0,0.0,4.18,1.31,0.0
20231206:1910,0.0,0.0,0.0,2.19,1.59,0.0
20231206:2010,0.0,0.0,0.0,1.24,1.66,0.0
20231206:2110,0.0,0.0,0.0,0.61,1.66,0.0
20231206:2210,0.0,0.0,0.0,0.37,1.66,0.0
20231206:2310,0.0,0.0,0.0,-0.32,1.72,0.0
20231207:0010,0.0,0.0,0.0,-1.1,1.79,0.0
20231207:0110,0.0,0.0,0.0,-1.61,1.93,0.0
20231207:0210,0.0,0.0,0.0,-1.95,1.86,0.0
20231207:0310,0.0,0.0,0.0,-2.41,1.93,0.0
20231207:0410,0.0,0.0,0.0,-2.7,1.93,0.0
20231207:0510,0.0,0.0,0.0,-2.81,1.93,0.0
20231207:0610,0.0,0.0,0.0,-2.86,1.93,0.0
20231207:0710,1.04,7.57,1.81,-3.33,1.79,0.0
20231207:0810,28.1,40.71,9.62,-2.27,1.66,0.0
20231207:0910,41.12,54.91,15.81,1.25,1.38,0.0
20231207:1010,51.73,66.27,19.9,3.47,1.17,0.0
20231207:1110,13.32,33.28,21.49,4.95,0.76,0.0
20231207:1210,24.53,58.36,20.4,5.8,0.41,0.0
20231207:1310,40.3,68.15,16.75,6.03,0.28,0.0
20231207:1410,62.23,77.63,10.92,5.73,0.34,0.0
20231207:1510,5.03,14.2,3.38,5.28,0.34,0.0
20231207:1610,0.0,0.0,0.0,4.95,0.41,0.0
20231207:1710,0.0,0.0,0.0,4.43,0.34,0.0
20231207:1810,0.0,0.0,0.0,4.05,0.34,0.0
20231207:1910,0.0,0.0,0.0,2.79,0.83,0.0
20231207:2010,0.0,0.0,0.0,1.95,0.97,0.0
20231207:2110,0.0,0.0,0.0,1.59,1.03,0.0
20231207:2210,0.0,0.0,0.0,1.4,1.03,0.0
20231207:2310,0.0,0.0,0.0,1.39,1.03,0.0
20231208:0010,0.0,0.0,0.0,1.53,1.03,0.0
20231208:0110,0.0,0.0,0.0,2.0,0.9,0.0
20231208:0210,0.0,0.0,0.0,2.06,0.97,0.0
20231208:0310,0.0,0.0,0.0,1.99,1.03,0.0
20231208:0410,0.0,0.0,0.0,2.19,0.97,0.0
20231208:0510,0.0,0.0,0.0,2.45,0.83,0.0
20231208:0610,0.0,0.0,0.0,2.21,0.76,0.0
20231208:0710,0.0,0.95,1.66,0.32,1.31,0.0
20231208:0810,19.94,32.19,9.47,0.31,1.31,0.0
20231208:0910,71.4,85.2,15.67,1.11,0.97,0.0
20231208:1010,52.14,66.27,19.77,1.66,0.55,0.0
20231208:1110,69.12,83.47,21.38,2.42,0.34,0.0
20231208:1210,53.48,67.94,20.31,2.76,0.14,0.0
20231208:1310,50.64,65.03,16.68,2.62,0.14,0.0
20231208:1410,52.82,67.22,10.87,2.54,0.21,0.0
20231208:1510,0.5,6.63,3.35,2.32,0.34,0.0
20231208:1610,0.0,0.0,0.0,2.23,0.55,0.0
20231208:1710,0.0,0.0,0.0,2.17,0.55,0.0
20231208:1810,0.0,0.0,0.0,2.08,0.41,0.0
20231208:1910,0.0,0.0,0.0,1.54,0.28,0.0
20231208:2010,0.0,0.0,0.0,1.57,0.48,0.0
20231208:2110,0.0,0.0,0.0,1.5,0.41,0.0
20231208:2210,0.0,0.0,0.0,1.3,0.55,0.0
20231208:2310,0.0,0.0,0.0,0.81,0.69,0.0
20231209:0010,0.0,0.0,0.0,0.74,0.55,0.0
20231209:0110,0.0,0.0,0.0,1.33,0.34,0.0
20231209:0210,0.0,0.0,0.0,1.61,0.28,0.0
20231209:0310,0.0,0.0,0.0,1.78,0.28,0.0
20231209:0410,0.0,0.0,0.0,1.72,0.41,0.0
20231209:0510,0.0,0.0,0.0,1.65,0.55,0.0
20231209:0610,0.0,0.0,0.0,1.73,0.34,0.0
20231209:0710,0.0,2.84,1.52,1.68,0.28,0.0
20231209:0810,47.51,61.54,9.33,1.37,0.28,0.0
20231209:0910,100.96,114.55,15.54,2.02,0.07,0.0
20231209:1010,116.05,129.7,19.65,3.01,0.07,0.0
20231209:1110,120.27,134.04,21.28,3.5,0.28,0.0
20231209:1210,99.03,113.45,20.22,3.72,0.34,0.0
20231209:1310,102.37,117.63,16.62,3.59,0.41,0.0
20231209:1410,33.36,47.34,10.83,3.81,0.28,0.0
20231209:1510,2.02,9.47,3.32,3.58,0.28,0.0
20231209:1610,0.0,0.0,0.0,3.16,0.41,0.0
20231209:1710,0.0,0.0,0.0,2.67,0.28,0.0
20231209:1810,0.0,0.0,0.0,2.55,0.34,0.0
20231209:1910,0.0,0.0,0.0,2.11,0.55,0.0
20231209:2010,0.0,0.0,0.0,1.18,0.9,0.0
20231209:2110,0.0,0.0,0.0,0.88,1.03,0.0
20231209:2210,0.0,0.0,0.0,0.74,1.31,0.0
20231209:2310,0.0,0.0,0.0,1.3,0.97,0.0
20231210:0010,0.0,0.0,0.0,2.5,0.62,0.0
20231210:0110,0.0,0.0,0.0,2.46,0.41,0.0
20231210:0210,0.0,0.0,0.0,2.41,0.41,0.0
20231210:0310,0.0,0.0,0.0,2.17,0.48,0.0
20231210:0410,0.0,0.0,0.0,1.99,0.69,0.0
20231210:0510,0.0,0.0,0.0,1.36,0.97,0.0
20231210:0610,0.0,0.0,0.0,2.36,0.9,0.0
20231210:0710,0.0,3.79,1.38,2.69,0.9,0.0
20231210:0810,27.39,40.71,9.2,2.66,1.1,0.0
20231210:0910,40.61,54.91,15.41,3.71,1.03,0.0
20231210:1010,50.94,66.27,19.54,6.59,1.17,0.0
20231210:1110,29.87,47.14,21.18,8.07,1.31,0.0
20231210:1210,19.82,50.42,20.15,9.18,1.38,0.0
20231210:1310,24.88,51.36,16.57,9.63,1.24,0.0
20231210:1410,29.88,44.5,10.79,9.3,1.03,0.0
20231210:1510,6.27,16.09,3.31,8.16,0.76,0.0
20231210:1610,0.0,0.0,0.0,7.52,0.62,0.0
20231210:1710,0.0,0.0,0.0,6.54,0.55,0.0
20231210:1810,0.0,0.0,0.0,5.94,0.83,0.0
20231210:1910,0.0,0.0,0.0,4.12,1.24,0.0
20231210:2010,0.0,0.0,0.0,3.4,1.52,0.0
20231210:2110,0.0,0.0,0.0,3.32,1.52,0.0
20231210:2210,0.0,0.0,0.0,3.89,1.38,0.0
20231210:2310,0.0,0.0,0.0,4.65,1.1,0.0
20231211:0010,0.0,0.0,0.0,4.89,0.97,0.0
20231211:0110,0.0,0.0,0.0,5.23,0.9,0.0
20231211:0210,0.0,0.0,0.0,4.74,0.9,0.0
20231211:0310,0.0,0.0,0.0,4.87,0.76,0.0
20231211:0410,0.0,0.0,0.0,4.67,0.76,0.0
20231211:0510,0.0,0.0,0.0,4.54,0.62,0.0
20231211:0610,0.0,0.0,0.0,4.37,0.76,0.0
20231211:0710,0.0,0.0,0.0,3.34,1.1,0.0
20231211:0810,2.57,10.41,9.08,4.25,0.83,0.0
20231211:0910,50.41,65.32,15.29,4.82,0.48,0.0
20231211:1010,72.67,88.04,19.43,5.55,0.55,0.0
20231211:1110,39.76,56.08,21.09,6.31,0.62,0.0
20231211:1210,105.06,126.83,20.08,6.93,0.62,0.0
20231211:1310,38.04,62.62,16.52,7.12,0.62,0.0
20231211:1410,24.17,37.87,10.77,7.42,0.48,0.0
20231211:1510,6.32,16.09,3.3,6.77,0.28,0.0
20231211:1610,0.0,0.0,0.0,6.2,0.28,0.0
20231211:1710,0.0,0.0,0.0,5.64,0.48,0.0
20231211:1810,0.0,0.0,0.0,5.21,0.55,0.0
20231211:1910,0.0,0.0,0.0,4.63,0.69,0.0
20231211:2010,0.0,0.0,0.0,4.59,0.48,0.0
20231211:2110,0.0,0.0,0.0,4.24,0.76,0.0
20231211:2210,0.0,0.0,0.0,3.82,0.62,0.0
20231211:2310,0.0,0.0,0.0,3.59,0.62,0.0
20231212:0010,0.0,0.0,0.0,3.24,0.76,0.0
20231212:0110,0.0,0.0,0.0,3.14,0.83,0.0
20231212:0210,0.0,0.0,0.0,3.13,0.97,0.0
20231212:0310,0.0,0.0,0.0,3.8,0.9,0.0
20231212:0410,0.0,0.0,0.0,4.04,0.9,0.0
20231212:0510,0.0,0.0,0.0,4.1,0.9,0.0
20231212:0610,0.0,0.0,0.0,4.24,0.83,0.0
20231212:0710,0.0,0.0,0.0,4.14,0.97,0.0
20231212:0810,45.06,59.64,8.95,4.19,0.9,0.0
20231212:0910,62.79,77.63,15.18,3.94,0.48,0.0
20231212:1010,119.3,134.43,19.33,6.0,0.28,0.0
20231212:1110,86.33,102.24,21.01,6.86,0.28,0.0
20231212:1210,45.58,72.71,20.02,7.5,0.28,0.0
20231212:1310,71.18,92.91,16.48,7.72,0.34,0.0
20231212:1410,53.37,69.11,10.75,7.52,0.21,0.0
20231212:1510,1.43,8.52,3.29,6.88,0.07,0.0
20231212:1610,0.0,0.0,0.0,6.21,0.07,0.0
20231212:1710,0.0,0.0,0.0,5.66,0.14,0.0
20231212:1810,0.0,0.0,0.0,5.31,0.48,0.0
20231212:1910,0.0,0.0,0.0,4.56,0.69,0.0
20231212:2010,0.0,0.0,0.0,4.39,0.83,0.0
20231212:2110,0.0,0.0,0.0,4.37,0.83,0.0
20231212:2210,0.0,0.0,0.0,4.74,0.76,0.0
20231212:2310,0.0,0.0,0.0,4.72,0.76,0.0
20231213:0010,0.0,0.0,0.0,4.44,0.83,0.0
20231213:0110,0.0,0.0,0.0,4.22,0.83,0.0
20231213:0210,0.0,0.0,0.0,4.7,0.69,0.0
20231213:0310,0.0,0.0,0.0,4.19,0.76,0.0
20231213:0410,0.0,0.0,0.0,4.17,0.76,0.0
20231213:0510,0.0,0.0,0.0,4.41,0.62,0.0
20231213:0610,0.0,0.0,0.0,4.46,0.62,0.0
20231213:0710,0.0,0.0,0.0,4.2,0.62,0.0
20231213:0810,5.06,14.2,8.84,4.52,0.48,0.0
20231213:0910,43.1,57.75,15.07,4.72,0.55,0.0
20231213:1010,24.39,37.87,19.24,5.62,0.41,0.0
20231213:1110,50.01,65.32,20.93,6.31,0.21,0.0
20231213:1210,78.34,94.15,19.96,6.66,0.41,0.0
20231213:1310,11.05,22.32,16.45,6.67,0.34,0.0
20231213:1410,10.61,21.77,10.73,6.75,0.55,0.0
20231213:1510,0.04,5.68,3.29,6.18,0.62,0.0
20231213:1610,0.0,0.0,0.0,5.11,0.55,0.0
20231213:1710,0.0,0.0,0.0,4.84,0.21,0.0
20231213:1810,0.0,0.0,0.0,4.71,0.21,0.0
20231213:1910,0.0,0.0,0.0,2.15,1.03,0.0
20231213:2010,0.0,0.0,0.0,1.33,1.03,0.0
20231213:2110,0.0,0.0,0.0,0.54,1.17,0.0
20231213:2210,0.0,0.0,0.0,0.53,1.31,0.0
20231213:2310,0.0,0.0,0.0,0.5,1.31,0.0
20231214:0010,0.0,0.0,0.0,0.3,1.52,0.0
20231214:0110,0.0,0.0,0.0,0.06,1.59,0.0
20231214:0210,0.0,0.0,0.0,0.18,1.52,0.0
20231214:0310,0.0,0.0,0.0,0.44,1.59,0.0
20231214:0410,0.0,0.0,0.0,0.55,1.52,0.0
20231214:0510,0.0,0.0,0.0,0.32,1.59,0.0
20231214:0610,0.0,0.0,0.0,0.32,1.59,0.0
20231214:0710,0.0,0.0,0.0,1.23,1.45,0.0
20231214:0810,24.92,37.87,8.73,1.68,1.45,0.0
20231214:0910,40.6,54.91,14.97,3.82,1.38,0.0
20231214:1010,58.35,73.84,19.15,6.59,1.45,0.0
20231214:1110,37.96,53.02,20.86,8.11,1.45,0.0
20231214:1210,23.25,50.48,19.92,9.4,1.45,0.0
20231214:1310,17.3,40.94,16.42,10.12,1.45,0.0
20231214:1410,27.23,41.66,10.73,9.99,1.66,0.0
20231214:1510,6.91,17.04,3.3,9.05,1.79,0.0
20231214:1610,0.0,0.0,0.0,6.84,1.79,0.0
20231214:1710,0.0,0.0,0.0,5.43,1.79,0.0
20231214:1810,0.0,0.0,0.0,4.78,1.86,0.0
20231214:1910,0.0,0.0,0.0,4.28,1.79,0.0
20231214:2010,0.0,0.0,0.0,3.87,1.86,0.0
20231214:2110,0.0,0.0,0.0,3.29,1.93,0.0
20231214:2210,0.0,0.0,0.0,2.84,2.0,0.0
20231214:2310,0.0,0.0,0.0,2.62,2.0,0.0
20231215:0010,0.0,0.0,0.0,2.58,2.0,0.0
20231215:0110,0.0,0.0,0.0,2.48,2.0,0.0
20231215:0210,0.0,0.0,0.0,2.55,2.0,0.0
20231215:0310,0.0,0.0,0.0,2.52,2.0,0.0
20231215:0410,0.0,0.0,0.0,2.25,2.0,0.0
20231215:0510,0.0,0.0,0.0,2.16,2.07,0.0
20231215:0610,0.0,0.0,0.0,2.05,2.07,0.0
20231215:0710,0.0,0.0,0.0,1.98,2.14,0.0
20231215:0810,21.44,34.08,8.63,2.21,2.21,0.0
20231215:0910,41.38,55.86,14.88,4.61,2.21,0.0
20231215:1010,40.79,55.86,19.07,7.44,2.07,0.0
20231215:1110,38.9,53.96,20.8,7.99,2.21,0.0
20231215:1210,25.85,52.39,19.88,8.33,2.14,0.0
20231215:1310,17.58,40.62,16.4,8.55,1.93,0.0
20231215:1410,24.08,37.87,10.73,8.31,1.72,0.0
20231215:1510,6.99,17.04,3.32,7.14,1.66,0.0
20231215:1610,0.0,0.0,0.0,5.37,1.66,0.0
20231215:1710,0.0,0.0,0.0,4.43,1.66,0.0
20231215:1810,0.0,0.0,0.0,4.24,1.66,0.0
20231215:1910,0.0,0.0,0.0,3.21,1.86,0.0
20231215:2010,0.0,0.0,0.0,2.97,1.93,0.0
20231215:2110,0.0,0.0,0.0,2.52,2.0,0.0
20231215:2210,0.0,0.0,0.0,3.41,1.72,0.0
20231215:2310,0.0,0.0,0.0,4.53,1.45,0.0
20231216:0010,0.0,0.0,0.0,4.92,1.17,0.0
20231216:0110,0.0,0.0,0.0,5.57,0.97,0.0
20231216:0210,0.0,0.0,0.0,5.17,0.9,0.0
20231216:0310,0.0,0.0,0.0,4.78,0.83,0.0
20231216:0410,0.0,0.0,0.0,4.39,0.69,0.0
20231216:0510,0.0,0.0,0.0,4.01,0.62,0.0
20231216:0610,0.0,0.0,0.0,3.7,0.55,0.0
20231216:0710,0.0,0.0,0.0,3.35,0.76,0.0
20231216:0810,21.25,34.08,8.53,3.62,0.55,0.0
20231216:0910,39.5,53.96,14.8,4.48,0.28,0.0
20231216:1010,43.77,58.7,19.0,5.69,0.21,0.0
20231216:1110,40.04,54.91,20.75,6.38,0.55,0.0
20231216:1210,25.0,50.62,19.85,6.52,0.76,0.0
20231216:1310,19.89,42.22,16.39,6.45,0.97,0.0
20231216:1410,26.06,39.76,10.74,6.0,0.97,0.0
20231216:1510,7.08,17.04,3.34,5.1,0.69,0.0
20231216:1610,0.0,0.0,0.0,5.01,0.34,0.0
20231216:1710,0.0,0.0,0.0,4.55,0.34,0.0
20231216:1810,0.0,0.0,0.0,4.12,0.21,0.0
20231216:1910,0.0,0.0,0.0,4.0,0.14,0.0
20231216:2010,0.0,0.0,0.0,3.76,0.21,0.0
20231216:2110,0.0,0.0,0.0,3.5,0.21,0.0
20231216:2210,0.0,0.0,0.0,3.25,0.21,0.0
20231216:2310,0.0,0.0,0.0,3.02,0.28,0.0
20231217:0010,0.0,0.0,0.0,2.76,0.34,0.0
20231217:0110,0.0,0.0,0.0,2.62,0.41,0.0
20231217:0210,0.0,0.0,0.0,2.52,0.55,0.0
20231217:0310,0.0,0.0,0.0,2.49,0.55,0.0
20231217:0410,0.0,0.0,0.0,1.4,0.76,0.0
20231217:0510,0.0,0.0,0.0,0.22,0.97,0.0
20231217:0610,0.0,0.0,0.0,0.03,1.1,0.0
20231217:0710,0.0,0.0,0.0,1.14,0.9,0.0
20231217:0810,23.18,35.97,8.44,1.68,0.9,0.0
20231217:0910,39.79,53.96,14.72,3.14,0.69,0.0
20231217:1010,44.77,59.64,18.94,5.35,0.41,0.0
20231217:1110,39.92,54.91,20.71,6.95,0.34,0.0
20231217:1210,28.85,54.12,19.82,8.17,0.34,0.0
20231217:1310,18.4,40.52,16.39,8.9,0.28,0.0
20231217:1410,29.97,44.5,10.75,8.6,0.48,0.0
20231217:1510,6.94,17.04,3.37,8.4,0.48,0.0
20231217:1610,0.0,0.0,0.0,7.42,0.34,0.0
20231217:1710,0.0,0.0,0.0,6.74,0.55,0.0
20231217:1810,0.0,0.0,0.0,6.3,0.97,0.0
20231217:1910,0.0,0.0,0.0,4.55,1.38,0.0
20231217:2010,0.0,0.0,0.0,4.17,1.38,0.0
20231217:2110,0.0,0.0,0.0,3.94,1.38,0.0
20231217:2210,0.0,0.0,0.0,4.28,1.38,0.0
20231217:2310,0.0,0.0,0.0,4.38,1.38,0.0
20231218:0010,0.0,0.0,0.0,4.33,1.38,0.0
20231218:0110,0.0,0.0,0.0,3.77,1.45,0.0
20231218:0210,0.0,0.0,0.0,3.57,1.45,0.0
20231218:0310,0.0,0.0,0.0,3.46,1.45,0.0
20231218:0410,0.0,0.0,0.0,3.35,1.52,0.0
20231218:0510,0.0,0.0,0.0,3.38,1.52,0.0
20231218:0610,0.0,0.0,0.0,3.34,1.52,0.0
20231218:0710,0.0,0.0,0.0,2.91,1.66,0.0
20231218:0810,20.41,33.13,8.36,3.79,1.52,0.0
20231218:0910,39.34,53.96,14.64,5.57,1.24,0.0
20231218:1010,40.54,55.86,18.88,8.39,0.76,0.0
20231218:1110,40.98,56.8,20.67,10.39,0.21,0.0
20231218:1210,29.98,55.44,19.81,11.45,0.14,0.0
20231218:1310,22.31,44.72,16.39,11.61,0.14,0.0
20231218:1410,22.82,36.92,10.77,11.59,0.28,0.0
20231218:1510,7.51,17.99,3.41,11.15,0.62,0.0
20231218:1610,0.0,0.0,0.0,10.01,0.9,0.0
20231218:1710,0.0,0.0,0.0,8.28,1.24,0.0
20231218:1810,0.0,0.0,0.0,6.58,1.45,0.0
20231218:1910,0.0,0.0,0.0,3.87,1.52,0.0
20231218:2010,0.0,0.0,0.0,3.39,1.59,0.0
20231218:2110,0.0,0.0,0.0,2.89,1.59,0.0
20231218:2210,0.0,0.0,0.0,2.69,1.66,0.0
20231218:2310,0.0,0.0,0.0,2.67,1.66,0.0
20231219:0010,0.0,0.0,0.0,2.72,1.66,0.0
20231219:0110,0.0,0.0,0.0,2.59,1.66,0.0
20231219:0210,0.0,0.0,0.0,2.58,1.66,0.0
20231219:0310,0.0,0.0,0.0,2.7,1.66,0.0
20231219:0410,0.0,0.0,0.0,2.72,1.66,0.0
20231219:0510,0.0,0.0,0.0,2.75,1.66,0.0
20231219:0610,0.0,0.0,0.0,2.81,1.59,0.0
20231219:0710,0.0,0.0,0.0,2.26,1.66,0.0
20231219:0810,20.49,33.13,8.28,3.05,1.66,0.0
20231219:0910,40.36,54.91,14.58,4.99,1.38,0.0
20231219:1010,39.66,54.91,18.83,8.35,0.9,0.0
20231219:1110,42.71,58.7,20.64,10.68,0.48,0.0
20231219:1210,25.47,50.65,19.8,11.69,0.21,0.0
20231219:1310,17.06,38.99,16.4,11.81,0.28,0.0
20231219:1410,24.48,38.82,10.8,11.47,0.21,0.0
20231219:1510,7.51,17.99,3.45,10.97,0.14,0.0
20231219:1610,0.0,0.0,0.0,9.92,0.48,0.0
20231219:1710,0.0,0.0,0.0,8.76,0.97,0.0
20231219:1810,0.0,0.0,0.0,7.06,1.31,0.0
20231219:1910,0.0,0.0,0.0,5.06,1.38,0.0
20231219:2010,0.0,0.0,0.0,3.88,1.45,0.0
20231219:2110,0.0,0.0,0.0,3.23,1.52,0.0
20231219:2210,0.0,0.0,0.0,3.13,1.45,0.0
20231219:2310,0.0,0.0,0.0,3.11,1.45,0.0
20231220:0010,0.0,0.0,0.0,3.26,1.38,0.0
20231220:0110,0.0,0.0,0.0,3.23,1.38,0.0
20231220:0210,0.0,0.0,0.0,3.44,1.31,0.0
20231220:0310,0.0,0.0,0.0,3.82,1.17,0.0
20231220:0410,0.0,0.0,0.0,4.32,1.03,0.0
20231220:0510,0.0,0.0,0.0,4.92,0.9,0.0
20231220:0610,0.0,0.0,0.0,5.15,0.9,0.0
20231220:0710,0.0,0.0,0.0,4.13,1.17,0.0
20231220:0810,33.24,47.34,8.21,4.67,1.17,0.0
20231220:0910,85.37,100.35,14.52,5.02,1.24,0.0
20231220:1010,48.95,64.38,18.79,7.23,1.17,0.0
20231220:1110,88.38,105.08,20.62,9.22,1.31,0.0
20231220:1210,25.98,50.59,19.8,10.16,1.59,0.0
20231220:1310,15.04,36.47,16.42,10.64,1.52,0.0
20231220:1410,25.5,39.76,10.84,10.34,1.79,0.0
20231220:1510,7.61,17.99,3.5,8.93,2.21,0.0
20231220:1610,0.0,0.0,0.0,6.56,2.41,0.0
20231220:1710,0.0,0.0,0.0,4.47,2.28,0.0
20231220:1810,0.0,0.0,0.0,3.52,2.14,0.0
20231220:1910,0.0,0.0,0.0,2.85,2.28,0.0
20231220:2010,0.0,0.0,0.0,2.26,2.21,0.0
20231220:2110,0.0,0.0,0.0,1.85,2.14,0.0
20231220:2210,0.0,0.0,0.0,1.38,2.21,0.0
20231220:2310,0.0,0.0,0.0,1.23,2.14,0.0
20231221:0010,0.0,0.0,0.0,1.05,2.0,0.0
20231221:0110,0.0,0.0,0.0,0.56,2.07,0.0
20231221:0210,0.0,0.0,0.0,0.31,2.0,0.0
20231221:0310,0.0,0.0,0.0,0.67,1.86,0.0
20231221:0410,0.0,0.0,0.0,0.94,1.79,0.0
20231221:0510,0.0,0.0,0.0,1.49,1.66,0.0
20231221:0610,0.0,0.0,0.0,2.25,1.45,0.0
20231221:0710,0.0,0.0,0.0,3.3,1.38,0.0
20231221:0810,39.71,53.96,8.14,3.71,1.24,0.0
20231221:0910,86.41,101.3,14.47,4.7,0.9,0.0
20231221:1010,110.51,125.91,18.76,6.47,0.62,0.0
20231221:1110,135.4,150.53,20.61,6.68,0.55,0.0
20231221:1210,70.27,92.74,19.81,7.45,0.62,0.0
20231221:1310,47.27,68.59,16.45,7.57,0.69,0.0
20231221:1410,60.03,75.74,10.88,6.94,0.62,0.0
20231221:1510,5.65,15.15,3.55,6.7,0.62,0.0
20231221:1610,0.0,0.0,0.0,6.29,0.62,0.0
20231221:1710,0.0,0.0,0.0,5.87,0.69,0.0
20231221:1810,0.0,0.0,0.0,5.43,0.83,0.0
20231221:1910,0.0,0.0,0.0,5.11,0.9,0.0
20231221:2010,0.0,0.0,0.0,5.17,0.76,0.0
20231221:2110,0.0,0.0,0.0,4.39,1.1,0.0
20231221:2210,0.0,0.0,0.0,4.23,1.24,0.0
20231221:2310,0.0,0.0,0.0,3.82,1.52,0.0
20231222:0010,0.0,0.0,0.0,4.03,1.59,0.0
20231222:0110,0.0,0.0,0.0,3.82,1.66,0.0
20231222:0210,0.0,0.0,0.0,4.18,1.59,0.0
20231222:0310,0.0,0.0,0.0,4.14,1.59,0.0
20231222:0410,0.0,0.0,0.0,4.05,1.72,0.0
20231222:0510,0.0,0.0,0.0,4.07,1.79,0.0
20231222:0610,0.0,0.0,0.0,3.95,1.93,0.0
20231222:0710,0.0,0.0,0.0,3.57,2.41,0.0
20231222:0810,22.06,35.03,8.09,4.18,2.62,0.0
20231222:0910,68.76,84.26,14.43,6.55,2.48,0.0
20231222:1010,37.93,53.02,18.73,8.31,1.79,0.0
20231222:1110,41.29,56.8,20.6,9.26,1.45,0.0
20231222:1210,26.49,50.67,19.82,9.45,1.24,0.0
20231222:1310,17.18,38.59,16.48,9.09,1.17,0.0
20231222:1410,27.39,41.66,10.93,8.71,0.97,0.0
20231222:1510,8.38,18.93,3.61,7.65,0.9,0.0
20231222:1610,0.0,0.0,0.0,6.41,0.9,0.0
20231222:1710,0.0,0.0,0.0,5.79,0.97,0.0
20231222:1810,0.0,0.0,0.0,5.43,1.03,0.0
20231222:1910,0.0,0.0,0.0,7.05,1.03,0.0
20231222:2010,0.0,0.0,0.0,6.85,1.03,0.0
20231222:2110,0.0,0.0,0.0,6.92,1.03,0.0
20231222:2210,0.0,0.0,0.0,6.99,1.03,0.0
20231222:2310,0.0,0.0,0.0,6.78,1.1,0.0
20231223:0010,0.0,0.0,0.0,6.71,1.24,0.0
20231223:0110,0.0,0.0,0.0,6.67,1.31,0.0
20231223:0210,0.0,0.0,0.0,6.57,1.38,0.0
20231223:0310,0.0,0.0,0.0,6.27,1.52,0.0
20231223:0410,0.0,0.0,0.0,6.11,1.66,0.0
20231223:0510,0.0,0.0,0.0,6.18,1.66,0.0
20231223:0610,0.0,0.0,0.0,5.86,1.72,0.0
20231223:0710,0.0,0.0,0.0,5.08,1.79,0.0
20231223:0810,17.79,30.29,8.03,5.28,1.79,0.0
20231223:0910,44.76,59.64,14.39,5.77,1.79,0.0
20231223:1010,36.87,52.07,18.71,9.24,1.59,0.0
20231223:1110,49.13,65.32,20.6,10.36,1.86,0.0
20231223:1210,27.97,52.47,19.84,10.97,2.0,0.0
20231223:1310,11.82,33.14,16.52,11.33,1.93,0.0
20231223:1410,17.23,30.29,10.98,11.13,1.66,0.0
20231223:1510,5.53,15.15,3.68,10.03,1.72,0.0
20231223:1610,0.0,0.0,0.0,8.29,1.79,0.0
20231223:1710,0.0,0.0,0.0,6.5,2.0,0.0
20231223:1810,0.0,0.0,0.0,5.17,2.14,0.0
20231223:1910,0.0,0.0,0.0,4.99,2.34,0.0
20231223:2010,0.0,0.0,0.0,4.54,2.21,0.0
20231223:2110,0.0,0.0,0.0,3.94,2.28,0.0
20231223:2210,0.0,0.0,0.0,3.32,2.34,0.0
20231223:2310,0.0,0.0,0.0,2.78,2.34,0.0
20231224:0010,0.0,0.0,0.0,2.33,2.41,0.0
20231224:0110,0.0,0.0,0.0,1.88,2.48,0.0
20231224:0210,0.0,0.0,0.0,1.5,2.55,0.0
20231224:0310,0.0,0.0,0.0,1.11,2.55,0.0
20231224:0410,0.0,0.0,0.0,0.69,2.48,0.0
20231224:0510,0.0,0.0,0.0,0.33,2.48,0.0
20231224:0610,0.0,0.0,0.0,0.13,2.34,0.0
20231224:0710,0.0,0.0,0.0,2.71,2.14,0.0
20231224:0810,20.45,33.13,7.99,3.45,2.0,0.0
20231224:0910,42.15,56.8,14.36,5.17,1.72,0.0
20231224:1010,38.71,53.96,18.7,8.81,1.38,0.0
20231224:1110,39.29,54.91,20.61,10.31,1.31,0.0
20231224:1210,22.12,46.63,19.87,11.5,1.17,0.0
20231224:1310,14.37,36.32,16.57,12.05,1.03,0.0
20231224:1410,32.05,47.34,11.05,11.8,0.9,0.0
20231224:1510,8.91,19.88,3.76,11.11,0.83,0.0
20231224:1610,0.0,0.0,0.0,10.75,0.83,0.0
20231224:1710,0.0,0.0,0.0,9.73,0.83,0.0
20231224:1810,0.0,0.0,0.0,9.08,0.83,0.0
20231224:1910,0.0,0.0,0.0,9.31,1.03,0.0
20231224:2010,0.0,0.0,0.0,8.88,0.9,0.0
20231224:2110,0.0,0.0,0.0,8.48,0.9,0.0
20231224:2210,0.0,0.0,0.0,8.06,0.9,0.0
20231224:2310,0.0,0.0,0.0,7.77,0.97,0.0
20231225:0010,0.0,0.0,0.0,7.58,1.03,0.0
20231225:0110,0.0,0.0,0.0,7.84,1.03,0.0
20231225:0210,0.0,0.0,0.0,7.85,0.97,0.0
20231225:0310,0.0,0.0,0.0,7.72,0.83,0.0
20231225:0410,0.0,0.0,0.0,7.53,0.69,0.0
20231225:0510,0.0,0.0,0.0,7.57,0.55,0.0
20231225:0610,0.0,0.0,0.0,7.86,0.48,0.0
20231225:0710,0.0,0.0,0.0,7.09,0.48,0.0
20231225:0810,32.82,47.34,7.95,7.04,0.34,0.0
20231225:0910,72.92,88.99,14.34,7.29,0.14,0.0
20231225:1010,74.51,90.88,18.7,8.09,0.14,0.0
20231225:1110,51.18,67.22,20.63,9.0,0.41,0.0
20231225:1210,27.76,52.14,19.91,9.56,0.69,0.0
20231225:1310,18.76,40.96,16.63,9.8,0.83,0.0
20231225:1410,21.43,35.03,11.12,9.47,0.69,0.0
20231225:1510,9.04,19.88,3.84,8.59,0.55,0.0
20231225:1610,0.0,0.0,0.0,7.82,0.07,0.0
20231225:1710,0.0,0.0,0.0,6.87,0.21,0.0
20231225:1810,0.0,0.0,0.0,6.21,0.34,0.0
20231225:1910,0.0,0.0,0.0,6.14,0.41,0.0
20231225:2010,0.0,0.0,0.0,5.45,0.62,0.0
20231225:2110,0.0,0.0,0.0,4.82,0.69,0.0
20231225:2210,0.0,0.0,0.0,4.4,0.76,0.0
20231225:2310,0.0,0.0,0.0,4.09,0.69,0.0
20231226:0010,0.0,0.0,0.0,3.11,0.83,0.0
20231226:0110,0.0,0.0,0.0,1.31,0.97,0.0
20231226:0210,0.0,0.0,0.0,1.72,0.97,0.0
20231226:0310,0.0,0.0,0.0,2.41,0.83,0.0
20231226:0410,0.0,0.0,0.0,2.93,0.76,0.0
20231226:0510,0.0,0.0,0.0,3.1,0.62,0.0
20231226:0610,0.0,0.0,0.0,3.58,0.55,0.0
20231226:0710,0.0,0.0,0.0,4.42,0.41,0.0
20231226:0810,34.98,49.23,7.92,4.71,0.34,0.0
20231226:0910,58.55,73.84,14.32,5.38,0.0,0.0
20231226:1010,61.16,76.68,18.7,6.2,0.41,0.0
20231226:1110,39.94,54.91,20.65,6.86,0.55,0.0
20231226:1210,95.42,111.47,19.95,7.36,0.62,0.0
20231226:1310,58.9,74.74,16.69,7.48,0.62,0.0
20231226:1410,62.64,78.58,11.19,7.52,0.55,0.0
20231226:1510,9.85,20.83,3.92,7.08,0.62,0.0
20231226:1610,0.0,0.0,0.0,6.08,0.55,0.0
20231226:1710,0.0,0.0,0.0,5.83,0.34,0.0
20231226:1810,0.0,0.0,0.0,5.55,0.14,0.0
20231226:1910,0.0,0.0,0.0,3.23,0.69,0.0
20231226:2010,0.0,0.0,0.0,2.16,0.9,0.0
20231226:2110,0.0,0.0,0.0,2.32,1.1,0.0
20231226:2210,0.0,0.0,0.0,2.38,1.1,0.0
20231226:2310,0.0,0.0,0.0,2.34,1.17,0.0
20231227:0010,0.0,0.0,0.0,2.23,1.1,0.0
20231227:0110,0.0,0.0,0.0,2.52,1.03,0.0
20231227:0210,0.0,0.0,0.0,3.45,0.9,0.0
20231227:0310,0.0,0.0,0.0,4.24,0.76,0.0
20231227:0410,0.0,0.0,0.0,4.37,0.69,0.0
20231227:0510,0.0,0.0,0.0,3.17,0.76,0.0
20231227:0610,0.0,0.0,0.0,1.77,0.9,0.0
20231227:0710,0.0,0.0,0.0,3.99,0.69,0.0
20231227:0810,35.39,49.23,7.9,2.55,0.83,0.0
20231227:0910,81.41,96.56,14.31,4.97,0.41,0.0
20231227:1010,128.68,143.9,18.71,6.33,0.14,0.0
20231227:1110,123.22,139.17,20.68,7.52,0.28,0.0
20231227:1210,73.95,97.09,20.01,8.3,0.55,0.0
20231227:1310,73.24,94.49,16.76,8.42,0.62,0.0
20231227:1410,60.57,76.68,11.28,8.27,0.69,0.0
20231227:1510,10.57,21.77,4.01,7.49,0.69,0.0
20231227:1610,0.0,0.0,0.0,6.79,0.55,0.0
20231227:1710,0.0,0.0,0.0,6.15,0.21,0.0
20231227:1810,0.0,0.0,0.0,5.68,0.14,0.0
20231227:1910,0.0,0.0,0.0,4.81,0.55,0.0
20231227:2010,0.0,0.0,0.0,4.59,0.62,0.0
20231227:2110,0.0,0.0,0.0,4.44,0.62,0.0
20231227:2210,0.0,0.0,0.0,4.23,0.62,0.0
20231227:2310,0.0,0.0,0.0,4.05,0.69,0.0
20231228:0010,0.0,0.0,0.0,4.0,0.76,0.0
20231228:0110,0.0,0.0,0.0,2.76,0.9,0.0
20231228:0210,0.0,0.0,0.0,1.2,1.03,0.0
20231228:0310,0.0,0.0,0.0,0.09,1.1,0.0
20231228:0410,0.0,0.0,0.0,-0.02,1.24,0.0
20231228:0510,0.0,0.0,0.0,0.18,1.24,0.0
20231228:0610,0.0,0.0,0.0,0.9,1.24,0.0
20231228:0710,0.0,0.0,0.0,4.12,0.9,0.0
20231228:0810,2.0,9.47,7.88,4.52,0.83,0.0
20231228:0910,45.78,60.59,14.31,5.01,0.62,0.0
20231228:1010,29.59,43.55,18.73,5.38,0.34,0.0
20231228:1110,21.76,35.03,20.72,6.49,0.34,0.0
20231228:1210,35.77,50.47,20.07,6.85,0.41,0.0
20231228:1310,44.05,59.21,16.84,6.75,0.48,0.0
20231228:1410,24.27,37.87,11.37,6.66,0.62,0.0
20231228:1510,1.44,8.52,4.11,6.21,0.62,0.0
20231228:1610,0.0,0.0,0.0,5.68,0.48,0.0
20231228:1710,0.0,0.0,0.0,5.46,0.48,0.0
20231228:1810,0.0,0.0,0.0,5.34,0.48,0.0
20231228:1910,0.0,0.0,0.0,5.42,0.28,0.0
20231228:2010,0.0,0.0,0.0,5.27,0.28,0.0
20231228:2110,0.0,0.0,0.0,5.22,0.48,0.0
20231228:2210,0.0,0.0,0.0,5.14,0.48,0.0
20231228:2310,0.0,0.0,0.0,5.08,0.48,0.0
20231229:0010,0.0,0.0,0.0,4.99,0.55,0.0
20231229:0110,0.0,0.0,0.0,4.93,0.55,0.0
20231229:0210,0.0,0.0,0.0,5.01,0.55,0.0
20231229:0310,0.0,0.0,0.0,5.15,0.41,0.0
20231229:0410,0.0,0.0,0.0,5.08,0.41,0.0
20231229:0510,0.0,0.0,0.0,5.01,0.34,0.0
20231229:0610,0.0,0.0,0.0,4.94,0.21,0.0
20231229:0710,0.0,0.0,0.0,4.86,0.28,0.0
20231229:0810,8.5,18.93,7.87,5.01,0.34,0.0
20231229:0910,16.94,29.35,14.32,5.44,0.28,0.0
20231229:1010,27.72,41.66,18.76,6.28,0.14,0.0
20231229:1110,48.02,63.43,20.77,6.92,0.0,0.0
20231229:1210,30.32,44.65,20.13,7.14,0.21,0.0
20231229:1310,50.44,66.0,16.92,7.28,0.28,0.0
20231229:1410,28.44,42.6,11.46,7.25,0.28,0.0
20231229:1510,7.0,17.04,4.22,6.9,0.34,0.0
20231229:1610,0.0,0.0,0.0,6.41,0.34,0.0
20231229:1710,0.0,0.0,0.0,5.89,0.48,0.0
20231229:1810,0.0,0.0,0.0,5.66,0.55,0.0
20231229:1910,0.0,0.0,0.0,6.45,0.48,0.0
20231229:2010,0.0,0.0,0.0,6.3,0.48,0.0
20231229:2110,0.0,0.0,0.0,5.94,0.55,0.0
20231229:2210,0.0,0.0,0.0,5.87,0.55,0.0
20231229:2310,0.0,0.0,0.0,6.01,0.48,0.0
20231230:0010,0.0,0.0,0.0,5.84,0.62,0.0
20231230:0110,0.0,0.0,0.0,5.73,0.76,0.0
20231230:0210,0.0,0.0,0.0,5.78,0.76,0.0
20231230:0310,0.0,0.0,0.0,5.99,0.69,0.0
20231230:0410,0.0,0.0,0.0,5.91,0.55,0.0
20231230:0510,0.0,0.0,0.0,5.68,0.55,0.0
20231230:0610,0.0,0.0,0.0,5.43,0.55,0.0
20231230:0710,0.0,0.0,0.0,5.08,0.62,0.0
20231230:0810,18.58,31.24,7.86,5.33,0.62,0.0
20231230:0910,35.65,50.18,14.33,5.92,0.28,0.0
20231230:1010,38.1,53.02,18.79,7.06,0.14,0.0
20231230:1110,56.93,72.9,20.83,8.03,0.48,0.0
20231230:1210,20.12,46.56,20.21,8.36,0.69,0.0
20231230:1310,46.72,71.03,17.01,8.59,0.83,0.0
20231230:1410,49.56,65.32,11.56,8.35,0.83,0.0
20231230:1510,12.06,23.67,4.33,7.71,0.76,0.0
20231230:1610,0.0,0.0,0.0,6.59,0.62,0.0
20231230:1710,0.0,0.0,0.0,6.22,0.41,0.0
20231230:1810,0.0,0.0,0.0,5.61,0.34,0.0
20231230:1910,0.0,0.0,0.0,5.73,0.28,0.0
20231230:2010,0.0,0.0,0.0,5.57,0.41,0.0
20231230:2110,0.0,0.0,0.0,5.47,0.62,0.0
20231230:2210,0.0,0.0,0.0,5.4,0.69,0.0
20231230:2310,0.0,0.0,0.0,5.11,0.76,0.0
20231231:0010,0.0,0.0,0.0,4.8,0.83,0.0
20231231:0110,0.0,0.0,0.0,5.01,0.69,0.0
20231231:0210,0.0,0.0,0.0,4.8,0.76,0.0
20231231:0310,0.0,0.0,0.0,4.68,0.83,0.0
20231231:0410,0.0,0.0,0.0,4.76,0.76,0.0
20231231:0510,0.0,0.0,0.0,4.73,0.76,0.0
20231231:0610,0.0,0.0,0.0,4.81,0.69,0.0
20231231:0710,0.0,0.0,0.0,4.36,0.55,0.0
20231231:0810,16.23,28.4,7.86,4.42,0.55,0.0
20231231:0910,21.99,35.03,14.35,4.55,0.48,0.0
20231231:1010,32.27,46.39,18.83,5.06,0.48,0.0
20231231:1110,31.38,45.44,20.89,5.15,0.48,0.0
20231231:1210,30.67,44.65,20.29,4.99,0.48,0.0
20231231:1310,37.95,52.41,17.11,4.93,0.28,0.0
20231231:1410,17.81,30.29,11.67,4.89,0.48,0.0
20231231:1510,0.05,5.68,4.44,4.53,0.76,0.0
20231231:1610,0.0,0.0,0.0,4.22,0.83,0.0
20231231:1710,0.0,0.0,0.0,4.17,1.03,0.0
20231231:1810,0.0,0.0,0.0,4.13,0.97,0.0
20231231:1910,0.0,0.0,0.0,4.09,0.97,0.0
20231231:2010,0.0,0.0,0.0,3.98,0.9,0.0
20231231:2110,0.0,0.0,0.0,3.73,0.83,0.0
20231231:2210,0.0,0.0,0.0,3.82,0.62,0.0
20231231:2310,0.0,0.0,0.0,3.91,0.55,0.0

P: PV system power (W)
G(i): Global irradiance on the inclined plane (plane of the array) (W/m2)
H_sun: Sun height (degree)
T2m: 2-m air temperature (degree Celsius)
WS10m: 10-m total wind speed (m/s)
Int: 1 means solar radiation values are reconstructed



PVGIS (c) European Union, 2001-2025